312.807170 -52.704064   0.041940  0.000510  12573.296    99.990000   0.011567   0.037800   -1079.385 0
312.796958 -52.700944   0.043450  0.000150  13025.982    44.968869   0.014836   0.048486    -646.484 0
312.777333 -52.712583   0.041485  0.000040  12436.890    11.991698   0.030905   0.100998   -1209.829 0
312.800083 -52.657028   0.040320  0.000740  12087.632    99.990000   0.040034   0.130831   -1543.822 1
312.762901 -52.665890   0.047373  0.000030  14202.068     8.993774   0.045208   0.147739     478.198 0
312.893125 -52.706778   0.046160  0.000140  13838.420    41.970944   0.046030   0.150426     130.444 0
312.762792 -52.663667   0.047450  0.000110  14225.152    32.977170   0.046732   0.152720     500.273 0
312.852000 -52.741000   0.044057  0.000333  13207.956    99.830889   0.049764   0.162630    -472.464 0
312.832958 -52.636250   0.043533  0.000103  13050.865    30.878623   0.059582   0.194714    -622.689 0
312.771167 -52.750444   0.047936  0.000027  14370.851     8.094396   0.062484   0.204199     639.604 0
312.913417 -52.660833   0.050740  0.000050  15211.469    14.989623   0.066487   0.217279    1443.481 0
312.709042 -52.712306   0.047390  0.000330  14207.165    98.931511   0.069124   0.225897     483.072 0
312.892250 -52.638250   0.050670  0.000110  15190.484    32.977170   0.072054   0.235471    1423.412 0
312.928958 -52.661694   0.047580  0.000350  14264.125    99.990000   0.074309   0.242843     537.542 0
312.954250 -52.702139   0.045590  0.000270  13667.538    80.943964   0.081903   0.267660     -32.969 0
312.954458 -52.677139   0.044840  0.000410  13442.694    99.990000   0.083730   0.273629    -247.986 0
312.939375 -52.646778   0.046240  0.000680  13862.403    99.990000   0.087310   0.285330     153.379 0
312.933292 -52.632750   0.048980  0.000130  14683.835    38.973020   0.093053   0.304097     938.908 0
312.954375 -52.645556   0.042870  0.000960  12852.103    99.990000   0.095633   0.312530    -812.764 0
312.938917 -52.632361   0.048220  0.000130  14455.992    38.973020   0.095860   0.313271     721.024 0
312.957250 -52.745500   0.049690  0.000130  14896.687    38.973020   0.097383   0.318247    1142.457 0
312.780750 -52.597611   0.041560  0.001400  12459.375    99.990000   0.100463   0.328312   -1188.327 0
312.905042 -52.781528   0.042650  0.000200  12786.148    59.958492   0.100606   0.328780    -875.836 0
312.988750 -52.684083   0.059020  0.000200  17693.751    59.958492   0.103134   0.337041    3817.268 1
312.767833 -52.592694   0.047480  0.000370  14234.146    99.990000   0.107271   0.350563     508.874 0
312.998875 -52.722722   0.041240  0.000230  12363.441    68.952265   0.112073   0.366254   -1280.068 0
312.948875 -52.615000   0.040810  0.000090  12234.530    26.981321   0.112181   0.366607   -1403.344 0
312.919375 -52.600417   0.048540  0.000027  14551.926     8.094396   0.112500   0.367652     812.764 0
312.907042 -52.794583   0.049050  0.000180  14704.820    53.962642   0.112566   0.367864     958.976 0
312.986875 -52.753028   0.043607  0.000030  13073.050     8.993774   0.116682   0.381315    -601.474 0
313.011708 -52.687611   0.042570  0.000330  12762.165    98.931511   0.116690   0.381344    -898.771 0
312.987250 -52.629694   0.055655  0.000133  16684.949    39.872397   0.120942   0.395238    2852.559 1
312.993042 -52.635333   0.049090  0.000170  14716.812    50.964718   0.121016   0.395479     970.443 0
312.958042 -52.783889   0.049330  0.001300  14788.762    99.990000   0.122039   0.398822    1039.249 0
312.610208 -52.683528   0.041910  0.000110  12564.302    32.977170   0.127435   0.416459   -1087.986 0
312.935417 -52.588556   0.047890  0.001020  14357.061    99.990000   0.127741   0.417459     626.416 0
312.934083 -52.802806   0.046160  0.000730  13838.420    99.990000   0.127975   0.418223     130.444 0
312.625116 -52.640442   0.048630  0.000110  14578.907    32.977170   0.129990   0.424807     838.566 0
312.965349 -52.791553   0.044831  0.000333  13439.996    99.830889   0.130664   0.427011    -250.566 0
312.617875 -52.749250   0.048230  0.000110  14458.990    32.977170   0.133630   0.436704     723.891 0
312.937458 -52.809611   0.042670  0.000700  12792.144    99.990000   0.134817   0.440581    -870.102 0
312.978610 -52.790116   0.044600  0.000333  13370.744    99.830889   0.135215   0.441883    -316.792 0
312.995708 -52.783472   0.043880  0.000990  13154.893    99.990000   0.138463   0.452496    -523.208 0
312.970417 -52.590639   0.047990  0.000150  14387.040    44.968869   0.138945   0.454073     655.085 0
312.700833 -52.814944   0.047980  0.000450  14384.042    99.990000   0.139641   0.456345     652.218 0
313.049601 -52.706082   0.042550  0.000290  12756.169    86.939813   0.139821   0.456936    -904.505 0
312.774000 -52.833250   0.047020  0.001030  14096.241    99.990000   0.140711   0.459842     376.996 0
312.704292 -52.573028   0.046650  0.000140  13985.318    41.970944   0.140809   0.460165     270.921 0
312.913708 -52.824944   0.044690  0.000340  13397.725    99.990000   0.141659   0.462943    -290.990 0
313.005917 -52.605028   0.048490  0.000330  14536.936    98.931511   0.144561   0.472426     798.430 0
312.777042 -52.839889   0.051350  0.000900  15394.343    99.990000   0.146891   0.480041    1618.361 1
312.777292 -52.547639   0.049240  0.000080  14761.781    23.983397   0.149847   0.489701    1013.447 0
313.029792 -52.615028   0.044490  0.000170  13337.766    50.964718   0.150567   0.492052    -348.328 0
313.008000 -52.597000   0.049031  0.000333  14699.124    99.830889   0.150659   0.492354     953.529 0
312.950292 -52.565972   0.047850  0.000120  14345.069    35.975095   0.151642   0.495566     614.949 0
312.924875 -52.553972   0.046260  0.000290  13868.399    86.939813   0.155047   0.506692     159.113 0
312.723208 -52.842083   0.042060  0.000120  12609.271    35.975095   0.157998   0.516336   -1044.983 0
312.969083 -52.830917   0.045710  0.000140  13703.513    41.970944   0.163117   0.533067       1.433 0
312.991167 -52.821889   0.047090  0.000250  14117.227    74.948115   0.163842   0.535435     397.065 0
313.063917 -52.769917   0.044170  0.000230  13241.833    68.952265   0.165827   0.541922    -440.068 0
313.039792 -52.795972   0.046359  0.000083  13898.079    24.882774   0.167184   0.546357     187.495 0
312.959000 -52.845028   0.048750  0.000090  14614.882    26.981321   0.171943   0.561909     872.969 0
312.843417 -52.867500   0.040990  0.000140  12288.493    41.970944   0.172827   0.564798   -1351.740 0
312.983917 -52.839917   0.043370  0.000550  13001.999    99.990000   0.175612   0.573901    -669.420 0
313.085500 -52.774972   0.032370  0.000130   9704.282    38.973020   0.179788   0.587547   -3823.002 1
313.017208 -52.558278   0.050220  0.000150  15055.577    44.968869   0.181973   0.594688    1294.402 0
312.825875 -52.877833   0.046610  0.000190  13973.326    56.960567   0.182595   0.596720     259.454 0
313.107375 -52.640583   0.039560  0.000750  11859.790    99.990000   0.182792   0.597365   -1761.706 1
313.114375 -52.734972   0.041290  0.000830  12378.431    99.990000   0.183016   0.598097   -1265.733 0
313.120792 -52.671194   0.048390  0.000430  14506.957    99.990000   0.184131   0.601739     769.761 0
313.023333 -52.557806   0.048190  0.000640  14446.999    99.990000   0.184788   0.603888     712.423 0
313.055667 -52.812722   0.044750  0.000700  13415.712    99.990000   0.185108   0.604932    -273.788 0
313.032333 -52.829389   0.044950  0.000190  13475.671    56.960567   0.186040   0.607978    -216.450 0
312.712292 -52.870139   0.048090  0.000120  14417.019    35.975095   0.186560   0.609677     683.754 0
312.582792 -52.815250   0.045510  0.000110  13643.555    32.977170   0.187050   0.611281     -55.904 0
313.114583 -52.759861   0.048450  0.000200  14524.945    59.958492   0.190093   0.621224     786.962 0
312.571875 -52.812444   0.042380  0.000450  12705.204    99.990000   0.190434   0.622339    -953.242 0
313.087645 -52.795142   0.040930  0.000180  12270.505    53.962642   0.190699   0.623204   -1368.942 0
313.117667 -52.758222   0.041610  0.000300  12474.364    89.937737   0.191306   0.625190   -1173.993 0
313.116917 -52.625028   0.047170  0.000820  14141.210    99.990000   0.193410   0.632063     420.000 0
312.629308 -52.538731   0.045720  0.000090  13706.511    26.981321   0.194435   0.635414       4.300 0
313.119542 -52.622139   0.044980  0.000690  13484.665    99.990000   0.195953   0.640373    -207.850 0
312.951375 -52.512611   0.043670  0.000470  13091.937    99.990000   0.199366   0.651529    -583.413 0
313.011875 -52.532583   0.045860  0.000090  13748.482    26.981321   0.200128   0.654017      44.437 0
313.087605 -52.812584   0.052870  0.000870  15850.027    99.990000   0.200365   0.654792    2054.129 1
312.660292 -52.514306   0.049067  0.000150  14709.917    44.968869   0.205111   0.670304     963.850 0
312.481083 -52.697833   0.043550  0.001150  13055.962    99.990000   0.205165   0.670480    -617.815 0
312.502375 -52.770639   0.043040  0.000860  12903.067    99.990000   0.206488   0.674804    -764.027 0
312.485958 -52.647833   0.057240  0.000390  17160.120    99.990000   0.207687   0.678720    3306.961 1
313.167458 -52.682889   0.048590  0.000530  14566.916    99.990000   0.211195   0.690184     827.099 0
312.496417 -52.608778   0.043590  0.000110  13067.953    32.977170   0.214107   0.699702    -606.348 0
312.696125 -52.899750   0.048750  0.000430  14614.882    99.990000   0.217732   0.711548     872.969 0
312.461625 -52.656528   0.047210  0.000170  14153.202    50.964718   0.220375   0.720187     431.467 0
313.061375 -52.861361   0.049660  0.000100  14887.693    29.979246   0.221489   0.723825    1133.856 0
312.618109 -52.880694   0.046920  0.000590  14066.262    99.990000   0.222010   0.725529     348.328 0
312.451625 -52.690194   0.044760  0.000580  13418.710    99.990000   0.223060   0.728961    -270.921 0
312.608000 -52.508528   0.041880  0.000300  12555.308    89.937737   0.226536   0.740321   -1096.587 0
313.178875 -52.630500   0.048160  0.000880  14438.005    99.990000   0.227181   0.742429     703.822 0
313.088972 -52.854249   0.063090  0.000140  18913.906    41.970944   0.227875   0.744695    4984.094 1
312.657667 -52.489389   0.050210  0.000410  15052.579    99.990000   0.228078   0.745360    1291.535 0
312.825208 -52.923556   0.040480  0.000070  12135.599    20.985472   0.228303   0.746096   -1497.952 1
312.455708 -52.611861   0.047130  0.000080  14129.219    23.983397   0.235777   0.770520     408.532 0
312.494125 -52.562472   0.048730  0.000110  14608.886    32.977170   0.237788   0.777091     867.235 0
312.787667 -52.932833   0.043170  0.000270  12942.040    80.943964   0.238341   0.778899    -726.757 0
312.653708 -52.477500   0.045280  0.000180  13574.602    53.962642   0.239861   0.783866    -121.843 0
312.419083 -52.746417   0.041640  0.000090  12483.358    26.981321   0.248053   0.810638   -1165.392 0
313.109417 -52.873056   0.049280  0.000080  14773.772    23.983397   0.249919   0.816737    1024.914 0
312.672792 -52.941389   0.048820  0.000130  14635.868    38.973020   0.261697   0.855224     893.037 0
313.197417 -52.825333   0.045110  0.000330  13523.638    98.931511   0.263343   0.860606    -170.580 0
312.636000 -52.455944   0.043870  0.000043  13151.895    12.891076   0.263931   0.862528    -526.075 0
312.636261 -52.455254   0.043890  0.000150  13157.891    44.968869   0.264491   0.864356    -520.341 0
312.605625 -52.464389   0.045090  0.000120  13517.642    35.975095   0.264809   0.865398    -176.314 0
313.231375 -52.787083   0.044340  0.000220  13292.798    65.954341   0.265918   0.869020    -391.331 0
313.144583 -52.516611   0.045770  0.000060  13721.501    17.987547   0.265929   0.869055      18.635 0
313.037167 -52.463333   0.046780  0.000400  14024.291    99.990000   0.266810   0.871935     308.191 0
313.042083 -52.464861   0.048160  0.000130  14438.005    38.973020   0.266975   0.872475     703.822 0
312.711750 -52.435917   0.045560  0.000140  13658.544    41.970944   0.267468   0.874085     -41.570 0
312.754381 -52.430111   0.032010  0.000130   9596.357    38.973020   0.268095   0.876135   -3926.210 1
313.265208 -52.684194   0.038010  0.000110  11395.111    32.977170   0.270300   0.883341   -2206.074 1
312.647500 -52.440278   0.044530  0.000090  13349.758    26.981321   0.275503   0.900343    -336.860 0
313.176125 -52.869222   0.042010  0.000110  12594.281    32.977170   0.277396   0.906531   -1059.317 0
313.121708 -52.481417   0.046730  0.000470  14009.302    99.990000   0.281538   0.920066     293.857 0
313.263292 -52.784861   0.041860  0.000220  12549.312    65.954341   0.283441   0.926284   -1102.320 0
312.649708 -52.963583   0.044110  0.000200  13223.845    59.958492   0.287380   0.939156    -457.269 0
313.285500 -52.621389   0.048130  0.000110  14429.011    32.977170   0.291878   0.953858     695.222 0
312.803782 -52.991359   0.042490  0.000760  12738.182    99.990000   0.296236   0.968099    -921.706 0
312.682742 -52.984740   0.050020  0.000230  14995.619    68.952265   0.301108   0.984022    1237.064 0
313.274500 -52.819167   0.042810  0.000380  12834.115    99.990000   0.302260   0.987787    -829.966 0
313.313500 -52.764639   0.048160  0.000120  14438.005    35.975095   0.307271   1.004162     703.822 0
312.339420 -52.798740   0.045070  0.000080  13511.646    23.983397   0.308850   1.009321    -182.048 0
312.764417 -53.003361   0.045170  0.000090  13541.625    26.981321   0.309892   1.012727    -153.379 0
312.386375 -52.868500   0.042590  0.000500  12768.161    99.990000   0.314543   1.027925    -893.037 0
313.277583 -52.846806   0.045550  0.000270  13655.546    80.943964   0.316239   1.033470     -44.437 0
312.775698 -52.377811   0.046870  0.001120  14051.273    99.990000   0.318579   1.041117     333.993 0
313.000468 -52.392781   0.039260  0.000140  11769.852    41.970944   0.321749   1.051475   -1847.713 1
313.047015 -52.398609   0.050040  0.000150  15001.615    44.968869   0.327126   1.069047    1242.798 0
312.978231 -53.012344   0.047970  0.000350  14381.044    99.990000   0.331324   1.082767     649.351 0
313.356583 -52.759500   0.048840  0.000140  14641.864    41.970944   0.331727   1.084084     898.771 0
313.114529 -52.406483   0.047520  0.000130  14246.138    38.973020   0.339640   1.109943     520.341 0
312.820750 -53.037216   0.043240  0.000470  12963.026    99.990000   0.341939   1.117456    -706.689 0
313.216833 -52.941944   0.062940  0.000090  18868.937    26.981321   0.344684   1.126427    4941.090 1
312.370737 -52.907783   0.044340  0.000790  13292.798    99.990000   0.345190   1.128080    -391.331 0
313.337805 -52.840561   0.043790  0.000890  13127.912    99.990000   0.346045   1.130877    -549.010 0
312.784750 -53.044111   0.041896  0.000037  12560.105    11.092321   0.349471   1.142072   -1092.000 0
313.318958 -52.518083   0.050670  0.000070  15190.484    20.985472   0.350705   1.146104    1423.412 0
312.596588 -52.369707   0.048380  0.000150  14503.959    44.968869   0.352507   1.151993     766.894 0
312.647616 -52.356300   0.041770  0.000130  12522.331    38.973020   0.354638   1.158957   -1128.122 0
313.407956 -52.688384   0.049440  0.000140  14821.739    41.970944   0.356652   1.165540    1070.785 0
312.715560 -53.048248   0.048040  0.000950  14402.030    99.990000   0.358556   1.171761     669.420 0
313.107780 -53.016132   0.044110  0.000920  13223.845    99.990000   0.365314   1.193847    -457.269 0
313.099310 -53.019076   0.041450  0.001040  12426.397    99.990000   0.365493   1.194433   -1219.863 0
312.298233 -52.888796   0.045050  0.000080  13505.650    23.983397   0.370518   1.210854    -187.782 0
312.771402 -53.068449   0.046650  0.000350  13985.318    99.990000   0.374312   1.223251     270.921 0
312.238983 -52.561589   0.043960  0.000140  13178.876    41.970944   0.376416   1.230126    -500.273 0
313.049083 -53.048333   0.048440  0.000130  14521.947    38.973020   0.379465   1.240092     784.095 0
312.628637 -52.332952   0.048570  0.000130  14560.920    38.973020   0.380358   1.243010     821.365 0
313.278250 -52.956722   0.048580  0.000100  14563.918    29.979246   0.381607   1.247093     824.232 0
313.082877 -53.043719   0.047960  0.000130  14378.046    38.973020   0.383241   1.252432     646.484 0
313.293125 -52.440972   0.049670  0.000100  14890.691    29.979246   0.383453   1.253123    1136.723 0
313.321301 -52.457550   0.047360  0.001240  14198.171    99.990000   0.385969   1.261347     474.471 0
313.404600 -52.540230   0.049510  0.000150  14842.725    44.968869   0.386971   1.264623    1090.853 0
312.609746 -53.061616   0.042430  0.000260  12720.194    77.946039   0.387784   1.267278    -938.908 0
313.366729 -52.897757   0.058020  0.000480  17393.958    99.990000   0.388531   1.269719    3530.579 1
313.463014 -52.650465   0.046910  0.000333  14063.264    99.830889   0.392520   1.282757     345.461 0
313.097282 -53.065640   0.044120  0.000420  13226.843    99.990000   0.406808   1.329450    -454.403 0
313.467147 -52.584366   0.046560  0.000240  13958.337    71.950190   0.407830   1.332789     245.119 0
312.817917 -52.285546   0.049060  0.000410  14707.818    99.990000   0.409733   1.339008     961.843 0
313.418833 -52.889889   0.047230  0.000220  14159.198    65.954341   0.412033   1.346526     437.201 0
313.048915 -53.091064   0.030620  0.000080   9179.645    23.983397   0.419481   1.370863   -4324.708 1
313.233409 -52.356085   0.043050  0.000160  12906.065    47.966793   0.421845   1.378589    -761.160 0
313.037417 -53.096611   0.045690  0.000100  13697.517    29.979246   0.422489   1.380695      -4.300 0
313.428751 -52.487501   0.048590  0.000110  14566.916    32.977170   0.423641   1.384458     827.099 0
312.733538 -53.119503   0.041950  0.000220  12576.294    65.954341   0.427418   1.396803   -1076.518 0
313.510757 -52.795019   0.043770  0.002040  13121.916    99.990000   0.430600   1.407200    -554.744 0
312.749433 -53.124196   0.042192  0.000027  12648.843     8.094396   0.431020   1.408573   -1007.140 0
313.205790 -52.331406   0.045390  0.000170  13607.580    50.964718   0.432652   1.413908     -90.307 0
312.637864 -53.118682   0.044250  0.000060  13265.816    17.987547   0.437493   1.429726    -417.133 0
312.822313 -53.135712   0.046090  0.000220  13817.434    65.954341   0.440437   1.439349     110.375 0
312.925326 -53.132147   0.047830  0.000230  14339.073    68.952265   0.441544   1.442968     609.215 0
312.212833 -52.440278   0.048940  0.000070  14671.843    20.985472   0.447488   1.462390     927.440 0
313.338350 -53.014880   0.042890  0.000950  12858.099    99.990000   0.448323   1.465119    -807.030 0
312.293839 -52.375414   0.048890  0.000200  14656.853    59.958492   0.451484   1.475449     913.105 0
312.798494 -53.159937   0.046680  0.000110  13994.312    32.977170   0.464835   1.519080     279.522 0
313.028125 -53.145278   0.047010  0.000110  14093.243    32.977170   0.467412   1.527502     374.130 0
312.682813 -53.157882   0.042616  0.000027  12775.955     8.094396   0.469972   1.535867    -885.583 0
312.381713 -52.306400   0.030440  0.000130   9125.682    38.973020   0.470796   1.538561   -4376.313 1
313.555519 -52.846111   0.042860  0.000620  12849.105    99.990000   0.470831   1.538675    -815.631 0
312.667070 -53.160077   0.042340  0.000070  12693.213    20.985472   0.473900   1.548707    -964.710 0
312.097417 -52.510389   0.056790  0.000070  17025.214    20.985472   0.475121   1.552697    3177.951 1
313.570208 -52.832861   0.043887  0.000150  13156.992    44.968869   0.475269   1.553179    -521.201 0
313.547934 -52.880833   0.058160  0.000070  17435.929    20.985472   0.478834   1.564831    3570.716 1
313.593624 -52.797308   0.055950  0.000150  16773.388    44.968869   0.480078   1.568895    2937.132 1
312.286042 -53.050778   0.045650  0.000090  13685.526    26.981321   0.480561   1.570472     -15.768 0
312.241303 -53.028950   0.029770  0.000140   8924.821    41.970944   0.483906   1.581406   -4568.394 1
313.382355 -53.045238   0.045390  0.000220  13607.580    65.954341   0.488673   1.596982     -90.307 0
312.108360 -52.929665   0.049360  0.000090  14797.756    26.981321   0.490645   1.603427    1047.849 0
312.829967 -52.200863   0.048940  0.000150  14671.843    44.968869   0.494455   1.615879     927.440 0
312.938135 -52.205307   0.047240  0.000170  14162.196    50.964718   0.495211   1.618349     440.068 0
312.977960 -52.209053   0.043690  0.000260  13097.932    77.946039   0.495609   1.619649    -577.679 0
313.423292 -52.356917   0.043990  0.000070  13187.870    20.985472   0.498354   1.628620    -491.672 0
313.067059 -52.215400   0.048690  0.000070  14596.895    20.985472   0.502770   1.643054     855.768 0
312.935085 -53.195363   0.046530  0.000190  13949.343    56.960567   0.504960   1.650211     236.519 0
312.031759 -52.869043   0.041860  0.000790  12549.312    99.990000   0.508100   1.660472   -1102.320 0
312.621709 -53.191325   0.042870  0.000150  12852.103    44.968869   0.510337   1.667782    -812.764 0
313.604917 -52.510528   0.043634  0.000150  13081.144    44.968869   0.510554   1.668491    -593.734 0
312.113040 -52.415260   0.043950  0.001060  13175.879    99.990000   0.511633   1.672016    -503.140 0
312.164930 -52.371855   0.057530  0.000110  17247.060    32.977170   0.511876   1.672811    3390.101 1
313.214520 -52.241341   0.050820  0.000080  15235.453    23.983397   0.513175   1.677057    1466.416 1
312.061373 -52.465928   0.057290  0.000240  17175.110    71.950190   0.513572   1.678355    3321.296 1
312.548929 -52.207960   0.049440  0.000130  14821.739    38.973020   0.514184   1.680353    1070.785 0
313.308362 -53.116635   0.046790  0.000300  14027.289    89.937737   0.515065   1.683232     311.058 0
313.183861 -53.161720   0.047410  0.000090  14213.160    26.981321   0.516051   1.686454     488.805 0
313.062479 -53.190878   0.047090  0.000060  14117.227    17.987547   0.517001   1.689558     397.065 0
312.038757 -52.486733   0.048920  0.000090  14665.847    26.981321   0.517137   1.690004     921.706 0
312.235431 -52.317014   0.048510  0.000450  14542.932    99.990000   0.518092   1.693125     804.164 0
312.751333 -52.175278   0.049470  0.000070  14830.733    20.985472   0.521643   1.704728    1079.385 0
313.664105 -52.805641   0.043450  0.000940  13025.982    99.990000   0.523589   1.711090    -646.484 0
313.453621 -53.052116   0.048450  0.000080  14524.945    23.983397   0.524395   1.713723     786.962 0
313.376833 -53.101611   0.040210  0.000120  12054.655    35.975095   0.528359   1.726679   -1575.358 1
313.409043 -53.087387   0.042660  0.000210  12789.146    62.956416   0.530446   1.733498    -872.969 0
312.782795 -52.162254   0.049070  0.000160  14710.816    47.966793   0.533490   1.743446     964.710 0
312.077669 -52.983155   0.044480  0.000060  13334.769    17.987547   0.533900   1.744785    -351.194 0
313.430787 -52.310074   0.049840  0.000080  14941.656    23.983397   0.534411   1.746455    1185.460 0
312.396267 -53.165918   0.046120  0.000170  13826.428    50.964718   0.536023   1.751725     118.976 0
312.437678 -52.211140   0.044670  0.000730  13391.729    99.990000   0.536620   1.753674    -296.723 0
312.211662 -53.088947   0.032460  0.000100   9731.263    29.979246   0.539183   1.762050   -3797.200 1
312.092370 -53.013408   0.044770  0.000280  13421.708    83.941888   0.543553   1.776332    -268.055 0
313.435863 -52.294195   0.049720  0.000190  14905.681    56.960567   0.548059   1.791058    1151.058 0
313.719750 -52.633056   0.042953  0.000150  12876.985    44.968869   0.549087   1.794415    -788.969 0
312.615000 -53.231306   0.046589  0.000150  13967.031    44.968869   0.550181   1.797992     253.433 0
313.715018 -52.798349   0.057550  0.000720  17253.056    99.990000   0.552383   1.805189    3395.835 1
313.288000 -52.217167   0.047590  0.000090  14267.123    26.981321   0.556041   1.817142     540.409 0
313.043616 -52.154372   0.044440  0.000090  13322.777    26.981321   0.557687   1.822520    -362.662 0
312.282362 -53.151247   0.046170  0.000130  13841.418    38.973020   0.560280   1.830994     133.311 0
312.011080 -52.968840   0.045150  0.000140  13535.629    41.970944   0.561189   1.833965    -159.113 0
312.612705 -53.243370   0.046440  0.001810  13922.362    99.990000   0.562250   1.837432     210.717 0
313.166978 -53.220087   0.041090  0.000250  12318.472    74.948115   0.565466   1.847943   -1323.071 1
313.488894 -53.091102   0.039770  0.000080  11922.746    23.983397   0.566762   1.852179   -1701.501 1
313.727105 -52.855391   0.056850  0.000660  17043.201    99.990000   0.572839   1.872037    3195.152 1
313.189708 -52.164444   0.048674  0.000030  14592.098     8.993774   0.576283   1.883294     851.181 0
313.305833 -52.198361   0.048230  0.000170  14458.990    50.964718   0.577729   1.888019     723.891 0
312.094638 -53.077928   0.030310  0.000150   9086.709    44.968869   0.582627   1.904026   -4413.582 1
313.562917 -52.321889   0.044510  0.000620  13343.762    99.990000   0.585124   1.912185    -342.594 0
312.035363 -53.037949   0.045730  0.000230  13709.509    68.952265   0.585930   1.914820       7.167 0
312.018417 -53.024361   0.044680  0.000110  13394.727    32.977170   0.586561   1.916883    -293.857 0
313.291820 -53.217835   0.046870  0.000150  14051.273    44.968869   0.595799   1.947073     333.993 0
311.884292 -52.504472   0.048080  0.000150  14414.021    44.968869   0.598089   1.954556     680.887 0
313.185667 -53.252139   0.045355  0.000133  13597.087    39.872397   0.599432   1.958945    -100.341 0
313.311568 -52.172747   0.045550  0.000070  13655.546    20.985472   0.601618   1.966086     -44.437 0
313.195833 -53.258056   0.046700  0.000333  14000.308    99.830889   0.607220   1.984394     285.256 0
311.815625 -52.753639   0.043477  0.000150  13034.077    44.968869   0.611245   1.997550    -638.744 0
313.056708 -53.303000   0.042650  0.000150  12786.148    44.968869   0.624483   2.040810    -875.836 0
313.581960 -53.116516   0.043660  0.000320  13088.939    95.933587   0.625239   2.043282    -586.280 0
312.288469 -52.155208   0.031640  0.000120   9485.433    35.975095   0.628717   2.054647   -4032.285 1
313.380786 -52.152278   0.043960  0.000080  13178.876    23.983397   0.640726   2.093894    -500.273 0
313.397850 -52.157911   0.049220  0.000400  14755.785    99.990000   0.641550   2.096585    1007.713 0
313.851792 -52.844250   0.057176  0.000150  17140.934    44.968869   0.643068   2.101545    3288.613 1
312.234260 -52.157571   0.046140  0.000110  13832.424    32.977170   0.644180   2.105179     124.710 0
312.459583 -52.086944   0.049100  0.000333  14719.810    99.830889   0.646276   2.112030     973.310 0
313.665839 -53.089029   0.044780  0.000080  13424.706    23.983397   0.646593   2.113066    -265.188 0
312.612375 -52.053472   0.048347  0.000027  14494.066     8.094396   0.653976   2.137195     757.433 0
313.642725 -52.248253   0.045290  0.000060  13577.600    17.987547   0.669852   2.189075    -118.976 0
312.162528 -52.149999   0.047830  0.000090  14339.073    26.981321   0.675204   2.206568     609.215 0
313.539000 -53.225472   0.043190  0.000150  12948.036    44.968869   0.686445   2.243302    -721.024 0
312.060619 -53.225555   0.045530  0.000110  13649.551    32.977170   0.701975   2.294055     -50.171 0
311.940667 -53.155944   0.048093  0.000150  14417.919    44.968869   0.704238   2.301450     684.614 0
313.110667 -52.011611   0.052136  0.000150  15629.980    44.968869   0.706061   2.307407    1843.699 1
313.685880 -53.173222   0.044930  0.000120  13469.675    35.975095   0.709985   2.320233    -222.184 0
311.952625 -52.212028   0.046125  0.000150  13827.927    44.968869   0.713863   2.332904     120.410 0
312.964042 -53.408139   0.042990  0.000150  12888.078    44.968869   0.718217   2.347134    -778.362 0
312.061292 -53.263889   0.047349  0.000150  14194.873    44.968869   0.731108   2.389261     471.317 0
313.611180 -53.248180   0.050610  0.000160  15172.496    47.966793   0.732025   2.392259    1406.211 1
311.590958 -52.623028   0.048273  0.000103  14471.881    30.878623   0.748110   2.444824     736.218 0
312.344167 -52.001500   0.048277  0.000150  14473.080    44.968869   0.751229   2.455018     737.365 0
313.103400 -51.961322   0.046700  0.000333  14000.308    99.830889   0.753842   2.463557     285.256 0
312.099500 -53.318028   0.042599  0.000150  12770.859    44.968869   0.760441   2.485121    -890.457 0
311.546750 -52.652944   0.047696  0.000113  14298.901    33.876548   0.772566   2.524747     570.798 0
312.435708 -51.949583   0.031982  0.000023   9587.962     6.895227   0.781144   2.552780   -3934.238 1
313.006083 -53.472056   0.044024  0.000133  13198.063    39.872397   0.784958   2.565244    -481.925 0
312.983833 -53.478750   0.044384  0.000150  13305.988    44.968869   0.789771   2.580970    -378.717 0
311.926375 -53.296500   0.042479  0.000150  12734.884    44.968869   0.809017   2.643868    -924.860 0
311.695625 -53.183639   0.048370  0.000150  14500.961    44.968869   0.838154   2.739086     764.027 0
311.437000 -52.761667   0.047259  0.000033  14167.892     9.893151   0.840546   2.746904     445.515 0
311.397833 -52.780167   0.045158  0.000150  13538.028    44.968869   0.865829   2.829528    -156.819 0
313.751208 -52.037556   0.045598  0.000150  13669.936    44.968869   0.866827   2.832790     -30.676 0
313.247792 -51.865472   0.052460  0.000030  15727.112     8.993774   0.869441   2.841333    1936.586 1
311.384417 -52.716528   0.048790  0.000037  14626.874    11.092321   0.870048   2.843316     884.437 0
312.979667 -51.824556   0.049234  0.000023  14759.982     6.895227   0.876110   2.863129    1011.727 1
312.630542 -53.582056   0.041629  0.000150  12480.060    44.968869   0.894148   2.922077   -1168.546 1
311.473625 -52.317167   0.048390  0.000103  14506.957    30.878623   0.899095   2.938244     769.761 0
313.449917 -53.527167   0.044107  0.000150  13222.946    44.968869   0.915410   2.991561    -458.130 0
311.568958 -52.164083   0.045054  0.000150  13506.849    44.968869   0.925554   3.024712    -186.635 0
311.646153 -53.318571   0.056569  0.000150  16958.960    44.968869   0.945645   3.090370    3114.593 1
314.131833 -52.142139   0.047740  0.000150  14312.092    44.968869   0.968739   3.165840     583.413 0
313.585250 -51.831417   0.047670  0.000150  14291.106    44.968869   0.980604   3.204615     563.345 0
311.205333 -52.823000   0.043864  0.000150  13150.096    44.968869   0.986625   3.224289    -527.795 0
313.636134 -53.567670   0.040191  0.000150  12048.959    44.968869   1.002980   3.277738   -1580.805 1
311.161167 -52.760000   0.049321  0.000150  14786.064    44.968869   1.007171   3.291436    1036.669 1
314.149375 -53.317972   0.039361  0.000150  11800.131    44.968869   1.018462   3.328333   -1818.757 1
311.812750 -53.522861   0.042449  0.000150  12725.890    44.968869   1.028218   3.360216    -933.460 1
314.242625 -52.132333   0.051189  0.000150  15346.076    44.968869   1.029908   3.365739    1572.204 1
311.316583 -53.176639   0.045181  0.000150  13544.923    44.968869   1.030265   3.366906    -150.225 0
311.134833 -52.884194   0.048944  0.000150  14673.042    44.968869   1.038379   3.393423     928.587 1
313.978792 -51.909861   0.048140  0.000150  14432.009    44.968869   1.053777   3.443745     698.089 0
314.265667 -52.106306   0.050125  0.000150  15027.097    44.968869   1.055923   3.450757    1267.167 1
314.502554 -53.033358   0.038156  0.000150  11438.881    44.968869   1.074541   3.511602   -2164.218 1
311.360583 -53.308222   0.047920  0.000150  14366.055    44.968869   1.075903   3.516052     635.017 0
312.316000 -53.754583   0.032866  0.000150   9852.979    44.968869   1.102394   3.602625   -3680.804 1
311.095917 -53.135889   0.046589  0.000150  13967.031    44.968869   1.133755   3.705110     253.433 0
312.050333 -53.779444   0.042836  0.000150  12841.910    44.968869   1.180155   3.856746    -822.512 0
310.923750 -52.996056   0.047366  0.000150  14199.970    44.968869   1.187693   3.881383     476.191 0
314.715292 -53.021605   0.038550  0.000150  11556.999    44.968869   1.194347   3.903127   -2051.262 1
312.513625 -51.490194   0.032229  0.000150   9662.011    44.968869   1.219266   3.984563   -3863.425 1
314.237500 -53.561611   0.041375  0.000150  12403.913    44.968869   1.220241   3.987748   -1241.365 1
311.304458 -53.510222   0.048310  0.000150  14482.974    44.968869   1.227726   4.012210     746.826 0
313.714458 -51.574944   0.045418  0.000150  13615.974    44.968869   1.244702   4.067687     -82.280 0
311.195625 -53.490361   0.050065  0.000150  15009.109    44.968869   1.265235   4.134787    1249.965 1
311.195708 -53.514750   0.048720  0.000150  14605.889    44.968869   1.280663   4.185206     864.368 0
312.340500 -51.445139   0.047480  0.000150  14234.146    44.968869   1.283414   4.194197     508.874 0
312.540667 -51.416000   0.031285  0.000150   9379.007    44.968869   1.290398   4.217020   -4134.060 1
310.713250 -52.897694   0.047536  0.000150  14250.934    44.968869   1.292500   4.223890     524.928 0
314.812667 -52.119833   0.044151  0.000150  13236.137    44.968869   1.337983   4.372530    -445.515 0
311.121250 -53.559167   0.048310  0.000150  14482.974    44.968869   1.343772   4.391449     746.826 0
310.580833 -52.838861   0.048063  0.000153  14408.925    45.868246   1.364379   4.458792     676.013 0
310.783625 -53.322917   0.049908  0.000150  14962.042    44.968869   1.384356   4.524075    1204.955 1
314.803625 -52.005861   0.051015  0.000123  15293.912    36.874472   1.386055   4.529629    1522.320 1
313.843750 -51.451750   0.048497  0.000150  14539.035    44.968869   1.389831   4.541969     800.437 0
312.544583 -51.313056   0.031513  0.000041   9447.360    12.291491   1.392234   4.549821   -4068.695 1
313.430333 -54.040556   0.049428  0.000150  14818.142    44.968869   1.395271   4.559747    1067.344 1
313.616083 -51.379389   0.047936  0.000150  14370.851    44.968869   1.401636   4.580548     639.604 0
310.523375 -52.912472   0.046806  0.000150  14032.086    44.968869   1.408473   4.602890     315.645 0
313.532625 -54.041278   0.057156  0.000150  17134.938    44.968869   1.413670   4.619874    3282.879 1
311.090625 -51.737861   0.045288  0.000150  13577.001    44.968869   1.419373   4.638512    -119.549 0
313.673417 -51.373333   0.056496  0.000150  16937.075    44.968869   1.419617   4.639310    3093.664 1
313.674319 -51.372887   0.055600  0.000333  16668.461    99.830889   1.420232   4.641318    2836.791 1
314.899375 -51.988222   0.048754  0.000150  14616.081    44.968869   1.445235   4.723027     874.116 0
313.001292 -54.143278   0.048527  0.000150  14548.029    44.968869   1.452182   4.745730     809.037 0
310.822458 -53.504083   0.043046  0.000150  12904.866    44.968869   1.455730   4.757327    -762.307 0
311.822833 -51.365944   0.049481  0.000150  14834.031    44.968869   1.460153   4.771781    1082.539 1
315.294900 -52.639739   0.036188  0.000150  10848.889    44.968869   1.501203   4.905933   -2728.422 1
314.826404 -53.604126   0.041962  0.000150  12579.891    44.968869   1.518305   4.961820   -1073.078 1
315.327345 -52.649105   0.037439  0.000150  11223.930    44.968869   1.520540   4.969126   -2369.774 1
310.710833 -53.528083   0.056502  0.000150  16938.873    44.968869   1.525415   4.985056    3095.385 1
310.304333 -52.531944   0.031625  0.000103   9480.936    30.878623   1.533103   5.010180   -4036.586 1
315.228292 -52.224139   0.049744  0.000143  14912.876    42.870321   1.533952   5.012957    1157.938 1
311.256958 -51.414083   0.048987  0.000103  14685.933    30.878623   1.593216   5.206629     940.914 1
315.433775 -52.504627   0.037873  0.000150  11354.040    44.968869   1.595771   5.214981   -2245.351 1
313.957042 -54.136111   0.030658  0.000150   9191.037    44.968869   1.597254   5.219825   -4313.814 1
315.474998 -52.724340   0.037346  0.000150  11196.049    44.968869   1.609587   5.260131   -2396.436 1
313.465708 -51.121056   0.048944  0.000150  14673.042    44.968869   1.622194   5.301332     928.587 1
313.565083 -51.135694   0.047860  0.000150  14348.067    44.968869   1.623711   5.306288     617.815 1
314.903833 -51.645722   0.049287  0.000150  14775.871    44.968869   1.642304   5.367049    1026.921 1
313.952833 -51.173139   0.046736  0.000150  14011.100    44.968869   1.669915   5.457283     295.577 1
314.940583 -51.603000   0.047409  0.000150  14212.861    44.968869   1.686840   5.512593     488.519 1
310.082083 -53.008472   0.044024  0.000150  13198.063    44.968869   1.688376   5.517613    -481.925 1
310.101792 -52.291000   0.031859  0.000150   9551.088    44.968869   1.696016   5.542582   -3969.500 1
310.060000 -53.038333   0.044100  0.000333  13220.847    99.830889   1.707277   5.579383    -460.136 1
313.516333 -51.041028   0.048757  0.000230  14616.981    68.952265   1.707294   5.579438     874.976 1
310.139375 -52.159139   0.047863  0.000103  14348.966    30.878623   1.710544   5.590058     618.676 1
310.053667 -53.043528   0.044030  0.000333  13199.862    99.830889   1.712087   5.595100    -480.205 1
310.153000 -53.264500   0.055662  0.000150  16687.048    44.968869   1.713409   5.599422    2854.566 1
314.084417 -54.230444   0.044801  0.000150  13431.002    44.968869   1.715909   5.607593    -259.167 1
310.363375 -53.563972   0.045034  0.000150  13500.854    44.968869   1.723526   5.632485    -192.369 1
310.052000 -53.115000   0.044120  0.000333  13226.843    99.830889   1.729022   5.650445    -454.403 1
310.564083 -51.630806   0.042269  0.000113  12671.927    33.876548   1.732532   5.661914    -985.065 1
314.524083 -54.093778   0.043130  0.000150  12930.049    44.968869   1.738658   5.681934    -738.225 1
310.118167 -53.290667   0.044578  0.000150  13364.148    44.968869   1.742103   5.693195    -323.099 1
314.942083 -53.872667   0.042990  0.000150  12888.078    44.968869   1.743829   5.698834    -778.362 1
310.002224 -53.056057   0.043700  0.000333  13100.930    99.830889   1.745171   5.703218    -574.812 1
310.491042 -53.724472   0.041709  0.000150  12504.044    44.968869   1.746650   5.708053   -1145.611 1
310.396125 -53.677056   0.041759  0.000150  12519.033    44.968869   1.766665   5.773461   -1131.276 1
309.967333 -53.090583   0.043790  0.000073  13127.912    21.884849   1.773241   5.794953    -549.010 1
313.669375 -50.997750   0.047910  0.000150  14363.057    44.968869   1.773935   5.797222     632.150 1
314.417125 -51.196167   0.044911  0.000150  13463.979    44.968869   1.784584   5.832020    -227.631 1
311.467708 -51.107472   0.048497  0.000150  14539.035    44.968869   1.786728   5.839026     800.437 1
312.990250 -54.486833   0.049137  0.000150  14730.902    44.968869   1.794538   5.864552     983.918 1
309.900333 -53.016833   0.043317  0.000150  12986.110    44.968869   1.798207   5.876540    -684.614 1
314.930792 -53.981528   0.062643  0.000150  18779.899    44.968869   1.814270   5.929035    4855.944 1
309.886958 -53.101083   0.048497  0.000150  14539.035    44.968869   1.823068   5.957786     800.437 1
314.257000 -54.297750   0.049261  0.000150  14768.076    44.968869   1.823958   5.960695    1019.467 1
311.214125 -54.242667   0.040318  0.000150  12087.032    44.968869   1.827876   5.973499   -1544.395 1
314.726583 -54.139611   0.043573  0.000150  13062.857    44.968869   1.849823   6.045221    -611.222 1
315.262583 -51.574500   0.048537  0.000150  14551.027    44.968869   1.856957   6.068536     811.904 1
310.077042 -53.532361   0.043080  0.000150  12915.059    44.968869   1.861015   6.081798    -752.559 1
310.918750 -51.226306   0.048857  0.000103  14646.960    30.878623   1.866815   6.100753     903.645 1
314.678208 -54.188056   0.044107  0.000150  13222.946    44.968869   1.870087   6.111444    -458.130 1
311.498792 -50.991278   0.048297  0.000150  14479.076    44.968869   1.882650   6.152499     743.099 1
313.801500 -54.523639   0.043280  0.000150  12975.018    44.968869   1.922769   6.283611    -695.222 1
311.922625 -50.830694   0.049524  0.000150  14846.922    44.968869   1.942210   6.347143    1094.867 1
312.802000 -50.751778   0.049267  0.000150  14769.875    44.968869   1.943529   6.351454    1021.187 1
312.292375 -50.755722   0.030138  0.000150   9035.145    44.968869   1.965698   6.423902   -4462.893 1
310.667500 -51.209889   0.054268  0.000150  16269.137    44.968869   1.976745   6.460005    2454.921 1
314.790000 -54.286000   0.043276  0.000333  12973.818    99.830889   1.989085   6.500331    -696.368 1
309.636958 -53.201778   0.048617  0.000150  14575.010    44.968869   1.994236   6.517163     834.839 1
309.560375 -53.036444   0.048957  0.000150  14676.939    44.968869   2.004502   6.550715     932.314 1
310.166083 -53.925556   0.033630  0.000150  10082.020    44.968869   2.024790   6.617016   -3461.774 1
309.656542 -51.975972   0.048357  0.000150  14497.064    44.968869   2.047483   6.691177     760.300 1
314.813171 -51.026319   0.045605  0.000150  13672.035    44.968869   2.060394   6.733369     -28.669 1
311.176958 -50.875528   0.053717  0.000150  16103.951    44.968869   2.074259   6.778678    2296.955 1
309.824583 -53.721361   0.048357  0.000150  14497.064    44.968869   2.085078   6.814035     760.300 1
314.852000 -54.382361   0.049508  0.000150  14842.125    44.968869   2.088892   6.826498    1090.279 1
310.065583 -51.429750   0.053747  0.000103  16112.945    30.878623   2.094604   6.845165    2305.556 1
315.993531 -51.827046   0.048847  0.000150  14643.962    44.968869   2.110450   6.896953     900.778 1
315.901439 -51.692398   0.051702  0.000150  15499.870    44.968869   2.119985   6.928112    1719.276 1
309.364917 -53.122056   0.043116  0.000150  12925.852    44.968869   2.136768   6.982959    -742.239 1
314.773667 -54.475111   0.042690  0.000150  12798.140    44.968869   2.137832   6.986436    -864.368 1
316.321185 -52.423872   0.050368  0.000150  15099.947    44.968869   2.139445   6.991706    1336.832 1
310.334000 -51.171194   0.044741  0.000103  13413.014    30.878623   2.142910   7.003032    -276.369 1
314.788583 -54.482611   0.042966  0.000150  12880.883    44.968869   2.149086   7.023215    -785.242 1
313.837708 -54.757806   0.043997  0.000150  13189.969    44.968869   2.152849   7.035511    -489.665 1
315.833075 -51.547395   0.046806  0.000150  14032.086    44.968869   2.157116   7.049455     315.645 1
313.858000 -54.761111   0.044964  0.000150  13479.868    44.968869   2.159567   7.057467    -212.437 1
316.400649 -52.378120   0.035825  0.000150  10740.065    44.968869   2.193371   7.167936   -2832.491 1
316.371497 -52.177534   0.048957  0.000150  14676.939    44.968869   2.214039   7.235479     932.314 1
315.923692 -51.508017   0.046876  0.000150  14053.071    44.968869   2.224572   7.269901     335.713 1
314.592333 -54.644972   0.061493  0.000150  18435.138    44.968869   2.226119   7.274956    4526.251 1
310.344292 -51.046806   0.049634  0.000103  14879.899    30.878623   2.228888   7.284005    1126.402 1
310.121125 -54.218667   0.049101  0.000150  14720.109    44.968869   2.235013   7.304024     973.597 1
316.210000 -51.808000   0.049185  0.000333  14745.292    99.830889   2.238161   7.314311     997.679 1
310.133708 -51.144472   0.049327  0.000147  14787.863    44.069491   2.248262   7.347322    1038.389 1
309.296667 -53.415306   0.032933  0.000150   9873.065    44.968869   2.253219   7.363520   -3661.596 1
315.126000 -54.463889   0.043050  0.000150  12906.065    44.968869   2.254300   7.367052    -761.160 1
314.466500 -50.667556   0.056226  0.000150  16856.131    44.968869   2.260067   7.385899    3016.258 1
309.188000 -53.232639   0.048757  0.000150  14616.981    44.968869   2.265584   7.403931     874.976 1
309.083792 -52.808806   0.049154  0.000150  14735.998    44.968869   2.266935   7.408346     988.791 1
316.283465 -51.835621   0.050578  0.000150  15162.903    44.968869   2.268495   7.413441    1397.037 1
309.807292 -54.063917   0.048050  0.000150  14405.028    44.968869   2.281672   7.456505     672.286 1
310.522500 -50.887167   0.041098  0.000103  12320.870    30.878623   2.281965   7.457463   -1320.778 1
309.113417 -52.284500   0.044537  0.000150  13351.857    44.968869   2.283390   7.462118    -334.853 1
314.480042 -50.642194   0.044698  0.000150  13400.123    44.968869   2.286449   7.472117    -288.696 1
309.532042 -51.572333   0.048977  0.000150  14682.935    44.968869   2.287088   7.474205     938.047 1
316.591208 -52.405583   0.049668  0.000150  14890.092    44.968869   2.304092   7.529775    1136.150 1
309.033833 -52.924750   0.048153  0.000150  14435.906    44.968869   2.305815   7.535406     701.815 1
308.976917 -52.429194   0.044174  0.000150  13243.032    44.968869   2.344014   7.660240    -438.921 1
316.478034 -53.480850   0.039984  0.000150  11986.902    44.968869   2.352272   7.687225   -1640.150 1
309.239417 -51.785917   0.053594  0.000150  16067.077    44.968869   2.352627   7.688387    2261.692 1
316.705477 -52.757145   0.049674  0.000150  14891.891    44.968869   2.355874   7.698997    1137.870 1
315.546214 -51.002308   0.048547  0.000150  14554.024    44.968869   2.365767   7.731329     814.771 1
315.343199 -54.512448   0.044201  0.000150  13251.126    44.968869   2.375146   7.761977    -431.181 1
309.819708 -51.147500   0.050538  0.000183  15150.911    54.862020   2.387688   7.802965    1385.569 1
309.060167 -51.945361   0.053577  0.000150  16061.981    44.968869   2.398650   7.838790    2256.818 1
315.346303 -54.543104   0.043864  0.000150  13150.096    44.968869   2.399881   7.842812    -527.795 1
314.063417 -54.975389   0.052810  0.000150  15832.040    44.968869   2.401493   7.848079    2036.928 1
316.435350 -51.709692   0.049758  0.000150  14917.073    44.968869   2.402789   7.852315    1161.952 1
315.903293 -51.181979   0.031632  0.000150   9483.035    44.968869   2.404754   7.858736   -4034.579 1
309.897083 -51.048917   0.049154  0.000150  14735.998    44.968869   2.418187   7.902636     988.791 1
310.711417 -54.753083   0.039067  0.000150  11711.992    44.968869   2.422185   7.915703   -1903.044 1
309.798542 -54.325417   0.046829  0.000150  14038.981    44.968869   2.451448   8.011334     322.239 1
316.129407 -51.264391   0.032199  0.000150   9653.017    44.968869   2.463981   8.052290   -3872.026 1
309.287750 -53.942861   0.050311  0.000183  15082.858    54.862020   2.477524   8.096548    1320.491 1
309.521375 -54.160444   0.057576  0.000150  17260.851    44.968869   2.478362   8.099290    3403.289 1
316.875891 -52.367579   0.043700  0.000834  13100.930    99.990000   2.480087   8.104924    -574.812 1
308.727833 -52.622667   0.054238  0.000150  16260.143    44.968869   2.480884   8.107530    2446.320 1
310.598250 -54.779222   0.039291  0.000150  11779.145    44.968869   2.480969   8.107806   -1838.825 1
316.880167 -52.336361   0.043390  0.000150  13007.995    44.968869   2.486968   8.127414    -663.686 1
308.781833 -53.307750   0.043517  0.000150  13046.068    44.968869   2.522577   8.243781    -627.276 1
309.897875 -54.580250   0.048550  0.000150  14554.924    44.968869   2.586222   8.451774     815.631 1
309.656375 -54.463694   0.036660  0.000333  10990.392    99.830889   2.608155   8.523450   -2593.105 1
312.276625 -50.099333   0.053414  0.000183  16013.114    54.862020   2.616718   8.551435    2210.088 1
308.508042 -52.514528   0.048827  0.000150  14637.966    44.968869   2.619270   8.559777     895.044 1
317.026612 -53.308504   0.037736  0.000150  11312.968    44.968869   2.622393   8.569983   -2284.627 1
310.589708 -54.943083   0.037930  0.000183  11371.128    54.862020   2.622780   8.571247   -2229.009 1
308.489792 -52.785167   0.048363  0.000150  14498.863    44.968869   2.625626   8.580547     762.020 1
316.854633 -51.698620   0.049728  0.000150  14908.079    44.968869   2.640756   8.629991    1153.351 1
317.099586 -52.169342   0.051219  0.000150  15355.070    44.968869   2.646694   8.649399    1580.805 1
308.530000 -52.137611   0.054268  0.000150  16269.137    44.968869   2.658859   8.689151    2454.921 1
311.649250 -50.119778   0.049938  0.000103  14971.036    30.878623   2.671383   8.730080    1213.556 1
310.470167 -50.433444   0.044578  0.000103  13364.148    30.878623   2.672697   8.734373    -323.099 1
316.287212 -54.357140   0.043030  0.000150  12900.069    44.968869   2.679250   8.755791    -766.894 1
310.083792 -54.812778   0.049798  0.000150  14929.065    44.968869   2.689404   8.788973    1173.419 1
313.633458 -55.350750   0.049668  0.000150  14890.092    44.968869   2.700894   8.826523    1136.150 1
309.693250 -54.620750   0.047940  0.000150  14372.050    44.968869   2.701376   8.828097     640.751 1
315.169642 -54.996350   0.035234  0.000150  10562.887    44.968869   2.706188   8.843825   -3001.924 1
308.605875 -53.610972   0.048784  0.000150  14625.075    44.968869   2.712942   8.865896     882.716 1
317.191365 -52.080602   0.034134  0.000150  10233.116    44.968869   2.719902   8.888640   -3317.282 1
310.368792 -54.978889   0.038180  0.000150  11446.076    44.968869   2.724157   8.902545   -2157.337 1
317.334164 -52.953931   0.033777  0.000150  10126.090    44.968869   2.748278   8.981374   -3419.630 1
308.320542 -53.101583   0.044357  0.000150  13297.894    44.968869   2.756767   9.009117    -386.457 1
317.367137 -52.933223   0.034003  0.000110  10193.843    32.977170   2.766315   9.040320   -3354.838 1
315.962581 -50.683828   0.056516  0.000150  16943.071    44.968869   2.770252   9.053184    3099.398 1
311.430500 -50.055694   0.029797  0.000150   8932.916    44.968869   2.770583   9.054267   -4560.654 1
312.803208 -55.476278   0.053977  0.000150  16181.898    44.968869   2.781018   9.088367    2371.494 1
316.072945 -54.664024   0.042660  0.000150  12789.146    44.968869   2.786326   9.105714    -872.969 1
309.445125 -54.594722   0.058817  0.000150  17632.893    44.968869   2.791117   9.121373    3759.070 1
316.046363 -54.701714   0.043127  0.000150  12929.149    44.968869   2.801815   9.156333    -739.085 1
314.644705 -55.287410   0.035278  0.000150  10576.078    44.968869   2.818272   9.210113   -2989.310 1
309.298625 -54.542389   0.046039  0.000183  13802.145    54.862020   2.822288   9.223237      95.754 1
317.458436 -52.959672   0.035134  0.000150  10532.908    44.968869   2.823800   9.228180   -3030.593 1
309.710542 -54.806000   0.052290  0.000150  15676.148    44.968869   2.829405   9.246497    1887.849 1
309.331875 -54.594000   0.048760  0.000150  14617.880    44.968869   2.841309   9.285400     875.836 1
308.632000 -53.973139   0.054147  0.000150  16232.862    44.968869   2.841456   9.285879    2420.231 1
313.813380 -55.472283   0.048227  0.000150  14458.091    44.968869   2.841569   9.286249     723.030 1
308.508750 -51.571194   0.050255  0.000150  15066.070    44.968869   2.844157   9.294707    1304.436 1
315.963378 -54.843120   0.042479  0.000150  12734.884    44.968869   2.871137   9.382878    -924.860 1
309.280000 -54.633000   0.048884  0.000333  14655.055    99.830889   2.890771   9.447040     911.385 1
309.301042 -54.651778   0.048457  0.000150  14527.043    44.968869   2.893982   9.457534     788.969 1
308.179208 -53.389750   0.044007  0.000150  13192.967    44.968869   2.896795   9.466727    -486.798 1
315.543045 -55.077575   0.046105  0.000150  13821.931    44.968869   2.898224   9.471398     114.676 1
308.048750 -52.921194   0.045028  0.000150  13499.055    44.968869   2.900195   9.477837    -194.089 1
308.058125 -52.402944   0.044728  0.000150  13409.117    44.968869   2.900470   9.478737    -280.095 1
309.301167 -54.661528   0.048103  0.000103  14420.917    30.878623   2.900527   9.478922     687.481 1
308.510667 -53.963528   0.054835  0.000150  16439.119    44.968869   2.903111   9.487368    2617.474 1
317.508594 -53.315765   0.037950  0.000150  11377.124    44.968869   2.908745   9.505778   -2223.276 1
316.350971 -50.717057   0.047830  0.000150  14339.073    44.968869   2.914423   9.524337     609.215 1
316.287051 -50.674505   0.048637  0.000150  14581.006    44.968869   2.915426   9.527615     840.573 1
316.273000 -54.739000   0.042711  0.000333  12804.436    99.830889   2.925281   9.559819    -858.348 1
312.165833 -49.796778   0.048777  0.000150  14622.977    44.968869   2.925454   9.560386     880.710 1
309.186083 -54.626861   0.049554  0.000150  14855.915    44.968869   2.929205   9.572644    1103.467 1
316.162352 -54.818454   0.043247  0.000150  12965.124    44.968869   2.934645   9.590421    -704.682 1
315.480445 -55.148217   0.046072  0.000150  13812.038    44.968869   2.935553   9.593389     105.215 1
307.965792 -52.582194   0.049988  0.000150  14986.025    44.968869   2.943832   9.620444    1227.890 1
310.230833 -50.196194   0.060549  0.000103  18152.134    30.878623   2.950752   9.643059    4255.616 1
309.778750 -50.378056   0.044851  0.000150  13445.992    44.968869   2.960715   9.675616    -244.833 1
314.364998 -55.505235   0.049844  0.000150  14942.855    44.968869   2.961940   9.679620    1186.607 1
317.685124 -52.300458   0.057560  0.000150  17256.054    44.968869   2.975095   9.722610    3398.702 1
315.923835 -50.367537   0.050812  0.000150  15233.054    44.968869   2.992964   9.781008    1464.122 1
308.348292 -54.029222   0.047910  0.000150  14363.057    44.968869   3.020374   9.870583     632.150 1
308.192375 -53.837583   0.055128  0.000150  16526.959    44.968869   3.028064   9.895714    2701.473 1
311.096875 -55.539222   0.052827  0.000150  15837.136    44.968869   3.029532   9.900513    2041.801 1
313.235875 -49.673361   0.053467  0.000150  16029.003    44.968869   3.032431   9.909985    2225.283 1
315.005419 -49.965142   0.049047  0.000150  14703.921    44.968869   3.034562   9.916949     958.116 1
316.535916 -54.749613   0.042259  0.000150  12668.929    44.968869   3.048465   9.962385    -987.931 1
317.712971 -53.421234   0.039827  0.000113  11939.834    33.876548   3.053217   9.977914   -1685.160 1
309.499500 -50.392639   0.063087  0.000103  18913.007    30.878623   3.057923   9.993293    4983.234 1
316.563214 -54.746602   0.043400  0.000834  13010.993    99.990000   3.058689   9.995795    -660.819 1
307.795917 -53.035917   0.048554  0.000150  14556.123    44.968869   3.063609  10.011876     816.778 1
317.573987 -53.746732   0.057220  0.000150  17154.124    44.968869   3.067274  10.023851    3301.228 1
317.853138 -53.074694   0.038430  0.000150  11521.024    44.968869   3.074110  10.046193   -2085.665 1
311.884417 -55.717222   0.047079  0.000150  14113.929    44.968869   3.074632  10.047900     393.911 1
316.246517 -50.419551   0.050318  0.000150  15084.957    44.968869   3.080986  10.068664    1322.498 1
316.223339 -50.401312   0.050422  0.000150  15116.135    44.968869   3.085072  10.082017    1352.314 1
315.076298 -49.921429   0.049357  0.000150  14796.856    44.968869   3.092704  10.106957    1046.989 1
307.705417 -52.727528   0.046375  0.000150  13902.875    44.968869   3.099628  10.129586     192.082 1
312.676042 -55.798778   0.044704  0.000150  13401.922    44.968869   3.104719  10.146223    -286.976 1
316.768094 -54.674938   0.062143  0.000150  18630.003    44.968869   3.105729  10.149524    4712.599 1
311.938708 -49.635611   0.048480  0.000103  14533.938    30.878623   3.105892  10.150057     795.563 1
312.747542 -49.577056   0.030518  0.000150   9149.066    44.968869   3.118528  10.191350   -4353.951 1
307.621542 -52.768361   0.051145  0.000150  15332.885    44.968869   3.151141  10.297930    1559.590 1
317.964153 -52.228925   0.050418  0.000150  15114.936    44.968869   3.152571  10.302603    1351.167 1
310.327708 -55.472472   0.053460  0.000150  16026.905    44.968869   3.161257  10.330988    2223.276 1
308.845792 -54.751639   0.050625  0.000150  15176.993    44.968869   3.166809  10.349135    1410.511 1
307.592708 -52.716861   0.050425  0.000150  15117.035    44.968869   3.167842  10.352508    1353.174 1
313.092542 -49.530194   0.054067  0.000150  16208.879    44.968869   3.169404  10.357614    2397.296 1
310.287208 -55.472111   0.037029  0.000150  11101.015    44.968869   3.172740  10.368515   -2487.317 1
308.269000 -54.272667   0.054828  0.000150  16437.021    44.968869   3.177131  10.382866    2615.467 1
317.897424 -51.894417   0.033593  0.000150  10070.928    44.968869   3.179945  10.392061   -3472.381 1
309.533708 -55.176833   0.050058  0.000150  15007.011    44.968869   3.181801  10.398128    1247.959 1
315.193696 -55.547486   0.040988  0.000150  12287.893    44.968869   3.194582  10.439895   -1352.314 1
309.597083 -55.224250   0.051349  0.000150  15394.043    44.968869   3.195300  10.442242    1618.075 1
316.809380 -54.785547   0.042713  0.000150  12805.035    44.968869   3.196264  10.445392    -857.774 1
307.797708 -53.694556   0.050188  0.000150  15045.984    44.968869   3.203375  10.468632    1285.228 1
307.884125 -53.865139   0.050265  0.000150  15069.068    44.968869   3.211787  10.496121    1307.303 1
307.557625 -52.242111   0.062570  0.000150  18758.014    44.968869   3.221067  10.526450    4835.015 1
317.514790 -51.169813   0.049778  0.000150  14923.069    44.968869   3.228652  10.551235    1167.686 1
316.524249 -55.020337   0.042256  0.000150  12668.030    44.968869   3.232173  10.562744    -988.791 1
316.660491 -54.940240   0.053077  0.000150  15912.084    44.968869   3.233960  10.568582    2113.474 1
313.122958 -55.924361   0.047920  0.000150  14366.055    44.968869   3.234313  10.569737     635.017 1
317.410166 -51.008610   0.033590  0.000150  10070.029    44.968869   3.253484  10.632387   -3473.241 1
310.242167 -55.568778   0.060095  0.000150  18016.028    44.968869   3.270629  10.688416    4125.459 1
312.069000 -55.942472   0.035948  0.000150  10776.939    44.968869   3.278902  10.715453   -2797.228 1
316.710740 -54.996333   0.042539  0.000150  12752.871    44.968869   3.294875  10.767653    -907.658 1
318.255860 -53.113486   0.042860  0.000150  12849.105    44.968869   3.321114  10.853400    -815.631 1
318.135582 -53.552721   0.051689  0.000150  15495.972    44.968869   3.333930  10.895284    1715.549 1
316.782715 -50.338296   0.047106  0.000150  14122.024    44.968869   3.365167  10.997369     401.652 1
307.255667 -52.821250   0.047219  0.000150  14155.900    44.968869   3.374385  11.027493     434.048 1
318.377573 -52.951972   0.037960  0.000150  11380.122    44.968869   3.378208  11.039986   -2220.409 1
314.250207 -49.416217   0.053744  0.000150  16112.046    44.968869   3.391753  11.084252    2304.695 1
307.312917 -53.334944   0.049398  0.000150  14809.148    44.968869   3.398086  11.104946    1058.744 1
308.342458 -50.623722   0.049808  0.000150  14932.063    44.968869   3.413762  11.156176    1176.286 1
311.928542 -49.319806   0.048767  0.000103  14619.979    30.878623   3.418396  11.171320     877.843 1
307.868208 -54.346806   0.040525  0.000150  12149.089    44.968869   3.425251  11.193723   -1485.051 1
307.862958 -54.347111   0.038874  0.000183  11654.132    54.862020   3.428186  11.203314   -1958.375 1
308.591625 -54.986806   0.040124  0.000150  12028.873    44.968869   3.437564  11.233959   -1600.013 1
307.157625 -53.066972   0.049871  0.000150  14950.950    44.968869   3.451524  11.279582    1194.348 1
307.936708 -54.491806   0.052159  0.000150  15636.875    44.968869   3.461919  11.313553    1850.293 1
314.120153 -49.318665   0.052173  0.000150  15641.072    44.968869   3.467391  11.331435    1854.307 1
307.080792 -52.682944   0.053650  0.000150  16083.865    44.968869   3.478039  11.366232    2277.747 1
308.269583 -54.836389   0.032069  0.000150   9614.044    44.968869   3.491191  11.409213   -3909.296 1
308.266250 -54.873889   0.030935  0.000103   9274.080    30.878623   3.515899  11.489960   -4234.401 1
307.090458 -53.258778   0.044157  0.000150  13237.936    44.968869   3.517587  11.495476    -443.795 1
307.834667 -54.528139   0.052219  0.000150  15654.862    44.968869   3.533637  11.547929    1867.494 1
318.486708 -51.855551   0.049321  0.000150  14786.064    44.968869   3.535747  11.554822    1036.669 1
317.512374 -54.803572   0.062430  0.000150  18716.043    44.968869   3.540299  11.569700    4794.879 1
317.332986 -50.442659   0.058007  0.000150  17390.061    44.968869   3.543518  11.580217    3526.852 1
318.516634 -51.877398   0.037966  0.000150  11381.920    44.968869   3.548268  11.595741   -2218.689 1
308.770458 -55.282583   0.049121  0.000150  14726.105    44.968869   3.565979  11.653620     979.331 1
307.100208 -51.844694   0.062256  0.000150  18663.879    44.968869   3.569087  11.663777    4744.995 1
316.099812 -55.661407   0.029754  0.000150   8920.025    44.968869   3.570721  11.669118   -4572.981 1
307.584083 -54.399028   0.054968  0.000150  16478.992    44.968869   3.601481  11.769641    2655.603 1
318.404375 -54.007111   0.035198  0.000150  10552.095    44.968869   3.630014  11.862886   -3012.245 1
317.013125 -55.293083   0.035141  0.000150  10535.007    44.968869   3.634264  11.876777   -3028.586 1
317.024667 -55.292111   0.034357  0.000150  10299.969    44.968869   3.638466  11.890508   -3253.350 1
308.782208 -49.967222   0.045615  0.000150  13675.033    44.968869   3.664621  11.975983     -25.802 1
307.514625 -54.454333   0.055572  0.000150  16660.066    44.968869   3.664844  11.976712    2828.764 1
310.779250 -56.148056   0.051599  0.000150  15468.991    44.968869   3.667525  11.985472    1689.747 1
315.227835 -49.326311   0.031375  0.000150   9405.988    44.968869   3.671535  11.998578   -4108.258 1
306.761000 -52.857889   0.039998  0.000150  11991.099    44.968869   3.675427  12.011297   -1636.136 1
306.909333 -53.542222   0.049237  0.000150  14760.881    44.968869   3.680698  12.028523    1012.587 1
306.734417 -52.902750   0.049898  0.000150  14959.044    44.968869   3.693770  12.071242    1202.088 1
306.899000 -51.807139   0.062320  0.000150  18683.066    44.968869   3.696474  12.080077    4763.343 1
306.917583 -53.642111   0.049327  0.000150  14787.863    44.968869   3.700125  12.092009    1038.389 1
306.761667 -52.212167   0.050135  0.000150  15030.095    44.968869   3.703073  12.101644    1270.034 1
306.715500 -52.890778   0.049421  0.000150  14816.043    44.968869   3.704566  12.106522    1065.338 1
306.726333 -52.337139   0.062583  0.000150  18761.911    44.968869   3.710164  12.124818    4838.742 1
310.516708 -49.251556   0.043610  0.000103  13073.949    30.878623   3.715791  12.143208    -600.614 1
308.002583 -50.385667   0.040481  0.000150  12135.898    44.968869   3.722496  12.165119   -1497.665 1
317.042750 -55.399167   0.034711  0.000150  10406.096    44.968869   3.723156  12.167274   -3151.862 1
317.170417 -55.325500   0.034901  0.000150  10463.057    44.968869   3.724378  12.171270   -3097.391 1
313.272833 -56.418222   0.035858  0.000150  10749.958    44.968869   3.733064  12.199656   -2823.030 1
318.810644 -51.816367   0.050028  0.000150  14998.017    44.968869   3.735768  12.208492    1239.358 1
312.503125 -48.916361   0.030818  0.000150   9239.004    44.968869   3.783781  12.365397   -4267.944 1
318.653563 -51.315791   0.050265  0.000150  15069.068    44.968869   3.795287  12.403000    1307.303 1
306.797375 -53.740333   0.048907  0.000150  14661.950    44.968869   3.796453  12.406810     917.979 1
306.981708 -51.316000   0.038970  0.000150  11682.912    44.968869   3.797411  12.409939   -1930.853 1
318.432833 -54.387306   0.051129  0.000150  15328.089    44.968869   3.799487  12.416725    1555.003 1
309.001625 -49.657139   0.043177  0.000150  12944.139    44.968869   3.818949  12.480326    -724.751 1
317.795208 -55.040528   0.051559  0.000150  15456.999    44.968869   3.820134  12.484198    1678.279 1
312.972458 -56.516444   0.044347  0.000150  13294.896    44.968869   3.822289  12.491242    -389.324 1
308.914333 -55.706722   0.035705  0.000150  10704.090    44.968869   3.830209  12.517124   -2866.893 1
306.506000 -52.875333   0.050478  0.000183  15132.924    54.862020   3.830606  12.518422    1368.368 1
307.221208 -54.520278   0.061966  0.000150  18576.939    44.968869   3.852598  12.590292    4661.855 1
317.500958 -55.302889   0.035098  0.000150  10522.116    44.968869   3.853459  12.593105   -3040.914 1
314.841510 -56.352603   0.051736  0.000150  15510.063    44.968869   3.857152  12.605175    1729.023 1
314.872002 -56.348756   0.051966  0.000150  15579.015    44.968869   3.859421  12.612590    1794.962 1
319.173000 -52.959139   0.048790  0.000150  14626.874    44.968869   3.859543  12.612990     884.437 1
314.333333 -56.449639   0.061042  0.000150  18299.931    44.968869   3.864825  12.630251    4396.954 1
316.674458 -55.775028   0.042756  0.000150  12817.926    44.968869   3.865615  12.632832    -845.447 1
309.007583 -49.579444   0.045355  0.000150  13597.087    44.968869   3.878892  12.676221    -100.341 1
318.813728 -51.332860   0.049738  0.000150  14911.077    44.968869   3.879850  12.679352    1156.218 1
315.435025 -49.150112   0.035104  0.000150  10523.914    44.968869   3.883393  12.690930   -3039.194 1
306.719833 -53.945028   0.047656  0.000150  14286.909    44.968869   3.902312  12.752757     559.331 1
310.418833 -49.062278   0.045181  0.000103  13544.923    30.878623   3.913524  12.789397    -150.225 1
314.440333 -56.485889   0.051045  0.000150  15302.906    44.968869   3.915810  12.796870    1530.921 1
307.265750 -50.684556   0.040715  0.000150  12206.050    44.968869   3.920770  12.813078   -1430.580 1
310.661083 -48.971333   0.053417  0.000150  16014.014    44.968869   3.947033  12.898905    2210.948 1
319.105812 -51.659374   0.052019  0.000150  15594.904    44.968869   3.948117  12.902447    1810.156 1
310.434625 -49.016694   0.029714  0.000150   8908.033    44.968869   3.952366  12.916335   -4584.449 1
308.514750 -49.708389   0.042159  0.000103  12638.950    30.878623   3.965877  12.960489   -1016.600 1
318.298833 -54.865083   0.050235  0.000183  15060.074    54.862020   3.966767  12.963397    1298.703 1
306.349333 -53.352944   0.049351  0.000150  14795.058    44.968869   3.976088  12.993859    1045.269 1
306.331250 -53.344389   0.039717  0.000150  11906.857    44.968869   3.985495  13.024599   -1716.696 1
306.973708 -54.526667   0.061819  0.000150  18532.870    44.968869   3.988262  13.033643    4619.712 1
317.920951 -50.149118   0.046551  0.000297  13955.639    89.038360   4.005192  13.088970     242.539 1
307.968792 -55.416361   0.060495  0.000150  18135.945    44.968869   4.005865  13.091170    4240.135 1
319.377749 -52.142556   0.057587  0.000150  17264.148    44.968869   4.012850  13.113996    3406.443 1
315.249752 -48.961818   0.031622  0.000150   9480.037    44.968869   4.013465  13.116006   -4037.446 1
315.993214 -49.171668   0.053504  0.000150  16040.096    44.968869   4.014382  13.119002    2235.890 1
317.506444 -49.851966   0.060817  0.000213  18232.478    63.855794   4.019056  13.134276    4332.449 1
308.248458 -55.634250   0.051569  0.000150  15459.997    44.968869   4.038860  13.198995    1681.146 1
318.250958 -55.046611   0.043393  0.000137  13008.894    41.071567   4.045256  13.219899    -662.826 1
315.831044 -56.314446   0.031959  0.000150   9581.067    44.968869   4.053319  13.246248   -3940.831 1
310.472542 -48.892056   0.044914  0.000150  13464.878    44.968869   4.060519  13.269778    -226.771 1
319.539417 -52.611722   0.058130  0.000150  17426.936    44.968869   4.073439  13.312000    3562.115 1
310.483875 -56.522306   0.060345  0.000183  18090.976    54.862020   4.080437  13.334871    4197.132 1
311.601917 -56.711167   0.046029  0.000150  13799.147    44.968869   4.083132  13.343677      92.887 1
306.060125 -52.627028   0.048684  0.000150  14595.096    44.968869   4.097165  13.389536     854.047 1
306.054167 -52.932361   0.053500  0.001001  16038.897    99.990000   4.107056  13.421860    2234.743 1
319.482874 -51.810058   0.049494  0.000183  14837.928    54.862020   4.134198  13.510561    1086.266 1
317.745522 -55.582800   0.042496  0.000150  12739.980    44.968869   4.153349  13.573145    -919.986 1
312.131042 -56.840750   0.046576  0.000183  13963.134    54.862020   4.166422  13.615869     249.706 1
306.278792 -53.981250   0.048053  0.000150  14405.927    44.968869   4.167444  13.619210     673.147 1
319.517165 -51.727324   0.049878  0.000150  14953.048    44.968869   4.172912  13.637078    1196.355 1
315.146139 -48.764542   0.036512  0.000150  10946.022    44.968869   4.175983  13.647116   -2635.535 1
305.934833 -52.867361   0.049854  0.000150  14945.853    44.968869   4.176077  13.647421    1189.474 1
308.313292 -55.887583   0.060849  0.000150  18242.071    44.968869   4.201128  13.729287    4341.623 1
316.972208 -56.067389   0.051589  0.000150  15465.993    44.968869   4.207729  13.750861    1686.880 1
305.869000 -52.748111   0.051516  0.000150  15444.108    44.968869   4.212759  13.767300    1665.952 1
305.863125 -52.531833   0.050065  0.000150  15009.109    44.968869   4.219156  13.788203    1249.965 1
316.052083 -56.432722   0.060979  0.000150  18281.044    44.968869   4.219768  13.790203    4378.893 1
305.854625 -52.860056   0.050095  0.000183  15018.103    54.862020   4.224355  13.805194    1258.566 1
305.825667 -52.907389   0.053083  0.000150  15913.883    44.968869   4.243994  13.869375    2115.194 1
319.756917 -53.301944   0.060235  0.000150  18057.999    44.968869   4.247942  13.882276    4165.596 1
305.965208 -53.590583   0.043020  0.000183  12897.072    54.862020   4.249505  13.887384    -769.761 1
305.808333 -52.485111   0.050879  0.000150  15253.140    44.968869   4.254390  13.903348    1483.331 1
318.786167 -54.946972   0.043080  0.000150  12915.059    44.968869   4.259824  13.921107    -752.559 1
316.831708 -56.211417   0.061012  0.000150  18290.937    44.968869   4.275013  13.970745    4388.353 1
305.845667 -53.453417   0.050372  0.000150  15101.146    44.968869   4.294026  14.032880    1337.979 1
