331.410945  -5.592381   0.057283  0.000127  17173.011    38.073642   0.007835   0.031778    -240.824 0
331.426237  -5.598607   0.062490  0.000100  18734.031    29.979246   0.009123   0.036998    1234.434 0
331.407138  -5.603533   0.059911  0.000160  17960.866    47.966793   0.015424   0.062553     503.747 0
331.399919  -5.603093   0.057833  0.000103  17337.897    30.878623   0.021141   0.085739     -84.997 0
331.410096  -5.621142   0.059594  0.000127  17865.832    38.073642   0.029118   0.118092     413.934 0
331.407875  -5.622497   0.060105  0.000077  18019.026    23.084019   0.031114   0.126187     558.711 0
331.428561  -5.623925   0.055899  0.000163  16758.099    48.866171   0.032112   0.130236    -632.942 0
331.405707  -5.624795   0.055090  0.000050  16515.567    14.989623   0.034041   0.138059    -862.149 0
331.395344  -5.618901   0.053253  0.000183  15964.848    54.862020   0.034597   0.140314   -1382.612 0
331.392892  -5.616939   0.060922  0.000170  18263.956    50.964718   0.034931   0.141668     790.185 0
331.455385  -5.584544   0.052803  0.000087  15829.941    26.081944   0.037495   0.152064   -1510.107 0
331.435378  -5.559624   0.059161  0.000190  17736.022    56.960567   0.037545   0.152269     291.255 0
331.458833  -5.601013   0.058440  0.000300  17519.871    89.937737   0.040615   0.164722      86.980 0
331.425414  -5.548871   0.074730  0.001670  22403.490    99.990000   0.044950   0.182299    4702.297 1
331.392857  -5.636509   0.054684  0.000120  16393.851    35.975095   0.050289   0.203956    -977.178 0
331.417959  -5.644095   0.055578  0.000103  16661.865    30.878623   0.050771   0.205910    -723.888 0
331.452861  -5.552476   0.056936  0.000213  17068.983    63.855794   0.053112   0.215403    -339.137 0
331.366235  -5.581393   0.053113  0.000130  15922.877    38.973020   0.053621   0.217466   -1422.277 0
331.365049  -5.581240   0.058981  0.000170  17682.059    50.964718   0.054805   0.222271     240.257 0
331.385284  -5.549687   0.063280  0.000133  18970.867    39.872397   0.054906   0.222681    1458.259 0
331.378020  -5.555179   0.060265  0.000163  18066.992    48.866171   0.055673   0.225790     604.043 0
331.461109  -5.632062   0.061820  0.000190  18533.170    56.960567   0.057241   0.232150    1044.609 0
331.392185  -5.540562   0.060969  0.000117  18278.046    35.075718   0.059025   0.239385     803.501 0
331.406190  -5.651221   0.059408  0.000070  17810.070    20.985472   0.059227   0.240205     361.236 0
331.397895  -5.535973   0.060268  0.000120  18067.892    35.975095   0.061000   0.247395     604.893 0
331.457536  -5.543803   0.060522  0.000083  18144.039    24.882774   0.062787   0.254642     676.856 0
331.355287  -5.595057   0.061506  0.000093  18439.035    27.880699   0.063194   0.256294     955.645 0
331.473624  -5.633147   0.061360  0.000080  18395.265    23.983397   0.067579   0.274074     914.280 0
331.487611  -5.593713   0.062090  0.000510  18614.114    99.990000   0.068524   0.277910    1121.106 0
331.420053  -5.524134   0.059681  0.000130  17891.914    38.973020   0.069208   0.280683     438.583 0
331.479736  -5.557925   0.057456  0.000133  17224.875    39.872397   0.070259   0.284944    -191.809 0
331.359214  -5.554832   0.053093  0.000100  15916.881    29.979246   0.070669   0.286609   -1427.943 0
331.492000  -5.603000   0.058530  0.000333  17546.853    99.830889   0.073530   0.298211     112.479 0
331.487260  -5.557115   0.059558  0.000073  17855.039    21.884849   0.077196   0.313079     403.734 0
331.451232  -5.522926   0.053330  0.000127  15987.932    38.073642   0.077467   0.314178   -1360.796 0
331.392327  -5.668102   0.060348  0.000150  18091.875    44.968869   0.079265   0.321470     627.558 0
331.494781  -5.564672   0.059081  0.000070  17712.038    20.985472   0.080905   0.328121     268.589 0
331.341591  -5.621648   0.057320  0.000093  17184.104    27.880699   0.081856   0.331978    -230.341 0
331.374116  -5.663260   0.055620  0.000120  16674.457    35.975095   0.082851   0.336016    -711.988 0
331.501577  -5.603167   0.055965  0.000117  16777.885    35.075718   0.083008   0.336649    -614.242 0
331.436247  -5.511594   0.054768  0.000290  16419.033    86.939813   0.083568   0.338923    -953.379 0
331.335426  -5.577485   0.061713  0.000090  18501.092    26.981321   0.084437   0.342447    1014.293 0
331.443040  -5.510949   0.060970  0.000010  18278.346     2.997925   0.085852   0.348185     803.785 0
331.382793  -5.514130   0.057310  0.000140  17181.106    41.970944   0.086914   0.352490    -233.174 0
331.345456  -5.543839   0.052696  0.000183  15797.863    54.862020   0.088158   0.357536   -1540.422 0
331.439525  -5.679260   0.058790  0.000430  17624.799    99.990000   0.088380   0.358438     186.143 0
331.344721  -5.540520   0.054324  0.000100  16285.925    29.979246   0.090656   0.367670   -1079.174 0
331.359375  -5.520333   0.053774  0.000050  16121.040    14.989623   0.093924   0.380920   -1235.001 0
331.374759  -5.508882   0.054264  0.000063  16267.938    18.886925   0.095127   0.385801   -1096.173 0
331.501051  -5.544579   0.058290  0.000163  17474.902    48.866171   0.095311   0.386546      44.482 0
331.465123  -5.505084   0.060759  0.000143  18215.090    42.870321   0.099581   0.403867     744.004 0
331.341452  -5.526964   0.055502  0.000090  16639.081    26.981321   0.101608   0.412086    -745.420 0
331.501373  -5.654015   0.062163  0.000027  18635.999     8.094396   0.102190   0.414445    1141.788 0
331.444418  -5.493821   0.057840  0.000140  17339.996    41.970944   0.102733   0.416649     -83.013 0
331.321485  -5.549012   0.058397  0.000093  17506.980    27.880699   0.106474   0.431819      74.797 0
331.466405  -5.690782   0.057780  0.000140  17322.008    41.970944   0.108376   0.439535    -100.013 0
331.502394  -5.662749   0.056659  0.000083  16985.941    24.882774   0.108384   0.439569    -417.617 0
331.313688  -5.563410   0.054380  0.000140  16302.714    41.970944   0.108768   0.441124   -1063.308 0
331.363789  -5.691046   0.061180  0.000190  18341.303    56.960567   0.111989   0.454187     863.282 0
331.321962  -5.535663   0.053417  0.000083  16014.014    24.882774   0.112278   0.455359   -1336.147 0
331.520373  -5.529630   0.056069  0.000170  16809.063    50.964718   0.119519   0.484726    -584.777 0
331.369680  -5.480076   0.060081  0.000354  18011.831    99.990000   0.123339   0.500218     551.911 0
331.295272  -5.624818   0.056699  0.000103  16997.933    30.878623   0.126870   0.514538    -406.284 0
331.448602  -5.718342   0.059921  0.000200  17963.864    59.958492   0.128492   0.521116     506.580 0
331.406828  -5.722568   0.057757  0.000230  17315.113    68.952265   0.129782   0.526351    -106.529 0
331.534373  -5.662802   0.058143  0.000170  17430.833    50.964718   0.134409   0.545114       2.833 0
331.539491  -5.528044   0.057420  0.000150  17214.083    44.968869   0.136747   0.554597    -202.009 0
331.390953  -5.727720   0.059017  0.000133  17692.851    39.872397   0.137210   0.556474     250.457 0
331.293311  -5.528775   0.057580  0.000130  17262.050    38.973020   0.140554   0.570035    -156.677 0
331.287980  -5.536821   0.055670  0.000120  16689.446    35.975095   0.141895   0.575475    -697.822 0
331.278778  -5.624229   0.057170  0.000050  17139.135    14.989623   0.142701   0.578744    -272.839 0
331.566636  -5.584046   0.057353  0.000290  17193.997    86.939813   0.147464   0.598063    -220.991 0
331.444220  -5.445329   0.059210  0.000060  17750.711    17.987547   0.150154   0.608973     305.138 0
331.319164  -5.706400   0.056846  0.000023  17042.002     6.895227   0.150366   0.609831    -364.636 0
331.541910  -5.494641   0.057480  0.000150  17232.070    44.968869   0.157357   0.638185    -185.009 0
331.428185  -5.434868   0.055580  0.000010  16662.465     2.997925   0.158739   0.643790    -723.321 0
331.441099  -5.750710   0.056803  0.000057  17029.111    17.088170   0.158943   0.644614    -376.818 0
331.358895  -5.742005   0.056633  0.000103  16978.146    30.878623   0.160169   0.649587    -424.983 0
331.269945  -5.661709   0.057626  0.000090  17275.840    26.981321   0.163129   0.661594    -143.644 0
331.531128  -5.470435   0.057890  0.000150  17354.985    44.968869   0.166162   0.673893     -68.847 0
331.451820  -5.429535   0.056010  0.000140  16791.376    41.970944   0.167067   0.677564    -601.493 0
331.296036  -5.474072   0.054331  0.000190  16288.024    56.960567   0.170706   0.692323   -1077.191 0
331.336918  -5.442623   0.062440  0.000220  18719.041    65.954341   0.171310   0.694772    1220.268 0
331.286273  -5.481792   0.058137  0.000147  17429.034    44.069491   0.172704   0.700427       1.133 0
331.274698  -5.692186   0.059094  0.000143  17715.936    42.870321   0.174153   0.706301     272.273 0
331.333167  -5.747342   0.058480  0.000197  17531.863    59.059114   0.176001   0.713796      98.313 0
331.283512  -5.707982   0.056009  0.000123  16791.076    36.874472   0.176814   0.717096    -601.776 0
331.294500  -5.720978   0.055710  0.000530  16701.438    99.990000   0.177730   0.720808    -686.489 0
331.331321  -5.749907   0.055819  0.000083  16734.115    24.882774   0.179135   0.726507    -655.607 0
331.407831  -5.413899   0.056640  0.000200  16980.245    59.958492   0.179760   0.729044    -423.000 0
331.555809  -5.476043   0.057543  0.000090  17250.957    26.981321   0.179890   0.729567    -167.160 0
331.531738  -5.451211   0.058780  0.000240  17621.801    71.950190   0.181220   0.734962     183.309 0
331.570565  -5.695530   0.055345  0.000160  16592.014    47.966793   0.182403   0.739759    -789.902 0
331.275204  -5.470148   0.059450  0.000170  17822.662    50.964718   0.188643   0.765070     373.135 0
331.590297  -5.675974   0.054878  0.000193  16452.011    57.859944   0.189672   0.769241    -922.213 0
331.502708  -5.763975   0.043960  0.000420  13178.876    99.990000   0.190000   0.770572   -4015.524 1
331.423605  -5.787534   0.059514  0.000157  17841.848    47.067416   0.194264   0.787865     391.268 0
331.411770  -5.398900   0.057773  0.000093  17319.910    27.880699   0.194554   0.789043    -101.996 0
331.578238  -5.706723   0.055625  0.000093  16675.955    27.880699   0.195063   0.791106    -710.572 0
331.433459  -5.395788   0.054860  0.000170  16446.614    50.964718   0.198083   0.803353    -927.313 0
331.619703  -5.583147   0.059160  0.000180  17735.722    53.962642   0.200245   0.812123     290.972 0
331.616289  -5.631936   0.058964  0.000043  17676.962    12.891076   0.200343   0.812521     235.441 0
331.583961  -5.467001   0.055001  0.000107  16488.885    32.077793   0.207343   0.840909    -887.365 0
331.541121  -5.763180   0.056880  0.000230  17052.195    68.952265   0.208995   0.847610    -355.003 0
331.309104  -5.411383   0.057967  0.000147  17378.069    44.069491   0.212167   0.860474     -47.031 0
331.511458  -5.400028   0.058240  0.000240  17459.913    71.950190   0.214189   0.868674      30.315 0
331.508152  -5.789818   0.061566  0.000170  18457.022    50.964718   0.215691   0.874765     972.645 0
331.263234  -5.744427   0.056015  0.000040  16792.875    11.991698   0.216307   0.877265    -600.076 0
331.635991  -5.581737   0.059211  0.000103  17751.011    30.878623   0.216507   0.878076     305.421 0
331.547681  -5.418893   0.062310  0.000160  18680.068    47.966793   0.216543   0.878222    1183.436 0
331.630145  -5.523507   0.057947  0.000073  17372.074    21.884849   0.221663   0.898985     -52.698 0
331.610830  -5.475465   0.062506  0.000077  18738.827    23.084019   0.224572   0.910784    1238.968 0
331.191854  -5.578463   0.055385  0.000093  16604.005    27.880699   0.226314   0.917850    -778.569 0
331.582552  -5.427717   0.057213  0.000270  17152.026    80.943964   0.232380   0.942451    -260.656 0
331.243848  -5.747382   0.056520  0.000150  16944.270    44.968869   0.232456   0.942756    -456.999 0
331.651714  -5.570935   0.059017  0.000150  17692.851    44.968869   0.232924   0.944656     250.457 0
331.188919  -5.548449   0.056169  0.000070  16839.043    20.985472   0.233108   0.945403    -556.445 0
331.571068  -5.772041   0.057790  0.000137  17325.006    41.071567   0.234339   0.950397     -97.179 0
331.184418  -5.623767   0.056699  0.000213  16997.933    63.855794   0.235204   0.953903    -406.284 0
331.570328  -5.411575   0.062213  0.000053  18650.988    15.889000   0.236198   0.957934    1155.954 0
331.638340  -5.502290   0.058710  0.000240  17600.815    71.950190   0.236740   0.960131     163.477 0
331.574850  -5.393134   0.057706  0.000170  17299.824    50.964718   0.253399   1.027696    -120.979 0
331.650686  -5.702831   0.054510  0.000140  16341.687    41.970944   0.255478   1.036128   -1026.476 0
331.581047  -5.794793   0.054040  0.000130  16200.784    38.973020   0.258214   1.047221   -1159.637 0
331.293339  -5.821214   0.057390  0.000180  17205.089    53.962642   0.259831   1.053781    -210.508 0
331.495912  -5.842163   0.057139  0.000207  17129.841    62.057039   0.260411   1.056133    -281.622 0
331.188235  -5.731568   0.060352  0.000070  18093.074    20.985472   0.267856   1.086327     628.692 0
331.187358  -5.753186   0.059691  0.000083  17894.912    24.882774   0.280343   1.136970     441.416 0
331.486022  -5.866979   0.057473  0.000067  17229.972    20.086095   0.281718   1.142547    -186.993 0
331.219476  -5.802683   0.056462  0.000073  16926.882    21.884849   0.288384   1.169583    -473.431 0
331.237591  -5.826999   0.056989  0.000317  17084.872    95.034209   0.295147   1.197009    -324.120 0
331.296302  -5.866178   0.058801  0.000414  17628.096    99.990000   0.298830   1.211949     189.259 0
331.123628  -5.523142   0.063050  0.000130  18901.914    38.973020   0.301996   1.224789    1393.095 1
331.179727  -5.404870   0.057440  0.000120  17220.079    35.975095   0.303498   1.230880    -196.342 0
331.228069  -5.356288   0.049060  0.000110  14707.818    32.977170   0.303655   1.231517   -2570.581 1
331.622840  -5.357962   0.057653  0.000040  17283.935    11.991698   0.310888   1.260849    -135.995 0
331.266405  -5.317327   0.063154  0.000053  18933.093    15.889000   0.314911   1.277168    1422.560 1
331.177442  -5.797380   0.059560  0.000200  17855.639    59.958492   0.315147   1.278123     404.301 0
331.211524  -5.833599   0.057066  0.000163  17107.956    48.866171   0.316651   1.284224    -302.305 0
331.720815  -5.693677   0.059410  0.000330  17810.670    98.931511   0.316923   1.285325     361.802 0
331.098906  -5.609016   0.056510  0.000250  16941.272    74.948115   0.318717   1.292603    -459.832 0
331.477533  -5.909064   0.057440  0.000210  17220.079    62.956416   0.321107   1.302293    -196.342 0
331.638401  -5.832475   0.055745  0.000150  16711.931    44.968869   0.323997   1.314017    -676.573 0
331.381331  -5.262998   0.056670  0.000220  16989.239    65.954341   0.332426   1.348200    -414.500 0
331.750236  -5.637809   0.058010  0.000650  17390.960    99.990000   0.332883   1.350053     -34.849 0
331.232507  -5.873640   0.055135  0.000023  16529.057     6.895227   0.336057   1.362927    -849.400 0
331.357547  -5.932017   0.057610  0.000103  17271.044    30.878623   0.344123   1.395638    -148.177 0
331.446576  -5.239698   0.058640  0.000760  17579.830    99.990000   0.354714   1.438593     143.644 0
331.061663  -5.514871   0.070790  0.000070  21222.308    20.985472   0.363954   1.476068    3586.008 1
331.161577  -5.863951   0.056846  0.000020  17042.002     5.995849   0.372492   1.510695    -364.636 0
331.401329  -5.967299   0.059920  0.000180  17963.564    53.962642   0.374371   1.518315     506.297 0
331.047919  -5.685389   0.057050  0.000120  17103.160    35.975095   0.380383   1.542698    -306.838 0
331.752345  -5.792100   0.056630  0.000200  16977.247    59.958492   0.386951   1.569336    -425.833 0
331.627040  -5.264420   0.059760  0.000080  17915.597    23.983397   0.388780   1.576754     460.965 0
331.546392  -5.224828   0.057710  0.000610  17301.023    99.990000   0.389781   1.580810    -119.845 0
331.168501  -5.288961   0.070520  0.000170  21141.364    50.964718   0.393288   1.595033    3509.511 1
331.390537  -5.988835   0.057420  0.000400  17214.083    99.990000   0.396501   1.608067    -202.009 0
331.202801  -5.931488   0.059070  0.000200  17708.740    59.958492   0.400682   1.625023     265.473 0
331.252631  -5.970850   0.058370  0.000150  17498.886    44.968869   0.412138   1.671485      67.147 0
331.599934  -5.966542   0.056870  0.000270  17049.197    80.943964   0.414487   1.681010    -357.836 0
331.287656  -5.997296   0.058810  0.000360  17630.794    99.990000   0.424516   1.721683     191.809 0
331.415348  -6.018427   0.059330  0.000540  17786.687    99.990000   0.425111   1.724096     339.137 0
331.840010  -5.505524   0.053720  0.000150  16104.851    44.968869   0.428341   1.737196   -1250.300 1
331.085652  -5.865110   0.056789  0.000097  17024.914    29.079868   0.428685   1.738594    -380.785 0
331.073774  -5.878903   0.062810  0.000090  18829.964    26.981321   0.446583   1.811182    1325.097 1
331.823587  -5.400571   0.057170  0.000200  17139.135    59.958492   0.446636   1.811397    -272.839 0
331.862589  -5.501037   0.056850  0.000180  17043.201    53.962642   0.451255   1.830128    -363.502 0
331.796796  -5.845916   0.058910  0.000130  17660.774    38.973020   0.453159   1.837851     220.141 0
331.176858  -5.982110   0.058730  0.000110  17606.811    32.977170   0.457286   1.854589     169.143 0
331.750109  -5.913947   0.061310  0.000600  18380.276    99.990000   0.459940   1.865350     900.114 1
331.108166  -5.246509   0.071370  0.000100  21396.188    29.979246   0.464583   1.884181    3750.335 1
331.717224  -5.952026   0.058947  0.000150  17671.866    44.968869   0.465722   1.888803     230.624 0
331.176014  -6.002131   0.056870  0.000230  17049.197    68.952265   0.474852   1.925828    -357.836 0
331.215745  -6.029102   0.058180  0.000130  17441.925    38.973020   0.480334   1.948063      13.316 0
331.677084  -5.176731   0.062230  0.000280  18656.085    83.941888   0.489543   1.985410    1160.771 1
331.771477  -5.250069   0.054930  0.000080  16467.600    23.983397   0.490974   1.991215    -907.481 1
331.641932  -6.031839   0.060350  0.000170  18092.475    50.964718   0.491551   1.993556     628.125 0
331.192300  -6.040273   0.057790  0.000230  17325.006    68.952265   0.500555   2.030070     -97.179 0
330.951436  -5.824677   0.056910  0.000200  17061.189    59.958492   0.519460   2.106743    -346.503 0
331.821343  -5.925425   0.060530  0.000210  18146.437    62.956416   0.520404   2.110573     679.123 0
331.520081  -6.113322   0.043270  0.000030  12972.020     8.993774   0.529679   2.148189   -4211.016 1
331.275669  -6.103571   0.053270  0.000110  15969.944    32.977170   0.529742   2.148443   -1377.795 1
331.139741  -6.047381   0.058410  0.000240  17510.877    71.950190   0.532235   2.158555      78.480 0
331.684002  -5.130379   0.043950  0.000830  13175.879    99.990000   0.532925   2.161351   -4018.357 1
331.412196  -5.058684   0.054790  0.000510  16425.629    99.990000   0.534686   2.168494    -947.146 1
331.192340  -6.079808   0.055180  0.000040  16542.548    11.991698   0.536134   2.174368    -836.650 0
331.499079  -6.138082   0.059840  0.000210  17939.581    62.956416   0.550586   2.232978     483.631 0
331.697268  -5.105168   0.044150  0.001540  13235.837    99.990000   0.561366   2.276700   -3961.693 1
331.144427  -6.157490   0.053534  0.000150  16049.089    44.968869   0.626754   2.541888   -1302.998 1
331.797976  -6.127260   0.059680  0.000190  17891.614    56.960567   0.653850   2.651782     438.299 1
330.926480  -6.037305   0.048740  0.000020  14611.884     5.995849   0.661174   2.681485   -2661.244 1
330.966539  -5.078235   0.071670  0.000140  21486.125    41.970944   0.684020   2.774142    3835.331 1
330.898260  -6.141405   0.064170  0.000290  19237.682    86.939813   0.754144   3.058537    1710.415 1
331.009593  -6.309349   0.054955  0.000150  16475.095    44.968869   0.823717   3.340703    -900.398 1
331.659519  -6.499204   0.057566  0.000103  17257.853    30.878623   0.937028   3.800251    -160.644 1
332.038935  -4.850230   0.057793  0.000150  17325.906    44.968869   0.966003   3.917760     -96.330 1
331.685981  -6.525382   0.057346  0.000150  17191.898    44.968869   0.969252   3.930939    -222.974 1
330.896269  -6.435377   0.056426  0.000150  16916.089    44.968869   0.989670   4.013747    -483.631 1
330.850125  -6.498250   0.056372  0.000103  16899.900    30.878623   1.067312   4.328634    -498.930 1
330.787125  -6.467222   0.055965  0.000150  16777.885    44.968869   1.076504   4.365913    -614.242 1
331.152041  -4.539166   0.050011  0.000150  14992.921    44.968869   1.087072   4.408773   -2301.142 1
332.323937  -6.206831   0.058067  0.000103  17408.049    30.878623   1.089929   4.420361     -18.699 1
330.725793  -6.474898   0.056699  0.000103  16997.933    30.878623   1.119287   4.539427    -406.284 1
331.918350  -6.600369   0.056936  0.000150  17068.983    44.968869   1.123097   4.554879    -339.137 1
330.690879  -6.676989   0.056166  0.000150  16838.143    44.968869   1.303493   5.286501    -557.295 1
330.628425  -6.643162   0.063174  0.000103  18939.089    30.878623   1.311809   5.320227    1428.227 1
330.536032  -4.574092   0.055292  0.000150  16576.125    44.968869   1.345605   5.457291    -804.918 1
332.767831  -4.995801   0.055565  0.000150  16657.968    44.968869   1.469607   5.960198    -727.571 1
331.690666  -7.135837   0.060516  0.000010  18142.240     2.997925   1.566065   6.351397     675.157 1
330.809039  -4.146963   0.056683  0.000150  16993.136    44.968869   1.568504   6.361291    -410.817 1
332.732152  -6.475260   0.059304  0.000150  17778.892    44.968869   1.576836   6.395082     331.770 1
332.734774  -6.509953   0.059130  0.000060  17726.728    17.987547   1.598636   6.483496     282.472 1
331.684909  -7.182928   0.059308  0.000023  17780.091     6.895227   1.611516   6.535732     332.903 1
330.748374  -7.064258   0.047598  0.000009  14269.521     2.698132   1.615171   6.550555   -2984.798 1
330.432290  -6.883445   0.057727  0.000150  17306.119    44.968869   1.621196   6.574989    -115.029 1
332.613257  -4.486339   0.049925  0.000150  14967.138    44.968869   1.624407   6.588012   -2325.508 1
332.001987  -7.126613   0.059925  0.000150  17965.063    44.968869   1.639475   6.649124     507.713 1
331.957395  -7.184739   0.059416  0.000015  17812.469     4.496887   1.679272   6.810525     363.502 1
331.299056  -7.272736   0.060416  0.000015  18112.261     4.496887   1.683626   6.828185     646.824 1
332.454556  -4.237037   0.055935  0.000150  16768.891    44.968869   1.703588   6.909142    -622.742 1
331.739702  -7.273462   0.063212  0.000010  18950.481     2.997925   1.710225   6.936059    1438.993 1
331.065832  -7.273122   0.057536  0.000011  17248.859     3.297717   1.716122   6.959977    -169.143 1
333.130325  -5.359440   0.066656  0.000150  19982.966    44.968869   1.719398   6.973263    2414.754 1
331.936279  -3.949725   0.057580  0.000150  17262.050    44.968869   1.722417   6.985505    -156.677 1
330.818003  -7.246898   0.062222  0.000009  18653.686     2.698132   1.758342   7.131206    1158.504 1
330.521165  -7.119856   0.055569  0.000010  16659.167     2.997925   1.768701   7.173219    -726.438 1
330.391327  -7.037533   0.075552  0.000012  22649.920     3.597509   1.769552   7.176667    4935.188 1
331.780050  -7.344017   0.062150  0.000019  18632.101     5.696057   1.787231   7.248369    1138.105 1
330.826975  -7.292505   0.063678  0.000009  19090.184     2.698132   1.798354   7.293481    1571.021 1
332.047441  -7.282791   0.055676  0.000010  16691.245     2.997925   1.801600   7.306645    -696.122 1
331.858696  -7.355224   0.059846  0.000011  17941.379     3.297717   1.815482   7.362945     485.331 1
329.914544  -4.564810   0.058740  0.000120  17609.809    35.975095   1.816322   7.366350     171.977 1
330.639019  -7.273094   0.058470  0.000015  17528.865     4.496887   1.850359   7.504392      95.480 1
330.605548  -7.263134   0.058642  0.000009  17580.429     2.698132   1.855607   7.525676     144.211 1
331.588628  -7.444080   0.059416  0.000017  17812.469     5.096472   1.858455   7.537229     363.502 1
331.115761  -7.430599   0.060370  0.000015  18098.471     4.496887   1.861852   7.551005     633.792 1
331.367869  -7.456230   0.059255  0.000010  17764.202     2.997925   1.863588   7.558047     317.887 1
332.018089  -7.368027   0.059296  0.000008  17776.494     2.398340   1.872253   7.593188     329.504 1
330.341116  -7.128658   0.044890  0.000014  13457.683     4.197094   1.872836   7.595553   -3752.034 1
331.498902  -7.471718   0.059860  0.000017  17945.577     5.096472   1.880081   7.624933     489.297 1
331.855143  -7.426370   0.062308  0.000018  18679.468     5.396264   1.883788   7.639969    1182.870 1
331.645674  -7.466412   0.060839  0.000015  18239.073     4.496887   1.886647   7.651564     766.670 1
330.435315  -7.208921   0.058771  0.000016  17619.103     4.796679   1.888944   7.660881     180.759 1
330.351108  -7.160432   0.059070  0.000015  17708.740     4.496887   1.893373   7.678842     265.473 1
330.756834  -7.370177   0.058358  0.000007  17495.288     2.098547   1.895038   7.685595      63.747 1
332.076754  -7.385196   0.061984  0.000018  18582.336     5.396264   1.907781   7.737275    1091.073 1
331.628525  -7.494045   0.060441  0.000013  18119.756     3.897302   1.912146   7.754977     653.907 1
331.062002  -7.479594   0.060190  0.000011  18044.508     3.297717   1.919390   7.784359     582.794 1
329.495015  -5.769805   0.055749  0.000150  16713.130    44.968869   1.922702   7.797789    -675.440 1
330.407746  -7.235473   0.063618  0.000026  19072.197     7.794604   1.925895   7.810741    1554.022 1
329.809285  -4.511670   0.055488  0.000150  16634.884    44.968869   1.932819   7.838822    -749.387 1
331.836349  -7.483011   0.060090  0.000015  18014.529     4.496887   1.934843   7.847031     554.461 1
330.821413  -7.434674   0.058145  0.000009  17431.432     2.698132   1.934937   7.847411       3.400 1
330.057362  -6.980112   0.056917  0.000011  17063.287     3.297717   1.938804   7.863095    -344.520 1
331.797993  -7.495462   0.062083  0.000011  18612.015     3.297717   1.939216   7.864764    1119.122 1
331.880036  -7.489532   0.063313  0.000014  18980.760     4.197094   1.950983   7.912490    1467.608 1
331.812264  -7.505909   0.057785  0.000010  17323.507     2.997925   1.952264   7.917681     -98.596 1
331.752756  -7.530957   0.060364  0.000013  18096.672     3.897302   1.965933   7.973119     632.092 1
331.129936  -7.540075   0.059021  0.000021  17694.051     6.295642   1.967852   7.980904     251.590 1
331.901173  -7.502634   0.060993  0.000010  18285.241     2.997925   1.968744   7.984520     810.301 1
332.082865  -7.448319   0.059726  0.000009  17905.404     2.698132   1.969221   7.986453     451.332 1
333.054269  -4.468917   0.051376  0.000150  15402.137    44.968869   1.978328   8.023391   -1914.407 1
331.788613  -7.541851   0.061245  0.000016  18360.789     4.796679   1.982984   8.042273     881.698 1
331.839579  -7.532728   0.062443  0.000103  18719.940    30.878623   1.984105   8.046817    1221.118 1
331.820644  -7.543732   0.060922  0.000107  18263.956    32.077793   1.990991   8.074745     790.185 1
331.853865  -7.538615   0.059036  0.000017  17698.548     5.096472   1.992900   8.082489     255.840 1
331.303115  -7.583280   0.060152  0.000009  18033.116     2.698132   1.993276   8.084012     572.027 1
331.993100  -7.506836   0.060216  0.000029  18052.303     8.693981   1.997057   8.099349     590.160 1
331.901492  -7.534067   0.062340  0.000025  18689.062     7.494811   1.999319   8.108521    1191.936 1
331.786212  -7.560208   0.061097  0.000010  18316.420     2.997925   2.000587   8.113663     839.767 1
332.070087  -7.488585   0.059252  0.000008  17763.303     2.398340   2.003045   8.123632     317.037 1
331.708818  -7.576921   0.059162  0.000013  17736.321     3.897302   2.004487   8.129480     291.538 1
332.198557  -7.442946   0.055784  0.000011  16723.622     3.297717   2.005838   8.134960    -665.524 1
330.988738  -3.631973   0.055662  0.000150  16687.048    44.968869   2.007507   8.141728    -700.089 1
332.107301  -7.485462   0.059515  0.000012  17842.148     3.597509   2.012399   8.161568     391.551 1
331.767512  -7.583312   0.060108  0.000018  18019.925     5.396264   2.020025   8.192497     559.561 1
331.815562  -7.577620   0.061981  0.000018  18581.436     5.396264   2.023206   8.205399    1090.223 1
330.264874  -7.260456   0.064087  0.000015  19212.799     4.496887   2.024380   8.210159    1686.900 1
331.678645  -7.603615   0.061418  0.000007  18412.653     2.098547   2.026856   8.220201     930.713 1
331.381649  -7.626338   0.060019  0.000013  17993.244     3.897302   2.033343   8.246512     534.345 1
331.823262  -7.598491   0.062880  0.000020  18850.950     5.995849   2.045174   8.294494    1344.930 1
331.840744  -7.602005   0.058787  0.000007  17623.899     2.098547   2.052110   8.322621     185.293 1
331.406915  -7.653668   0.065358  0.000010  19593.835     2.997925   2.060372   8.356129    2047.002 1
331.074833  -7.625339   0.059381  0.000005  17801.976     1.498962   2.060636   8.357203     353.586 1
332.114562  -7.534125   0.056863  0.000012  17047.099     3.597509   2.060637   8.357207    -359.819 1
330.653655  -7.510146   0.059457  0.000007  17824.760     2.098547   2.062525   8.364861     375.118 1
332.693874  -7.230086   0.072363  0.000022  21693.882     6.595434   2.071096   8.399625    4031.673 1
330.507704  -7.457532   0.058201  0.000008  17448.221     2.398340   2.073014   8.407402      19.266 1
332.163550  -7.530951   0.059328  0.000019  17786.087     5.696057   2.074564   8.413690     338.570 1
332.067451  -7.572177   0.055304  0.000010  16579.722     2.997925   2.081499   8.441814    -801.518 1
329.664986  -4.459079   0.049681  0.000150  14893.989    44.968869   2.081593   8.442196   -2394.638 1
333.450042  -6.091889   0.072227  0.000150  21653.110    44.968869   2.082179   8.444573    3993.142 1
329.645548  -4.487145   0.053894  0.000150  16157.015    44.968869   2.082800   8.447091   -1201.002 1
330.164823  -7.266056   0.058793  0.000016  17625.698     4.796679   2.086967   8.463992     186.993 1
332.019195  -7.594815   0.059028  0.000150  17696.149    44.968869   2.088789   8.471380     253.573 1
330.640980  -7.540170   0.059324  0.000019  17784.888     5.696057   2.095085   8.496914     337.437 1
329.681703  -4.387689   0.054838  0.000150  16440.019    44.968869   2.107670   8.547954    -933.546 1
330.848056  -7.625142   0.044167  0.000150  13240.933    44.968869   2.109708   8.556221   -3956.876 1
329.458335  -4.778659   0.056379  0.000150  16901.999    44.968869   2.114343   8.575016    -496.947 1
329.885671  -7.062099   0.057340  0.000009  17190.100     2.698132   2.117857   8.589267    -224.674 1
329.824601  -6.996364   0.057940  0.000010  17369.975     2.997925   2.117948   8.589639     -54.681 1
330.980788  -7.668378   0.059255  0.000008  17764.202     2.398340   2.120335   8.599320     317.887 1
331.721099  -7.699486   0.062300  0.000027  18677.070     8.094396   2.127542   8.628547    1180.603 1
329.787400  -6.980812   0.057600  0.000016  17268.046     4.796679   2.135687   8.661582    -151.011 1
332.124520  -7.626716   0.056869  0.000010  17048.897     2.997925   2.151284   8.724838    -358.119 1
329.846825  -7.072539   0.057897  0.000014  17357.084     4.197094   2.153036   8.731943     -66.864 1
331.112833  -7.726145   0.058928  0.000016  17666.170     4.796679   2.154438   8.737628     225.241 1
332.014730  -7.669292   0.058039  0.000014  17399.654     4.197094   2.159033   8.756265     -26.632 1
332.292592  -7.572902   0.059794  0.000012  17925.790     3.597509   2.162183   8.769038     470.598 1
330.240438  -7.413031   0.064463  0.000019  19325.521     5.696057   2.164847   8.779846    1793.429 1
331.831564  -7.718906   0.059837  0.000011  17938.681     3.297717   2.164916   8.780124     482.781 1
332.187724  -7.624152   0.057663  0.000019  17286.933     5.696057   2.170236   8.801701    -133.161 1
332.322417  -7.576972   0.056466  0.000013  16928.081     3.897302   2.177998   8.833178    -472.298 1
332.276530  -7.607681   0.056780  0.000016  17022.216     4.796679   2.187782   8.872859    -383.335 1
332.161834  -7.660932   0.056212  0.000011  16851.934     3.297717   2.195881   8.905705    -544.262 1
329.511465  -4.481555   0.053240  0.000150  15960.950    44.968869   2.199832   8.921729   -1386.295 1
332.315900  -7.605800   0.057940  0.000333  17369.975    99.830889   2.201647   8.929091     -54.681 1
332.315850  -7.606209   0.060857  0.000013  18244.470     3.897302   2.202001   8.930526     771.769 1
332.400770  -7.591566   0.056847  0.000021  17042.302     6.295642   2.224439   9.021528    -364.352 1
330.234592  -7.483812   0.062587  0.000006  18763.111     1.798755   2.227747   9.034942    1261.917 1
332.835502  -7.328328   0.074806  0.000007  22426.275     2.098547   2.235690   9.067156    4723.829 1
329.461294  -4.484768   0.053644  0.000150  16082.067    44.968869   2.241469   9.090594   -1271.833 1
331.616724  -7.826637   0.062200  0.000014  18647.091     4.197094   2.241981   9.092670    1152.271 1
332.493440  -7.566615   0.075264  0.000014  22563.580     4.197094   2.244509   9.102923    4853.591 1
331.723770  -7.825818   0.059344  0.000009  17790.884     2.698132   2.253031   9.137488     343.103 1
332.594930  -7.525071   0.056286  0.000011  16874.118     3.297717   2.258729   9.160596    -523.296 1
330.423940  -7.637815   0.058561  0.000014  17556.146     4.197094   2.271604   9.212811     121.262 1
329.515736  -4.335415   0.053030  0.000150  15897.994    44.968869   2.273642   9.221076   -1445.793 1
330.246245  -3.634336   0.049251  0.000150  14765.078    44.968869   2.280217   9.247742   -2516.467 1
332.357686  -7.673630   0.057003  0.000027  17089.069     8.094396   2.280538   9.249046    -320.154 1
332.464418  -7.625063   0.058469  0.000007  17528.565     2.098547   2.282751   9.258020      95.196 1
330.149630  -7.504256   0.063922  0.000008  19163.334     2.398340   2.290639   9.290012    1640.152 1
330.149472  -7.504204   0.060010  0.000333  17990.545    99.830889   2.290683   9.290187     531.796 1
329.741395  -7.167048   0.057606  0.000008  17269.844     2.398340   2.294213   9.304506    -149.311 1
331.540410  -7.886308   0.061359  0.000007  18394.965     2.098547   2.296172   9.312451     913.997 1
329.953186  -7.385859   0.063063  0.000026  18905.812     7.794604   2.310987   9.372537    1396.778 1
330.188558  -7.554089   0.057580  0.000015  17262.050     4.496887   2.311622   9.375110    -156.677 1
332.640464  -7.562300   0.074899  0.000017  22454.155     5.096472   2.314136   9.385305    4750.178 1
330.094622  -7.496978   0.056856  0.000015  17045.000     4.496887   2.315288   9.389980    -361.802 1
329.939278  -7.386757   0.064331  0.000103  19285.949    30.878623   2.320443   9.410883    1756.030 1
330.333178  -7.652367   0.060031  0.000024  17996.841     7.195019   2.325280   9.430502     537.745 1
329.929429  -7.393486   0.064192  0.000025  19244.277     7.494811   2.331866   9.457211    1716.649 1
331.957844  -7.866917   0.054948  0.000008  16472.996     2.398340   2.336033   9.474111    -902.381 1
330.070920  -7.508975   0.063919  0.000014  19162.434     4.197094   2.338613   9.484576    1639.302 1
331.846945  -7.904058   0.040954  0.000009  12277.700     2.698132   2.349695   9.529519   -4867.190 1
333.427012  -4.345700   0.057056  0.000150  17104.958    44.968869   2.356129   9.555614    -305.138 1
329.724909  -7.258903   0.052406  0.000012  15710.924     3.597509   2.369812   9.611108   -1622.586 1
329.711045  -7.259338   0.051450  0.000070  15424.322    20.985472   2.379951   9.652230   -1893.442 1
332.112320  -7.871475   0.075227  0.000008  22552.487     2.398340   2.380420   9.654131    4843.108 1
330.745823  -3.303259   0.044461  0.000150  13329.072    44.968869   2.385994   9.676737   -3873.580 1
330.477952  -7.793261   0.057601  0.000009  17268.345     2.698132   2.390901   9.696638    -150.727 1
329.493476  -4.161840   0.053440  0.000150  16020.909    44.968869   2.391792   9.700251   -1329.631 1
331.889142  -7.943643   0.041266  0.000005  12371.236     1.498962   2.396483   9.719274   -4778.794 1
331.111634  -7.978640   0.061277  0.000016  18370.382     4.796679   2.404815   9.753067     890.765 1
332.688498  -7.640408   0.068236  0.000007  20456.638     2.098547   2.405711   9.756703    2862.403 1
330.047052  -7.575811   0.059373  0.000015  17799.578     4.496887   2.407060   9.762174     351.319 1
329.757621  -7.346346   0.061689  0.000009  18493.897     2.698132   2.409613   9.772526    1007.493 1
329.844397  -7.425073   0.052315  0.000007  15683.642     2.098547   2.410468   9.775993   -1648.368 1
333.025778  -7.403756   0.075097  0.000011  22513.514     3.297717   2.415702   9.797221    4806.276 1
329.412166  -6.958743   0.062940  0.000014  18868.937     4.197094   2.419199   9.811403    1361.929 1
332.687542  -7.660278   0.068438  0.000011  20517.196     3.297717   2.422146   9.823354    2919.634 1
329.927613  -7.507930   0.063735  0.000020  19107.272     5.995849   2.422414   9.824443    1587.170 1
332.738708  -7.638361   0.068279  0.000011  20469.529     3.297717   2.430610   9.857682    2874.586 1
332.032310  -7.946449   0.040632  0.000007  12181.167     2.098547   2.431057   9.859495   -4958.420 1
332.157680  -7.911729   0.056452  0.000057  16923.884    17.088170   2.432240   9.864292    -476.264 1
329.918665  -7.517128   0.057520  0.000015  17244.062     4.496887   2.435140   9.876055    -173.676 1
330.017667  -7.595130   0.058537  0.000011  17548.951     3.297717   2.439593   9.894117     114.462 1
329.852250  -7.470431   0.060196  0.000010  18046.307     2.997925   2.440113   9.896222     584.493 1
329.844691  -7.468170   0.075440  0.000070  22616.343    20.985472   2.443191   9.908706    4903.455 1
329.270000  -4.390056   0.055669  0.000150  16689.146    44.968869   2.453808   9.951767    -698.106 1
329.503608  -7.141014   0.057341  0.000015  17190.399     4.496887   2.455258   9.957645    -224.391 1
329.412450  -7.025163   0.046676  0.000017  13993.113     5.096472   2.457069   9.964990   -3246.021 1
332.353480  -7.885923   0.067973  0.000008  20377.793     2.398340   2.474143  10.034238    2787.889 1
329.885630  -7.542128   0.057730  0.000700  17307.019    99.990000   2.475070  10.037997    -114.179 1
329.669427  -7.368735   0.064440  0.001000  19318.626    99.990000   2.486596  10.084741    1786.912 1
329.791618  -7.480819   0.058270  0.000840  17468.907    99.990000   2.486977  10.086287      38.815 1
329.747584  -7.445514   0.060485  0.000022  18132.947     6.595434   2.489354  10.095928     666.374 1
332.572230  -7.804756   0.057240  0.000015  17160.120     4.496887   2.491638  10.105190    -253.007 1
329.298463  -6.956772   0.064605  0.000023  19368.092     6.895227   2.512355  10.189210    1833.661 1
329.280266  -6.928460   0.064393  0.000012  19304.536     3.597509   2.512426  10.189500    1773.596 1
331.413884  -8.107363   0.061257  0.000021  18364.387     6.295642   2.514038  10.196036     885.098 1
329.851551  -7.578482   0.057886  0.000014  17353.786     4.197094   2.524607  10.238901     -69.981 1
329.609380  -7.364945   0.060597  0.000022  18166.524     6.595434   2.526138  10.245112     698.106 1
329.211168  -4.339653   0.055550  0.000120  16653.471    35.975095   2.529599  10.259147    -731.821 1
330.998684  -8.089769   0.067261  0.000008  20164.341     2.398340   2.531204  10.265658    2586.164 1
329.687491  -7.449321   0.057186  0.000026  17143.932     7.794604   2.532493  10.270884    -268.306 1
329.242279  -6.919220   0.064080  0.000018  19210.701     5.396264   2.539695  10.300094    1684.916 1
329.251155  -6.935365   0.064413  0.000024  19310.532     7.195019   2.540656  10.303991    1779.263 1
333.014620  -7.578942   0.053703  0.000008  16099.754     2.398340   2.542682  10.312206   -1255.117 1
329.758671  -7.526479   0.059105  0.000011  17719.233     3.297717   2.542986  10.313442     275.389 1
332.230580  -8.004913   0.055101  0.000012  16518.864     3.597509   2.543329  10.314832    -859.033 1
330.761720  -8.052748   0.064396  0.000009  19305.435     2.698132   2.544865  10.321060    1774.446 1
329.575322  -7.374200   0.057680  0.000920  17292.029    99.990000   2.556849  10.369665    -128.345 1
329.225040  -6.924130   0.063022  0.000031  18893.520     9.293566   2.556896  10.369855    1385.162 1
330.554380  -8.003641   0.067387  0.000010  20202.114     2.997925   2.559229  10.379317    2621.863 1
329.774509  -7.564365   0.051581  0.000012  15463.595     3.597509   2.561807  10.389773   -1856.326 1
329.707363  -7.507002   0.060680  0.000590  18191.406    99.990000   2.561874  10.390041     721.621 1
330.879486  -8.100299   0.043741  0.000008  13113.222     2.398340   2.563776  10.397757   -4077.572 1
330.579619  -8.018315   0.064366  0.000015  19296.441     4.496887   2.564765  10.401769    1765.947 1
329.237248  -6.964224   0.065773  0.000016  19718.249     4.796679   2.567710  10.413712    2164.581 1
329.590603  -7.410673   0.060470  0.000410  18128.450    99.990000   2.571603  10.429502     662.124 1
330.606794  -3.151442   0.055106  0.000014  16520.363     4.197094   2.572128  10.431630    -857.616 1
329.235445  -6.984282   0.064687  0.000029  19392.675     8.693981   2.579986  10.463498    1856.893 1
329.946995  -7.719238   0.056683  0.000022  16993.136     6.595434   2.581666  10.470312    -410.817 1
329.182359  -6.903132   0.065039  0.000014  19498.202     4.197094   2.582549  10.473892    1956.622 1
329.874631  -7.672229   0.052791  0.000015  15826.344     4.496887   2.585248  10.484837   -1513.507 1
333.152970  -7.519085   0.068932  0.000005  20665.294     1.498962   2.586010  10.487929    3059.595 1
328.818450  -5.562920   0.056099  0.000150  16818.057    44.968869   2.588108  10.496438    -576.277 1
329.194880  -6.947291   0.064755  0.000015  19413.061     4.496887   2.594585  10.522706    1876.159 1
329.150158  -6.873796   0.064534  0.000033  19346.806     9.893151   2.595623  10.526915    1813.545 1
329.591455  -7.450000   0.064910  0.000080  19459.528    23.983397   2.598951  10.540414    1920.074 1
330.675833  -8.086899   0.044180  0.000006  13244.831     1.798755   2.600881  10.548243   -3953.193 1
329.553673  -7.431950   0.057520  0.000080  17244.062    23.983397   2.612667  10.596040    -173.676 1
329.196029  -6.991631   0.062528  0.000007  18745.423     2.098547   2.617030  10.613735    1245.201 1
329.091891  -4.363893   0.070160  0.000120  21033.439    35.975095   2.621908  10.633518    3407.515 1
329.238919  -4.110627   0.069650  0.000010  20880.545     2.997925   2.627732  10.657139    3263.021 1
330.673979  -8.114731   0.058802  0.000008  17628.396     2.398340   2.628097  10.658618     189.542 1
329.547266  -7.448316   0.058044  0.000015  17401.153     4.496887   2.628724  10.661162     -25.216 1
331.484062  -8.221762   0.061328  0.000015  18385.672     4.496887   2.629235  10.663236     905.214 1
329.256575  -7.110416   0.064641  0.000012  19378.884     3.597509   2.632904  10.678114    1843.860 1
329.570008  -7.481349   0.057780  0.000200  17322.008    59.958492   2.636291  10.691852    -100.013 1
330.574827  -8.097882   0.064842  0.000013  19439.143     3.897302   2.641635  10.713527    1900.808 1
329.761277  -7.658327   0.056767  0.000016  17018.318     4.796679   2.642984  10.718996    -387.018 1
329.547766  -7.474290   0.056299  0.000008  16878.016     2.398340   2.646767  10.734337    -519.613 1
329.611048  -7.539128   0.056780  0.000110  17022.216    32.977170   2.650077  10.747763    -383.335 1
331.332000  -2.944533   0.052129  0.000008  15627.881     2.398340   2.650204  10.748278   -1701.066 1
331.331208  -2.944149   0.052141  0.000009  15631.479     2.698132   2.650614  10.749939   -1697.666 1
329.510434  -7.446532   0.058208  0.000033  17450.319     9.893151   2.653577  10.761957      21.249 1
329.157295  -7.002139   0.065927  0.000005  19764.417     1.498962   2.655256  10.768765    2208.212 1
328.978667  -4.502361   0.068287  0.000150  20471.928    44.968869   2.662274  10.797231    2876.853 1
329.342860  -7.272865   0.057310  0.000180  17181.106    53.962642   2.662567  10.798416    -233.174 1
329.320109  -7.255506   0.046598  0.000014  13969.729     4.197094   2.669330  10.825847   -3268.120 1
329.411802  -7.366567   0.058460  0.000240  17525.867    71.950190   2.670952  10.832425      92.646 1
328.746495  -5.860250   0.068067  0.000150  20405.973    44.968869   2.672903  10.840335    2814.522 1
330.586013  -8.135011   0.063258  0.000007  18964.271     2.098547   2.673391  10.842318    1452.026 1
329.499351  -7.463740   0.057866  0.000016  17347.790     4.796679   2.673493  10.842730     -75.647 1
328.747035  -5.872500   0.068114  0.000150  20420.063    44.968869   2.673619  10.843241    2827.838 1
329.429830  -7.396495   0.056621  0.000010  16974.549     2.997925   2.677623  10.859481    -428.383 1
329.716599  -7.667850   0.051450  0.000310  15424.322    92.935662   2.678332  10.862354   -1893.442 1
329.729522  -7.679691   0.060890  0.000090  18254.363    26.981321   2.679425  10.866788     781.119 1
329.161050  -7.055740   0.065475  0.000019  19628.911     5.696057   2.680947  10.872959    2080.151 1
329.862688  -7.783035   0.051232  0.000014  15358.967     4.197094   2.682008  10.877262   -1955.206 1
329.736345  -7.692972   0.051914  0.000007  15563.426     2.098547   2.685540  10.891590   -1761.980 1
329.889180  -7.811239   0.056370  0.000410  16899.301    99.990000   2.690076  10.909985    -499.497 1
333.812345  -4.340349   0.057156  0.000150  17134.938    44.968869   2.691614  10.916220    -276.806 1
329.272253  -7.236577   0.060143  0.000010  18030.418     2.997925   2.695178  10.930675     569.477 1
333.498351  -3.852809   0.055855  0.000150  16744.908    44.968869   2.704261  10.967514    -645.408 1
329.799698  -7.770562   0.052496  0.000029  15737.905     8.693981   2.708653  10.985324   -1597.087 1
332.045640  -8.230013   0.061807  0.000018  18529.272     5.396264   2.709491  10.988725    1040.925 1
329.583442  -7.595391   0.057820  0.000240  17334.000    71.950190   2.710100  10.991194     -88.680 1
329.316287  -7.316822   0.058460  0.000090  17525.867    26.981321   2.710872  10.994323      92.646 1
329.699198  -7.698622   0.057840  0.000230  17339.996    68.952265   2.713127  11.003471     -83.013 1
329.812048  -7.788124   0.051810  0.000240  15532.247    71.950190   2.715533  11.013229   -1791.446 1
329.466382  -7.495772   0.055837  0.000015  16739.511     4.496887   2.719348  11.028701    -650.508 1
329.494488  -7.527066   0.056244  0.000008  16861.527     2.398340   2.721577  11.037741    -535.195 1
329.540825  -7.573222   0.056499  0.000033  16937.974     9.893151   2.722703  11.042306    -462.948 1
329.391407  -7.422627   0.057780  0.000130  17322.008    38.973020   2.723498  11.045532    -100.013 1
329.257972  -7.265340   0.060420  0.000080  18113.460    23.983397   2.724017  11.047636     647.958 1
329.525308  -7.569423   0.057366  0.000223  17197.894    66.853718   2.730576  11.074238    -217.308 1
329.077731  -7.019331   0.065053  0.000011  19502.399     3.297717   2.731636  11.078535    1960.589 1
329.854898  -7.839079   0.052290  0.000160  15676.148    47.966793   2.732365  11.081494   -1655.451 1
330.421047  -3.044516   0.049357  0.000007  14796.856     2.098547   2.735403  11.093813   -2486.435 1
328.918204  -6.731998   0.066616  0.000150  19970.974    44.968869   2.736776  11.099384    2403.421 1
329.551288  -7.604213   0.059511  0.000247  17840.949    74.048737   2.738242  11.105330     390.418 1
331.843139  -8.299273   0.067612  0.000016  20269.568     4.796679   2.738707  11.107213    2685.610 1
331.945535  -8.281522   0.067999  0.000011  20385.587     3.297717   2.738838  11.107744    2795.256 1
329.596563  -7.652153   0.056564  0.000018  16957.461     5.396264   2.743649  11.127258    -444.532 1
329.407718  -7.472546   0.059265  0.000012  17767.200     3.597509   2.745418  11.134434     320.721 1
328.987277  -6.893836   0.065803  0.000012  19727.243     3.597509   2.747228  11.141772    2173.080 1
329.390516  -7.458144   0.057729  0.000013  17306.719     3.897302   2.748131  11.145435    -114.462 1
329.838092  -7.846853   0.052091  0.000013  15616.489     3.897302   2.748298  11.146112   -1711.832 1
329.396771  -7.467226   0.057090  0.000300  17115.151    89.937737   2.749743  11.151972    -295.505 1
329.446072  -7.519030   0.057650  0.000280  17283.035    83.941888   2.750064  11.153273    -136.845 1
331.962730  -8.297714   0.062608  0.000015  18769.406     4.496887   2.758040  11.185622    1267.866 1
331.510536  -8.351824   0.067005  0.000011  20087.594     3.297717   2.760006  11.193594    2513.634 1
331.513196  -8.352349   0.066732  0.000008  20005.750     2.398340   2.760619  11.196083    2436.287 1
329.762665  -7.809077   0.051330  0.000670  15388.347    99.990000   2.761545  11.199837   -1927.440 1
329.287997  -7.368234   0.058698  0.000019  17597.218     5.696057   2.765376  11.215374     160.077 1
330.889944  -8.309136   0.064429  0.000014  19315.328     4.197094   2.766332  11.219251    1783.796 1
333.027680  -7.851842   0.059704  0.000014  17898.809     4.197094   2.768557  11.228276     445.099 1
330.889638  -8.313051   0.064489  0.000014  19333.316     4.197094   2.770233  11.235074    1800.795 1
330.490080  -8.205038   0.063750  0.000017  19111.769     5.096472   2.770428  11.235864    1591.420 1
331.405175  -8.364496   0.062156  0.000017  18633.900     5.096472   2.771199  11.238990    1139.805 1
331.940083  -8.317225   0.067656  0.000010  20282.759     2.997925   2.772869  11.245761    2698.076 1
331.398557  -8.367629   0.062303  0.000007  18677.970     2.098547   2.774372  11.251858    1181.453 1
329.572266  -7.674376   0.058689  0.000022  17594.520     6.595434   2.776311  11.259722     157.527 1
329.275391  -7.370942   0.055780  0.000430  16722.423    99.990000   2.776741  11.261468    -666.657 1
329.120230  -7.169269   0.059251  0.000007  17763.003     2.098547   2.777883  11.266098     316.754 1
329.464849  -7.578761   0.059830  0.000042  17936.583    12.591283   2.779107  11.271063     480.798 1
329.774000  -7.840611   0.051649  0.000014  15483.981     4.197094   2.780253  11.275711   -1837.060 1
330.582752  -8.246442   0.063919  0.000017  19162.434     5.096472   2.780517  11.276779    1639.302 1
328.935276  -6.894632   0.065037  0.000022  19497.602     6.595434   2.793293  11.328597    1956.056 1
329.166804  -7.268105   0.057678  0.000010  17291.429     2.997925   2.797856  11.347103    -128.912 1
329.606057  -7.733434   0.057417  0.000023  17213.184     6.895227   2.799057  11.351973    -202.859 1
332.080240  -8.316918   0.051814  0.000012  15533.446     3.597509   2.802023  11.364000   -1790.312 1
329.369321  -7.532013   0.057596  0.000014  17266.846     4.197094   2.814035  11.412716    -152.144 1
329.464142  -7.632882   0.057910  0.000247  17360.981    74.048737   2.818512  11.430874     -63.181 1
329.836212  -7.935624   0.042290  0.000008  12678.223     2.398340   2.822589  11.447409   -4488.672 1
329.452466  -7.628297   0.055208  0.000043  16550.942    12.891076   2.823238  11.450042    -828.717 1
329.815121  -7.928495   0.052310  0.000110  15682.143    32.977170   2.828467  11.471247   -1649.785 1
330.593594  -8.300839   0.064403  0.000009  19307.534     2.698132   2.829317  11.474696    1776.430 1
328.998554  -7.080696   0.063152  0.000022  18932.493     6.595434   2.830903  11.481127    1421.994 1
330.553777  -8.290552   0.064246  0.000010  19260.466     2.997925   2.831271  11.482620    1731.948 1
329.577288  -7.756942   0.057218  0.000026  17153.525     7.794604   2.835493  11.499744    -259.240 1
330.162661  -8.138402   0.042698  0.000006  12800.538     1.798755   2.835522  11.499863   -4373.077 1
329.589752  -7.767890   0.058309  0.000022  17480.598     6.595434   2.835878  11.501303      49.865 1
328.992917  -7.085083   0.063000  0.000333  18886.925    99.830889   2.837981  11.509835    1378.929 1
329.514815  -7.707585   0.058087  0.000080  17414.045    23.983397   2.839127  11.514483     -13.033 1
333.956250  -4.294333   0.060499  0.000150  18137.144    44.968869   2.839909  11.517651     670.340 1
329.388795  -7.590715   0.056487  0.000014  16934.377     4.197094   2.840978  11.521990    -466.348 1
329.392569  -7.594735   0.059810  0.000220  17930.587    65.954341   2.841139  11.522642     475.131 1
330.563975  -8.304246   0.064715  0.000014  19401.069     4.197094   2.841264  11.523149    1864.826 1
329.363736  -7.565966   0.058984  0.000013  17682.958     3.897302   2.841531  11.524231     241.107 1
329.015874  -7.131165   0.058670  0.000007  17588.824     2.098547   2.843228  11.531115     152.144 1
330.892372  -8.388651   0.064691  0.000020  19393.874     5.995849   2.843989  11.534199    1858.026 1
329.661838  -7.845018   0.058425  0.000013  17515.374     3.897302   2.850886  11.562171      82.730 1
331.081809  -8.430442   0.065607  0.000015  19668.484     4.496887   2.856862  11.586410    2117.549 1
328.850782  -6.875233   0.061248  0.000008  18361.688     2.398340   2.859220  11.595972     882.548 1
333.232670  -7.810590   0.060229  0.000011  18056.200     3.297717   2.859240  11.596054     593.843 1
329.253524  -7.474171   0.056365  0.000018  16897.802     5.396264   2.860292  11.600321    -500.913 1
329.512091  -7.734529   0.056402  0.000137  16908.894    41.071567   2.861046  11.603377    -490.431 1
329.475260  -7.701985   0.060025  0.000017  17995.042     5.096472   2.861422  11.604902     536.045 1
329.688665  -7.879139   0.055264  0.000008  16567.730     2.398340   2.861768  11.606306    -812.851 1
328.936958  -7.038791   0.059061  0.000008  17706.042     2.398340   2.861850  11.606638     262.923 1
329.262714  -7.489018   0.075327  0.000021  22582.466     6.295642   2.863216  11.612179    4871.440 1
329.618847  -7.830683   0.059923  0.000015  17964.463     4.496887   2.866123  11.623966     507.147 1
328.975492  -7.112661   0.064032  0.000010  19196.311     2.997925   2.867266  11.628604    1671.317 1
329.856230  -8.004427   0.056630  0.000090  16977.247    26.981321   2.869093  11.636013    -425.833 1
329.260171  -7.496935   0.056910  0.000160  17061.189    47.966793   2.870358  11.641143    -346.503 1
328.937565  -7.063182   0.059177  0.000013  17740.818     3.897302   2.873727  11.654809     295.788 1
329.455737  -7.701443   0.056209  0.000170  16851.034    50.964718   2.874194  11.656702    -545.112 1
331.562892  -8.470422   0.046701  0.000011  14000.608     3.297717   2.880666  11.682948   -3238.938 1
329.474682  -7.728446   0.057740  0.000029  17310.017     8.693981   2.881363  11.685778    -111.346 1
328.861721  -6.946941   0.065476  0.000022  19629.211     6.595434   2.882464  11.690240    2080.434 1
329.524151  -7.775557   0.059611  0.000173  17870.928    51.864095   2.884018  11.696542     418.750 1
332.561770  -8.243673   0.056543  0.000010  16951.165     2.997925   2.884160  11.697119    -450.482 1
329.489488  -7.752037   0.061352  0.000123  18392.867    36.874472   2.889074  11.717048     912.014 1
330.835968  -8.424846   0.064324  0.000012  19283.850     3.597509   2.890312  11.722069    1754.047 1
329.544940  -7.802361   0.056637  0.000028  16979.345     8.394189   2.890962  11.724707    -423.850 1
329.541838  -7.800342   0.056833  0.000016  17038.105     4.796679   2.891413  11.726537    -368.319 1
329.462921  -7.739531   0.059296  0.000026  17776.494     7.794604   2.897438  11.750969     329.504 1
329.487992  -7.761934   0.059489  0.000024  17834.354     7.195019   2.897463  11.751073     384.185 1
332.818820  -8.134189   0.056539  0.000006  16949.966     1.798755   2.897846  11.752625    -451.615 1
329.077629  -7.328054   0.058020  0.000090  17393.958    26.981321   2.904840  11.780989     -32.015 1
329.552823  -7.829581   0.057399  0.000018  17207.787     5.396264   2.906796  11.788923    -207.958 1
329.234529  -7.525951   0.056610  0.000230  16971.251    68.952265   2.908705  11.796666    -431.500 1
332.979400  -8.057049   0.056448  0.000005  16922.685     1.498962   2.912451  11.811858    -477.398 1
329.466835  -7.769691   0.055340  0.000480  16590.515    99.990000   2.917253  11.831332    -791.319 1
329.341943  -7.653104   0.056560  0.000070  16956.261    20.985472   2.918024  11.834459    -445.666 1
329.317736  -7.628823   0.060982  0.000437  18281.944    99.990000   2.918150  11.834970     807.185 1
329.191543  -7.491701   0.055750  0.000170  16713.430    50.964718   2.918422  11.836072    -675.157 1
329.220559  -7.526090   0.075410  0.000350  22607.349    99.990000   2.919203  11.839240    4894.956 1
329.150203  -7.449396   0.060730  0.000280  18206.396    83.941888   2.922746  11.853609     735.787 1
329.492648  -7.802405   0.057661  0.000041  17286.333    12.291491   2.924838  11.862094    -133.728 1
330.869067  -8.466804   0.065333  0.000009  19586.341     2.698132   2.925089  11.863112    2039.919 1
332.394630  -8.354103   0.056396  0.000011  16907.095     3.297717   2.926627  11.869349    -492.130 1
329.347300  -7.674604   0.056826  0.000187  17036.006    56.061190   2.929485  11.880943    -370.302 1
328.787125  -4.277972   0.056159  0.000150  16836.045    44.968869   2.930849  11.886475    -559.278 1
329.452117  -7.777539   0.059458  0.000223  17825.060    66.853718   2.932867  11.894659     375.402 1
330.222975  -8.274010   0.068996  0.000030  20684.480     8.993774   2.932979  11.895110    3077.728 1
329.027719  -7.307913   0.057190  0.000090  17145.131    26.981321   2.933012  11.895247    -267.173 1
329.515863  -7.834030   0.057109  0.000277  17120.847    83.042511   2.933829  11.898560    -290.122 1
329.211797  -7.538709   0.057780  0.000110  17322.008    32.977170   2.934095  11.899639    -100.013 1
329.430111  -7.762496   0.057917  0.000014  17363.080     4.197094   2.936399  11.908980     -61.198 1
329.190749  -7.519619   0.056353  0.000018  16894.204     5.396264   2.937255  11.912452    -504.313 1
330.176083  -8.261667   0.042000  0.000333  12591.283    99.830889   2.941020  11.927723   -4570.835 1
329.572577  -7.891768   0.061249  0.000008  18361.988     2.398340   2.942589  11.934086     882.832 1
329.516434  -7.850731   0.061189  0.000073  18344.001    21.884849   2.946239  11.948890     865.832 1
329.388754  -7.739037   0.059384  0.000013  17802.875     3.897302   2.947174  11.952682     354.436 1
329.413447  -7.762596   0.059699  0.000023  17897.310     6.895227   2.947676  11.954718     443.682 1
329.189464  -7.535899   0.056350  0.000200  16893.305    59.958492   2.948919  11.959759    -505.163 1
330.711365  -8.458828   0.065409  0.000010  19609.125     2.997925   2.950717  11.967052    2061.452 1
329.347570  -7.705278   0.059571  0.000033  17858.937     9.893151   2.951169  11.968885     407.417 1
329.489965  -7.835485   0.056095  0.000140  16816.858    41.970944   2.951638  11.970786    -577.410 1
329.456702  -7.807381   0.058890  0.000230  17654.778    68.952265   2.952139  11.972816     214.475 1
329.291121  -7.651152   0.062080  0.000011  18611.116     3.297717   2.952706  11.975119    1118.272 1
329.016982  -7.327223   0.057806  0.000010  17329.803     2.997925   2.952985  11.976250     -92.646 1
329.507292  -7.854022   0.059689  0.000029  17894.312     8.693981   2.954611  11.982845     440.849 1
328.635021  -6.628393   0.068431  0.000150  20515.098    44.968869   2.957523  11.994653    2917.651 1
329.180939  -7.539395   0.056740  0.000210  17010.224    62.956416   2.957607  11.994993    -394.668 1
333.897705  -3.960109   0.052263  0.000150  15668.053    44.968869   2.958750  11.999629   -1663.101 1
329.442700  -7.804206   0.054505  0.000032  16340.188     9.593359   2.959002  12.000650   -1027.893 1
329.453261  -7.814658   0.056980  0.000270  17082.174    80.943964   2.959862  12.004141    -326.670 1
329.351936  -7.723818   0.055792  0.000223  16726.021    66.853718   2.961446  12.010562    -663.257 1
331.024404  -8.529532   0.063448  0.000012  19021.232     3.597509   2.962317  12.014096    1505.857 1
329.793128  -8.075329   0.052436  0.000013  15719.917     3.897302   2.962751  12.015856   -1614.086 1
329.595057  -7.937774   0.068524  0.000019  20542.978     5.696057   2.964914  12.024629    2944.000 1
328.764929  -6.941420   0.061670  0.000016  18488.201     4.796679   2.965343  12.026369    1002.110 1
329.179694  -7.549972   0.056237  0.000013  16859.428     3.897302   2.965508  12.027038    -537.179 1
328.667497  -6.735533   0.068417  0.000150  20510.901    44.968869   2.966845  12.032459    2913.684 1
329.207860  -7.584420   0.056185  0.000028  16843.839     8.394189   2.967504  12.035134    -551.911 1
329.415317  -7.792919   0.055425  0.000133  16615.997    39.872397   2.968812  12.040438    -767.236 1
329.142409  -7.517085   0.055370  0.000320  16599.508    95.933587   2.972100  12.053774    -782.819 1
329.263042  -7.650722   0.056370  0.000090  16899.301    26.981321   2.972513  12.055449    -499.497 1
329.406040  -7.793102   0.060400  0.000333  18107.464    99.830889   2.975156  12.066167     642.291 1
332.997395  -8.121355   0.056008  0.000014  16790.776     4.197094   2.976462  12.071462    -602.059 1
329.543416  -7.919625   0.062083  0.000137  18612.015    41.071567   2.982474  12.095847    1119.122 1
329.527038  -7.906573   0.061437  0.000021  18418.349     6.295642   2.982568  12.096225     936.096 1
329.306849  -7.712863   0.054885  0.000284  16454.109    85.141058   2.984999  12.106085    -920.230 1
329.502358  -7.889942   0.057889  0.000012  17354.686     3.597509   2.985320  12.107387     -69.131 1
329.617603  -7.982677   0.060902  0.000033  18257.960     9.893151   2.987026  12.114309     784.519 1
329.389478  -7.794193   0.056743  0.000013  17011.123     3.897302   2.987083  12.114537    -393.818 1
329.198834  -7.604183   0.055995  0.000050  16786.879    14.989623   2.987438  12.115978    -605.743 1
329.411422  -7.815919   0.058684  0.000290  17593.021    86.939813   2.988483  12.120215     156.110 1
329.694968  -8.041715   0.055960  0.000370  16776.386    99.990000   2.989619  12.124822    -615.659 1
329.445958  -7.847912   0.053637  0.000120  16079.968    35.975095   2.989668  12.125022   -1273.816 1
329.280263  -7.693426   0.054938  0.000150  16469.998    44.968869   2.990005  12.126388    -905.214 1
328.422208  -5.349222   0.056162  0.000150  16836.944    44.968869   2.992258  12.135528    -558.428 1
329.377732  -7.790918   0.058230  0.000100  17456.915    29.979246   2.992593  12.136886      27.482 1
329.170663  -7.582605   0.055972  0.000049  16779.983    14.689830   2.993851  12.141987    -612.259 1
329.582420  -7.965209   0.061190  0.000180  18344.301    53.962642   2.994315  12.143867     866.116 1
329.124136  -7.530964   0.060047  0.000017  18001.638     5.096472   2.994947  12.146430     542.278 1
329.208317  -7.626217   0.061216  0.000010  18352.095     2.997925   2.995375  12.148167     873.482 1
329.404111  -7.820556   0.057380  0.000018  17202.091     5.396264   2.996796  12.153932    -213.342 1
329.461128  -7.870528   0.059085  0.000006  17713.237     1.798755   2.996923  12.154446     269.723 1
329.531199  -7.929256   0.059246  0.000016  17761.504     4.796679   2.997597  12.157181     315.337 1
330.959728  -8.557521   0.065020  0.000012  19492.506     3.597509   2.999189  12.163637    1951.239 1
329.372585  -7.795620   0.057954  0.000015  17374.172     4.496887   2.999523  12.164991     -50.715 1
329.421474  -7.841799   0.056396  0.000143  16907.095    42.870321   3.001144  12.171566    -492.130 1
329.460657  -7.878304   0.058504  0.000030  17539.058     8.993774   3.003140  12.179660     105.112 1
329.162510  -7.588747   0.056740  0.000180  17010.224    53.962642   3.003996  12.183132    -394.668 1
329.634112  -8.017964   0.057470  0.000130  17229.073    38.973020   3.005588  12.189590    -187.843 1
329.394000  -7.825000   0.056466  0.000333  16928.081    99.830889   3.006835  12.194646    -472.298 1
328.771059  -7.043857   0.069010  0.000008  20688.678     2.398340   3.007948  12.199160    3081.694 1
329.430874  -7.859802   0.059417  0.000006  17812.768     1.798755   3.008496  12.201380     363.786 1
329.357044  -7.793510   0.058300  0.000017  17477.900     5.096472   3.008502  12.201406      47.315 1
332.397083  -2.745833   0.055385  0.000150  16604.005    44.968869   3.009362  12.204896    -778.569 1
329.365144  -7.803557   0.061279  0.000067  18370.982    20.086095   3.010378  12.209016     891.331 1
328.993471  -7.393554   0.069440  0.000190  20817.588    56.960567   3.011138  12.212099    3203.523 1
328.571299  -6.612058   0.069108  0.000150  20718.057    44.968869   3.011447  12.213352    3109.460 1
330.972278  -8.574864   0.065161  0.000006  19534.776     1.798755   3.014465  12.225589    1991.188 1
329.341207  -7.787608   0.056318  0.000019  16883.712     5.696057   3.014976  12.227661    -514.230 1
330.933642  -8.569777   0.063071  0.000025  18908.210     7.494811   3.015351  12.229182    1399.045 1
329.329925  -7.778741   0.055085  0.000007  16514.068     2.098547   3.016256  12.232855    -863.566 1
329.351179  -7.798976   0.058457  0.000093  17524.968    27.880699   3.016481  12.233764      91.796 1
329.199717  -7.649636   0.055602  0.000073  16669.060    21.884849   3.017576  12.238209    -717.088 1
333.038210  -8.145864   0.055918  0.000024  16763.795     7.195019   3.018797  12.243158    -627.558 1
330.748193  -8.538027   0.064485  0.000009  19332.117     2.698132   3.019376  12.245505    1799.662 1
329.516095  -7.945656   0.061686  0.000187  18492.998    56.061190   3.019798  12.247219    1006.643 1
329.446028  -7.890762   0.057847  0.000030  17342.094     8.993774   3.022068  12.256425     -81.030 1
329.632348  -8.037185   0.057255  0.000018  17164.617     5.396264   3.022148  12.256749    -248.757 1
329.412710  -7.863065   0.056460  0.000310  16926.282    92.935662   3.022864  12.259651    -473.998 1
329.356729  -7.824028   0.058837  0.000023  17638.889     6.895227   3.031104  12.293072     199.459 1
329.240865  -7.714488   0.059399  0.000011  17807.372     3.297717   3.032734  12.299684     358.686 1
329.339175  -7.812970   0.058661  0.000017  17586.125     5.096472   3.034863  12.308316     149.594 1
332.845473  -8.275822   0.056498  0.000011  16937.674     3.297717   3.035117  12.309348    -463.232 1
329.210158  -7.686394   0.055229  0.000016  16557.238     4.796679   3.035210  12.309724    -822.767 1
329.542179  -3.200664   0.055101  0.000150  16518.864    44.968869   3.035285  12.310027    -859.033 1
329.221099  -7.704795   0.054915  0.000020  16463.103     5.995849   3.040085  12.329495    -911.731 1
329.320365  -7.803416   0.052866  0.000047  15848.828    14.090246   3.040709  12.332026   -1492.257 1
330.752003  -8.562363   0.065292  0.000009  19574.049     2.698132   3.042285  12.338418    2028.303 1
329.177107  -7.662092   0.055470  0.000008  16629.488     2.398340   3.042540  12.339451    -754.487 1
329.426592  -7.905453   0.061739  0.000017  18508.887     5.096472   3.045808  12.352704    1021.659 1
329.541022  -7.999604   0.058828  0.000036  17636.191    10.792528   3.046729  12.356442     196.909 1
329.235450  -7.729255   0.058280  0.000284  17471.904    85.141058   3.046922  12.357224      41.648 1
329.322076  -7.813740   0.058184  0.000017  17443.124     5.096472   3.047055  12.357762      14.449 1
329.381480  -7.868691   0.056032  0.000047  16797.971    14.090246   3.047679  12.360295    -595.260 1
328.854965  -3.924154   0.055889  0.000150  16755.101    44.968869   3.049057  12.365884    -635.775 1
329.188849  -7.684764   0.055137  0.000007  16529.657     2.098547   3.049485  12.367620    -848.833 1
329.533277  -7.997497   0.058824  0.000024  17634.992     7.195019   3.049802  12.368904     195.776 1
333.387230  -3.255970   0.055511  0.000017  16641.779     5.096472   3.049806  12.368919    -742.871 1
329.255070  -7.756385   0.055767  0.000012  16718.526     3.597509   3.052194  12.378605    -670.340 1
329.487233  -7.966138   0.058367  0.000183  17497.986    54.862020   3.053780  12.385037      66.297 1
329.587853  -8.044982   0.061950  0.000050  18572.143    14.989623   3.054664  12.388623    1081.440 1
329.111193  -7.608826   0.060242  0.000100  18060.097    29.979246   3.055569  12.392294     597.526 1
329.359629  -7.860463   0.056044  0.000017  16801.569     5.096472   3.056081  12.394371    -591.860 1
329.285848  -7.791914   0.058897  0.000067  17656.876    20.086095   3.056120  12.394526     216.458 1
331.211601  -8.642952   0.063144  0.000010  18930.095     2.997925   3.056583  12.396407    1419.727 1
329.469663  -7.959198   0.054975  0.000297  16481.090    89.038360   3.059448  12.408024    -894.731 1
329.315333  -7.827821   0.055678  0.000107  16691.844    32.077793   3.061915  12.418030    -695.556 1
329.341549  -7.856872   0.056046  0.000018  16802.168     5.396264   3.065524  12.432667    -591.293 1
329.314359  -7.832736   0.060872  0.000127  18248.967    38.073642   3.066166  12.435270     776.019 1
329.310056  -7.831679   0.059360  0.000250  17795.680    74.948115   3.068321  12.444012     347.636 1
329.292231  -7.815747   0.059229  0.000017  17756.407     5.096472   3.068925  12.446462     310.521 1
329.273222  -7.798082   0.061886  0.000287  18552.956    86.040435   3.069289  12.447936    1063.308 1
329.255632  -7.781449   0.060130  0.000011  18026.520     3.297717   3.069615  12.449259     565.794 1
329.155341  -7.678664   0.055268  0.000103  16568.930    30.878623   3.069693  12.449575    -811.718 1
329.445099  -7.952385   0.062680  0.000210  18790.991    62.956416   3.069768  12.449877    1288.266 1
331.050084  -8.643331   0.063952  0.000011  19172.327     3.297717   3.071992  12.458900    1648.651 1
329.351434  -7.875173   0.061560  0.000190  18455.224    56.960567   3.072465  12.460819     970.945 1
329.437701  -7.950515   0.056331  0.000016  16887.609     4.796679   3.073049  12.463187    -510.546 1
329.287723  -7.818137   0.051849  0.000027  15543.939     8.094396   3.073751  12.466031   -1780.396 1
329.247907  -7.783333   0.056826  0.000157  17036.006    47.067416   3.076353  12.476585    -370.302 1
328.972203  -7.475688   0.070004  0.000020  20986.671     5.995849   3.077670  12.481925    3363.317 1
329.249214  -7.790010   0.060870  0.000240  18248.367    71.950190   3.080198  12.492178     775.453 1
329.125752  -7.664977   0.054950  0.000600  16473.596    99.990000   3.082152  12.500102    -901.814 1
329.079704  -7.619493   0.060370  0.000340  18098.471    99.990000   3.086186  12.516465     633.792 1
329.126476  -7.671991   0.055161  0.000008  16536.852     2.398340   3.086338  12.517079    -842.033 1
329.296610  -7.843840   0.065240  0.000170  19558.460    50.964718   3.086346  12.517114    2013.570 1
329.199206  -7.750936   0.054484  0.000017  16333.892     5.096472   3.087861  12.523256   -1033.842 1
329.206305  -7.758993   0.055363  0.000008  16597.410     2.398340   3.088455  12.525665    -784.802 1
328.366375  -5.035611   0.066663  0.000150  19985.065    44.968869   3.088623  12.526350    2416.737 1
328.623414  -6.937577   0.067797  0.000018  20325.029     5.396264   3.089778  12.531032    2738.025 1
329.299112  -7.853414   0.058849  0.000018  17642.486     5.396264   3.091635  12.538563     202.859 1
329.123312  -7.680143   0.055365  0.000057  16598.009    17.088170   3.094158  12.548797    -784.236 1
329.124240  -7.681872   0.061746  0.000157  18510.985    47.067416   3.094643  12.550763    1023.643 1
329.268679  -7.829071   0.061536  0.000097  18448.029    29.079868   3.094749  12.551192     964.145 1
329.132713  -7.691669   0.056446  0.000053  16922.085    15.889000   3.095059  12.552451    -477.964 1
329.268319  -7.831310   0.062096  0.000213  18615.912    63.855794   3.096614  12.558758    1122.805 1
329.339770  -7.898837   0.057340  0.000150  17190.100    44.968869   3.097822  12.563656    -224.674 1
329.243769  -7.811954   0.061358  0.000014  18394.666     4.197094   3.099667  12.571141     913.714 1
331.008790  -8.666902   0.064638  0.000022  19377.985     6.595434   3.100536  12.574663    1843.010 1
329.380130  -7.938781   0.054477  0.000026  16331.794     7.794604   3.101237  12.577506   -1035.826 1
328.823763  -3.870777   0.055208  0.000150  16550.942    44.968869   3.104388  12.590286    -828.717 1
333.856545  -3.654904   0.056009  0.000103  16791.076    30.878623   3.105453  12.594603    -601.776 1
329.118150  -7.691341   0.054990  0.000190  16485.587    56.960567   3.105507  12.594825    -890.481 1
329.343428  -7.913576   0.058060  0.000340  17405.950    99.990000   3.106385  12.598385     -20.683 1
329.257110  -7.839559   0.062034  0.000013  18597.325     3.897302   3.110287  12.614210    1105.239 1
329.131866  -7.720100   0.054850  0.000100  16443.616    29.979246   3.115020  12.633406    -930.146 1
329.346754  -7.930309   0.057567  0.000028  17258.152     8.394189   3.116712  12.640268    -160.360 1
328.969685  -7.538662   0.056220  0.000100  16854.332    29.979246   3.118542  12.647690    -541.995 1
329.242426  -7.840052   0.059770  0.000200  17918.595    59.958492   3.120768  12.656718     463.798 1
329.320109  -7.914004   0.057797  0.000014  17327.105     4.197094   3.122182  12.662453     -95.196 1
329.208403  -7.811807   0.061543  0.000015  18450.127     4.496887   3.124245  12.670817     966.128 1
329.294338  -7.895646   0.057962  0.000017  17376.570     5.096472   3.125852  12.677337     -48.448 1
329.321123  -7.920226   0.055331  0.000026  16587.816     7.794604   3.126136  12.678487    -793.869 1
329.394246  -7.985800   0.051676  0.000043  15492.075    12.891076   3.127880  12.685560   -1829.411 1
329.249378  -7.857539   0.065252  0.000057  19562.057    17.088170   3.128602  12.688490    2016.970 1
329.100404  -7.718894   0.060682  0.000317  18192.006    95.034209   3.137154  12.723174     722.188 1
333.630700  -7.830009   0.060137  0.000017  18028.619     5.096472   3.138301  12.727823     567.777 1
329.241233  -7.863603   0.060898  0.000016  18256.761     4.796679   3.138585  12.728978     783.386 1
329.255880  -7.879970   0.056090  0.000019  16815.359     5.696057   3.140435  12.736479    -578.827 1
329.840099  -8.313774   0.052530  0.000280  15748.098    83.941888   3.141546  12.740985   -1587.454 1
329.203877  -7.832177   0.062480  0.000320  18731.033    95.933587   3.141901  12.742423    1231.601 1
331.818225  -8.711874   0.053463  0.000012  16027.804     3.597509   3.143783  12.750058   -1323.114 1
329.527617  -8.111797   0.057739  0.000014  17309.717     4.197094   3.144061  12.751187    -111.629 1
329.366562  -7.984981   0.058664  0.000474  17587.025    99.990000   3.145076  12.755301     150.444 1
329.012514  -7.633826   0.057150  0.000540  17133.139    99.990000   3.146210  12.759902    -278.506 1
329.347508  -7.970535   0.056279  0.000014  16872.020     4.197094   3.146495  12.761058    -525.279 1
329.120656  -7.754479   0.056179  0.000014  16842.040     4.197094   3.146693  12.761858    -553.611 1
328.716625  -3.957583   0.055618  0.000150  16673.857    44.968869   3.147672  12.765829    -712.555 1
328.493733  -6.792368   0.048860  0.000150  14647.859    44.968869   3.148364  12.768637   -2627.246 1
329.036036  -7.668997   0.057834  0.000013  17338.197     3.897302   3.151481  12.781278     -84.713 1
329.262418  -7.901815   0.057590  0.000150  17265.048    44.968869   3.151942  12.783149    -153.844 1
329.255086  -7.904237   0.056609  0.000013  16970.951     3.897302   3.158687  12.810502    -431.783 1
329.143607  -7.799172   0.063874  0.000093  19148.943    27.880699   3.161153  12.820502    1626.552 1
328.668860  -7.175569   0.069234  0.000025  20755.831     7.494811   3.161264  12.820956    3145.159 1
330.674774  -2.516457   0.049444  0.000150  14822.938    44.968869   3.164712  12.834939   -2461.786 1
329.287801  -7.944533   0.059238  0.000314  17759.106    94.134832   3.166386  12.841729     313.071 1
329.088492  -7.749993   0.056876  0.000140  17050.996    41.970944   3.166979  12.844134    -356.136 1
332.214420  -8.660086   0.068454  0.000008  20521.993     2.398340   3.167342  12.845603    2924.167 1
329.154947  -7.820189   0.068220  0.000110  20451.841    32.977170   3.167817  12.847531    2857.870 1
329.129638  -7.806703   0.068440  0.000110  20517.796    32.977170   3.176369  12.882214    2920.201 1
329.222862  -7.901516   0.062070  0.000012  18608.118     3.597509   3.178661  12.891508    1115.439 1
334.083150  -7.348655   0.059117  0.000004  17722.831     1.199170   3.180047  12.897132     278.789 1
329.298905  -7.974023   0.054380  0.000200  16302.714    59.958492   3.181005  12.901017   -1063.308 1
329.318490  -7.992289   0.056955  0.000028  17074.679     8.394189   3.181860  12.904484    -333.753 1
328.634154  -7.156676   0.059182  0.000005  17742.317     1.498962   3.181889  12.904603     297.205 1
329.278534  -7.964187   0.055990  0.000250  16785.380    74.948115   3.187164  12.925996    -607.159 1
329.329918  -8.012747   0.054208  0.000015  16251.150     4.496887   3.189889  12.937045   -1112.039 1
329.345819  -8.028691   0.052710  0.000013  15802.060     3.897302   3.191747  12.944580   -1536.456 1
329.596927  -8.221635   0.056810  0.000300  17031.210    89.937737   3.193044  12.949844    -374.835 1
329.216232  -7.923441   0.056662  0.000203  16986.840    60.857869   3.199135  12.974543    -416.767 1
329.094162  -7.804992   0.061225  0.000007  18354.793     2.098547   3.200605  12.980505     876.032 1
331.136423  -8.785560   0.066312  0.000007  19879.837     2.098547   3.204573  12.996600    2317.291 1
329.099497  -7.819109   0.062420  0.000060  18713.045    17.987547   3.206552  13.004625    1214.602 1
328.301167  -4.781139   0.066936  0.000150  20066.908    44.968869   3.207290  13.007618    2494.084 1
329.775768  -8.357627   0.059039  0.000032  17699.447     9.593359   3.211716  13.025567     256.690 1
329.143575  -7.871512   0.063050  0.000015  18901.914     4.496887   3.212072  13.027012    1393.095 1
328.613901  -7.185858   0.066385  0.000015  19901.722     4.496887   3.213820  13.034104    2337.974 1
329.276112  -8.002228   0.053173  0.000163  15940.864    48.866171   3.217160  13.047647   -1405.278 1
329.230639  -7.962773   0.052970  0.000050  15880.007    14.989623   3.218175  13.051764   -1462.792 1
331.037144  -8.789020   0.065993  0.000006  19784.204     1.798755   3.218180  13.051784    2226.912 1
329.331328  -8.051226   0.054010  0.000220  16191.791    65.954341   3.218265  13.052130   -1168.137 1
332.047148  -8.751596   0.064019  0.000018  19192.413     5.396264   3.219591  13.057506    1667.634 1
331.221458  -8.810827   0.063953  0.000011  19172.627     3.297717   3.223483  13.073294    1648.935 1
329.238268  -7.978120   0.058821  0.000314  17634.092    94.134832   3.224376  13.076914     194.926 1
329.075638  -7.823958   0.059516  0.000016  17842.448     4.796679   3.227037  13.087704     391.834 1
328.657167  -3.899556   0.054761  0.000150  16416.935    44.968869   3.228439  13.093391    -955.362 1
328.690860  -7.341450   0.059276  0.000014  17770.498     4.197094   3.229035  13.095810     323.837 1
332.988654  -8.423574   0.064141  0.000018  19228.988     5.396264   3.232868  13.111354    1702.199 1
329.303434  -8.046878   0.053420  0.000090  16014.913    26.981321   3.232954  13.111704   -1335.297 1
334.416042  -4.337278   0.056436  0.000150  16919.087    44.968869   3.236668  13.126767    -480.798 1
331.342754  -8.832063   0.063271  0.000017  18968.169     5.096472   3.239616  13.138723    1455.709 1
329.120955  -7.892305   0.055220  0.000190  16554.540    56.960567   3.242690  13.151187    -825.317 1
332.135750  -8.756972   0.063125  0.000016  18924.399     4.796679   3.243119  13.152929    1414.344 1
332.127360  -8.759943   0.064032  0.000014  19196.311     4.197094   3.244192  13.157280    1671.317 1
331.446280  -2.337821   0.059873  0.000012  17949.474     3.597509   3.255624  13.203645     492.980 1
329.148301  -7.938033   0.058597  0.000015  17566.939     4.496887   3.256324  13.206482     131.461 1
332.207470  -8.757523   0.064568  0.000022  19356.999     6.595434   3.260103  13.221809    1823.178 1
331.907111  -8.819207   0.064025  0.000019  19194.212     5.696057   3.262285  13.230659    1669.334 1
328.543020  -7.161461   0.072035  0.000006  21595.550     1.798755   3.263488  13.235537    3938.744 1
331.236763  -8.855680   0.063517  0.000009  19041.918     2.698132   3.267374  13.251300    1525.406 1
329.091486  -7.908095   0.056200  0.000010  16848.336     2.997925   3.274582  13.280532    -547.662 1
331.903442  -8.837001   0.063528  0.000008  19045.215     2.398340   3.279342  13.299838    1528.523 1
331.732575  -8.859183   0.064321  0.000011  19282.951     3.297717   3.280753  13.305558    1753.197 1
331.107458  -8.859938   0.065813  0.000008  19730.241     2.398340   3.281267  13.307645    2175.914 1
330.615497  -2.409943   0.049274  0.000150  14771.974    44.968869   3.282233  13.311562   -2509.950 1
332.933010  -8.513950   0.056369  0.000010  16899.001     2.997925   3.286517  13.328934    -499.780 1
331.658583  -2.313028   0.056035  0.000120  16798.870    35.975095   3.288974  13.338900    -594.410 1
328.350775  -6.823084   0.068638  0.000006  20577.155     1.798755   3.291718  13.350030    2976.299 1
329.079201  -7.921011   0.056302  0.000015  16878.915     4.496887   3.292360  13.352634    -518.763 1
329.180807  -8.018904   0.059880  0.000038  17951.572    11.392113   3.293063  13.355483     494.964 1
328.986138  -7.826520   0.056130  0.000880  16827.351    99.990000   3.293717  13.358135    -567.494 1
328.930393  -7.767643   0.056960  0.000350  17076.178    99.990000   3.295570  13.365653    -332.337 1
329.053912  -7.911832   0.057480  0.000390  17232.070    99.990000   3.303760  13.398866    -185.009 1
331.788639  -8.880106   0.064091  0.000009  19213.998     2.698132   3.307326  13.413330    1688.033 1
328.608169  -7.367140   0.057867  0.000014  17348.090     4.197094   3.312217  13.433165     -75.364 1
329.113186  -7.982732   0.057664  0.000021  17287.232     6.295642   3.312766  13.435390    -132.878 1
329.075973  -7.947077   0.055852  0.000143  16744.008    42.870321   3.313100  13.436748    -646.258 1
328.973022  -7.848896   0.057990  0.000280  17384.965    83.941888   3.318492  13.458614     -40.515 1
329.249521  -8.116325   0.059770  0.000190  17918.595    56.960567   3.320602  13.467173     463.798 1
328.736417  -7.570639   0.059410  0.000014  17810.670     4.197094   3.322102  13.473257     361.802 1
329.191801  -8.069088   0.059491  0.000130  17834.953    38.973020   3.322892  13.476459     384.751 1
332.239042  -2.369028   0.053177  0.000150  15942.064    44.968869   3.326048  13.489258   -1404.144 1
331.161830  -2.272407   0.044059  0.000016  13208.556     4.796679   3.330753  13.508341   -3987.475 1
330.633357  -2.351669   0.050092  0.000011  15017.204     3.297717   3.334571  13.523825   -2278.193 1
328.739269  -7.597550   0.069665  0.000014  20885.042     4.197094   3.335920  13.529297    3267.270 1
328.370120  -6.981973   0.071889  0.000011  21551.780     3.297717   3.336801  13.532870    3897.379 1
328.238721  -6.658503   0.057436  0.000150  17218.880    44.968869   3.339337  13.543155    -197.475 1
331.240723  -8.927974   0.057869  0.000010  17348.690     2.997925   3.339348  13.543200     -74.797 1
333.872792  -3.315971   0.055568  0.000150  16658.867    44.968869   3.339375  13.543309    -726.721 1
329.439972  -8.291639   0.057260  0.000170  17166.116    50.964718   3.340550  13.548075    -247.340 1
334.460417  -4.173528   0.057103  0.000150  17119.049    44.968869   3.343595  13.560422    -291.822 1
333.016200  -8.541096   0.069551  0.000010  20850.865     2.997925   3.349164  13.583008    3234.972 1
328.981691  -7.908426   0.057470  0.000240  17229.073    71.950190   3.352992  13.598532    -187.843 1
328.397233  -7.084419   0.058495  0.000012  17536.360     3.597509   3.356522  13.612852     102.563 1
329.113307  -8.044793   0.059348  0.000137  17792.083    41.071567   3.357721  13.617714     344.236 1
331.713651  -8.942623   0.065785  0.000010  19721.847     2.997925   3.362127  13.635582    2167.981 1
331.122809  -8.943666   0.062776  0.000010  18819.771     2.997925   3.363258  13.640170    1315.464 1
333.512445  -8.234047   0.064585  0.000015  19362.096     4.496887   3.363816  13.642434    1827.994 1
331.155953  -8.949390   0.063341  0.000018  18989.154     5.396264   3.366237  13.652250    1475.541 1
329.121188  -8.064987   0.055160  0.000140  16536.552    41.970944   3.367162  13.656001    -842.317 1
332.624458  -2.446806   0.048941  0.000150  14672.143    44.968869   3.367568  13.657647   -2604.297 1
329.107587  -8.055266   0.057930  0.000170  17366.977    50.964718   3.369259  13.664507     -57.514 1
331.795057  -8.950214   0.063996  0.000006  19185.518     1.798755   3.377710  13.698781    1661.117 1
331.298323  -8.972656   0.064971  0.000017  19477.816     5.096472   3.381451  13.713954    1937.356 1
332.574486  -8.773309   0.066467  0.000012  19926.305     3.597509   3.381609  13.714595    2361.206 1
333.147640  -8.508199   0.068380  0.000007  20499.808     2.098547   3.384833  13.727668    2903.202 1
331.138185  -8.967509   0.063184  0.000012  18942.087     3.597509   3.385714  13.731242    1431.060 1
328.353258  -7.062113   0.070206  0.000017  21047.229     5.096472   3.386053  13.732617    3420.548 1
333.163170  -8.500625   0.068514  0.000007  20539.980     2.098547   3.386211  13.733257    2941.167 1
331.577589  -8.977165   0.066132  0.000012  19825.875     3.597509   3.387525  13.738588    2266.293 1
328.943930  -7.926327   0.057278  0.000037  17171.512    11.092321   3.392562  13.759014    -242.240 1
333.280840  -8.437663   0.069843  0.000007  20938.405     2.098547   3.394795  13.768072    3317.702 1
329.173370  -8.151825   0.054450  0.000160  16323.699    47.966793   3.397025  13.777115   -1043.475 1
329.069505  -8.061508   0.057080  0.000180  17112.154    53.962642   3.399775  13.788270    -298.338 1
329.088892  -8.082583   0.057410  0.000163  17211.085    48.866171   3.401926  13.796991    -204.842 1
329.161079  -8.153117   0.056290  0.000330  16875.317    98.931511   3.406055  13.813739    -522.163 1
329.697512  -8.538595   0.068898  0.000017  20655.101     5.096472   3.407218  13.818456    3049.962 1
332.589650  -2.387289   0.053207  0.000014  15951.057     4.197094   3.411255  13.834826   -1395.645 1
329.145046  -8.154550   0.057975  0.000009  17380.468     2.698132   3.417676  13.860870     -44.765 1
332.651083  -2.401028   0.048687  0.000150  14595.995    44.968869   3.419793  13.869456   -2676.261 1
332.436870  -8.871925   0.065601  0.000024  19666.685     7.195019   3.431601  13.917344    2115.849 1
331.266857  -9.024072   0.063935  0.000012  19167.231     3.597509   3.434071  13.927363    1643.835 1
328.220318  -6.882277   0.070519  0.000015  21141.064     4.496887   3.434273  13.928181    3509.227 1
329.033779  -8.075779   0.059163  0.000030  17736.621     8.993774   3.434625  13.929610     291.822 1
328.699742  -7.724921   0.059645  0.000150  17881.121    44.968869   3.444780  13.970792     428.383 1
330.186917  -8.813088   0.068327  0.000016  20483.919     4.796679   3.445267  13.972768    2888.185 1
328.356382  -7.200781   0.059987  0.000008  17983.650     2.398340   3.445717  13.974594     525.279 1
331.292405  -9.037155   0.064138  0.000020  19228.089     5.995849   3.446120  13.976229    1701.349 1
328.193186  -6.859628   0.070673  0.000018  21187.232     5.396264   3.450942  13.995783    3552.859 1
329.003542  -8.072209   0.056771  0.000041  17019.518    12.291491   3.452927  14.003834    -385.885 1
328.674491  -7.710480   0.068123  0.000011  20422.762     3.297717   3.455690  14.015040    2830.388 1
328.691887  -7.736002   0.059684  0.000015  17892.813     4.496887   3.457780  14.023515     439.433 1
331.370347  -9.051772   0.064527  0.000008  19344.708     2.398340   3.458778  14.027563    1811.561 1
331.274818  -9.049392   0.062294  0.000013  18675.271     3.897302   3.459030  14.028585    1178.903 1
331.681750  -9.043353   0.066758  0.000022  20013.545     6.595434   3.459937  14.032265    2443.653 1
331.681699  -9.043743   0.066530  0.000010  19945.192     2.997925   3.460322  14.033827    2379.056 1
330.946995  -9.023990   0.044208  0.000013  13253.225     3.897302   3.462640  14.043227   -3945.260 1
328.966780  -8.050396   0.059040  0.000070  17699.747    20.985472   3.462985  14.044626     256.973 1
332.762490  -8.789372   0.067903  0.000017  20356.807     5.096472   3.464555  14.050994    2768.057 1
328.300682  -7.135699   0.049137  0.000007  14730.902     2.098547   3.465393  14.054394   -2548.766 1
328.940015  -8.027661   0.058390  0.000170  17504.882    50.964718   3.465801  14.056046      72.814 1
329.082256  -8.165194   0.055490  0.000250  16635.483    74.948115   3.467257  14.061953    -748.820 1
328.379411  -7.290265   0.058743  0.000011  17610.708     3.297717   3.468353  14.066398     172.826 1
332.931720  -8.719561   0.068389  0.000019  20502.506     5.696057   3.469960  14.072914    2905.751 1
328.284706  -7.115748   0.069942  0.000015  20968.084     4.496887   3.470842  14.076489    3345.751 1
334.318864  -3.661155   0.056519  0.000150  16943.970    44.968869   3.473328  14.086572    -457.282 1
328.617441  -7.665496   0.049452  0.000014  14825.337     4.197094   3.473717  14.088152   -2459.519 1
331.218244  -9.066112   0.063168  0.000016  18937.290     4.796679   3.478511  14.107595    1426.527 1
329.102456  -8.200051   0.060295  0.000103  18075.986    30.878623   3.479840  14.112986     612.542 1
329.103036  -8.201008   0.060122  0.000013  18024.122     3.897302   3.480175  14.114343     563.528 1
329.021081  -8.131313   0.057540  0.000130  17250.058    38.973020   3.483620  14.128315    -168.010 1
332.966470  -8.720716   0.067776  0.000008  20318.734     2.398340   3.486143  14.138547    2732.075 1
328.023486  -4.718379   0.062550  0.000150  18752.018    44.968869   3.490546  14.156404    1251.434 1
329.035013  -8.157115   0.055563  0.000012  16657.368     3.597509   3.493031  14.166480    -728.138 1
333.536917  -2.801361   0.054664  0.000150  16387.855    44.968869   3.498437  14.188405    -982.844 1
328.272917  -4.032028   0.066286  0.000150  19872.043    44.968869   3.498568  14.188938    2309.925 1
328.464803  -7.490479   0.057259  0.000011  17165.816     3.297717   3.498877  14.190192    -247.624 1
328.993456  -8.129119   0.052020  0.000730  15595.204    99.990000   3.500921  14.198480   -1731.948 1
328.224813  -7.067183   0.070966  0.000103  21275.072    30.878623   3.503802  14.210166    3635.872 1
328.542858  -7.617038   0.057601  0.000011  17268.345     3.297717   3.505372  14.216534    -150.727 1
332.915310  -8.766961   0.068521  0.000014  20542.079     4.197094   3.505755  14.218087    2943.150 1
331.364392  -9.101256   0.064150  0.000024  19231.686     7.195019   3.508343  14.228583    1704.749 1
332.515840  -8.929323   0.069060  0.000015  20703.667     4.496887   3.510128  14.235822    3095.861 1
328.129340  -6.861552   0.058586  0.000010  17563.641     2.997925   3.510823  14.238641     128.345 1
334.576952  -4.022604   0.057073  0.000150  17110.055    44.968869   3.513773  14.250606    -300.321 1
328.271170  -7.185259   0.058965  0.000010  17677.262     2.997925   3.513893  14.251090     235.724 1
329.471208  -2.656722   0.055161  0.000150  16536.852    44.968869   3.518607  14.270208    -842.033 1
328.095641  -6.796784   0.058583  0.000006  17562.742     1.798755   3.519448  14.273620     127.495 1
329.465446  -2.658092   0.055345  0.000007  16592.014     2.098547   3.520627  14.278400    -789.902 1
