156.963681 -43.903801   0.009354  0.000019   2804.259     5.696057   0.000014   0.000009       0.000 0
157.305723 -44.122706   0.010012  0.000018   3001.522     5.396264   0.329617   0.228061     195.435 0
157.138311 -44.243570   0.008499  0.000333   2547.936    99.830889   0.362314   0.250684    -253.947 0
157.107237 -44.271526   0.008923  0.000020   2675.048     5.995849   0.381992   0.264299    -128.013 0
156.467833 -43.748000   0.009417  0.000150   2823.146    44.968869   0.389768   0.269679      18.712 0
157.467438 -43.538828   0.009823  0.000333   2944.861    99.830889   0.514718   0.356132     139.300 0
157.254674 -44.402731   0.009053  0.000127   2714.021    38.073642   0.541188   0.374447     -89.401 0
156.197888 -43.964331   0.009623  0.000063   2884.903    18.886925   0.555082   0.384060      79.897 0
157.394034 -44.377459   0.019190  0.000150   5753.017    44.968869   0.566117   0.391695    2921.432 1
157.564189 -44.307926   0.010284  0.000150   3083.066    44.968869   0.592038   0.409629     276.223 0
157.520712 -44.453710   0.009753  0.000150   2923.876    44.968869   0.680784   0.471033     118.509 0
157.853422 -44.236966   0.015194  0.000150   4555.047    44.968869   0.722457   0.499866    1734.563 1
157.508750 -44.821944   0.009146  0.000333   2741.902    99.830889   0.998604   0.690932     -61.779 0
156.177583 -42.803566   0.022676  0.000150   6798.094    44.968869   1.237467   0.856201    3956.823 1
158.656402 -43.445536   0.009954  0.000027   2984.134     8.094396   1.302855   0.901442     178.209 0
158.784500 -43.691806   0.009645  0.000023   2891.498     6.895227   1.328914   0.919472      86.431 0
155.747943 -42.827397   0.009467  0.000150   2838.135    44.968869   1.387785   0.960205      33.563 0
158.951899 -43.907048   0.020924  0.000150   6272.857    44.968869   1.432511   0.991151    3436.454 1
157.193633 -42.331967   0.019857  0.000150   5952.979    44.968869   1.580539   1.093571    3119.540 1
159.043346 -43.379242   0.020004  0.000150   5997.048    44.968869   1.587561   1.098430    3163.201 1
159.139875 -44.532667   0.009458  0.000023   2835.437     6.895227   1.689357   1.168862      30.889 0
157.917292 -45.483139   0.008886  0.000053   2663.956    15.889000   1.722316   1.191667    -139.003 0
156.772711 -45.666380   0.024690  0.000150   7401.876    44.968869   1.767944   1.223236    4555.010 1
159.084167 -44.890556   0.021128  0.000027   6334.015     8.094396   1.818759   1.258395    3497.045 1
159.386274 -43.368986   0.020934  0.000150   6275.855    44.968869   1.825573   1.263109    3439.424 1
156.558199 -45.735084   0.015159  0.000020   4544.554     5.995849   1.854444   1.283085    1724.167 1
159.547042 -43.752556   0.020264  0.000150   6074.994    44.968869   1.867446   1.292081    3240.425 1
159.323385 -43.118668   0.021762  0.000233   6524.083    69.851643   1.872697   1.295714    3685.352 1
159.150865 -42.852001   0.014874  0.000150   4459.113    44.968869   1.894631   1.310891    1639.518 1
159.421225 -43.203102   0.020244  0.000150   6068.999    44.968869   1.904262   1.317554    3234.484 1
157.425000 -42.027222   0.019133  0.000333   5735.929    99.830889   1.905784   1.318608    2904.502 1
159.529542 -44.453139   0.021565  0.000150   6465.024    44.968869   1.928594   1.334389    3626.840 1
159.430538 -44.705482   0.019527  0.000233   5854.047    69.851643   1.949804   1.349065    3021.525 1
157.423117 -41.909034   0.019217  0.000117   5761.112    35.075718   2.022044   1.399047    2929.451 1
159.455916 -44.835399   0.020271  0.000150   6077.093    44.968869   2.022931   1.399661    3242.504 1
154.507281 -42.890589   0.021478  0.000150   6438.942    44.968869   2.039365   1.411032    3601.000 1
157.115269 -41.848403   0.019503  0.000150   5846.852    44.968869   2.058296   1.424130    3014.397 1
154.090625 -43.510992   0.018066  0.000150   5416.051    44.968869   2.107005   1.457831    2587.588 1
155.793333 -41.959444   0.009203  0.000333   2758.990    99.830889   2.119340   1.466366     -44.849 0
159.488883 -44.993087   0.020464  0.000150   6134.953    44.968869   2.120563   1.467213    3299.828 1
156.642083 -41.776389   0.020005  0.000028   5997.348     8.394189   2.139994   1.480657    3163.498 1
159.553155 -44.986230   0.020751  0.000150   6220.993    44.968869   2.156977   1.492407    3385.071 1
159.430158 -45.184002   0.021005  0.000150   6297.141    44.968869   2.190202   1.515396    3460.512 1
158.838091 -45.648164   0.010044  0.000150   3011.115    44.968869   2.206055   1.526364     204.940 1
156.533146 -41.718880   0.019660  0.000150   5893.920    44.968869   2.206832   1.526902    3061.028 1
159.862084 -44.684817   0.020584  0.000150   6170.928    44.968869   2.229571   1.542635    3335.469 1
153.766667 -43.607500   0.010067  0.000019   3018.011     5.696057   2.322457   1.606902     211.771 1
159.806667 -45.089722   0.020702  0.000025   6206.303     7.494811   2.366905   1.637656    3370.517 1
159.954167 -44.928056   0.020104  0.000333   6027.028    99.830889   2.385708   1.650666    3192.903 1
157.798203 -46.251409   0.009670  0.000073   2898.993    21.884849   2.423383   1.676733      93.856 0
159.954833 -45.118194   0.020387  0.000150   6111.869    44.968869   2.473727   1.711565    3276.958 1
154.334721 -42.302315   0.023380  0.000150   7009.148    44.968869   2.480468   1.716230    4165.921 1
153.673422 -44.851232   0.003688  0.000021   1105.635     6.295642   2.552972   1.766395   -1682.882 1
153.379167 -43.818028   0.013986  0.000150   4192.897    44.968869   2.584098   1.787931    1375.770 1
153.376940 -43.716855   0.015724  0.000183   4713.937    54.862020   2.591032   1.792729    1891.980 1
153.390376 -43.455408   0.015127  0.000150   4534.961    44.968869   2.613352   1.808172    1714.663 1
154.107529 -42.245910   0.014557  0.000150   4364.079    44.968869   2.642630   1.828429    1545.365 1
153.571000 -42.681556   0.020117  0.000150   6030.925    44.968869   2.732994   1.890952    3196.764 1
159.869578 -45.702009   0.022065  0.000150   6614.921    44.968869   2.759916   1.909579    3775.347 1
160.425833 -42.715056   0.022536  0.000150   6756.123    44.968869   2.763253   1.911888    3915.241 1
160.604969 -44.885755   0.019710  0.000093   5908.909    27.880699   2.801297   1.938211    3075.879 1
160.860930 -44.044224   0.019747  0.000150   5920.002    44.968869   2.811483   1.945258    3086.868 1
154.114775 -45.848302   0.006398  0.000021   1918.072     6.295642   2.827459   1.956312    -877.974 1
159.314538 -41.627531   0.009255  0.000021   2774.579     6.295642   2.837310   1.963128     -29.404 0
160.917014 -44.223536   0.021311  0.000127   6388.877    38.073642   2.866272   1.983167    3551.399 1
159.764420 -45.950765   0.017836  0.000150   5347.098    44.968869   2.874390   1.988784    2519.274 1
158.600748 -46.559463   0.008986  0.000060   2693.935    17.987547   2.905817   2.010527    -109.301 0
158.925583 -41.201000   0.023850  0.000150   7150.050    44.968869   3.050122   2.110372    4305.518 1
153.134229 -45.237190   0.013729  0.000003   4115.851     0.899377   3.064450   2.120286    1299.437 1
161.311062 -43.726579   0.021285  0.000150   6381.082    44.968869   3.137306   2.170694    3543.676 1
154.732724 -41.203185   0.018166  0.000150   5446.030    44.968869   3.142794   2.174491    2617.289 1
159.314375 -46.584958   0.020401  0.000127   6116.066    38.073642   3.171299   2.194214    3281.116 1
154.000298 -41.555396   0.019862  0.000030   5954.478     8.993774   3.173933   2.196037    3121.025 1
159.855417 -46.311667   0.018456  0.000333   5532.970    99.830889   3.184146   2.203102    2703.423 1
160.220927 -46.092611   0.022225  0.000117   6662.887    35.075718   3.209142   2.220397    3822.870 1
160.246640 -46.102475   0.019840  0.000284   5947.882    85.141058   3.229423   2.234430    3114.491 1
160.141154 -46.194783   0.021100  0.000333   6325.621    99.830889   3.238800   2.240918    3488.729 1
160.019167 -46.285556   0.021775  0.000333   6527.981    99.830889   3.243343   2.244061    3689.213 1
158.743794 -40.912022   0.015888  0.000150   4763.103    44.968869   3.255106   2.252200    1940.691 1
160.657354 -45.799002   0.021125  0.000150   6333.116    44.968869   3.267153   2.260535    3496.154 1
152.757700 -45.167804   0.013366  0.000113   4007.026    33.876548   3.283489   2.271838    1191.621 1
160.614167 -45.889722   0.020411  0.000333   6119.064    99.830889   3.295714   2.280297    3284.086 1
160.069167 -46.326944   0.019777  0.000333   5928.995    99.830889   3.298190   2.282009    3095.779 1
160.516961 -46.004756   0.020874  0.000150   6257.868    44.968869   3.311849   2.291461    3421.603 1
160.715448 -45.850592   0.021548  0.000150   6459.928    44.968869   3.331222   2.304864    3621.791 1
160.526530 -46.036704   0.024130  0.000284   7233.992    85.141058   3.337508   2.309214    4388.682 1
152.365833 -43.315556   0.015336  0.000023   4597.617     6.895227   3.364608   2.327964    1776.739 1
160.468648 -46.144984   0.020480  0.000284   6139.750    85.141058   3.376420   2.336137    3304.580 1
155.459296 -40.704523   0.024520  0.000183   7350.911    54.862020   3.377910   2.337168    4504.517 1
160.403386 -46.204459   0.023957  0.000150   7182.128    44.968869   3.381576   2.339704    4337.298 1
155.348428 -47.083918   0.008936  0.000333   2678.945    99.830889   3.386386   2.343032    -124.152 1
152.321166 -43.331922   0.015274  0.000150   4579.030    44.968869   3.393503   2.347957    1758.324 1
153.019167 -42.042833   0.020106  0.000038   6027.627    11.392113   3.397128   2.350465    3193.497 1
159.457120 -41.014563   0.023283  0.000150   6980.068    44.968869   3.402232   2.353996    4137.111 1
159.937021 -46.548439   0.021935  0.000150   6575.948    44.968869   3.403459   2.354845    3736.735 1
159.975509 -46.526184   0.022729  0.000117   6813.983    35.075718   3.403807   2.355086    3972.565 1
160.360833 -46.287306   0.023560  0.000030   7063.110     8.993774   3.416445   2.363830    4219.384 1
154.781299 -40.863738   0.018062  0.000103   5414.851    30.878623   3.422648   2.368121    2586.400 1
152.280833 -43.324444   0.014806  0.000033   4438.727     9.893151   3.423409   2.368648    1619.321 1
160.673514 -46.083510   0.022219  0.000183   6661.089    54.862020   3.449021   2.386369    3821.088 1
152.307462 -43.002490   0.015077  0.000150   4519.971    44.968869   3.473807   2.403518    1699.812 1
152.177500 -44.402778   0.013403  0.000333   4018.118    99.830889   3.484394   2.410844    1202.610 1
160.348030 -46.410501   0.019363  0.000117   5804.881    35.075718   3.497067   2.419612    2972.815 1
160.101511 -46.573940   0.023633  0.000117   7084.995    35.075718   3.498700   2.420742    4241.066 1
155.803562 -47.338478   0.008933  0.000026   2678.046     7.794604   3.534928   2.445808    -125.043 1
161.520570 -45.327372   0.018286  0.000150   5482.005    44.968869   3.578586   2.476015    2652.931 1
160.781962 -46.212298   0.021065  0.000150   6315.128    44.968869   3.591321   2.484826    3478.333 1
158.110124 -47.441206   0.020691  0.000100   6203.006    29.979246   3.632564   2.513362    3367.250 1
162.007610 -43.611614   0.021385  0.000150   6411.062    44.968869   3.645890   2.522582    3573.378 1
155.571549 -40.398052   0.024397  0.000150   7314.037    44.968869   3.646420   2.522949    4467.984 1
159.918793 -46.882390   0.021765  0.000150   6524.983    44.968869   3.661327   2.533264    3686.243 1
160.270013 -46.691466   0.020731  0.000284   6214.997    85.141058   3.666883   2.537107    3379.130 1
155.165131 -40.392015   0.024033  0.000183   7204.912    54.862020   3.743252   2.589947    4359.871 1
155.101824 -40.402145   0.024297  0.000110   7284.057    32.977170   3.749825   2.594495    4438.283 1
157.750709 -40.178446   0.015224  0.000150   4564.040    44.968869   3.768262   2.607252    1743.473 1
153.346055 -41.119290   0.010978  0.000103   3291.122    30.878623   3.814119   2.638980     482.351 1
156.973873 -40.081226   0.024624  0.000150   7382.089    44.968869   3.822581   2.644834    4535.407 1
161.803750 -45.499722   0.018743  0.000333   5619.010    99.830889   3.835113   2.653506    2788.666 1
158.350448 -47.609715   0.020061  0.000100   6014.136    29.979246   3.838245   2.655672    3180.131 1
151.755583 -43.076222   0.020441  0.000063   6128.058    18.886925   3.842649   2.658720    3292.996 1
151.754429 -43.068584   0.025684  0.000233   7699.869    69.851643   3.845113   2.660424    4850.242 1
161.213122 -46.230344   0.021405  0.000150   6417.058    44.968869   3.845387   2.660614    3579.318 1
151.753720 -43.057568   0.020828  0.000150   6244.077    44.968869   3.848019   2.662435    3407.941 1
158.475647 -40.209115   0.016375  0.000183   4909.101    54.862020   3.851936   2.665145    2085.337 1
156.752285 -40.024674   0.016068  0.000150   4817.065    44.968869   3.882116   2.686026    1994.153 1
161.709518 -45.751158   0.019066  0.000083   5715.843    24.882774   3.886507   2.689064    2884.602 1
160.321166 -46.946086   0.018869  0.000284   5656.784    85.141058   3.886825   2.689285    2826.090 1
160.046833 -47.101139   0.010720  0.000024   3213.775     7.195019   3.893283   2.693753     405.721 1
160.045785 -47.111294   0.010330  0.000284   3096.856    85.141058   3.901197   2.699229     289.886 1
156.926824 -40.002534   0.008723  0.000133   2615.090    39.872397   3.901356   2.699339    -187.416 1
160.728804 -46.749826   0.020921  0.000284   6271.958    85.141058   3.931796   2.720400    3435.563 1
151.733089 -45.046504   0.013013  0.000025   3901.199     7.494811   3.938113   2.724771    1086.775 1
154.657320 -40.321494   0.025081  0.000113   7519.095    33.876548   3.948969   2.732282    4671.142 1
151.481504 -44.232401   0.011171  0.000113   3348.982    33.876548   3.963595   2.742402     539.675 1
152.626049 -41.453555   0.018553  0.000150   5562.049    44.968869   3.971297   2.747731    2732.234 1
151.468975 -44.227372   0.011106  0.000024   3329.495     7.195019   3.972178   2.748340     520.369 1
156.543057 -39.942916   0.009483  0.000150   2842.932    44.968869   3.972462   2.748537      38.315 1
151.440000 -44.118056   0.020968  0.000333   6286.048    99.830889   3.985617   2.757639    3449.523 1
157.788412 -39.944661   0.015724  0.000150   4713.937    44.968869   4.003482   2.769999    1891.980 1
156.793337 -39.882642   0.009493  0.000333   2845.930    99.830889   4.023031   2.783525      41.285 1
152.829086 -41.136837   0.025905  0.000150   7766.124    44.968869   4.065783   2.813105    4915.882 1
151.501067 -42.857256   0.010534  0.000150   3158.014    44.968869   4.072617   2.817834     350.477 1
157.385754 -39.840568   0.015586  0.000020   4672.565     5.995849   4.074595   2.819202    1850.992 1
155.665675 -39.916081   0.016846  0.000040   5050.304    11.991698   4.095921   2.833957    2225.230 1
156.369938 -39.827473   0.009213  0.000007   2761.988     2.098547   4.098715   2.835891     -41.879 1
157.552500 -39.826389   0.016008  0.000333   4799.078    99.830889   4.099421   2.836380    1976.332 1
162.106478 -45.691463   0.020192  0.000037   6053.409    11.092321   4.114087   2.846527    3219.040 1
151.465000 -45.018611   0.012922  0.000173   3873.918    51.864095   4.115701   2.847643    1059.747 1
156.529583 -39.790000   0.009203  0.000333   2758.990    99.830889   4.125674   2.854544     -44.849 1
153.845775 -40.407741   0.017379  0.000183   5210.093    54.862020   4.155611   2.875257    2383.539 1
151.287083 -44.775833   0.012765  0.000035   3826.851    10.492736   4.181961   2.893489    1013.115 1
157.948550 -39.759238   0.016114  0.000150   4830.856    44.968869   4.204868   2.909338    2007.816 1
162.461618 -42.461928   0.016608  0.000183   4978.953    54.862020   4.215533   2.916717    2154.541 1
162.150625 -45.945278   0.020347  0.000150   6099.877    44.968869   4.258443   2.946407    3265.077 1
151.083000 -44.425472   0.012455  0.000233   3733.915    69.851643   4.269068   2.953758     921.041 1
157.218750 -39.613889   0.015784  0.000333   4731.924    99.830889   4.293845   2.970901    1909.801 1
161.309354 -46.884460   0.016251  0.000284   4871.927    85.141058   4.322951   2.991039    2048.507 1
150.971250 -44.537417   0.011751  0.000063   3522.861    18.886925   4.363836   3.019327     711.943 1
153.082627 -47.294723   0.008430  0.000004   2527.250     1.199170   4.395206   3.041032    -274.441 1
151.713446 -41.641143   0.019744  0.000150   5919.102    44.968869   4.407886   3.049805    3085.977 1
151.711667 -41.641944   0.019507  0.000233   5848.051    69.851643   4.408575   3.050282    3015.585 1
161.101247 -40.641516   0.025521  0.000150   7651.003    44.968869   4.419230   3.057655    4801.828 1
161.112546 -40.629679   0.025851  0.000333   7749.935    99.830889   4.433460   3.067500    4899.843 1
152.576426 -40.788972   0.021758  0.000333   6522.884    99.830889   4.437839   3.070530    3684.164 1
160.486532 -40.260389   0.009807  0.000103   2940.065    30.878623   4.440382   3.072290     134.547 1
151.937375 -41.331583   0.019357  0.000013   5803.083     3.897302   4.442017   3.073420    2971.033 1
151.661000 -41.628972   0.019808  0.000333   5938.289    99.830889   4.446572   3.076572    3104.986 1
154.150833 -39.942778   0.010026  0.000021   3005.719     6.295642   4.449399   3.078528     199.594 1
157.644858 -39.446815   0.003212  0.000333    962.933    99.830889   4.483924   3.102416   -1824.261 1
162.278102 -41.554222   0.015764  0.000150   4725.928    44.968869   4.492457   3.108320    1903.861 1
161.180933 -40.586631   0.025875  0.000150   7757.130    44.968869   4.498480   3.112487    4906.971 1
157.939667 -48.358889   0.021378  0.000093   6408.963    27.880699   4.510243   3.120626    3571.299 1
151.447500 -41.714833   0.009762  0.000027   2926.574     8.094396   4.537382   3.139403     121.182 1
150.796833 -42.818139   0.015513  0.000029   4650.680     8.693981   4.573971   3.164719    1829.310 1
160.710375 -47.617639   0.003652  0.000019   1094.842     5.696057   4.591284   3.176698   -1693.575 1
157.669231 -39.296706   0.015577  0.000150   4669.867    44.968869   4.635054   3.206982    1848.319 1
163.156862 -45.162845   0.018750  0.000093   5621.109    27.880699   4.636428   3.207933    2790.745 1
157.942500 -39.298028   0.015824  0.000150   4743.916    44.968869   4.659451   3.223863    1921.682 1
152.452678 -40.564309   0.017616  0.000103   5281.144    30.878623   4.660053   3.224279    2453.931 1
152.722329 -40.343501   0.018680  0.000150   5600.123    44.968869   4.691954   3.246352    2769.954 1
151.673008 -41.118284   0.009093  0.000103   2726.013    30.878623   4.721252   3.266623     -77.521 1
153.697700 -39.806574   0.008563  0.000150   2567.123    44.968869   4.724899   3.269146    -234.938 1
162.940356 -41.861814   0.015844  0.000150   4749.912    44.968869   4.765833   3.297468    1927.622 1
150.348672 -43.759421   0.011841  0.000024   3549.842     7.195019   4.768348   3.299208     738.674 1
160.995278 -40.119227   0.016655  0.000103   4993.043    30.878623   4.770817   3.300917    2168.501 1
161.195125 -47.600972   0.020628  0.000150   6184.119    44.968869   4.792081   3.315629    3348.538 1
161.069845 -47.677091   0.020374  0.000153   6107.972    45.868246   4.794835   3.317534    3273.096 1
150.483309 -42.748211   0.020578  0.000113   6169.129    33.876548   4.810030   3.328048    3333.687 1
150.663368 -45.499364   0.011511  0.000167   3450.911    50.065340   4.811670   3.329183     640.660 1
155.759701 -39.166605   0.009583  0.000030   2872.911     8.993774   4.815968   3.332157      68.016 1
162.737917 -46.340722   0.019557  0.000150   5863.041    44.968869   4.821527   3.336003    3030.436 1
163.200192 -45.677374   0.009587  0.000013   2874.110     3.897302   4.830779   3.342404      69.204 1
151.345000 -41.267500   0.019884  0.000333   5961.073    99.830889   4.831028   3.342576    3127.559 1
151.040946 -41.621029   0.018850  0.000150   5651.088    44.968869   4.839579   3.348493    2820.447 1
163.060964 -46.015284   0.014847  0.000150   4451.019    44.968869   4.874195   3.372444    1631.499 1
150.680000 -42.089750   0.009966  0.000027   2987.732     8.094396   4.877343   3.374621     181.773 1
150.741703 -41.939519   0.024787  0.000150   7430.956    44.968869   4.894437   3.386449    4583.820 1
151.109333 -41.416083   0.019794  0.000028   5934.092     8.394189   4.897052   3.388258    3100.828 1
163.122500 -46.059722   0.014756  0.000035   4423.738    10.492736   4.933451   3.413442    1604.471 1
152.255083 -40.317444   0.017365  0.000333   5205.896    99.830889   4.936757   3.415730    2379.381 1
162.828447 -46.474795   0.019820  0.000150   5941.887    44.968869   4.946266   3.422309    3108.550 1
152.876449 -39.881152   0.018099  0.000333   5425.944    99.830889   4.985383   3.449374    2597.389 1
152.881591 -39.865995   0.018863  0.000150   5654.985    44.968869   4.995439   3.456332    2824.308 1
156.998458 -48.899528   0.018716  0.000083   5610.916    24.882774   4.995791   3.456575    2780.647 1
155.303208 -48.754333   0.017666  0.001001   5296.134    99.990000   4.995901   3.456652    2468.782 1
163.430417 -45.730556   0.019087  0.000333   5722.139    99.830889   5.004612   3.462679    2890.839 1
152.116621 -40.297293   0.018419  0.000150   5521.877    44.968869   5.020296   3.473530    2692.434 1
152.126912 -40.258348   0.018169  0.000150   5446.929    44.968869   5.043219   3.489391    2618.180 1
161.544711 -40.074740   0.015754  0.000150   4722.930    44.968869   5.055288   3.497741    1900.891 1
163.100500 -46.368444   0.019574  0.000021   5868.138     6.295642   5.062112   3.502463    3035.485 1
161.744621 -47.616499   0.021738  0.000284   6516.888    85.141058   5.064577   3.504168    3678.224 1
152.387500 -40.026667   0.017469  0.000333   5237.074    99.830889   5.089551   3.521448    2410.270 1
163.520014 -45.816783   0.018986  0.000083   5691.860    24.882774   5.096502   3.526257    2860.841 1
160.225375 -48.427306   0.003382  0.000333   1013.898    99.830889   5.097534   3.526972   -1773.769 1
163.261725 -46.228306   0.019217  0.000150   5761.112    44.968869   5.098489   3.527632    2929.451 1
163.539202 -45.831951   0.019597  0.000150   5875.033    44.968869   5.115018   3.539068    3042.316 1
152.094323 -40.176400   0.017312  0.000150   5190.007    44.968869   5.118834   3.541709    2363.639 1
152.068166 -40.181916   0.017219  0.000333   5162.126    99.830889   5.127764   3.547887    2336.017 1
152.166963 -40.093557   0.016772  0.000150   5028.119    44.968869   5.144161   3.559233    2203.251 1
150.989183 -41.052028   0.020548  0.000103   6160.135    30.878623   5.163602   3.572684    3324.777 1
157.755833 -49.046972   0.016098  0.000103   4826.059    30.878623   5.174742   3.580392    2003.064 1
152.759041 -39.693589   0.016305  0.000150   4888.116    44.968869   5.186870   3.588782    2064.546 1
161.705833 -39.997778   0.016545  0.000333   4960.066    99.830889   5.189514   3.590612    2135.829 1
157.301833 -49.094083   0.016428  0.000123   4924.991    36.874472   5.195998   3.595098    2101.078 1
156.855417 -49.103333   0.018564  0.000040   5565.347    11.991698   5.200118   3.597949    2735.501 1
156.832083 -49.116389   0.018319  0.000440   5491.898    99.990000   5.213452   3.607174    2662.732 1
152.417672 -39.839323   0.017375  0.000333   5208.894    99.830889   5.220005   3.611709    2382.351 1
156.823125 -49.127778   0.018319  0.000440   5491.898    99.990000   5.224960   3.615137    2662.732 1
155.330125 -49.026250   0.021918  0.001001   6570.851    99.990000   5.255932   3.636566    3731.686 1
152.423346 -39.789549   0.017712  0.000150   5309.924    44.968869   5.256309   3.636827    2482.445 1
155.896042 -38.655972   0.009357  0.000036   2805.158    10.792528   5.303909   3.669762       0.891 1
152.004897 -39.958636   0.018319  0.000150   5491.898    44.968869   5.322549   3.682658    2662.732 1
162.210000 -40.123056   0.016258  0.000333   4874.026    99.830889   5.346243   3.699053    2050.586 1
151.692221 -47.696487   0.013349  0.000334   4001.930    99.990000   5.367518   3.713772    1186.572 1
153.357088 -39.166623   0.025034  0.000150   7505.004    44.968869   5.403099   3.738391    4657.182 1
151.814585 -39.946586   0.017435  0.000333   5226.882    99.830889   5.424332   3.753082    2400.172 1
149.814953 -42.000452   0.009977  0.000035   2991.029    10.492736   5.491132   3.799301     185.040 1
152.068611 -39.641072   0.018046  0.000333   5410.055    99.830889   5.532642   3.828022    2581.647 1
157.062595 -38.367547   0.020944  0.000150   6278.853    44.968869   5.536712   3.830837    3442.394 1
162.359411 -47.869005   0.020277  0.000107   6078.892    32.077793   5.553069   3.842155    3244.286 1
149.626208 -42.203528   0.016068  0.000150   4817.065    44.968869   5.553389   3.842376    1994.153 1
162.401303 -39.960886   0.016385  0.000150   4912.099    44.968869   5.558407   3.845848    2088.307 1
164.584500 -44.773944   0.017269  0.000150   5177.116    44.968869   5.559345   3.846497    2350.867 1
163.602579 -46.740859   0.014860  0.000100   4454.916    29.979246   5.561412   3.847927    1635.360 1
157.440014 -38.348661   0.015150  0.000083   4541.856    24.882774   5.565730   3.850915    1721.494 1
150.080542 -41.326000   0.021138  0.000150   6337.013    44.968869   5.589294   3.867219    3500.015 1
153.458850 -48.932184   0.019170  0.000080   5747.021    23.983397   5.626864   3.893213    2915.491 1
155.798583 -49.470778   0.018168  0.000021   5446.629     6.295642   5.629916   3.895325    2617.883 1
162.439342 -39.853900   0.016375  0.000103   4909.101    30.878623   5.653894   3.911915    2085.337 1
164.778958 -43.376083   0.015511  0.000150   4650.081    44.968869   5.655607   3.913101    1828.716 1
164.840417 -43.473250   0.016645  0.000137   4990.045    41.071567   5.691523   3.937951    2165.530 1
152.171250 -39.348889   0.017382  0.000333   5210.993    99.830889   5.715795   3.954745    2384.430 1
153.036721 -38.884891   0.017662  0.000013   5294.934     3.897302   5.761510   3.986375    2467.594 1
164.190507 -46.373760   0.018763  0.000150   5625.006    44.968869   5.763076   3.987458    2794.606 1
154.266216 -38.462135   0.016398  0.000150   4915.997    44.968869   5.778331   3.998013    2092.168 1
150.330125 -40.615417   0.021652  0.000120   6491.106    35.975095   5.801493   4.014039    3652.680 1
163.564241 -47.306100   0.018770  0.000183   5627.104    54.862020   5.847440   4.045829    2796.686 1
149.872750 -41.021389   0.021028  0.000150   6304.036    44.968869   5.866076   4.058723    3467.344 1
149.083458 -45.399722   0.023283  0.000193   6980.068    57.859944   5.871514   4.062486    4137.111 1
154.261573 -38.273155   0.016672  0.000150   4998.140    44.968869   5.957732   4.122140    2173.550 1
165.281722 -44.043876   0.004627  0.000333   1387.140    99.830889   5.994814   4.147797   -1403.986 1
157.112003 -37.907347   0.008933  0.000150   2678.046    44.968869   5.997405   4.149590    -125.043 1
152.778042 -49.128000   0.019000  0.000414   5696.057    99.990000   6.032184   4.173653    2864.999 1
159.526989 -38.118835   0.009206  0.000150   2759.889    44.968869   6.072621   4.201631     -43.958 1
163.010675 -39.638406   0.016191  0.000103   4853.940    30.878623   6.097209   4.218644    2030.686 1
159.561083 -38.092361   0.010174  0.000017   3050.088     5.096472   6.105331   4.224263     243.552 1
163.336792 -39.862306   0.016728  0.000150   5014.928    44.968869   6.117084   4.232395    2190.183 1
149.509250 -40.952333   0.021078  0.000150   6319.025    44.968869   6.128496   4.240292    3482.194 1
154.305709 -38.064283   0.016321  0.000150   4892.913    44.968869   6.145531   4.252078    2069.298 1
164.642809 -46.583888   0.009709  0.000030   2910.685     8.993774   6.147777   4.253632     105.440 1
152.535848 -38.643142   0.014443  0.000150   4329.902    44.968869   6.152436   4.256856    1511.505 1
149.652500 -47.084444   0.011915  0.000173   3572.027    51.864095   6.153516   4.257603     760.653 1
163.059857 -39.592013   0.025554  0.000100   7660.896    29.979246   6.154991   4.258623    4811.630 1
161.797917 -48.998889   0.011515  0.000028   3452.110     8.394189   6.171853   4.270290     641.848 1
161.923333 -38.853667   0.002388  0.000018    715.904     5.396264   6.186544   4.280454   -2069.001 1
153.449792 -49.659222   0.019407  0.000294   5818.072    88.138983   6.287673   4.350426    2985.884 1
163.239042 -48.280139   0.016381  0.000274   4910.900    82.143133   6.292499   4.353765    2087.119 1
154.940458 -50.046083   0.021715  0.000160   6509.993    47.966793   6.312899   4.367879    3671.392 1
149.963250 -40.077694   0.008723  0.000150   2615.090    44.968869   6.330846   4.380297    -187.416 1
153.089411 -38.218716   0.014790  0.000150   4433.930    44.968869   6.333431   4.382085    1614.569 1
152.471303 -38.447978   0.013903  0.000200   4168.015    59.958492   6.343724   4.389207    1351.118 1
150.014125 -40.001917   0.022199  0.000150   6655.093    44.968869   6.347975   4.392148    3815.147 1
152.992917 -38.220278   0.015414  0.000333   4621.001    99.830889   6.362984   4.402533    1799.906 1
163.569738 -39.672147   0.016611  0.000207   4979.853    62.057039   6.368790   4.406550    2155.432 1
151.195667 -48.741083   0.022395  0.000333   6713.852    99.830889   6.377365   4.412483    3873.362 1
165.138042 -41.451556   0.021305  0.000150   6387.078    44.968869   6.379776   4.414151    3549.617 1
165.572292 -42.372333   0.019547  0.000150   5860.043    44.968869   6.388805   4.420398    3027.466 1
163.349792 -39.451136   0.017055  0.000150   5112.960    44.968869   6.402919   4.430164    2287.306 1
149.820250 -40.073833   0.008585  0.000022   2573.718     6.595434   6.415539   4.438896    -228.404 1
164.205078 -47.658459   0.018913  0.000333   5669.975    99.830889   6.428005   4.447521    2839.159 1
152.272998 -38.409561   0.016488  0.000050   4942.978    14.989623   6.450493   4.463081    2118.899 1
162.589840 -38.853393   0.015921  0.000053   4772.996    15.889000   6.476017   4.480740    1950.492 1
157.141417 -50.391944   0.023493  0.000150   7043.024    44.968869   6.489407   4.490005    4199.484 1
164.307932 -47.669759   0.015621  0.000150   4683.058    44.968869   6.494846   4.493768    1861.388 1
150.098919 -39.662658   0.022666  0.000150   6795.096    44.968869   6.515465   4.508034    3953.853 1
150.218022 -39.554666   0.022075  0.000150   6617.919    44.968869   6.522073   4.512606    3778.317 1
157.248258 -50.425483   0.022539  0.000123   6757.022    36.874472   6.524905   4.514566    3916.132 1
150.027400 -39.688168   0.022819  0.000150   6840.964    44.968869   6.538192   4.523759    3999.296 1
164.391958 -47.730778   0.018970  0.000113   5687.063    33.876548   6.579568   4.552387    2856.088 1
164.251667 -47.896944   0.019030  0.000333   5705.050    99.830889   6.596846   4.564342    2873.909 1
157.065500 -50.517194   0.018746  0.000834   5619.909    99.990000   6.613801   4.576073    2789.557 1
163.893667 -48.246806   0.015467  0.000031   4636.890     9.293566   6.617591   4.578695    1815.648 1
152.021948 -38.323944   0.015527  0.000150   4654.877    44.968869   6.619091   4.579733    1833.469 1
153.427792 -50.053722   0.022596  0.000334   6774.110    99.990000   6.656727   4.605773    3933.062 1
152.592781 -38.032085   0.014116  0.000053   4231.870    15.889000   6.662952   4.610080    1414.382 1
164.448100 -47.842760   0.019250  0.000103   5771.005    30.878623   6.677948   4.620456    2939.252 1
152.854944 -37.889151   0.015848  0.000150   4751.111    44.968869   6.703719   4.638287    1928.810 1
157.405667 -50.605528   0.022899  0.000113   6864.947    33.876548   6.709289   4.642141    4023.057 1
163.959000 -48.354806   0.018993  0.000187   5693.958    56.061190   6.724177   4.652442    2862.920 1
157.104458 -50.692000   0.023169  0.000077   6945.891    23.084019   6.788958   4.697263    4103.251 1
151.532083 -49.461389   0.008002  0.000333   2398.939    99.830889   6.797230   4.702987    -401.563 1
157.199625 -50.699250   0.021031  0.000474   6304.935    99.990000   6.797576   4.703226    3468.235 1
159.753250 -50.421778   0.023953  0.000130   7180.929    38.973020   6.820827   4.719313    4336.110 1
151.551667 -49.503333   0.008021  0.000022   2404.635     6.595434   6.823494   4.721159    -395.920 1
164.869383 -47.695604   0.020871  0.000150   6256.968    44.968869   6.842745   4.734479    3420.712 1
164.873913 -47.698153   0.020814  0.000130   6239.880    38.973020   6.846875   4.737336    3403.783 1
149.982674 -39.157586   0.012078  0.000160   3620.893    47.966793   6.915641   4.784915     809.067 1
166.427792 -45.292056   0.020411  0.000150   6119.064    44.968869   6.958808   4.814783    3284.086 1
164.121750 -48.609472   0.016121  0.000157   4832.954    47.067416   6.981565   4.830527    2009.895 1
165.507500 -40.600250   0.016121  0.000150   4832.954    44.968869   6.986269   4.833782    2009.895 1
151.402388 -38.137912   0.012979  0.000150   3891.006    44.968869   7.021477   4.858143    1076.676 1
150.592464 -38.546528   0.023126  0.000113   6933.000    33.876548   7.055007   4.881342    4090.479 1
149.454151 -39.361453   0.015451  0.000103   4632.093    30.878623   7.064577   4.887964    1810.895 1
157.183000 -50.970889   0.020357  0.000117   6102.875    35.075718   7.068855   4.890924    3268.047 1
164.273667 -48.661389   0.016225  0.000083   4864.133    24.882774   7.097504   4.910745    2040.784 1
154.893831 -36.961593   0.025741  0.000103   7716.958    30.878623   7.100589   4.912880    4867.171 1
147.425833 -45.710278   0.017691  0.000033   5303.628     9.893151   7.105552   4.916314    2476.207 1
151.935450 -37.742882   0.025251  0.000150   7570.059    44.968869   7.147179   4.945116    4721.635 1
151.778261 -37.806606   0.016201  0.000150   4856.938    44.968869   7.150838   4.947647    2033.656 1
150.753220 -49.484180   0.008042  0.000333   2410.931    99.830889   7.152861   4.949047    -389.683 1
150.756667 -49.495278   0.008053  0.000022   2414.229     6.595434   7.159971   4.953967    -386.415 1
158.605050 -36.816824   0.010764  0.000333   3226.966    99.830889   7.184969   4.971262     418.790 1
151.693333 -50.007500   0.022529  0.000333   6754.024    99.830889   7.188521   4.973720    3913.162 1
164.693167 -48.468778   0.021048  0.000150   6310.032    44.968869   7.200981   4.982341    3473.284 1
160.544634 -37.177083   0.010484  0.000333   3143.024    99.830889   7.204550   4.984811     335.626 1
165.446355 -47.738796   0.011628  0.000150   3485.987    44.968869   7.215348   4.992282     675.410 1
165.099500 -48.190667   0.018766  0.000130   5625.905    38.973020   7.262157   5.024669    2795.498 1
149.906088 -38.655906   0.023470  0.000027   7036.129     8.094396   7.307399   5.055971    4192.652 1
165.586417 -47.854333   0.014904  0.000150   4468.107    44.968869   7.362370   5.094006    1648.429 1
154.604583 -51.069722   0.013521  0.000039   4053.494    11.691906   7.364754   5.095656    1237.658 1
149.284833 -39.018083   0.015523  0.000020   4653.678     5.995849   7.381097   5.106963    1832.281 1
150.299406 -38.296455   0.023273  0.000143   6977.070    42.870321   7.382292   5.107790    4134.140 1
154.684074 -36.687541   0.014954  0.000090   4483.096    26.981321   7.400820   5.120609    1663.279 1
164.309858 -38.720072   0.025741  0.000150   7716.958    44.968869   7.408529   5.125943    4867.171 1
148.695833 -39.478111   0.023149  0.000150   6939.896    44.968869   7.421122   5.134656    4097.311 1
149.308333 -48.873889   0.012432  0.000333   3727.020    99.830889   7.424626   5.137081     914.210 1
151.602917 -50.261111   0.017585  0.000333   5271.850    99.830889   7.438689   5.146810    2444.724 1
157.070004 -51.343483   0.025428  0.000193   7623.123    57.859944   7.440077   5.147771    4774.206 1
157.142917 -36.435833   0.011468  0.000073   3438.020    21.884849   7.469083   5.167840     627.888 1
157.850042 -51.377806   0.021805  0.000233   6536.975    69.851643   7.501239   5.190089    3698.124 1
157.326250 -51.401639   0.018209  0.000494   5458.921    99.990000   7.502388   5.190884    2630.061 1
165.510375 -39.542250   0.018349  0.000045   5500.892    13.490661   7.546067   5.221106    2671.643 1
150.305417 -38.046111   0.023480  0.000333   7039.127    99.830889   7.571451   5.238668    4195.622 1
164.685042 -38.739528   0.008856  0.000150   2654.962    44.968869   7.590760   5.252028    -147.913 1
147.430833 -47.156944   0.017879  0.000333   5359.989    99.830889   7.599931   5.258374    2532.046 1
160.633050 -36.773337   0.009763  0.000333   2926.874    99.830889   7.604808   5.261748     121.479 1
147.433458 -47.182861   0.017953  0.000023   5382.174     6.895227   7.609354   5.264894    2554.025 1
156.467625 -51.544472   0.025881  0.000039   7758.929    11.691906   7.649027   5.292343    4908.753 1
156.760495 -36.228192   0.010444  0.000009   3131.032     2.698132   7.677004   5.311700     323.745 1
167.504667 -45.430444   0.020327  0.000150   6093.881    44.968869   7.746737   5.359949    3259.137 1
158.557042 -36.233528   0.011248  0.000150   3372.066    44.968869   7.755708   5.366155     562.545 1
151.526792 -50.611028   0.017552  0.000267   5261.957    80.044586   7.767387   5.374236    2434.922 1
146.595083 -41.749694   0.018236  0.000137   5467.015    41.071567   7.775002   5.379505    2638.080 1
164.563875 -49.423778   0.019594  0.000110   5874.133    32.977170   7.775368   5.379758    3041.425 1
151.502083 -50.618889   0.017666  0.000333   5296.134    99.830889   7.783162   5.385151    2468.782 1
164.314583 -49.609167   0.019230  0.000333   5765.009    99.830889   7.784762   5.386258    2933.312 1
149.560667 -38.232528   0.024392  0.000036   7312.538    10.792528   7.785503   5.386771    4466.499 1
157.535000 -36.105000   0.007475  0.000073   2240.949    21.884849   7.809655   5.403481    -558.090 1
146.620125 -41.494306   0.018750  0.000233   5621.109    69.851643   7.832425   5.419236    2790.745 1
149.554833 -38.157389   0.024097  0.000150   7224.099    44.968869   7.843267   5.426737    4378.880 1
160.584583 -36.494722   0.010050  0.000333   3012.914    99.830889   7.854974   5.434837     206.722 1
150.848396 -37.395887   0.023673  0.000053   7096.987    15.889000   7.859180   5.437748    4252.946 1
152.438451 -36.729974   0.026065  0.000150   7814.090    44.968869   7.880001   5.452153    4963.404 1
154.616471 -36.193901   0.013399  0.000103   4016.919    30.878623   7.893204   5.461288    1201.422 1
152.520833 -51.122778   0.009404  0.000035   2819.248    10.492736   7.896882   5.463833      14.851 1
152.365833 -51.082222   0.009393  0.000333   2815.951    99.830889   7.905966   5.470118      11.584 1
146.306667 -41.767500   0.018473  0.000333   5538.066    99.830889   7.970089   5.514485    2708.472 1
146.569583 -46.637778   0.008996  0.000333   2696.933    99.830889   7.972451   5.516119    -106.331 1
160.790417 -36.381667   0.010011  0.000018   3001.222     5.396264   8.011521   5.543152     195.138 1
147.318833 -47.920167   0.006424  0.000018   1925.867     5.396264   8.026347   5.553410    -870.252 1
167.393250 -46.749194   0.017912  0.000150   5369.883    44.968869   8.035212   5.559544    2541.847 1
164.238667 -50.000722   0.009323  0.000233   2794.965    69.851643   8.040358   5.563104      -9.207 1
147.328750 -47.968333   0.006444  0.000333   1931.863    99.830889   8.044390   5.565894    -864.311 1
148.457625 -38.667972   0.014947  0.000113   4480.998    33.876548   8.060676   5.577162    1661.200 1
148.790500 -49.437639   0.025834  0.000193   7744.838    57.859944   8.080948   5.591188    4894.794 1
156.989075 -35.821607   0.007542  0.000150   2261.035    44.968869   8.082214   5.592064    -538.190 1
157.504713 -35.813833   0.006538  0.000183   1960.043    54.862020   8.099353   5.603922    -836.392 1
166.635708 -48.042444   0.018367  0.000046   5506.288    13.790453   8.105035   5.607854    2676.989 1
166.285823 -48.443529   0.009714  0.000030   2912.184     8.993774   8.106933   5.609167     106.925 1
155.917713 -35.825936   0.015584  0.000103   4671.966    30.878623   8.112944   5.613326    1850.398 1
164.322500 -37.749389   0.026128  0.000103   7832.977    30.878623   8.123333   5.620514    4982.116 1
153.050000 -51.531944   0.017572  0.000333   5267.953    99.830889   8.132655   5.626964    2440.863 1
152.993333 -51.523889   0.017540  0.000042   5258.360    12.591283   8.139360   5.631604    2431.358 1
167.101792 -40.310056   0.019877  0.000103   5958.975    30.878623   8.140725   5.632548    3125.480 1
157.080157 -35.758572   0.008402  0.000103   2518.856    30.878623   8.145660   5.635962    -282.758 1
159.957871 -36.036063   0.013873  0.000012   4159.021     3.597509   8.158143   5.644599    1342.207 1
167.500792 -47.019611   0.019954  0.000183   5982.059    54.862020   8.206533   5.678080    3148.350 1
157.312921 -35.693034   0.013019  0.000073   3902.998    21.884849   8.214620   5.683676    1088.557 1
167.304583 -47.380000   0.018249  0.000333   5470.913    99.830889   8.221696   5.688571    2641.941 1
157.133225 -35.677692   0.008172  0.000073   2449.904    21.884849   8.227015   5.692251    -351.071 1
157.262814 -35.674605   0.006221  0.000083   1865.009    24.882774   8.232017   5.695712    -930.545 1
153.500000 -51.760889   0.009833  0.000167   2947.859    50.065340   8.243903   5.703936     142.270 1
167.451917 -47.207556   0.018349  0.000150   5500.892    44.968869   8.247438   5.706382    2671.643 1
157.298242 -35.657968   0.007412  0.000150   2222.062    44.968869   8.249354   5.707708    -576.802 1
164.720583 -49.973444   0.009186  0.000020   2753.894     5.995849   8.250824   5.708725     -49.898 1
157.293199 -35.655573   0.006471  0.000517   1939.957    99.990000   8.251643   5.709292    -856.292 1
167.557583 -47.046083   0.018603  0.000133   5577.039    39.872397   8.254442   5.711228    2747.084 1
157.249167 -35.636389   0.008726  0.000554   2615.989    99.990000   8.269969   5.721971    -186.525 1
157.269267 -35.628657   0.006661  0.000437   1996.918    99.990000   8.278071   5.727577    -799.859 1
157.205000 -35.621667   0.009376  0.000223   2810.854    66.853718   8.283958   5.731650       6.534 1
157.247083 -35.617500   0.005564  0.000360   1668.045    99.990000   8.288815   5.735011   -1125.684 1
148.232083 -49.306944   0.007528  0.000029   2256.838     8.693981   8.292939   5.737864    -542.348 1
164.335000 -50.295556   0.009423  0.000333   2824.944    99.830889   8.310349   5.749910      20.494 1
157.235833 -35.594167   0.008596  0.000220   2577.016    65.954341   8.311946   5.751015    -225.137 1
156.281589 -35.605113   0.011581  0.000150   3471.896    44.968869   8.313227   5.751901     661.451 1
157.028750 -35.590000   0.009553  0.000233   2863.917    69.851643   8.313932   5.752389      59.106 1
148.257500 -49.362500   0.007552  0.000333   2264.033    99.830889   8.315419   5.753418    -535.220 1
145.702167 -42.055889   0.018238  0.000033   5467.615     9.893151   8.321757   5.757803    2638.674 1
157.585833 -35.592222   0.007889  0.000073   2365.063    21.884849   8.323656   5.759118    -435.126 1
157.240833 -35.579167   0.008009  0.000153   2401.038    45.868246   8.327027   5.761450    -399.484 1
157.245417 -35.579167   0.007515  0.000244   2252.940    73.149360   8.327107   5.761505    -546.209 1
164.909202 -37.854886   0.009597  0.000150   2877.108    44.968869   8.328410   5.762406      72.174 1
157.100088 -35.572628   0.006671  0.000667   1999.915    99.990000   8.331752   5.764718    -796.889 1
157.245000 -35.573056   0.010134  0.000267   3038.097    80.044586   8.333209   5.765727     231.671 1
167.092500 -47.931028   0.014537  0.000117   4358.083    35.075718   8.335299   5.767173    1539.425 1
157.580764 -35.580204   0.010224  0.000043   3065.078    12.891076   8.335461   5.767285     258.402 1
157.033750 -35.565833   0.010130  0.000494   3036.898    99.990000   8.338120   5.769125     230.483 1
157.258940 -35.567931   0.008786  0.000043   2633.977    12.891076   8.338583   5.769445    -168.704 1
166.048444 -38.731556   0.008973  0.000007   2690.038     2.098547   8.342484   5.772145    -113.162 1
168.412250 -45.165472   0.017512  0.000233   5249.966    69.851643   8.344669   5.773656    2423.042 1
167.708625 -47.048444   0.017819  0.000150   5342.002    44.968869   8.356066   5.781542    2514.225 1
157.221378 -35.547859   0.005397  0.000080   1617.980    23.983397   8.358003   5.782882   -1175.285 1
166.684042 -48.483778   0.009403  0.000035   2818.948    10.492736   8.368154   5.789905      14.554 1
149.432125 -37.526833   0.016078  0.000110   4820.063    32.977170   8.373352   5.793502    1997.123 1
149.429858 -37.525160   0.015948  0.000233   4781.090    69.851643   8.375685   5.795116    1958.512 1
153.246829 -35.957198   0.014920  0.000150   4472.903    44.968869   8.385720   5.802059    1653.181 1
149.023250 -37.770750   0.016118  0.000005   4832.055     1.498962   8.387233   5.803106    2009.004 1
164.334595 -37.410627   0.012562  0.000150   3765.993    44.968869   8.388417   5.803925     952.822 1
157.890204 -35.537447   0.010767  0.000073   3227.865    21.884849   8.392943   5.807056     419.681 1
164.595625 -50.259889   0.018413  0.000080   5520.079    23.983397   8.404589   5.815115    2690.652 1
164.086792 -50.560250   0.009416  0.000067   2822.846    20.086095   8.405240   5.815565      18.415 1
157.779167 -35.518889   0.008833  0.000073   2648.067    21.884849   8.405471   5.815725    -154.744 1
145.617917 -41.943333   0.016301  0.000130   4886.917    38.973020   8.406489   5.816429    2063.358 1
162.893145 -36.655592   0.009981  0.000017   2992.229     5.096472   8.413571   5.821329     186.228 1
147.440625 -39.019722   0.017942  0.000120   5378.876    35.975095   8.422194   5.827296    2550.758 1
145.397375 -45.228556   0.017325  0.000073   5193.904    21.884849   8.438235   5.838394    2367.500 1
157.141667 -35.460833   0.009657  0.000073   2895.096    21.884849   8.443941   5.842342      89.995 1
168.650484 -43.269391   0.009799  0.000035   2937.666    10.492736   8.444253   5.842558     132.171 1
167.812333 -47.109750   0.018143  0.000120   5439.135    35.975095   8.448415   5.845438    2610.458 1
145.592000 -41.815806   0.016154  0.000147   4842.847    44.069491   8.455235   5.850156    2019.696 1
167.581083 -40.288056   0.016278  0.000150   4880.022    44.968869   8.461338   5.854379    2056.526 1
145.481958 -42.099083   0.021008  0.000187   6298.040    56.061190   8.467219   5.858448    3461.403 1
157.451780 -35.418820   0.010070  0.000100   3018.910    29.979246   8.492264   5.875777     212.662 1
165.309875 -49.907194   0.019143  0.000170   5738.927    50.964718   8.497203   5.879194    2907.472 1
157.557658 -35.416179   0.008716  0.000667   2612.991    99.990000   8.498403   5.880024    -189.495 1
149.073333 -50.233417   0.023123  0.000384   6932.101    99.990000   8.507869   5.886574    4089.588 1
157.526956 -35.391769   0.011985  0.000030   3593.013     8.993774   8.521700   5.896143     781.444 1
164.552458 -50.443361   0.019674  0.000567   5898.117    99.990000   8.524202   5.897875    3065.186 1
158.687767 -35.470454   0.008879  0.000150   2661.857    44.968869   8.524341   5.897970    -141.082 1
150.925750 -36.555389   0.023740  0.000150   7117.073    44.968869   8.539608   5.908534    4272.846 1
164.748833 -50.365389   0.018833  0.000133   5645.991    39.872397   8.556610   5.920297    2815.397 1
164.522625 -50.508083   0.009036  0.000093   2708.925    27.880699   8.560265   5.922826     -94.451 1
157.521153 -35.342136   0.008426  0.000013   2526.051     3.897302   8.571080   5.930309    -275.629 1
157.008865 -35.317453   0.013756  0.000073   4123.945    21.884849   8.586409   5.940915    1307.456 1
157.502780 -35.325453   0.009340  0.000070   2800.062    20.985472   8.587136   5.941418      -4.158 1
157.452547 -35.322399   0.012372  0.000110   3709.032    32.977170   8.588626   5.942449     896.389 1
157.514609 -35.323412   0.009767  0.000333   2928.073    99.830889   8.589564   5.943098     122.667 1
157.534716 -35.307895   0.011611  0.000333   3480.890    99.830889   8.605745   5.954294     670.361 1
156.835087 -35.274224   0.009777  0.000150   2931.071    44.968869   8.630074   5.971127     125.637 1
158.530976 -35.323348   0.009186  0.000030   2753.894     8.993774   8.654439   5.987985     -49.898 1
157.632083 -35.243889   0.008062  0.000043   2416.927    12.891076   8.673291   6.001029    -383.742 1
146.410417 -48.160556   0.002932  0.000020    878.991     5.995849   8.714134   6.029288   -1907.425 1
146.353441 -48.141451   0.002929  0.000333    878.092    99.830889   8.740699   6.047668   -1908.316 1
164.839167 -50.558611   0.019103  0.000333   5726.935    99.830889   8.745533   6.051013    2895.591 1
167.600875 -48.166750   0.023840  0.000150   7147.052    44.968869   8.769935   6.067897    4302.548 1
164.565167 -50.772444   0.019377  0.000157   5809.078    47.067416   8.784911   6.078258    2976.973 1
167.843458 -48.019944   0.014480  0.000233   4340.995    69.851643   8.853888   6.125983    1522.495 1
167.975163 -47.918725   0.014483  0.000080   4341.894    23.983397   8.891853   6.152251    1523.386 1
167.970000 -47.942222   0.014276  0.000028   4279.837     8.394189   8.899172   6.157315    1461.904 1
147.277083 -49.450833   0.008893  0.000333   2666.054    99.830889   8.915133   6.168359    -136.924 1
