 50.576196 -41.327885   0.067046  0.000137  20099.885    41.071567   0.011603   0.052230     756.833 0
 50.579619 -41.347279   0.063447  0.000163  19020.932    48.866171   0.012912   0.058123    -256.878 0
 50.584791 -41.362708   0.064218  0.000137  19252.072    41.071567   0.027962   0.125869     -39.715 0
 50.544284 -41.301597   0.067873  0.000153  20347.814    45.868246   0.040300   0.181407     989.770 0
 50.512532 -41.299922   0.058951  0.000110  17673.065    32.977170   0.056272   0.253304   -1523.243 0
 50.555359 -41.273237   0.062680  0.000103  18790.991    30.878623   0.065198   0.293486    -472.915 0
 50.619608 -41.395740   0.060682  0.000173  18192.006    51.864095   0.069742   0.313938   -1035.681 0
 50.573006 -41.413758   0.070255  0.000103  21061.919    30.878623   0.076113   0.342617    1660.696 1
 50.604367 -41.442838   0.063400  0.000333  19006.842    99.830889   0.108584   0.488785    -270.117 0
 50.550982 -41.227363   0.062937  0.000150  18868.038    44.968869   0.111114   0.500174    -400.527 0
 50.702958 -41.278056   0.065612  0.000097  19669.983    29.079868   0.117578   0.529273     352.926 0
 50.649690 -41.439831   0.064551  0.000133  19351.903    39.872397   0.119089   0.536072      54.080 0
 50.405085 -41.337767   0.062560  0.000257  18755.016    77.046662   0.122346   0.550735    -506.715 0
 50.417613 -41.290274   0.061516  0.000127  18442.033    38.073642   0.122508   0.551462    -800.773 0
 50.405450 -41.355255   0.063260  0.000137  18964.871    41.071567   0.123323   0.555130    -309.550 0
 50.670210 -41.171866   0.065602  0.000177  19666.985    53.063265   0.182753   0.822654     350.109 0
 50.335988 -41.230303   0.064591  0.000150  19363.895    44.968869   0.204687   0.921389      65.346 0
 50.841468 -41.320575   0.064678  0.000170  19389.977    50.964718   0.206019   0.927384      89.851 0
 50.866637 -41.375794   0.067376  0.000097  20198.817    29.079868   0.227408   1.023664     849.783 0
 50.702669 -41.131363   0.064855  0.000223  19443.040    66.853718   0.229802   1.034444     139.706 0
 50.815486 -41.202314   0.063317  0.000213  18981.959    63.855794   0.229911   1.034933    -293.495 0
 50.865022 -41.271311   0.062987  0.000087  18883.028    26.081944   0.232672   1.047359    -386.444 0
 50.323656 -41.176669   0.060192  0.000113  18045.108    33.876548   0.244151   1.099034   -1173.697 0
 50.592813 -41.599069   0.064835  0.000120  19437.044    35.975095   0.261993   1.179350     134.072 0
 50.198797 -41.439465   0.065282  0.000117  19571.051    35.075718   0.295308   1.329314     259.977 0
 50.236935 -41.126470   0.062960  0.000087  18874.933    26.081944   0.326243   1.468568    -394.049 0
 50.596723 -41.009491   0.062013  0.000213  18591.030    63.855794   0.328952   1.480761    -660.786 0
 51.011172 -41.376732   0.066016  0.000163  19791.099    48.866171   0.334999   1.507981     466.719 0
 50.890429 -41.583664   0.067597  0.000504  20265.071    99.990000   0.345073   1.553327     912.031 0
 50.868754 -41.057729   0.062503  0.000127  18737.928    38.073642   0.359702   1.619181    -522.770 0
 50.344542 -41.698396   0.062280  0.000120  18671.074    35.975095   0.397785   1.790609    -585.581 0
 50.975560 -41.069950   0.058434  0.000123  17518.072    36.874472   0.406615   1.830355   -1668.864 1
 50.491621 -41.748937   0.065448  0.000103  19620.817    30.878623   0.415183   1.868925     306.733 0
 50.277083 -41.722288   0.061336  0.000117  18388.070    35.075718   0.442269   1.990849    -851.473 0
 50.551486 -41.798826   0.064331  0.000093  19285.949    27.880699   0.461256   2.076322      -7.887 0
 50.260118 -41.764857   0.062813  0.000090  18830.864    26.981321   0.485676   2.186245    -435.454 0
 50.604815 -40.847555   0.061733  0.000333  18507.088    99.830889   0.490959   2.210028    -739.652 0
 50.963714 -41.773911   0.058550  0.000170  17552.848    50.964718   0.527740   2.375594   -1636.191 1
 50.774669 -41.846532   0.063541  0.000127  19049.113    38.073642   0.531924   2.394429    -230.402 0
 51.060202 -41.730355   0.058560  0.000113  17555.846    33.876548   0.539171   2.427048   -1633.374 1
 50.305191 -41.868075   0.063013  0.000087  18890.822    26.081944   0.565867   2.547220    -379.121 0
 50.460267 -40.773492   0.061659  0.000150  18484.903    44.968869   0.570017   2.565902    -760.495 0
 50.092377 -40.891975   0.056672  0.000103  16989.838    30.878623   0.571183   2.571151   -2165.157 1
 49.826085 -41.594956   0.064454  0.000123  19322.823    36.874472   0.613592   2.762054      26.758 0
 49.804876 -41.587568   0.065759  0.000170  19714.052    50.964718   0.625096   2.813838     394.331 0
 50.150740 -41.942892   0.065819  0.000407  19732.040    99.990000   0.681454   3.067529     411.231 0
 50.061113 -41.917255   0.055502  0.000150  16639.081    44.968869   0.693329   3.120985   -2494.705 1
 50.014096 -41.900315   0.081199  0.000197  24342.848    59.059114   0.699626   3.149331    4743.235 1
 51.083753 -40.747502   0.065959  0.000237  19774.011    71.050813   0.705914   3.177636     450.664 0
 50.983534 -41.980442   0.059091  0.000150  17715.036    44.968869   0.714419   3.215922   -1483.810 1
 50.365811 -42.038211   0.063430  0.000103  19015.836    30.878623   0.716741   3.226372    -261.667 0
 51.069773 -41.961222   0.064531  0.000350  19345.907    99.990000   0.728459   3.279120      48.446 0
 49.763380 -41.765692   0.065075  0.000384  19508.994    99.990000   0.740372   3.332748     201.672 0
 51.243668 -41.892664   0.057840  0.000270  17339.996    80.943964   0.751853   3.384429   -1836.173 1
 51.282650 -41.907843   0.061109  0.000297  18320.017    89.038360   0.782887   3.524126    -915.411 1
 50.020382 -42.181430   0.063787  0.000150  19122.862    44.968869   0.938561   4.224884    -161.112 1
 51.730664 -41.686748   0.050325  0.000150  15087.055    44.968869   0.940121   4.231908   -3952.884 1
 51.540856 -41.944739   0.065012  0.000150  19490.107    44.968869   0.949721   4.275121     183.927 1
 51.527297 -40.646487   0.058510  0.000150  17540.857    44.968869   0.998287   4.493738   -1647.457 1
 50.550147 -40.331919   0.057937  0.000150  17369.076    44.968869   1.005908   4.528041   -1808.851 1
 50.633864 -40.192091   0.062226  0.000150  18654.885    44.968869   1.146712   5.161863    -600.791 1
 52.068233 -41.068824   0.059928  0.000150  17965.962    44.968869   1.158049   5.212898   -1248.057 1
 49.212360 -40.712788   0.064905  0.000150  19458.029    44.968869   1.194420   5.376619     153.789 1
 49.239171 -42.001444   0.062900  0.000333  18856.946    99.830889   1.198336   5.394247    -410.949 1
 49.326070 -42.167551   0.078287  0.000103  23469.852    30.878623   1.248259   5.618975    3923.027 1
 51.813992 -42.187771   0.064144  0.000150  19229.887    44.968869   1.264011   5.689878     -60.558 1
 51.239965 -40.178607   0.052860  0.000150  15847.029    44.968869   1.264163   5.690565   -3238.863 1
 49.203608 -42.088593   0.062000  0.000333  18587.132    99.830889   1.270151   5.717518    -664.447 1
 48.960285 -41.853414   0.058571  0.000150  17559.144    44.968869   1.312677   5.908946   -1630.276 1
 48.752224 -41.176403   0.079000  0.000333  23683.604    99.830889   1.372875   6.179926    4123.854 1
 50.248916 -42.695340   0.056342  0.000150  16890.907    44.968869   1.378584   6.205627   -2258.107 1
 51.502344 -42.528705   0.064274  0.000150  19268.860    44.968869   1.382215   6.221969     -23.942 1
 48.972333 -40.633593   0.060048  0.000150  18001.938    44.968869   1.389697   6.255650   -1214.257 1
 50.663024 -39.949086   0.053017  0.000150  15894.097    44.968869   1.390481   6.259180   -3194.642 1
 48.714883 -41.149358   0.078881  0.000150  23647.929    44.968869   1.404093   6.320454    4090.336 1
 49.420613 -42.486856   0.066392  0.000157  19903.821    47.067416   1.436205   6.465003     572.625 1
 49.842601 -42.690914   0.063290  0.000150  18973.865    44.968869   1.458684   6.566191    -301.100 1
 50.900187 -42.793315   0.075876  0.000150  22747.053    44.968869   1.476788   6.647685    3243.933 1
 50.544484 -42.884415   0.061913  0.000103  18561.050    30.878623   1.546779   6.962746    -688.952 1
 49.129668 -42.474436   0.076623  0.000083  22970.998    24.882774   1.567932   7.057967    3454.337 1
 48.883372 -40.363753   0.078147  0.000150  23427.881    44.968869   1.596433   7.186261    3883.594 1
 50.187467 -42.926118   0.062467  0.000150  18727.135    44.968869   1.613878   7.264787    -532.910 1
 50.241420 -42.948698   0.063771  0.000150  19118.065    44.968869   1.629519   7.335197    -165.619 1
 48.799015 -42.321837   0.067000  0.003000  20086.095    99.990000   1.653073   7.441220     743.877 1
 51.352423 -39.783592   0.054131  0.000150  16228.066    44.968869   1.661993   7.481375   -2880.868 1
 49.474143 -42.821451   0.078601  0.000180  23563.987    53.962642   1.695872   7.633879    4011.470 1
 49.021468 -42.576164   0.076196  0.000157  22842.986    47.067416   1.697675   7.641997    3334.066 1
 49.442243 -42.813689   0.079188  0.000150  23739.965    44.968869   1.700860   7.656335    4176.807 1
 48.338459 -41.649905   0.056600  0.000333  16968.253    99.830889   1.702887   7.665456   -2185.437 1
 49.750549 -42.933184   0.079985  0.000150  23978.900    44.968869   1.709442   7.694962    4401.294 1
 52.704287 -40.715942   0.052840  0.000150  15841.033    44.968869   1.720268   7.743699   -3244.497 1
 52.749109 -41.910563   0.049414  0.000150  14813.945    44.968869   1.734911   7.809610   -4209.480 1
 48.958650 -42.603367   0.077574  0.000333  23256.100    99.830889   1.749852   7.876868    3722.200 1
 52.264327 -42.538414   0.063714  0.000150  19100.977    44.968869   1.750358   7.879143    -181.674 1
 48.604939 -40.387723   0.064915  0.000150  19461.027    44.968869   1.753582   7.893659     156.606 1
 52.586234 -42.220544   0.075039  0.000103  22496.126    30.878623   1.753726   7.894308    3008.180 1
 48.268594 -41.695439   0.057160  0.000150  17136.137    44.968869   1.763152   7.936737   -2027.705 1
 50.024303 -39.621772   0.062877  0.000334  18850.050    99.990000   1.763860   7.939925    -417.427 1
 52.384717 -40.209644   0.049311  0.000150  14783.066    44.968869   1.770069   7.967872   -4238.492 1
 48.986822 -42.653262   0.062039  0.000113  18598.824    33.876548   1.772032   7.976708    -653.462 1
 48.964120 -42.639267   0.064301  0.000140  19276.955    41.970944   1.773199   7.981962     -16.337 1
 48.985656 -42.675801   0.063567  0.000264  19056.907    79.145209   1.789409   8.054932    -223.079 1
 48.590017 -42.336198   0.056386  0.000087  16904.098    26.081944   1.789581   8.055708   -2245.713 1
 52.948805 -41.564556   0.062326  0.000150  18684.865    44.968869   1.801886   8.111097    -572.625 1
 50.065033 -39.570866   0.081563  0.000150  24451.972    44.968869   1.806783   8.133141    4845.761 1
 49.025987 -42.753090   0.066553  0.000150  19952.087    44.968869   1.828594   8.231320     617.973 1
 49.036237 -42.764812   0.065052  0.000077  19502.099    23.084019   1.832843   8.250447     195.194 1
 53.020189 -41.263487   0.050075  0.000150  15012.107    44.968869   1.842647   8.294580   -4023.300 1
 53.017415 -41.164734   0.064898  0.000150  19455.931    44.968869   1.847187   8.315016     151.817 1
 49.060188 -42.827657   0.064274  0.000160  19268.860    47.966793   1.871253   8.423350     -23.942 1
 49.190119 -42.908985   0.076723  0.000127  23000.977    38.073642   1.881269   8.468434    3482.504 1
 49.461967 -39.647617   0.065275  0.000150  19568.953    44.968869   1.883131   8.476814     258.005 1
 49.119308 -42.880630   0.076416  0.000103  22908.940    30.878623   1.887779   8.497738    3396.032 1
 48.893041 -42.770858   0.063701  0.000193  19097.079    57.859944   1.906693   8.582878    -185.335 1
 48.866150 -42.777351   0.065188  0.000117  19542.871    35.075718   1.924921   8.664933     233.500 1
 51.174861 -39.464398   0.061459  0.000150  18424.945    44.968869   1.927950   8.678568    -816.828 1
 49.015529 -42.874770   0.067633  0.000103  20275.863    30.878623   1.929053   8.683533     922.171 1
 49.610875 -43.135583   0.062450  0.000150  18722.039    44.968869   1.936163   8.715535    -537.698 1
 48.783801 -42.738396   0.056913  0.000183  17062.088    54.862020   1.938174   8.724588   -2097.276 1
 50.181064 -43.256968   0.063150  0.000150  18931.894    44.968869   1.941099   8.737757    -340.533 1
 49.024543 -42.914304   0.065075  0.000127  19508.994    38.073642   1.956683   8.807905     201.672 1
 48.815484 -42.787395   0.065709  0.000190  19699.063    56.960567   1.957807   8.812968     380.247 1
 48.981747 -42.894566   0.068014  0.000137  20390.084    41.071567   1.960171   8.823606    1029.485 1
 52.483803 -39.990942   0.054491  0.000150  16335.991    44.968869   1.970507   8.870135   -2779.468 1
 52.289739 -42.837255   0.074985  0.000150  22479.937    44.968869   1.979810   8.912010    2992.970 1
 49.758972 -43.232799   0.065549  0.000150  19651.096    44.968869   1.990044   8.958080     335.181 1
 51.324144 -39.425001   0.062900  0.000333  18856.946    99.830889   1.995208   8.981324    -410.949 1
 53.217038 -41.573479   0.049731  0.000150  14908.979    44.968869   2.002872   9.015827   -4120.193 1
 49.172193 -39.629821   0.064388  0.000150  19303.037    44.968869   2.003836   9.020165       8.168 1
 48.529691 -42.645623   0.065935  0.000123  19766.816    36.874472   2.013165   9.062158     443.904 1
 49.383239 -43.159793   0.078858  0.000314  23641.034    94.134832   2.027619   9.127220    4083.858 1
 48.942429 -42.970323   0.076706  0.000097  22995.880    29.079868   2.038402   9.175760    3477.715 1
 53.176316 -40.757144   0.064631  0.000150  19375.886    44.968869   2.042626   9.194776      76.613 1
 48.524304 -42.691092   0.064121  0.000123  19222.992    36.874472   2.046029   9.210093     -67.036 1
 48.389662 -42.602280   0.067397  0.000143  20205.112    42.870321   2.067415   9.306363     855.698 1
 49.506722 -43.246462   0.080162  0.000210  24031.963    62.956416   2.068386   9.310734    4451.149 1
 51.740707 -43.215061   0.063484  0.000103  19032.024    30.878623   2.073545   9.333953    -246.457 1
 48.087824 -42.346784   0.063400  0.000333  19006.842    99.830889   2.118021   9.534164    -270.117 1
 48.491049 -39.901096   0.080312  0.000150  24076.932    44.968869   2.120343   9.544613    4493.398 1
 52.192116 -43.082299   0.056776  0.000150  17021.017    44.968869   2.128487   9.581272   -2135.864 1
 53.215563 -40.571575   0.078588  0.000150  23560.090    44.968869   2.130381   9.589800    4007.808 1
 50.823486 -43.461446   0.063274  0.000103  18969.068    30.878623   2.132353   9.598675    -305.606 1
 53.210815 -42.135826   0.063354  0.000150  18993.051    44.968869   2.138763   9.627529    -283.073 1
 50.985375 -39.193278   0.048717  0.000150  14604.989    44.968869   2.167232   9.755682   -4405.801 1
 51.793907 -43.307338   0.063454  0.000150  19023.031    44.968869   2.174053   9.786385    -254.907 1
 48.472039 -42.894401   0.055695  0.000103  16696.941    30.878623   2.213558   9.964218   -2440.344 1
 51.039460 -43.544091   0.055245  0.000150  16562.034    44.968869   2.234566  10.058784   -2567.093 1
 48.316065 -42.810343   0.064318  0.000237  19282.051    71.050813   2.242213  10.093206     -11.548 1
 49.471615 -43.447583   0.075335  0.000150  22584.865    44.968869   2.264762  10.194707    3091.553 1
 52.285725 -39.474973   0.062700  0.000333  18796.987    99.830889   2.265656  10.198735    -467.282 1
 53.304360 -40.359148   0.065045  0.000150  19500.000    44.968869   2.275668  10.243802     193.222 1
 51.485190 -39.157415   0.066100  0.000333  19816.281    99.830889   2.286485  10.292493     490.378 1
 48.866438 -39.410101   0.048804  0.000150  14631.071    44.968869   2.312588  10.409993   -4381.296 1
 53.471186 -42.132016   0.049848  0.000150  14944.054    44.968869   2.319975  10.443249   -4087.238 1
 48.393480 -39.685368   0.073290  0.000333  21971.789    99.830889   2.322949  10.456634    2515.548 1
 50.145071 -39.021015   0.055800  0.000333  16728.419    99.830889   2.338387  10.526127   -2410.769 1
 48.779869 -43.255866   0.075572  0.000167  22655.916    50.065340   2.341326  10.539359    3158.307 1
 48.360492 -42.999619   0.075966  0.000090  22774.034    26.981321   2.347150  10.565574    3269.283 1
 53.498651 -42.162762   0.049458  0.000150  14827.135    44.968869   2.349978  10.578306   -4197.087 1
 49.314855 -43.511552   0.075549  0.000150  22649.020    44.968869   2.368714  10.662644    3151.829 1
 47.759587 -42.423881   0.067000  0.000333  20086.095    99.830889   2.371955  10.677232     743.877 1
 52.329374 -39.359958   0.063401  0.000150  19007.142    44.968869   2.379186  10.709783    -269.835 1
 52.349468 -43.312104   0.060765  0.000150  18216.889    44.968869   2.384780  10.734962   -1012.303 1
 48.403862 -43.109852   0.061359  0.000103  18394.965    30.878623   2.404322  10.822932    -844.994 1
 52.384376 -43.317872   0.058400  0.000300  17507.880    89.937737   2.404326  10.822950   -1678.441 1
 48.307448 -43.043825   0.060735  0.000073  18207.895    21.884849   2.406576  10.833078   -1020.753 1
 48.501291 -43.186400   0.065719  0.000110  19702.061    32.977170   2.413617  10.864771     383.064 1
 48.436466 -43.163040   0.062033  0.000137  18597.026    41.071567   2.427581  10.927629    -655.152 1
 47.631493 -40.309283   0.064411  0.000150  19309.932    44.968869   2.432907  10.951606      14.647 1
 52.771312 -39.535296   0.049221  0.000070  14756.085    20.985472   2.446519  11.012880   -4263.842 1
 52.797676 -39.552556   0.062737  0.000130  18808.079    38.973020   2.447329  11.016524    -456.860 1
 49.041113 -43.559361   0.063274  0.000150  18969.068    44.968869   2.499995  11.253598    -305.606 1
 52.849084 -39.504577   0.059004  0.000220  17688.954    65.954341   2.508734  11.292937   -1508.315 1
 52.835641 -39.469808   0.063204  0.000240  18948.083    71.950190   2.527441  11.377146    -325.323 1
 52.429523 -39.205129   0.063651  0.000150  19082.090    44.968869   2.549799  11.477787    -199.419 1
 53.600249 -40.167040   0.078851  0.000150  23638.935    44.968869   2.560037  11.523872    4081.886 1
 47.357568 -40.452009   0.075920  0.000333  22760.243    99.830889   2.568088  11.560116    3256.327 1
 52.990112 -39.522670   0.061326  0.000160  18385.072    47.966793   2.569369  11.565881    -854.289 1
 48.091240 -43.127388   0.064528  0.000150  19345.008    44.968869   2.580919  11.617874      47.601 1
 49.560750 -43.824611   0.072417  0.000150  21710.070    44.968869   2.599332  11.700759    2269.655 1
 51.021472 -38.738846   0.066669  0.000150  19986.863    44.968869   2.621096  11.798728     650.646 1
 53.797665 -42.350904   0.059885  0.000150  17953.071    44.968869   2.628052  11.830040   -1260.168 1
 48.552549 -39.188395   0.054084  0.000150  16213.975    44.968869   2.628631  11.832646   -2894.106 1
 52.426915 -39.106622   0.062400  0.000333  18707.049    99.830889   2.631703  11.846475    -551.781 1
 50.893725 -43.962599   0.075129  0.000150  22523.108    44.968869   2.636228  11.866845    3033.530 1
 53.850229 -42.298599   0.063400  0.000333  19006.842    99.830889   2.645065  11.906623    -270.117 1
 53.801752 -42.424203   0.062737  0.000133  18808.079    39.872397   2.659972  11.973726    -456.860 1
 49.617260 -38.774111   0.080600  0.000333  24163.272    99.830889   2.661163  11.979085    4574.518 1
 53.810266 -42.418028   0.062890  0.000333  18853.948    99.830889   2.663298  11.988696    -413.766 1
 47.436938 -42.605401   0.065222  0.000150  19553.064    44.968869   2.670915  12.022985     243.077 1
 49.179483 -43.830608   0.062497  0.000150  18736.129    44.968869   2.702100  12.163364    -524.460 1
 47.180625 -40.407686   0.048000  0.000330  14390.038    98.931511   2.708081  12.190284   -4607.754 1
 53.800832 -42.540168   0.059965  0.000150  17977.055    44.968869   2.708787  12.193466   -1237.635 1
 47.408489 -40.003739   0.064815  0.000150  19431.048    44.968869   2.721627  12.251263     128.439 1
 53.853747 -42.487472   0.062740  0.000133  18808.979    39.872397   2.721770  12.251905    -456.015 1
 53.077677 -39.372883   0.063447  0.000150  19020.932    44.968869   2.722369  12.254601    -256.878 1
 48.887560 -43.752332   0.068140  0.000150  20427.858    44.968869   2.724386  12.263681    1064.975 1
 49.163774 -43.854765   0.062023  0.000133  18594.028    39.872397   2.728938  12.284172    -657.969 1
 48.480254 -39.098462   0.064628  0.000150  19374.987    44.968869   2.733425  12.304372      75.768 1
 53.812316 -40.096077   0.060492  0.000133  18135.045    39.872397   2.734107  12.307441   -1089.198 1
 47.474875 -42.874211   0.067136  0.000150  20126.866    44.968869   2.784681  12.535098     782.183 1
 47.518042 -42.927421   0.066699  0.000150  19995.857    44.968869   2.787705  12.548708     659.096 1
 53.185107 -43.322569   0.063154  0.000103  18933.093    30.878623   2.792971  12.572414    -339.406 1
 53.955316 -40.180256   0.060352  0.000307  18093.074    92.036285   2.794278  12.578298   -1128.631 1
 51.644766 -44.016143   0.063030  0.000150  18895.919    44.968869   2.797756  12.593953    -374.333 1
 54.178801 -40.635147   0.074758  0.000150  22411.885    44.968869   2.800631  12.606896    2929.032 1
 47.354364 -42.792362   0.063968  0.000150  19177.124    44.968869   2.817464  12.682666    -110.131 1
 50.133330 -38.536838   0.053077  0.000150  15912.084    44.968869   2.819852  12.693416   -3177.742 1
 46.970817 -40.424589   0.062356  0.000150  18693.859    44.968869   2.851083  12.834001    -564.175 1
 53.403476 -43.238178   0.062036  0.000150  18597.925    44.968869   2.853775  12.846122    -654.307 1
 51.601750 -44.084037   0.062503  0.000150  18737.928    44.968869   2.853868  12.846540    -522.770 1
 50.589303 -44.193873   0.062346  0.000103  18690.861    30.878623   2.856181  12.856949    -566.991 1
 53.543484 -39.552781   0.072373  0.000143  21696.880    42.870321   2.859558  12.872152    2257.262 1
 48.306527 -39.028576   0.081913  0.000150  24556.900    44.968869   2.866260  12.902320    4944.344 1
 49.993118 -38.490972   0.054900  0.000333  16458.606    99.830889   2.879306  12.961047   -2664.267 1
 52.668266 -38.923652   0.065182  0.000130  19541.072    38.973020   2.883483  12.979847     231.810 1
 52.774804 -38.968800   0.065018  0.000073  19491.906    21.884849   2.890883  13.013162     185.617 1
 53.511073 -39.457824   0.060835  0.000213  18237.874    63.855794   2.901196  13.059583    -992.587 1
 53.800053 -39.728596   0.067160  0.000107  20134.061    32.077793   2.911732  13.107011     788.943 1
 52.733807 -38.917024   0.063600  0.000333  19066.800    99.830889   2.916186  13.127058    -213.784 1
 48.202692 -43.652583   0.075686  0.000150  22690.092    44.968869   2.917631  13.133565    3190.417 1
 54.018737 -39.993614   0.062160  0.000340  18635.099    99.990000   2.918797  13.138813    -619.381 1
 53.661698 -39.567830   0.062533  0.000217  18746.922    65.054963   2.920280  13.145490    -514.320 1
 47.064262 -42.607118   0.067367  0.000150  20196.119    44.968869   2.920974  13.148612     847.248 1
 53.593373 -39.491424   0.061399  0.000160  18406.957    47.966793   2.927225  13.176752    -833.728 1
 53.183320 -39.151563   0.049121  0.000150  14726.105    44.968869   2.938574  13.227837   -4292.008 1
 53.638338 -39.504405   0.073521  0.000143  22041.041    42.870321   2.945403  13.258578    2580.613 1
 54.483968 -41.671172   0.060098  0.000150  18016.927    44.968869   2.959045  13.319987   -1200.174 1
 54.519846 -41.567919   0.062000  0.000333  18587.132    99.830889   2.976052  13.396543    -664.447 1
 53.702280 -39.515322   0.060465  0.000137  18126.951    41.071567   2.976431  13.398251   -1096.803 1
 52.750202 -38.852257   0.062703  0.000090  18797.886    26.981321   2.976925  13.400475    -466.437 1
 53.696942 -39.498146   0.072744  0.000120  21808.103    35.975095   2.983822  13.431521    2361.759 1
 53.743861 -39.531948   0.070879  0.000107  21248.990    32.077793   2.991109  13.464324    1836.454 1
 48.068337 -43.678119   0.055228  0.000103  16556.938    30.878623   2.999989  13.504295   -2571.881 1
 53.324405 -39.153988   0.066703  0.000093  19997.056    27.880699   3.008631  13.543194     660.222 1
 49.490292 -44.238106   0.076106  0.000170  22816.005    50.964718   3.011137  13.554475    3308.716 1
 49.493750 -44.238889   0.075252  0.000400  22559.982    99.990000   3.011194  13.554735    3068.175 1
 53.476995 -39.260896   0.065986  0.000217  19782.105    65.054963   3.013919  13.567001     458.269 1
 53.761342 -39.503944   0.071389  0.000163  21401.884    48.866171   3.018514  13.587683    1980.103 1
 53.132146 -39.008595   0.064695  0.000087  19395.073    26.081944   3.021811  13.602524      94.639 1
 53.720448 -39.455364   0.060528  0.000150  18145.838    44.968869   3.024180  13.613189   -1079.058 1
 53.626223 -39.366701   0.059761  0.000163  17915.897    48.866171   3.026123  13.621934   -1295.095 1
 52.706130 -43.912264   0.064771  0.000103  19417.857    30.878623   3.034028  13.657518     116.046 1
 53.568301 -43.378684   0.064791  0.000150  19423.853    44.968869   3.039749  13.683271     121.679 1
 53.709783 -39.419580   0.075275  0.000264  22566.877    79.145209   3.040365  13.686045    3074.653 1
 49.449032 -44.261573   0.069395  0.000107  20804.098    32.077793   3.042157  13.694110    1418.464 1
 49.406324 -44.254096   0.071910  0.000100  21558.076    29.979246   3.044004  13.702427    2126.851 1
 54.495748 -40.581054   0.065369  0.000150  19597.133    44.968869   3.044573  13.704988     284.481 1
 49.659714 -44.307220   0.076056  0.000087  22801.015    26.081944   3.046792  13.714977    3294.633 1
 49.473986 -38.397395   0.064995  0.000150  19485.011    44.968869   3.052930  13.742604     179.139 1
 54.008264 -39.709343   0.068841  0.000180  20638.013    53.962642   3.053472  13.745045    1262.422 1
 49.476306 -44.287604   0.073387  0.000080  22000.869    23.983397   3.061638  13.781802    2542.870 1
 53.367422 -39.111394   0.066366  0.000173  19896.026    51.864095   3.061769  13.782396     565.301 1
 54.236550 -42.677284   0.060759  0.000150  18215.090    44.968869   3.062886  13.787422   -1013.993 1
 53.681553 -39.340473   0.075272  0.000150  22565.978    44.968869   3.074737  13.840769    3073.808 1
 54.474167 -40.408437   0.061466  0.000150  18427.043    44.968869   3.076548  13.848921    -814.856 1
 53.749979 -39.398146   0.061299  0.000430  18376.978    99.990000   3.077305  13.852327    -861.894 1
 49.522125 -44.315390   0.074538  0.000190  22345.930    56.960567   3.079466  13.862056    2867.066 1
 49.232280 -44.250779   0.074952  0.000297  22470.044    89.038360   3.080855  13.868308    2983.675 1
 49.798344 -38.304999   0.064044  0.000150  19199.908    44.968869   3.087309  13.897359     -88.724 1
 49.248590 -44.269166   0.074421  0.000160  22310.855    47.966793   3.094304  13.928848    2834.111 1
 54.072815 -39.706367   0.068834  0.000130  20635.914    38.973020   3.096146  13.937142    1260.450 1
 49.284813 -44.281121   0.075175  0.000110  22536.898    32.977170   3.097063  13.941270    3046.486 1
 49.546042 -44.339860   0.074895  0.000067  22452.956    20.086095   3.098637  13.948356    2967.620 1
 54.120195 -39.750896   0.063801  0.000150  19127.059    44.968869   3.103435  13.969954    -157.169 1
 50.159297 -44.427153   0.062370  0.000150  18698.056    44.968869   3.104621  13.975291    -560.231 1
 54.155828 -39.793934   0.067323  0.000090  20182.928    26.981321   3.104835  13.976255     834.854 1
 49.382745 -44.313418   0.072490  0.000113  21731.955    33.876548   3.105912  13.981100    2290.216 1
 53.796356 -39.395202   0.060792  0.000097  18224.983    29.079868   3.106256  13.982651   -1004.698 1
 50.900252 -44.437688   0.074211  0.000150  22247.898    44.968869   3.109970  13.999371    2774.962 1
 53.136932 -38.893282   0.062657  0.000080  18784.096    23.983397   3.113783  14.016534    -479.393 1
 49.467262 -44.342812   0.076400  0.000333  22904.144    99.830889   3.116659  14.029479    3391.526 1
 54.055400 -39.634762   0.066362  0.000093  19894.827    27.880699   3.123497  14.060259     564.175 1
 54.093106 -39.676876   0.067587  0.000100  20262.073    29.979246   3.124680  14.065587     909.214 1
 49.576344 -44.379582   0.074895  0.000093  22452.956    27.880699   3.131650  14.096961    2967.620 1
 49.239141 -44.312605   0.075982  0.000070  22778.831    20.985472   3.137736  14.124355    3273.790 1
 53.790682 -39.333526   0.060055  0.000203  18004.036    60.857869   3.141912  14.143155   -1212.285 1
 48.076216 -38.813402   0.053600  0.000333  16068.876    99.830889   3.142076  14.143893   -3030.432 1
 52.245678 -38.455919   0.063117  0.000110  18922.001    32.977170   3.145080  14.157416    -349.828 1
 53.491403 -39.084257   0.059181  0.000070  17742.017    20.985472   3.145788  14.160604   -1458.460 1
 49.755549 -44.427099   0.076976  0.000110  23076.824    32.977170   3.149016  14.175132    3553.765 1
 49.841584 -44.448503   0.077323  0.000203  23180.852    60.857869   3.158222  14.216574    3651.502 1
 49.451287 -44.386165   0.075982  0.000097  22778.831    29.079868   3.161641  14.231961    3273.790 1
 54.240439 -39.787244   0.067110  0.000127  20119.072    38.073642   3.163385  14.239815     774.860 1
 49.429043 -44.383616   0.076000  0.000333  22784.227    99.830889   3.163657  14.241036    3278.860 1
 53.752138 -39.258764   0.060695  0.000284  18195.903    85.141058   3.168228  14.261613   -1032.020 1
