155.099375  -6.501944   0.057520  0.000297  17244.062    89.038360   0.027789   0.105532    1111.403 1
155.079374  -6.501877   0.051305  0.000150  15380.852    44.968869   0.045848   0.174110    -656.997 0
155.182296  -6.532593   0.054268  0.000150  16269.137    44.968869   0.060988   0.231606     186.087 0
155.080397  -6.603090   0.054000  0.000333  16188.793    99.830889   0.096094   0.364927     109.831 0
155.091458  -6.422750   0.051224  0.000297  15356.569    89.038360   0.099153   0.376540    -680.044 0
155.254587  -6.528145   0.053975  0.000297  16181.298    89.038360   0.131226   0.498343     102.718 0
155.069759  -6.663528   0.059474  0.000150  17829.857    44.968869   0.155953   0.592244    1667.388 1
155.124233  -6.353715   0.052887  0.000183  15855.124    54.862020   0.163110   0.619422    -206.859 0
155.004933  -6.399099   0.052333  0.000150  15689.039    44.968869   0.166188   0.631113    -364.492 0
154.990244  -6.409864   0.051472  0.000150  15430.917    44.968869   0.169814   0.644882    -609.479 0
155.261934  -6.667523   0.056222  0.000150  16854.932    44.968869   0.204366   0.776096     742.073 0
155.306502  -6.639228   0.052696  0.000150  15797.863    44.968869   0.219597   0.833939    -261.205 0
155.234165  -6.715318   0.057026  0.000150  17095.965    44.968869   0.227156   0.862644     970.841 0
154.936833  -6.378389   0.055386  0.000297  16604.305    89.038360   0.231030   0.877355     504.200 0
154.875381  -6.477571   0.052200  0.000297  15649.166    89.038360   0.249130   0.946092    -402.336 0
155.105283  -6.268050   0.054014  0.000150  16192.990    44.968869   0.249392   0.947087     113.815 0
155.012667  -6.287444   0.058854  0.000297  17643.985    89.038360   0.254224   0.965437    1490.975 1
155.024972  -6.213960   0.055245  0.000150  16562.034    44.968869   0.318135   1.208144     464.080 0
154.885775  -6.302225   0.061959  0.000297  18574.841    89.038360   0.318750   1.210481    2374.464 1
155.368183  -6.726238   0.053794  0.000150  16127.035    44.968869   0.321242   1.219942      51.217 0
154.832189  -6.657501   0.055525  0.000183  16645.976    54.862020   0.321361   1.220394     543.751 0
154.829500  -6.365083   0.051810  0.000297  15532.247    89.038360   0.328720   1.248341    -513.305 0
155.186329  -6.859497   0.055515  0.000150  16642.978    44.968869   0.348406   1.323099     540.905 0
155.261188  -6.195112   0.053277  0.000150  15972.043    44.968869   0.349780   1.328318     -95.889 0
154.767333  -6.492139   0.049712  0.000297  14903.283    89.038360   0.354230   1.345217   -1110.264 1
155.225109  -6.176155   0.039491  0.000030  11839.104     8.993774   0.355450   1.349850   -4018.520 1
155.081792  -6.160167   0.039442  0.000297  11824.414    89.038360   0.358995   1.363314   -4032.462 1
155.160277  -6.889178   0.039277  0.000150  11774.948    44.968869   0.374195   1.421038   -4079.411 1
155.010349  -6.154426   0.039267  0.000150  11771.950    44.968869   0.379284   1.440362   -4082.256 1
155.075583  -6.137000   0.038607  0.000297  11574.087    89.038360   0.382731   1.453451   -4270.051 1
155.407329  -6.217328   0.068809  0.000297  20628.419    89.038360   0.411700   1.563466    4323.544 1
154.706766  -6.413318   0.049311  0.000297  14783.066    89.038360   0.426300   1.618910   -1224.364 1
154.813038  -6.815041   0.048834  0.000150  14640.065    44.968869   0.428689   1.627984   -1360.088 1
155.083228  -6.955170   0.043567  0.000150  13061.058    44.968869   0.440127   1.671420   -2858.746 1
155.256240  -6.086694   0.063584  0.000297  19062.004    89.038360   0.450036   1.709050    2836.837 1
154.917816  -6.071577   0.049854  0.000297  14945.853    89.038360   0.489693   1.859651   -1069.860 1
154.895208  -6.026861   0.056221  0.000297  16854.632    89.038360   0.539704   2.049571     741.789 1
155.276708  -5.912139   0.053997  0.000297  16187.893    89.038360   0.623667   2.368428     108.978 1
155.088860  -7.144322   0.069962  0.000150  20974.080    44.968869   0.628418   2.386470    4651.615 1
154.712460  -6.997322   0.049568  0.000183  14860.113    54.862020   0.630281   2.393544   -1151.238 1
155.643447  -6.912226   0.037469  0.000150  11232.924    44.968869   0.650939   2.471996   -4593.854 1
155.034375  -5.866500   0.039465  0.000297  11831.309    89.038360   0.656254   2.492179   -4025.918 1
155.378375  -5.904222   0.040219  0.000297  12057.353    89.038360   0.663063   2.518037   -3811.377 1
155.461583  -5.942250   0.038897  0.000297  11661.027    89.038360   0.665802   2.528439   -4187.535 1
154.989375  -5.834917   0.051924  0.000297  15566.424    89.038360   0.694707   2.638206    -480.868 1
154.515958  -6.144667   0.045357  0.000297  13597.687    89.038360   0.708697   2.691335   -2349.424 1
155.662208  -6.992000   0.037146  0.000150  11136.091    44.968869   0.716098   2.719441   -4685.760 1
154.512529  -6.112761   0.039545  0.000297  11855.293    89.038360   0.728792   2.767649   -4003.155 1
154.748369  -5.883645   0.051517  0.000297  15444.408    89.038360   0.734473   2.789223    -596.675 1
155.615268  -5.950025   0.052936  0.000297  15869.814    89.038360   0.748641   2.843025    -192.916 1
154.378400  -6.298109   0.054224  0.000297  16255.946    89.038360   0.771442   2.929613     173.568 1
154.620773  -5.926740   0.053800  0.000333  16128.834    99.830889   0.772773   2.934667      52.924 1
155.616952  -5.907849   0.048092  0.000297  14417.619    89.038360   0.782107   2.970116   -1571.215 1
155.219375  -5.730417   0.053436  0.000297  16019.710    89.038360   0.792211   3.008486     -50.648 1
154.700000  -5.786639   0.047351  0.000297  14195.473    89.038360   0.842489   3.199423   -1782.057 1
154.679927  -5.794975   0.055070  0.000297  16509.571    89.038360   0.845485   3.210800     414.286 1
154.283589  -6.289860   0.045300  0.000333  13580.598    99.830889   0.864318   3.282319   -2365.643 1
155.667015  -5.837974   0.068187  0.000297  20441.948    89.038360   0.867740   3.295313    4146.562 1
155.558901  -5.755406   0.069688  0.000297  20891.937    89.038360   0.875964   3.326547    4573.652 1
154.346250  -6.101167   0.045856  0.000297  13747.283    89.038360   0.876548   3.328763   -2207.440 1
154.858624  -5.675113   0.053434  0.000297  16019.110    89.038360   0.881740   3.348480     -51.217 1
154.380184  -6.024699   0.053083  0.000297  15913.883    89.038360   0.887046   3.368632    -151.089 1
154.418783  -5.971135   0.053634  0.000297  16079.069    89.038360   0.887302   3.369604       5.691 1
154.758250  -5.700625   0.039417  0.000297  11816.919    89.038360   0.893030   3.391356   -4039.576 1
155.698216  -5.829399   0.054652  0.000297  16384.257    89.038360   0.893957   3.394875     295.350 1
155.464859  -7.344702   0.053857  0.000150  16145.922    44.968869   0.894847   3.398255      69.143 1
155.655042  -5.791167   0.069637  0.000297  20876.647    89.038360   0.897772   3.409364    4559.141 1
155.471225  -7.352323   0.051272  0.000150  15370.959    44.968869   0.904303   3.434165    -666.386 1
154.736500  -5.697417   0.039242  0.000297  11764.456    89.038360   0.904920   3.436507   -4089.370 1
154.460165  -5.884296   0.055652  0.000297  16684.050    89.038360   0.913114   3.467627     579.887 1
155.492458  -5.668611   0.053632  0.000297  16078.469    89.038360   0.924229   3.509836       5.122 1
154.357515  -5.988515   0.054032  0.000297  16198.386    89.038360   0.926027   3.516663     118.937 1
154.381833  -5.951028   0.053049  0.000297  15903.690    89.038360   0.928640   3.526589    -160.764 1
154.763792  -5.640861   0.053589  0.000297  16065.578    89.038360   0.945871   3.592024      -7.113 1
155.029083  -5.572667   0.047967  0.000297  14380.145    89.038360   0.948753   3.602967   -1606.782 1
154.346555  -5.932480   0.054562  0.000297  16357.276    89.038360   0.967757   3.675139     269.741 1
155.242277  -7.479993   0.039384  0.000254  11807.026    76.147284   0.970436   3.685311   -4048.965 1
154.976292  -5.555694   0.047330  0.000297  14189.177    89.038360   0.972116   3.691690   -1788.032 1
154.353757  -5.903573   0.038553  0.000150  11557.899    44.968869   0.979890   3.721213   -4285.416 1
154.855750  -5.572083   0.053396  0.000297  16007.718    89.038360   0.981341   3.726724     -62.029 1
154.161750  -6.777000   0.041500  0.000333  12441.387    99.830889   0.989845   3.759018   -3446.885 1
155.539843  -5.610248   0.036042  0.000043  10805.120    12.891076   0.996691   3.785016   -4999.889 1
155.043595  -5.517674   0.051050  0.000297  15304.405    89.038360   1.002256   3.806149    -729.554 1
154.994577  -5.518279   0.048255  0.000297  14466.485    89.038360   1.006660   3.822874   -1524.835 1
155.684625  -5.661278   0.060278  0.000297  18070.890    89.038360   1.021426   3.878951    1896.156 1
154.220958  -5.944250   0.039121  0.000297  11728.181    89.038360   1.063501   4.038734   -4123.799 1
156.087866  -6.039321   0.037336  0.000033  11193.051     9.893151   1.070971   4.067102   -4631.698 1
154.667735  -5.541110   0.045271  0.000297  13571.904    89.038360   1.075456   4.084134   -2373.894 1
155.468617  -5.483409   0.039150  0.000297  11736.875    89.038360   1.088968   4.135445   -4115.547 1
155.228167  -5.431500   0.038811  0.000297  11635.245    89.038360   1.090338   4.140649   -4212.005 1
154.227161  -5.870427   0.038353  0.000150  11497.940    44.968869   1.100006   4.177365   -4342.323 1
155.850967  -5.681528   0.063032  0.000297  18896.518    89.038360   1.104908   4.195981    2679.772 1
154.454148  -7.406239   0.042226  0.000150  12659.036    44.968869   1.110255   4.216286   -3240.311 1
154.143875  -5.970278   0.054389  0.000297  16305.412    89.038360   1.115816   4.237403     220.516 1
154.286417  -5.760111   0.040085  0.000297  12017.181    89.038360   1.124039   4.268632   -3849.505 1
154.119091  -7.055659   0.054064  0.000150  16207.979    44.968869   1.133666   4.305190     128.042 1
155.891125  -5.629611   0.053947  0.000297  16172.904    89.038360   1.170280   4.444236      94.751 1
155.855047  -5.582857   0.068511  0.000297  20539.081    89.038360   1.183755   4.495409    4238.752 1
155.418750  -7.678056   0.036519  0.000163  10948.121    48.866171   1.197836   4.548880   -4864.165 1
155.144417  -5.309417   0.050272  0.000297  15071.166    89.038360   1.207590   4.585925    -950.924 1
156.333208  -6.630639   0.048177  0.000150  14443.101    44.968869   1.207763   4.586581   -1547.029 1
156.177814  -5.899633   0.067899  0.000297  20355.608    89.038360   1.216232   4.618742    4064.615 1
154.232180  -5.668454   0.053717  0.000297  16103.951    89.038360   1.225995   4.655816      29.307 1
155.147849  -7.743486   0.054177  0.000130  16241.856    38.973020   1.226914   4.659309     160.194 1
154.526210  -5.428788   0.054750  0.000333  16413.637    99.830889   1.239106   4.705608     323.234 1
154.526427  -5.428531   0.054656  0.000297  16385.457    89.038360   1.239229   4.706074     296.488 1
156.318832  -6.150524   0.053821  0.000297  16135.130    89.038360   1.243289   4.721491      58.899 1
155.338393  -7.744196   0.054398  0.000150  16308.110    44.968869   1.245893   4.731380     223.077 1
154.979356  -5.272470   0.051298  0.000297  15378.754    89.038360   1.252507   4.756500    -658.988 1
155.015878  -5.263396   0.050895  0.000150  15257.937    44.968869   1.257934   4.777110    -773.657 1
154.483059  -5.429841   0.053958  0.000297  16176.201    89.038360   1.259275   4.782200      97.881 1
155.557317  -5.331568   0.045955  0.000150  13776.962    44.968869   1.261358   4.790111   -2179.271 1
154.821875  -5.289000   0.052487  0.000297  15735.207    89.038360   1.263745   4.799174    -320.674 1
155.034646  -7.780636   0.051412  0.000190  15412.930    56.960567   1.266861   4.811009    -626.551 1
155.267704  -7.779451   0.051612  0.000177  15472.888    53.063265   1.270790   4.825929    -569.644 1
155.813097  -5.440843   0.054158  0.000297  16236.160    89.038360   1.275863   4.845194     154.788 1
155.075076  -7.794856   0.052346  0.000150  15692.936    44.968869   1.278923   4.856814    -360.793 1
155.077557  -7.795725   0.052139  0.000260  15630.879    77.946039   1.279702   4.859773    -419.692 1
156.048747  -5.621626   0.053824  0.000013  16136.029     3.897302   1.283488   4.874150      59.753 1
155.476190  -5.274113   0.046722  0.000297  14006.903    89.038360   1.291301   4.903820   -1961.031 1
155.509625  -5.282861   0.052427  0.000297  15717.219    89.038360   1.292365   4.907864    -337.746 1
155.435127  -5.259267   0.055039  0.000297  16500.277    89.038360   1.295225   4.918724     405.466 1
154.074447  -5.743429   0.038640  0.000070  11583.981    20.985472   1.297472   4.927259   -4260.661 1
154.374024  -7.580129   0.041369  0.000150  12402.114    44.968869   1.297831   4.928620   -3484.159 1
155.019982  -7.814773   0.062233  0.000087  18656.984    26.081944   1.301982   4.944385    2452.427 1
155.045000  -5.201639   0.050127  0.000297  15027.697    89.038360   1.317462   5.003172    -992.181 1
155.155000  -7.848000   0.054427  0.000333  16316.804    99.830889   1.331560   5.056708     231.329 1
155.045789  -7.848179   0.053897  0.000057  16157.914    17.088170   1.333567   5.064332      80.524 1
154.965073  -7.844799   0.053323  0.000143  15985.833    42.870321   1.337216   5.078190     -82.800 1
155.563875  -5.251417   0.055146  0.000297  16532.355    89.038360   1.339071   5.085234     435.911 1
155.546564  -7.806411   0.054558  0.000137  16356.077    41.071567   1.356518   5.151488     268.603 1
155.490458  -5.208361   0.053047  0.000297  15903.091    89.038360   1.358437   5.158777    -161.333 1
153.972000  -5.773417   0.050982  0.000297  15284.019    89.038360   1.363959   5.179747    -748.902 1
155.099465  -7.885216   0.053500  0.000333  16038.897    99.830889   1.368596   5.197355     -32.437 1
155.570792  -5.220722   0.051570  0.000297  15460.297    89.038360   1.370330   5.203942    -581.594 1
155.062772  -7.886806   0.050068  0.000180  15010.009    53.962642   1.371292   5.207595   -1008.969 1
155.080235  -7.893515   0.055125  0.000123  16526.059    36.874472   1.377351   5.230602     429.936 1
154.056282  -7.402272   0.062133  0.000183  18627.005    54.862020   1.381034   5.244591    2423.973 1
154.326675  -5.377163   0.054787  0.000297  16424.729    89.038360   1.387366   5.268635     333.762 1
156.317298  -5.781696   0.063558  0.000297  19054.209    89.038360   1.395845   5.300835    2829.439 1
153.732583  -6.293500   0.038301  0.000297  11482.351    89.038360   1.399367   5.314213   -4357.119 1
154.616837  -5.201727   0.055189  0.000297  16545.246    89.038360   1.407967   5.346870     448.146 1
155.456958  -5.139972   0.055762  0.000297  16717.027    89.038360   1.416263   5.378377     611.186 1
155.277542  -5.106833   0.040246  0.000297  12065.447    89.038360   1.418323   5.386197   -3803.694 1
155.360796  -7.921865   0.037893  0.000260  11360.036    77.946039   1.424770   5.410682   -4473.211 1
156.352729  -5.781971   0.064114  0.000150  19220.894    44.968869   1.425748   5.414396    2987.641 1
155.226290  -7.941500   0.036946  0.000150  11076.132    44.968869   1.428371   5.424358   -4742.667 1
154.861417  -5.088167   0.051829  0.000297  15537.943    89.038360   1.452100   5.514469    -507.899 1
154.851375  -5.085361   0.049294  0.000297  14777.969    89.038360   1.456676   5.531847   -1229.201 1
155.291514  -5.067962   0.039646  0.000297  11885.572    89.038360   1.458499   5.538772   -3974.417 1
154.726917  -5.109250   0.055590  0.000297  16665.463    89.038360   1.461545   5.550338     562.246 1
155.376572  -5.074068   0.055192  0.000297  16546.145    89.038360   1.464583   5.561875     449.000 1
155.399708  -5.077389   0.052360  0.000297  15697.133    89.038360   1.465450   5.565166    -356.810 1
155.503642  -5.100076   0.055899  0.000297  16758.099    89.038360   1.466351   5.568589     650.168 1
155.686431  -5.160521   0.052099  0.000297  15618.887    89.038360   1.467281   5.572119    -431.074 1
153.648997  -6.629939   0.040755  0.000150  12218.042    44.968869   1.468841   5.578045   -3658.865 1
153.958040  -5.610770   0.053900  0.000333  16158.813    99.830889   1.469890   5.582029      81.378 1
154.975861  -5.053879   0.050495  0.000150  15138.020    44.968869   1.470227   5.583308    -887.472 1
154.944413  -5.053260   0.050610  0.000297  15172.496    89.038360   1.474276   5.598686    -854.750 1
154.971540  -5.050166   0.049875  0.000150  14952.149    44.968869   1.474354   5.598980   -1063.885 1
153.697792  -6.036750   0.053823  0.000297  16135.729    89.038360   1.495166   5.678016      59.468 1
154.997917  -5.025139   0.049720  0.000297  14905.681    89.038360   1.496849   5.684407   -1107.988 1
155.536417  -5.073809   0.039067  0.000150  11711.992    44.968869   1.500331   5.697630   -4139.164 1
155.471500  -5.044917   0.054435  0.000297  16319.202    89.038360   1.512080   5.742249     233.605 1
154.355373  -5.207946   0.054020  0.000297  16194.789    89.038360   1.514864   5.752820     115.522 1
154.282703  -5.251681   0.054011  0.000297  16192.090    89.038360   1.515777   5.756289     112.961 1
155.090307  -5.000627   0.038607  0.000150  11574.087    44.968869   1.516541   5.759189   -4270.051 1
156.378840  -5.651059   0.038253  0.000297  11467.961    89.038360   1.518671   5.767278   -4370.777 1
154.345000  -5.206472   0.053428  0.000297  16017.311    89.038360   1.521348   5.777444     -52.924 1
153.882949  -5.618580   0.053680  0.000333  16092.859    99.830889   1.524714   5.790229      18.779 1
153.658917  -6.055722   0.056904  0.000297  17059.390    89.038360   1.525955   5.794941     936.128 1
155.096864  -4.985791   0.040341  0.000150  12093.928    44.968869   1.531249   5.815045   -3776.663 1
155.086872  -8.055369   0.054358  0.000137  16296.118    41.071567   1.538968   5.844357     211.696 1
154.355615  -5.177823   0.055195  0.000297  16547.045    89.038360   1.540846   5.851491     449.853 1
155.694133  -7.949550   0.052740  0.000150  15811.054    44.968869   1.541008   5.852106    -248.686 1
153.871875  -5.589556   0.053782  0.000297  16123.438    89.038360   1.550796   5.889277      47.802 1
155.261543  -4.972050   0.040121  0.000297  12027.973    89.038360   1.550890   5.889635   -3839.261 1
154.942791  -4.976211   0.051379  0.000297  15403.037    89.038360   1.550978   5.889967    -635.941 1
155.645239  -5.052869   0.037166  0.000297  11142.086    89.038360   1.553182   5.898335   -4680.069 1
155.469189  -5.000623   0.054324  0.000150  16285.925    44.968869   1.554721   5.904180     202.021 1
153.910750  -5.533611   0.054383  0.000297  16303.613    89.038360   1.554773   5.904381     218.809 1
154.941292  -4.966500   0.040637  0.000297  12182.666    89.038360   1.560796   5.927252   -3692.440 1
155.497131  -5.000657   0.054319  0.000297  16284.427    89.038360   1.561064   5.928270     200.599 1
156.357893  -7.490640   0.037489  0.000150  11238.919    44.968869   1.566411   5.948575   -4588.164 1
155.461183  -4.986485   0.055390  0.000333  16605.504    99.830889   1.566786   5.950001     505.338 1
155.375107  -4.957926   0.055385  0.000150  16604.005    44.968869   1.578889   5.995960     503.916 1
154.461083  -5.081333   0.054789  0.000297  16425.329    89.038360   1.578960   5.996229     334.331 1
154.310302  -5.157626   0.056061  0.000297  16806.665    89.038360   1.580942   6.003759     696.263 1
155.386419  -4.953633   0.054440  0.000333  16320.701    99.830889   1.584945   6.018958     235.028 1
155.386458  -4.953583   0.057494  0.000297  17236.268    89.038360   1.585000   6.019170    1104.005 1
155.170167  -4.922861   0.055203  0.000297  16549.443    89.038360   1.594648   6.055806     452.130 1
154.314764  -7.897345   0.041605  0.000150  12472.865    44.968869   1.597085   6.065062   -3417.008 1
155.949813  -5.143489   0.054657  0.000297  16385.756    89.038360   1.600266   6.077143     296.772 1
154.227956  -5.184633   0.056417  0.000297  16913.391    89.038360   1.601720   6.082664     797.558 1
155.480748  -4.952659   0.048800  0.000333  14629.872    99.830889   1.604037   6.091463   -1369.762 1
155.231666  -8.118657   0.054785  0.000150  16424.130    44.968869   1.605471   6.096910     333.193 1
155.455000  -4.945000   0.054515  0.000333  16343.186    99.830889   1.606058   6.099138     256.368 1
155.337042  -8.109628   0.062053  0.000150  18603.021    44.968869   1.606942   6.102493    2401.210 1
155.534000  -4.959222   0.054984  0.000297  16483.789    89.038360   1.610235   6.115000     389.816 1
155.620583  -4.975833   0.057813  0.000297  17331.901    89.038360   1.618345   6.145799    1194.772 1
154.985114  -8.136368   0.052490  0.000203  15736.106    60.857869   1.625332   6.172332    -319.820 1
154.905708  -4.905333   0.051796  0.000297  15528.050    89.038360   1.625884   6.174428    -517.289 1
155.405461  -4.903363   0.054284  0.000150  16273.934    44.968869   1.637681   6.219230     190.640 1
154.307325  -5.092669   0.054324  0.000297  16285.925    89.038360   1.638585   6.222663     202.021 1
155.383583  -4.897056   0.056209  0.000297  16851.034    89.038360   1.640324   6.229267     738.374 1
156.014048  -5.133253   0.054731  0.000150  16407.941    44.968869   1.642558   6.237750     317.828 1
155.241000  -4.876000   0.039561  0.000333  11860.089    99.830889   1.645003   6.247035   -3998.602 1
155.057186  -4.872566   0.039161  0.000297  11740.172    89.038360   1.645554   6.249126   -4112.417 1
155.342434  -4.884201   0.054757  0.000297  16415.736    89.038360   1.647111   6.255041     325.226 1
155.693542  -4.969556   0.052708  0.000297  15801.461    89.038360   1.647832   6.257779    -257.791 1
155.521090  -4.914233   0.053058  0.000297  15906.388    89.038360   1.650672   6.268565    -158.203 1
155.487500  -4.898611   0.053000  0.000333  15889.000    99.830889   1.658237   6.297291    -174.706 1
154.266375  -5.093361   0.056103  0.000297  16819.256    89.038360   1.658490   6.298253     708.213 1
154.299426  -7.961309   0.041462  0.000150  12429.995    44.968869   1.660146   6.304543   -3457.697 1
153.450610  -6.416436   0.048177  0.000150  14443.101    44.968869   1.664614   6.321507   -1547.029 1
156.541792  -5.629972   0.064587  0.000297  19362.695    89.038360   1.665395   6.324475    3122.228 1
155.482755  -4.890170   0.054114  0.000033  16222.969     9.893151   1.665457   6.324710     142.269 1
155.555835  -4.904301   0.053050  0.000297  15903.990    89.038360   1.668877   6.337698    -160.479 1
154.760042  -4.886278   0.048686  0.000297  14595.696    89.038360   1.669943   6.341745   -1402.200 1
155.482275  -4.875463   0.054789  0.000297  16425.329    89.038360   1.679723   6.378886     334.331 1
155.534404  -4.887110   0.055164  0.000297  16537.751    89.038360   1.680187   6.380648     441.033 1
155.605307  -4.905762   0.054255  0.000297  16265.240    89.038360   1.680813   6.383025     182.388 1
155.453715  -4.862450   0.052739  0.000297  15810.754    89.038360   1.686684   6.405323    -248.970 1
155.664572  -4.914651   0.056727  0.000297  17006.327    89.038360   1.690109   6.418328     885.765 1
155.602600  -4.868208   0.052231  0.000297  15658.460    89.038360   1.716093   6.517004    -393.515 1
156.783193  -6.026217   0.054798  0.000297  16428.027    89.038360   1.720880   6.535185     336.892 1
154.368875  -4.966056   0.056271  0.000297  16869.621    89.038360   1.722280   6.540500     756.016 1
154.629800  -4.857251   0.069191  0.000297  20742.940    89.038360   1.730399   6.571335    4432.237 1
154.767903  -4.817250   0.049978  0.000297  14983.027    89.038360   1.735802   6.591851   -1034.578 1
155.453250  -4.810139   0.056156  0.000297  16835.145    89.038360   1.737936   6.599954     723.294 1
155.149695  -4.770264   0.040255  0.000297  12068.145    89.038360   1.746757   6.633455   -3801.133 1
155.829917  -4.917306   0.052552  0.000297  15754.693    89.038360   1.746923   6.634084    -302.179 1
156.873675  -6.807483   0.053857  0.000150  16145.922    44.968869   1.763482   6.696969      69.143 1
155.121208  -4.751611   0.038753  0.000297  11617.857    89.038360   1.765210   6.703530   -4228.508 1
155.196861  -4.737581   0.038403  0.000150  11512.930    44.968869   1.780752   6.762552   -4328.097 1
155.684162  -4.820206   0.045599  0.000297  13670.236    89.038360   1.785874   6.782004   -2280.566 1
153.746467  -5.365967   0.056794  0.000297  17026.413    89.038360   1.787428   6.787905     904.829 1
155.650308  -4.799580   0.056348  0.000297  16892.705    89.038360   1.795379   6.818100     777.925 1
156.576368  -5.434265   0.064321  0.000297  19282.951    89.038360   1.804715   6.853553    3046.541 1
156.788967  -5.797045   0.053335  0.000297  15989.431    89.038360   1.804930   6.854370     -79.386 1
154.796849  -4.737125   0.039982  0.000297  11986.302    89.038360   1.808955   6.869656   -3878.812 1
154.759680  -4.742076   0.053680  0.000297  16092.859    89.038360   1.811082   6.877733      18.779 1
155.648556  -4.776585   0.053996  0.000297  16187.594    89.038360   1.816884   6.899769     108.693 1
153.704118  -5.369350   0.056516  0.000297  16943.071    89.038360   1.817686   6.902811     825.727 1
154.533417  -4.795694   0.054140  0.000297  16230.764    89.038360   1.818077   6.904299     149.667 1
155.595365  -4.757779   0.057140  0.000297  17130.141    89.038360   1.820571   6.913770    1003.278 1
154.979306  -4.692114   0.038427  0.000297  11520.125    89.038360   1.830282   6.950649   -4321.268 1
155.902458  -4.837667   0.053254  0.000297  15965.148    89.038360   1.849130   7.022226    -102.433 1
155.626562  -4.726369   0.056364  0.000297  16897.502    89.038360   1.859038   7.059851     782.478 1
155.465792  -4.687828   0.054062  0.000297  16207.380    89.038360   1.860431   7.065141     127.473 1
153.918333  -5.090944   0.060546  0.000297  18151.234    89.038360   1.861626   7.069679    1972.412 1
155.341731  -4.657454   0.040278  0.000297  12075.041    89.038360   1.872023   7.109161   -3794.589 1
155.459593  -4.663381   0.052394  0.000297  15707.326    89.038360   1.883367   7.152242    -347.135 1
155.170708  -4.629222   0.053929  0.000297  16167.507    89.038360   1.888193   7.170569      89.629 1
155.246290  -4.632081   0.054776  0.000297  16421.432    89.038360   1.888715   7.172553     330.632 1
154.855708  -4.644620   0.040371  0.000297  12102.921    89.038360   1.890941   7.181004   -3768.127 1
153.398796  -7.329241   0.045245  0.000150  13564.110    44.968869   1.895947   7.200014   -2381.292 1
155.146888  -4.618085   0.039104  0.000150  11723.084    44.968869   1.898883   7.211166   -4128.636 1
155.148205  -4.600124   0.041057  0.000297  12308.579    89.038360   1.916860   7.279433   -3572.935 1
156.371985  -5.049569   0.070164  0.000297  21034.638    89.038360   1.921639   7.297581    4709.092 1
155.429031  -4.608344   0.039758  0.000150  11919.149    44.968869   1.932545   7.338998   -3942.549 1
153.380889  -7.417100   0.053220  0.000150  15954.955    44.968869   1.950990   7.409045    -112.108 1
155.181691  -4.565081   0.038210  0.000150  11455.070    44.968869   1.952610   7.415197   -4383.012 1
155.179375  -4.562139   0.039716  0.000297  11906.557    89.038360   1.955483   7.426109   -3954.499 1
154.688013  -4.608350   0.054150  0.000333  16233.762    99.830889   1.956792   7.431078     152.512 1
156.126793  -4.826799   0.069477  0.000297  20828.681    89.038360   1.962344   7.452162    4513.615 1
155.353750  -4.560556   0.039487  0.000333  11837.905    99.830889   1.969652   7.479916   -4019.658 1
153.933833  -4.928472   0.055456  0.000297  16625.291    89.038360   1.979584   7.517633     524.118 1
154.741316  -4.561709   0.053938  0.000297  16170.206    89.038360   1.991548   7.563070      92.190 1
153.241458  -5.828667   0.054347  0.000297  16292.821    89.038360   1.992022   7.564870     208.566 1
154.261708  -4.709694   0.060387  0.000297  18103.567    89.038360   1.999493   7.593240    1927.171 1
154.276292  -4.699833   0.055190  0.000297  16545.546    89.038360   2.002279   7.603820     448.431 1
154.887080  -8.508236   0.054234  0.000150  16258.944    44.968869   2.005163   7.614772     176.413 1
156.542343  -7.948201   0.063597  0.000150  19065.901    44.968869   2.009337   7.630625    2840.536 1
153.907708  -4.904167   0.055677  0.000297  16691.545    89.038360   2.014587   7.650560     587.000 1
153.178764  -7.115360   0.037059  0.000150  11110.009    44.968869   2.022279   7.679772   -4710.515 1
153.077750  -6.534444   0.042646  0.000150  12784.949    44.968869   2.032111   7.717110   -3120.805 1
155.186484  -4.484063   0.053350  0.000150  15993.928    44.968869   2.033735   7.723278     -75.118 1
154.522409  -8.476768   0.055298  0.000150  16577.923    44.968869   2.048770   7.780374     479.161 1
155.257456  -4.469812   0.054330  0.000333  16287.724    99.830889   2.051362   7.790218     203.729 1
155.163479  -8.578690   0.055245  0.000150  16562.034    44.968869   2.062262   7.831611     464.080 1
155.144142  -8.592743   0.054941  0.000080  16470.897    23.983397   2.076029   7.883893     377.581 1
153.960417  -4.790639   0.041340  0.000297  12393.420    89.038360   2.076991   7.887543   -3492.411 1
155.025836  -8.602608   0.054554  0.000090  16354.878    26.981321   2.088021   7.929431     267.465 1
155.073575  -8.607765   0.062050  0.000150  18602.122    44.968869   2.091522   7.942726    2400.356 1
156.121846  -8.360214   0.053170  0.000150  15939.965    44.968869   2.093548   7.950422    -126.335 1
156.961651  -5.470312   0.065006  0.000297  19488.309    89.038360   2.105296   7.995034    3241.449 1
155.649541  -4.473754   0.053564  0.000150  16058.083    44.968869   2.108979   8.009022     -14.227 1
155.013639  -4.406900   0.038721  0.000297  11608.264    89.038360   2.112716   8.023213   -4237.614 1
153.257376  -7.534133   0.045745  0.000150  13714.006    44.968869   2.114390   8.029571   -2239.024 1
154.645675  -8.596968   0.037129  0.000150  11130.994    44.968869   2.133523   8.102229   -4690.597 1
156.104400  -4.614973   0.053837  0.000150  16139.927    44.968869   2.137232   8.116316      63.452 1
156.938990  -5.371171   0.053036  0.000297  15899.793    89.038360   2.137253   8.116396    -164.463 1
153.536125  -5.062417   0.056458  0.000297  16925.683    89.038360   2.145000   8.145813     809.224 1
153.480632  -7.915484   0.043583  0.000150  13065.855    44.968869   2.149160   8.161612   -2854.193 1
153.143370  -5.626433   0.064000  0.000333  19186.717    99.830889   2.158991   8.198948    2955.204 1
153.457542  -5.123611   0.045836  0.000297  13741.287    89.038360   2.163112   8.214596   -2213.131 1
153.061241  -7.213429   0.040978  0.000150  12284.895    44.968869   2.163645   8.216620   -3595.413 1
157.213027  -5.903744   0.059166  0.000297  17737.521    89.038360   2.165135   8.222277    1579.751 1
155.728636  -8.596819   0.053664  0.000147  16088.062    44.069491   2.165287   8.222855      14.227 1
156.017074  -4.517053   0.052837  0.000297  15840.134    89.038360   2.188182   8.309801    -221.085 1
156.053976  -4.526053   0.039962  0.000297  11980.306    89.038360   2.195155   8.336282   -3884.503 1
152.991758  -5.925819   0.054700  0.000333  16398.647    99.830889   2.198401   8.348609     309.007 1
155.556518  -8.701441   0.054151  0.000150  16234.061    44.968869   2.226676   8.455986     152.797 1
154.926917  -4.292722   0.046791  0.000297  14027.589    89.038360   2.232614   8.478536   -1941.398 1
154.146613  -8.554294   0.054338  0.000150  16290.123    44.968869   2.256624   8.569716     206.005 1
153.454973  -4.969992   0.056874  0.000297  17050.396    89.038360   2.266970   8.609005     927.592 1
152.925778  -5.850752   0.054661  0.000150  16386.956    44.968869   2.282377   8.667514     297.911 1
153.975217  -4.536973   0.055522  0.000150  16645.077    44.968869   2.284782   8.676650     542.897 1
153.407713  -8.075074   0.044127  0.000150  13228.942    44.968869   2.309213   8.769428   -2699.405 1
152.880413  -5.887355   0.054850  0.000333  16443.616    99.830889   2.315306   8.792565     351.688 1
156.055417  -4.391861   0.038536  0.000297  11552.802    89.038360   2.318114   8.803230   -4290.253 1
156.060786  -4.384259   0.054598  0.000150  16368.069    44.968869   2.327215   8.837792     279.985 1
153.324558  -8.055852   0.043170  0.000130  12942.040    38.973020   2.358252   8.955655   -2971.707 1
152.907052  -7.387483   0.052450  0.000150  15724.114    44.968869   2.367536   8.990914    -331.201 1
157.300993  -5.555803   0.060633  0.000297  18177.316    89.038360   2.367721   8.991617    1997.167 1
154.491736  -4.222094   0.056574  0.000297  16960.459    89.038360   2.378892   9.034040     842.230 1
157.400372  -5.767435   0.065432  0.000297  19616.020    89.038360   2.383526   9.051635    3362.662 1
154.818142  -4.151212   0.039331  0.000297  11791.137    89.038360   2.384920   9.056930   -4064.046 1
154.720167  -4.164417   0.045847  0.000297  13744.585    89.038360   2.386207   9.061818   -2210.001 1
153.340278  -8.120900   0.043330  0.000150  12990.007    44.968869   2.389609   9.074739   -2926.181 1
155.043087  -8.908062   0.042469  0.000093  12731.886    27.880699   2.392560   9.085943   -3171.168 1
153.160180  -7.925718   0.043066  0.000150  12910.862    44.968869   2.405832   9.136347   -3001.299 1
156.329864  -4.412629   0.038140  0.000297  11434.084    89.038360   2.421854   9.197192   -4402.930 1
156.167859  -4.323799   0.038697  0.000150  11601.069    44.968869   2.426316   9.214135   -4244.443 1
155.155901  -8.951983   0.062270  0.000150  18668.076    44.968869   2.435382   9.248566    2462.955 1
153.175729  -7.997055   0.044471  0.000150  13332.070    44.968869   2.436004   9.250927   -2601.524 1
154.533268  -4.150821   0.038977  0.000150  11685.011    44.968869   2.437469   9.256490   -4164.772 1
157.384231  -5.566666   0.036058  0.000150  10809.916    44.968869   2.439282   9.263374   -4995.336 1
154.906083  -8.947639   0.054348  0.000150  16293.121    44.968869   2.440354   9.267446     208.850 1
155.473971  -4.095795   0.039631  0.000150  11881.075    44.968869   2.446008   9.288918   -3978.685 1
154.535918  -4.139686   0.039611  0.000297  11875.079    89.038360   2.447650   9.295154   -3984.375 1
156.607768  -4.555157   0.054098  0.000297  16218.172    89.038360   2.454437   9.320927     137.716 1
154.682917  -4.078056   0.039654  0.000150  11887.970    44.968869   2.477650   9.409079   -3972.140 1
153.955583  -4.306250   0.055903  0.000297  16759.298    89.038360   2.496383   9.480220     651.306 1
154.985881  -4.019739   0.039263  0.000297  11770.751    89.038360   2.500794   9.496973   -4083.394 1
154.523779  -4.069923   0.039492  0.000297  11839.404    89.038360   2.518282   9.563385   -4018.235 1
155.959579  -8.894208   0.053667  0.000097  16088.962    29.079868   2.518496   9.564197      15.080 1
156.916120  -4.662367   0.053485  0.000297  16034.400    89.038360   2.571548   9.765666     -36.705 1
155.985214  -4.080125   0.037228  0.000297  11160.674    89.038360   2.582890   9.808737   -4662.428 1
154.438087  -9.013830   0.057213  0.000150  17152.026    44.968869   2.588073   9.828421    1024.050 1
156.294228  -4.195210   0.038260  0.000667  11470.059    99.990000   2.596917   9.862007   -4368.785 1
157.743647  -6.450431   0.051084  0.000297  15314.598    89.038360   2.604560   9.891032    -719.879 1
153.012953  -4.952889   0.056892  0.000297  17055.793    89.038360   2.615498   9.932568     932.713 1
154.956414  -3.903188   0.056350  0.000333  16893.305    99.830889   2.618867   9.945365     778.494 1
154.600178  -3.945803   0.057020  0.000333  17094.166    99.830889   2.622966   9.960930     969.134 1
154.764125  -3.912639   0.040570  0.000297  12162.580    89.038360   2.628477   9.981858   -3711.504 1
152.623976  -7.418199   0.053270  0.000150  15969.944    44.968869   2.641432  10.031055     -97.881 1
154.485500  -3.934556   0.041173  0.000297  12343.355    89.038360   2.658808  10.097042   -3539.928 1
156.115833  -4.039306   0.037784  0.000297  11327.358    89.038360   2.666664  10.126876   -4504.225 1
154.597199  -3.892343   0.057482  0.000297  17232.670    89.038360   2.675964  10.162195    1100.590 1
153.586060  -4.311189   0.058314  0.000150  17482.097    44.968869   2.682641  10.187552    1337.325 1
154.840821  -3.846815   0.056675  0.000297  16990.738    89.038360   2.684684  10.195308     870.969 1
153.581664  -4.305351   0.058856  0.000297  17644.585    89.038360   2.689928  10.215222    1491.544 1
154.094648  -4.021131   0.039994  0.000150  11989.900    44.968869   2.696729  10.241053   -3875.398 1
154.853208  -3.819417   0.057124  0.000297  17125.344    89.038360   2.710689  10.294064     998.726 1
152.715559  -7.793381   0.053997  0.000150  16187.893    44.968869   2.711222  10.296089     108.978 1
157.645307  -5.480400   0.046910  0.000333  14063.264    99.830889   2.711872  10.298557   -1907.538 1
153.275097  -8.520102   0.062657  0.000150  18784.096    44.968869   2.717333  10.319296    2573.071 1
156.203477  -4.012686   0.053567  0.000150  16058.983    44.968869   2.724533  10.346639     -13.373 1
153.437686  -4.364835   0.043917  0.000297  13165.985    89.038360   2.726671  10.354760   -2759.158 1
156.203299  -4.001895   0.064292  0.000297  19274.257    89.038360   2.734385  10.384052    3038.289 1
153.517351  -4.283440   0.059410  0.000297  17810.670    89.038360   2.744610  10.422884    1649.178 1
152.744342  -7.917099   0.051702  0.000150  15499.870    44.968869   2.746983  10.431893    -544.035 1
153.337046  -8.619711   0.062290  0.000150  18674.072    44.968869   2.751490  10.449010    2468.645 1
154.888770  -3.774893   0.049670  0.000297  14890.691    89.038360   2.751785  10.450131   -1122.215 1
152.701148  -7.859741   0.054998  0.000163  16487.986    48.866171   2.755586  10.464564     393.800 1
157.792458  -5.742611   0.062841  0.000297  18839.258    89.038360   2.762900  10.492340    2625.425 1
154.174191  -3.918426   0.058065  0.000297  17407.449    89.038360   2.764108  10.496929    1266.475 1
154.402914  -9.189344   0.054191  0.000150  16246.053    44.968869   2.766628  10.506497     164.178 1
154.136138  -3.928878   0.057269  0.000297  17168.814    89.038360   2.767453  10.509631    1039.984 1
152.650417  -7.801544   0.054651  0.000150  16383.958    44.968869   2.772261  10.527891     295.065 1
156.447001  -4.073500   0.038853  0.000297  11647.836    89.038360   2.774925  10.538008   -4200.055 1
154.900041  -3.745709   0.046786  0.000150  14026.090    44.968869   2.779951  10.557093   -1942.821 1
154.137988  -3.912543   0.057200  0.000333  17148.129    99.830889   2.782087  10.565206    1020.351 1
154.519071  -9.236342   0.049398  0.000150  14809.148    44.968869   2.784929  10.576000   -1199.609 1
157.089179  -4.515981   0.037928  0.000297  11370.528    89.038360   2.796323  10.619266   -4463.252 1
153.131104  -4.541095   0.056275  0.000297  16870.821    89.038360   2.796432  10.619681     757.154 1
152.768177  -8.053497   0.054858  0.000150  16446.015    44.968869   2.799132  10.629935     353.964 1
154.762542  -3.740028   0.057297  0.000297  17177.208    89.038360   2.799791  10.632438    1047.951 1
153.734884  -4.075548   0.068941  0.000297  20667.992    89.038360   2.803900  10.648042    4361.103 1
157.005391  -8.623504   0.064728  0.000150  19404.966    44.968869   2.817068  10.698047    3162.347 1
154.679686  -3.733140   0.059861  0.000150  17945.876    44.968869   2.818310  10.702764    1777.504 1
153.191832  -8.588389   0.061786  0.000150  18522.977    44.968869   2.823609  10.722889    2325.239 1
155.615408  -3.735066   0.053767  0.000150  16118.941    44.968869   2.824446  10.726069      43.534 1
152.742547  -4.955002   0.056284  0.000297  16873.519    89.038360   2.834227  10.763210     759.715 1
154.787582  -3.700474   0.057500  0.000333  17238.066    99.830889   2.835994  10.769921    1105.712 1
156.269147  -9.118654   0.044911  0.000150  13463.979    44.968869   2.840118  10.785584   -2476.328 1
153.836396  -9.056596   0.056492  0.000150  16935.876    44.968869   2.843324  10.797756     818.898 1
153.386667  -4.255222   0.057575  0.000297  17260.551    89.038360   2.844441  10.801999    1127.052 1
153.533888  -4.149726   0.059534  0.000297  17847.844    89.038360   2.845326  10.805362    1684.461 1
152.610507  -7.889325   0.054094  0.000150  16216.973    44.968869   2.848698  10.818164     136.578 1
156.149296  -3.825475   0.063918  0.000150  19162.134    44.968869   2.878030  10.929555    2931.872 1
157.133042  -4.438726   0.070066  0.000297  21005.258    89.038360   2.882135  10.945144    4681.207 1
152.397557  -7.510654   0.054738  0.000150  16410.040    44.968869   2.884452  10.953945     319.820 1
154.740784  -3.655745   0.049277  0.000297  14772.873    89.038360   2.886167  10.960456   -1234.038 1
157.321863  -8.416622   0.053284  0.000150  15974.141    44.968869   2.895163  10.994619     -93.897 1
157.723103  -5.202730   0.062271  0.000297  18668.376    89.038360   2.898325  11.006627    2463.239 1
158.042977  -6.676077   0.041519  0.000150  12447.083    44.968869   2.905478  11.033792   -3441.478 1
152.697792  -8.144639   0.043674  0.000150  13093.136    44.968869   2.907863  11.042849   -2828.301 1
154.467182  -3.673346   0.038742  0.000297  11614.559    89.038360   2.917174  11.078207   -4231.638 1
156.909181  -8.850751   0.053060  0.000150  15906.988    44.968869   2.931993  11.134484    -157.634 1
154.016708  -3.794361   0.058263  0.000297  17466.808    89.038360   2.935967  11.149576    1322.814 1
152.658160  -4.877628   0.066193  0.000297  19844.162    89.038360   2.946885  11.191037    3579.194 1
154.259819  -3.696969   0.040300  0.000333  12081.636    99.830889   2.947379  11.192916   -3788.329 1
157.656107  -4.968802   0.066889  0.000297  20052.818    89.038360   2.954714  11.220772    3777.232 1
155.541954  -9.449138   0.065469  0.000150  19627.112    44.968869   2.961714  11.247354    3373.189 1
152.538415  -5.037628   0.056676  0.000297  16991.037    89.038360   2.963451  11.253950     871.253 1
152.560523  -4.994439   0.055842  0.000150  16741.010    44.968869   2.966370  11.265035     633.949 1
154.928944  -3.548177   0.040773  0.000297  12223.438    89.038360   2.974897  11.297418   -3653.743 1
153.381125  -4.078083   0.057501  0.000297  17238.366    89.038360   2.990399  11.356286    1105.996 1
153.195828  -8.833368   0.061569  0.000150  18457.922    44.968869   3.005419  11.413329    2263.494 1
156.325977  -9.288427   0.051459  0.000150  15427.020    44.968869   3.018330  11.462359    -613.178 1
157.429782  -4.551519   0.053871  0.000297  16150.120    89.038360   3.019124  11.465371      73.126 1
154.342639  -9.438963   0.058013  0.000150  17391.860    44.968869   3.023250  11.481040    1251.679 1
154.412327  -3.574597   0.058412  0.000297  17511.477    89.038360   3.025761  11.490575    1365.210 1
153.810728  -9.258626   0.056846  0.000150  17042.002    44.968869   3.036013  11.529511     919.624 1
157.675214  -8.200264   0.054151  0.000150  16234.061    44.968869   3.043661  11.558556     152.797 1
152.602800  -4.783787   0.055341  0.000297  16590.814    89.038360   3.045160  11.564246     491.396 1
156.525137  -3.788189   0.053123  0.000297  15925.875    89.038360   3.063673  11.634551    -139.708 1
155.204867  -9.586281   0.036218  0.000150  10857.883    44.968869   3.070539  11.660623   -4949.810 1
152.818533  -4.464473   0.056723  0.000150  17005.128    44.968869   3.074783  11.676742     884.626 1
154.885672  -3.443905   0.060695  0.000297  18195.903    89.038360   3.081948  11.703953    2014.808 1
156.583292  -3.789056   0.038815  0.000297  11636.444    89.038360   3.089609  11.733043   -4210.867 1
154.320982  -9.508774   0.048727  0.000150  14607.987    44.968869   3.096245  11.758248   -1390.534 1
156.436521  -9.329438   0.052206  0.000150  15650.965    44.968869   3.100634  11.774915    -400.628 1
153.540001  -9.194423   0.042756  0.000150  12817.926    44.968869   3.105345  11.792803   -3089.506 1
156.065497  -9.480422   0.063821  0.000150  19133.054    44.968869   3.108021  11.802967    2904.272 1
156.056781  -3.548342   0.055356  0.000297  16595.311    89.038360   3.110077  11.810773     495.664 1
153.784737  -9.334540   0.065449  0.000150  19621.117    44.968869   3.115674  11.832029    3367.499 1
152.057136  -7.178660   0.059001  0.000150  17688.055    44.968869   3.117127  11.837546    1532.802 1
157.426402  -4.399922   0.054073  0.000297  16210.678    89.038360   3.117463  11.838823     130.603 1
154.331583  -3.490833   0.059386  0.000297  17803.475    89.038360   3.126479  11.873062    1642.349 1
154.813587  -3.397384   0.047126  0.000150  14128.019    44.968869   3.134547  11.903701   -1846.078 1
154.138942  -9.507934   0.065919  0.000150  19762.019    44.968869   3.146849  11.950419    3501.231 1
154.504145  -9.614259   0.056392  0.000150  16905.896    44.968869   3.157875  11.992292     790.445 1
151.970128  -6.943803   0.060502  0.000150  18138.043    44.968869   3.161467  12.005930    1959.893 1
154.494444  -9.621600   0.054888  0.000150  16455.008    44.968869   3.166963  12.026802     362.500 1
154.539846  -3.383507   0.059930  0.000297  17966.562    89.038360   3.186430  12.100732    1797.137 1
154.887208  -3.337250   0.049986  0.000213  14985.426    63.855794   3.188189  12.107410   -1032.301 1
154.882083  -3.335000   0.046800  0.000333  14030.287    99.830889   3.190811  12.117366   -1938.837 1
152.673354  -4.435452   0.054851  0.000297  16443.916    89.038360   3.202431  12.161495     351.973 1
157.165538  -9.028744   0.053944  0.000150  16172.004    44.968869   3.229239  12.263302      93.897 1
152.048616  -7.572039   0.060075  0.000150  18010.032    44.968869   3.231652  12.272465    1838.395 1
157.415346  -4.219358   0.069059  0.000297  20703.367    89.038360   3.235042  12.285337    4394.678 1
154.640875  -3.308917   0.046940  0.000297  14072.258    89.038360   3.243469  12.317342   -1899.002 1
153.966292  -3.481917   0.041531  0.000297  12450.681    89.038360   3.245208  12.323945   -3438.064 1
158.280851  -7.356081   0.044464  0.000150  13329.972    44.968869   3.247758  12.333629   -2603.516 1
158.289106  -7.351037   0.043790  0.000150  13127.912    44.968869   3.254385  12.358796   -2795.294 1
151.880808  -6.041227   0.055155  0.000150  16535.053    44.968869   3.256162  12.365546     438.472 1
154.127292  -3.409472   0.060348  0.000297  18091.875    89.038360   3.261024  12.384007    1916.074 1
156.362665  -9.541766   0.057790  0.000150  17325.006    44.968869   3.266079  12.403205    1188.228 1
154.555420  -9.740604   0.056846  0.000150  17042.002    44.968869   3.272733  12.428473     919.624 1
155.389888  -3.251083   0.041335  0.000150  12391.921    44.968869   3.276484  12.442720   -3493.833 1
154.322859  -9.702488   0.062693  0.000150  18794.889    44.968869   3.283361  12.468834    2583.314 1
157.023058  -3.829673   0.038480  0.000297  11536.014    89.038360   3.283973  12.471157   -4306.187 1
154.247750  -3.350028   0.060152  0.000297  18033.116    89.038360   3.284017  12.471325    1860.305 1
153.491914  -9.380503   0.064318  0.000150  19282.051    44.968869   3.290418  12.495635    3045.687 1
157.342390  -4.073190   0.067101  0.000297  20116.374    89.038360   3.291439  12.499512    3837.554 1
155.747105  -9.751398   0.056759  0.000150  17015.920    44.968869   3.293476  12.507247     894.870 1
154.530656  -3.276194   0.043725  0.000297  13108.425    89.038360   3.293632  12.507838   -2813.789 1
152.765322  -4.200769   0.066834  0.000297  20036.329    89.038360   3.294106  12.509641    3761.583 1
152.238860  -4.875444   0.063817  0.000297  19131.855    89.038360   3.302307  12.540783    2903.134 1
151.938768  -5.527120   0.056182  0.000150  16842.940    44.968869   3.314851  12.588418     730.692 1
154.006708  -3.385833   0.060781  0.000297  18221.685    89.038360   3.321617  12.614113    2039.279 1
154.605684  -3.219471   0.060865  0.000150  18246.868    44.968869   3.337166  12.673165    2063.180 1
152.549177  -4.370693   0.055763  0.000297  16717.327    89.038360   3.338427  12.677952     611.471 1
151.994477  -7.743184   0.057810  0.000150  17331.002    44.968869   3.341489  12.689581    1193.918 1
153.338256  -9.365178   0.060385  0.000150  18102.968    44.968869   3.355209  12.741681    1926.602 1
151.982412  -5.258429   0.055135  0.000150  16529.057    44.968869   3.364490  12.776927     432.781 1
156.843593  -9.417607   0.053460  0.000150  16026.905    44.968869   3.367027  12.786564     -43.819 1
153.163291  -3.755998   0.058701  0.000150  17598.117    44.968869   3.378332  12.829495    1447.441 1
154.133375  -3.284611   0.060099  0.000297  18017.227    89.038360   3.378449  12.829939    1845.224 1
151.952398  -5.294890   0.056212  0.000150  16851.934    44.968869   3.378807  12.831300     739.228 1
156.634217  -3.484854   0.051073  0.000297  15311.300    89.038360   3.383368  12.848618    -723.009 1
154.228089  -9.782440   0.053240  0.000110  15960.950    32.977170   3.384498  12.852909    -106.417 1
152.355572  -4.531041   0.050760  0.000297  15217.465    89.038360   3.391655  12.880090    -812.069 1
154.119786  -3.268529   0.059000  0.000333  17687.755    99.830889   3.397774  12.903328    1532.518 1
152.635947  -4.181900   0.062870  0.000297  18847.952    89.038360   3.399648  12.910445    2633.677 1
156.525034  -3.413086   0.038433  0.000100  11521.924    29.979246   3.401991  12.919342   -4319.560 1
154.197042  -3.241306   0.061523  0.000297  18444.131    89.038360   3.402256  12.920348    2250.405 1
154.137320  -3.257577   0.061035  0.000297  18297.833    89.038360   3.403192  12.923902    2111.551 1
153.513000  -3.512361   0.041836  0.000297  12542.117    89.038360   3.403746  12.926005   -3351.280 1
153.680000  -3.429722   0.040971  0.000297  12282.797    89.038360   3.403763  12.926070   -3597.405 1
151.697887  -6.372834   0.062123  0.000150  18624.007    44.968869   3.406027  12.934668    2421.128 1
153.171856  -3.714241   0.058700  0.000333  17597.817    99.830889   3.407693  12.940997    1447.157 1
156.704592  -3.488549   0.060365  0.000297  18096.972    89.038360   3.411691  12.956179    1920.911 1
156.670331  -3.469895   0.061929  0.000297  18565.847    89.038360   3.412791  12.960357    2365.927 1
151.693466  -6.320890   0.062000  0.000333  18587.132    99.830889   3.413003  12.961160    2386.130 1
157.496614  -4.040246   0.053196  0.000297  15947.760    89.038360   3.419779  12.986894    -118.937 1
154.121250  -3.242472   0.061061  0.000297  18305.627    89.038360   3.422270  12.996353    2118.949 1
151.692807  -6.188382   0.055375  0.000150  16601.007    44.968869   3.423819  13.002234     501.070 1
156.490256  -3.373736   0.052654  0.000297  15785.272    89.038360   3.424075  13.003206    -273.156 1
153.334542  -3.584806   0.040009  0.000297  11994.396    89.038360   3.428423  13.019721   -3871.130 1
154.073088  -3.248860   0.059722  0.000297  17904.205    89.038360   3.430405  13.027246    1737.954 1
153.096167  -3.737194   0.056665  0.000297  16987.740    89.038360   3.432413  13.034870     868.123 1
151.768859  -5.688424   0.056000  0.000333  16788.378    99.830889   3.433888  13.040473     678.906 1
154.056855  -3.232625   0.060209  0.000297  18050.204    89.038360   3.450791  13.104665    1876.523 1
153.727833  -3.349194   0.045105  0.000297  13522.139    89.038360   3.457640  13.130672   -2421.128 1
151.755625  -5.624056   0.056212  0.000150  16851.934    44.968869   3.462684  13.149828     739.228 1
155.854888  -9.903271   0.062650  0.000150  18781.997    44.968869   3.463641  13.153464    2571.079 1
153.816708  -3.303167   0.038929  0.000297  11670.621    89.038360   3.465831  13.161779   -4178.430 1
152.968068  -3.789877   0.058293  0.000297  17475.802    89.038360   3.467006  13.166243    1331.350 1
156.198262  -3.217626   0.056121  0.000297  16824.653    89.038360   3.467849  13.169443     713.335 1
153.974456  -3.241917   0.058872  0.000297  17649.382    89.038360   3.468018  13.170086    1496.097 1
154.898667  -3.042389   0.062241  0.000297  18659.382    89.038360   3.481573  13.221559    2454.703 1
151.621040  -6.372490   0.041819  0.000150  12537.021    44.968869   3.482325  13.224415   -3356.117 1
153.100781  -9.364322   0.061086  0.000150  18313.122    44.968869   3.484962  13.234432    2126.063 1
151.679873  -7.198603   0.050392  0.000150  15107.142    44.968869   3.488158  13.246567    -916.779 1
152.518847  -4.169693   0.051215  0.000297  15353.871    89.038360   3.493317  13.266160    -682.605 1
152.850958  -3.849177   0.049399  0.000297  14809.448    89.038360   3.494567  13.270907   -1199.325 1
152.770442  -3.916284   0.049675  0.000297  14892.190    89.038360   3.496573  13.278526   -1120.792 1
152.635096  -4.031806   0.050543  0.000297  15152.410    89.038360   3.505029  13.310639    -873.814 1
151.719423  -5.584717   0.057180  0.000333  17142.133    99.830889   3.507696  13.320766    1014.660 1
154.857079  -3.015089   0.048600  0.000333  14569.913    99.830889   3.511684  13.335909   -1426.670 1
151.584282  -6.518413   0.054700  0.000333  16398.647    99.830889   3.515853  13.351743     309.007 1
151.584586  -6.583447   0.056519  0.000150  16943.970    44.968869   3.516182  13.352992     826.581 1
152.229452  -4.491146   0.051367  0.000297  15399.439    89.038360   3.516835  13.355470    -639.355 1
154.059552  -3.161457   0.062874  0.000297  18849.151    89.038360   3.517786  13.359081    2634.815 1
153.521661  -3.376601   0.041042  0.000297  12304.082    89.038360   3.520260  13.368478   -3577.203 1
153.369269  -3.454616   0.041046  0.000297  12305.281    89.038360   3.523216  13.379703   -3576.064 1
154.608015  -3.023191   0.044271  0.000150  13272.112    44.968869   3.530897  13.408875   -2658.432 1
152.585418  -4.032853   0.059127  0.000297  17725.829    89.038360   3.539275  13.440690    1568.654 1
157.153964  -3.608889   0.069090  0.000297  20712.661    89.038360   3.539456  13.441375    4403.499 1
151.862432  -7.944504   0.057607  0.000150  17270.144    44.968869   3.540147  13.444001    1136.157 1
152.194301  -4.498293   0.051395  0.000297  15407.833    89.038360   3.541362  13.448614    -631.388 1
152.210083  -4.466552   0.051299  0.000150  15379.053    44.968869   3.546743  13.469050    -658.704 1
151.680518  -5.544294   0.053520  0.000150  16044.892    44.968869   3.555818  13.503511     -26.747 1
152.347062  -4.264706   0.060177  0.000297  18040.611    89.038360   3.560701  13.522055    1867.418 1
157.816647  -4.153389   0.055961  0.000297  16776.686    89.038360   3.570445  13.559060     667.809 1
151.526371  -6.480174   0.054681  0.000150  16392.951    44.968869   3.573578  13.570956     303.601 1
156.060298  -3.066054   0.063137  0.000297  18927.996    89.038360   3.574213  13.573368    2709.648 1
158.243939  -4.737913   0.064182  0.000297  19241.280    89.038360   3.574815  13.575657    3006.990 1
152.105274  -4.566659   0.060357  0.000297  18094.573    89.038360   3.576660  13.582660    1918.635 1
152.797783  -3.784530   0.059249  0.000297  17762.403    89.038360   3.578044  13.587918    1603.368 1
152.900309  -9.333483   0.067360  0.000150  20194.020    44.968869   3.579149  13.592114    3911.249 1
153.177204  -3.499704   0.040595  0.000133  12170.075    39.872397   3.583342  13.608038   -3704.391 1
152.223469  -4.382406   0.060902  0.000297  18257.960    89.038360   3.585346  13.615649    2073.708 1
152.169708  -4.448853   0.060267  0.000297  18067.592    89.038360   3.589718  13.632249    1893.027 1
157.272806  -9.403834   0.055071  0.000150  16509.870    44.968869   3.591237  13.638019     414.571 1
151.702736  -7.686933   0.055235  0.000150  16559.036    44.968869   3.593979  13.648432     461.235 1
151.570620  -5.838128   0.036262  0.000150  10871.074    44.968869   3.594089  13.648849   -4937.291 1
156.784419  -3.321917   0.038100  0.000333  11422.093    99.830889   3.596132  13.656607   -4414.311 1
152.361272  -4.192306   0.051358  0.000297  15396.741    89.038360   3.596145  13.656659    -641.916 1
153.318000  -3.394250   0.059782  0.000297  17922.193    89.038360   3.600903  13.674726    1755.026 1
156.454359  -3.163029   0.061455  0.000297  18423.746    89.038360   3.605218  13.691114    2231.057 1
152.720160  -3.812259   0.059406  0.000297  17809.471    89.038360   3.607481  13.699707    1648.040 1
152.842140  -9.330686   0.046472  0.000150  13931.955    44.968869   3.612915  13.720342   -2032.165 1
151.627155  -5.519788   0.066000  0.003000  19786.302    99.990000   3.613528  13.722672    3524.279 1
153.204383  -3.443618   0.040900  0.000333  12261.512    99.830889   3.616386  13.733523   -3617.607 1
152.871983  -9.363864   0.065942  0.000150  19768.914    44.968869   3.620424  13.748858    3507.776 1
152.566278  -9.107135   0.066283  0.000150  19871.143    44.968869   3.627996  13.777616    3604.803 1
151.606387  -7.507233   0.047646  0.000150  14283.911    44.968869   3.631555  13.791129   -1698.118 1
153.492708  -3.249972   0.041890  0.000297  12558.306    89.038360   3.646356  13.847338   -3335.915 1
156.975022  -3.356916   0.059958  0.000297  17974.956    89.038360   3.656610  13.886278    1805.104 1
154.433461  -2.918064   0.060534  0.000297  18147.637    89.038360   3.663384  13.912004    1968.998 1
158.481275  -8.041160   0.064381  0.000150  19300.938    44.968869   3.668290  13.930634    3063.613 1
151.872284  -4.768062   0.062497  0.000150  18736.129    44.968869   3.672764  13.947623    2527.545 1
154.021627  -2.991904   0.060259  0.000297  18065.194    89.038360   3.690858  14.016337    1890.750 1
152.007282  -4.506459   0.052042  0.000297  15601.799    89.038360   3.691098  14.017249    -447.293 1
152.481589  -9.112751   0.054611  0.000150  16371.966    44.968869   3.691346  14.018192     283.684 1
157.028369  -3.321545   0.059521  0.000130  17843.947    38.973020   3.713953  14.104044    1680.762 1
153.782912  -3.041306   0.056966  0.000297  17077.977    89.038360   3.721814  14.133897     953.769 1
156.166023  -2.941575   0.063530  0.000297  19045.815    89.038360   3.722400  14.136121    2821.472 1
153.777234  -3.034994   0.057043  0.000150  17101.061    44.968869   3.729728  14.163949     975.678 1
152.174847  -4.205510   0.058472  0.000297  17529.465    89.038360   3.731193  14.169514    1382.282 1
155.685600  -2.827056   0.061831  0.000012  18536.467     3.597509   3.731863  14.172057    2338.043 1
155.684833  -2.826861   0.061575  0.000297  18459.721    89.038360   3.731942  14.172356    2265.201 1
158.039807  -4.161362   0.063801  0.000297  19127.059    89.038360   3.734482  14.182004    2898.581 1
158.238208  -4.426765   0.067750  0.000297  20310.939    89.038360   3.734682  14.182761    4022.219 1
156.908671  -3.228742   0.060005  0.000297  17989.046    89.038360   3.736175  14.188434    1818.478 1
153.326542  -3.233639   0.050624  0.000297  15176.693    89.038360   3.736973  14.191464    -850.766 1
153.794373  -3.019437   0.057300  0.000333  17178.108    99.830889   3.738208  14.196154    1048.804 1
157.711496  -3.802185   0.037896  0.000297  11360.935    89.038360   3.739418  14.200749   -4472.357 1
155.747738  -2.827768   0.058260  0.000297  17465.909    89.038360   3.740906  14.206398    1321.960 1
156.356140  -2.978986   0.059692  0.000297  17895.211    89.038360   3.743971  14.218038    1729.418 1
151.371742  -6.121873   0.053911  0.000150  16162.111    44.968869   3.747887  14.232911      84.508 1
156.903459  -3.210737   0.036330  0.000297  10891.460    89.038360   3.749585  14.239358   -4917.942 1
158.003302  -4.088635   0.037633  0.000297  11282.090    89.038360   3.753047  14.252504   -4547.190 1
151.857000  -4.629434   0.061508  0.000297  18439.635    89.038360   3.753876  14.255653    2246.137 1
155.772982 -10.215171   0.052159  0.000150  15636.875    44.968869   3.754309  14.257298    -414.002 1
156.557063  -3.039369   0.052897  0.000297  15858.122    89.038360   3.758020  14.271390    -204.013 1
156.219207  -2.916454   0.057857  0.000150  17345.092    44.968869   3.761493  14.284579    1207.292 1
