357.903014 -28.365003   0.027646  0.000031   8288.062     9.293566   0.004692   0.009852    -416.590 0
357.903100 -28.364700   0.029900  0.000333   8963.794    99.830889   0.004873   0.010232     240.049 0
357.765219 -28.350033   0.027571  0.000213   8265.578    63.855794   0.118006   0.247769    -438.440 0
358.066866 -28.228915   0.032886  0.000213   9858.975    63.855794   0.202573   0.425329    1109.937 1
357.914917 -28.592250   0.027891  0.000213   8361.511    63.855794   0.226140   0.474811    -345.217 0
357.625333 -28.427667   0.027616  0.000150   8279.069    44.968869   0.247576   0.519818    -425.330 0
357.797210 -28.101704   0.029507  0.000297   8845.976    89.038360   0.279348   0.586527     125.560 0
357.896886 -28.079223   0.028303  0.000103   8485.026    30.878623   0.287379   0.603388    -225.192 0
357.894152 -28.071711   0.032332  0.000039   9692.890    11.691906   0.294908   0.619198     948.544 1
357.655439 -28.598294   0.027993  0.000213   8392.090    63.855794   0.315019   0.661423    -315.502 0
357.880071 -28.021299   0.035307  0.000213  10584.772    63.855794   0.345661   0.725760    1815.227 1
357.959699 -27.965300   0.029364  0.000033   8803.106     9.893151   0.404956   0.850257      83.901 0
357.436500 -28.261306   0.028609  0.000213   8576.762    63.855794   0.419515   0.880825    -136.047 0
357.976634 -27.929873   0.029260  0.000019   8771.927     5.696057   0.442174   0.928402      53.603 0
357.752322 -27.938975   0.029660  0.000333   8891.844    99.830889   0.446424   0.937325     170.132 0
357.435167 -28.051056   0.031142  0.000150   9336.137    44.968869   0.515197   1.081722     601.871 1
357.339625 -28.541556   0.029133  0.000213   8733.854    63.855794   0.521549   1.095059      16.605 0
357.489250 -27.980278   0.033642  0.000213  10085.618    63.855794   0.527832   1.108252    1330.176 1
357.306042 -28.262167   0.029550  0.000150   8858.867    44.968869   0.531245   1.115417     138.087 0
357.869167 -28.930278   0.028703  0.000333   8604.943    99.830889   0.564249   1.184713    -108.663 0
357.633793 -28.939351   0.029375  0.000213   8806.403    63.855794   0.618136   1.297856      87.105 0
357.169750 -28.309778   0.025878  0.000120   7758.029    35.975095   0.643320   1.350734    -931.648 1
357.314792 -27.976222   0.034017  0.000023  10198.040     6.895227   0.644786   1.353810    1439.422 1
357.250542 -28.040944   0.034684  0.000023  10398.002     6.895227   0.656222   1.377822    1633.734 1
358.100809 -29.022931   0.028943  0.000017   8676.893     5.096472   0.680160   1.428083     -38.746 0
357.158876 -28.113895   0.034377  0.000030  10305.965     8.993774   0.697744   1.465003    1544.298 1
358.700675 -28.236635   0.031643  0.000297   9486.333    89.038360   0.718152   1.507853     747.824 1
358.042515 -29.078953   0.028993  0.000014   8691.883     4.197094   0.723614   1.519320     -24.180 0
357.112344 -28.149741   0.030898  0.000037   9262.987    11.092321   0.724534   1.521252     530.789 1
357.110833 -28.145278   0.033843  0.000333  10145.876    99.830889   0.727149   1.526742    1388.732 1
357.175583 -28.724833   0.034604  0.000213  10374.018    63.855794   0.729665   1.532026    1610.428 1
357.929120 -29.096330   0.027157  0.000213   8141.464    63.855794   0.730244   1.533240    -559.047 1
358.732236 -28.208562   0.029377  0.000150   8807.003    44.968869   0.750885   1.576580      87.688 0
358.025431 -29.114433   0.029036  0.000213   8704.774    63.855794   0.756193   1.587724     -11.653 0
357.036667 -28.317778   0.033877  0.000333  10156.069    99.830889   0.759480   1.594626    1398.637 1
357.962252 -27.597275   0.032658  0.000213   9790.622    63.855794   0.771400   1.619653    1043.515 1
357.111667 -27.987500   0.028747  0.000333   8618.134    99.830889   0.788963   1.656529     -95.845 0
357.286750 -27.779250   0.032096  0.000083   9622.139    24.882774   0.796409   1.672163     879.792 1
357.330323 -29.006800   0.034761  0.000213  10421.086    63.855794   0.812016   1.704932    1656.165 1
357.003583 -28.156361   0.032197  0.000297   9652.418    89.038360   0.814618   1.710394     909.216 1
357.271125 -27.746500   0.026611  0.000297   7977.777    89.038360   0.829934   1.742553    -718.109 1
357.316002 -29.030011   0.034507  0.000103  10344.938    30.878623   0.838079   1.759654    1582.170 1
357.084292 -27.919889   0.034064  0.000213  10212.130    63.855794   0.843926   1.771930    1453.114 1
357.047500 -27.932944   0.034024  0.000297  10200.139    89.038360   0.864942   1.816058    1441.461 1
358.510335 -27.684784   0.032395  0.000297   9711.777    89.038360   0.869016   1.824610     966.898 1
356.937652 -28.140745   0.028840  0.000019   8646.014     5.696057   0.874697   1.836538     -68.752 0
356.937027 -28.137032   0.026919  0.000333   8070.113    99.830889   0.876194   1.839681    -628.382 1
356.929882 -28.143920   0.027079  0.000019   8118.080     5.696057   0.880495   1.848713    -581.770 1
356.928009 -28.137729   0.029020  0.000333   8699.977    99.830889   0.883673   1.855385     -16.314 0
358.597395 -27.727306   0.042810  0.000103  12834.115    30.878623   0.887374   1.863156    4001.016 1
356.921208 -28.144139   0.028000  0.000333   8394.189    99.830889   0.887827   1.864107    -313.462 0
358.711167 -28.893139   0.030168  0.000083   9044.139    24.882774   0.888381   1.865271     318.124 0
356.925000 -28.104000   0.028286  0.000333   8479.929    99.830889   0.895534   1.880290    -230.144 0
358.141650 -29.271744   0.029100  0.000333   8723.961    99.830889   0.930188   1.953050       6.992 0
356.882338 -28.107070   0.028223  0.000017   8461.043     5.096472   0.930628   1.953973    -248.498 0
356.868083 -28.136000   0.027863  0.000033   8353.117     9.893151   0.935129   1.963423    -353.374 0
356.870529 -28.122607   0.028000  0.000333   8394.189    99.830889   0.936443   1.966183    -313.462 0
358.159394 -27.456359   0.030308  0.000213   9086.110    63.855794   0.938851   1.971239     358.909 1
356.869136 -28.109482   0.027486  0.000019   8240.096     5.696057   0.941127   1.976018    -463.202 1
357.975244 -29.318192   0.028554  0.000213   8560.274    63.855794   0.954016   2.003080    -152.070 0
358.077580 -29.323379   0.035091  0.000150  10520.017    44.968869   0.969740   2.036094    1752.302 1
357.161708 -27.636917   0.034748  0.000297  10417.188    89.038360   0.975802   2.048821    1652.378 1
358.815140 -28.959508   0.028977  0.000150   8687.086    44.968869   1.001406   2.102580     -28.841 0
356.805288 -28.016996   0.033630  0.000030  10082.020     8.993774   1.023091   2.148111    1326.680 1
356.724753 -28.360538   0.024303  0.000333   7285.856    99.830889   1.032388   2.167631   -1390.480 1
356.810938 -27.957714   0.028553  0.000050   8559.974    14.989623   1.040262   2.184163    -152.361 0
356.800417 -27.930056   0.029340  0.000117   8795.911    35.075718   1.059870   2.225333      76.909 0
356.908917 -27.745889   0.031408  0.000297   9415.882    89.038360   1.068989   2.244481     679.363 1
357.431566 -29.371588   0.029921  0.000213   8970.090    63.855794   1.085565   2.279283     246.167 0
357.265436 -29.301281   0.029487  0.000297   8839.980    89.038360   1.087861   2.284105     119.733 0
358.067709 -29.447652   0.030091  0.000027   9021.055     8.094396   1.091317   2.291361     295.692 0
359.006702 -28.862562   0.027893  0.000150   8362.111    44.968869   1.094406   2.297847    -344.634 0
358.069975 -29.538505   0.030404  0.000037   9114.890    11.092321   1.181635   2.480994     386.876 1
356.596197 -28.003246   0.028847  0.000100   8648.113    29.979246   1.201738   2.523203     -66.713 0
356.594583 -28.006028   0.026128  0.000033   7832.977     9.893151   1.202254   2.524287    -858.817 1
356.562792 -28.098972   0.027999  0.000023   8393.889     6.895227   1.204980   2.530010    -313.754 0
358.117673 -29.559567   0.043115  0.000213  12925.552    63.855794   1.208525   2.537454    4089.869 1
358.355313 -29.538125   0.028626  0.000150   8581.859    44.968869   1.238708   2.600827    -131.095 0
358.064276 -29.599872   0.030248  0.000213   9068.122    63.855794   1.241921   2.607572     341.429 0
359.104858 -29.023387   0.029590  0.000103   8870.859    30.878623   1.248638   2.621676     149.739 0
356.482125 -28.231139   0.026360  0.000297   7902.529    89.038360   1.253207   2.631270    -791.230 1
358.144167 -29.610278   0.029107  0.000333   8726.059    99.830889   1.262400   2.650572       9.031 0
358.102000 -27.107389   0.029010  0.000213   8696.979    63.855794   1.271941   2.670604     -19.227 0
356.864195 -27.465525   0.028376  0.000113   8506.911    33.876548   1.280406   2.688376    -203.925 0
356.745105 -29.171085   0.034200  0.000333  10252.902    99.830889   1.294731   2.718455    1492.734 1
358.212760 -29.631559   0.043080  0.000150  12915.059    44.968869   1.294925   2.718862    4079.673 1
359.170000 -29.056389   0.029967  0.000333   8983.881    99.830889   1.314749   2.760484     259.568 0
359.413213 -28.459577   0.028697  0.000103   8603.144    30.878623   1.336513   2.806180    -110.411 0
359.186000 -29.123000   0.029508  0.000333   8846.276    99.830889   1.362575   2.860901     125.851 0
357.533708 -27.003194   0.027858  0.000213   8351.618    63.855794   1.400581   2.940701    -354.830 1
357.091072 -27.156048   0.032694  0.000213   9801.415    63.855794   1.403420   2.946661    1054.003 1
356.421792 -27.807750   0.030929  0.000213   9272.281    63.855794   1.414070   2.969021     539.820 1
357.560721 -26.956788   0.033313  0.000150   9986.986    44.968869   1.440711   3.024958    1234.331 1
356.567106 -27.510322   0.028890  0.000150   8661.004    44.968869   1.450744   3.046024     -54.186 0
359.168060 -29.292367   0.029207  0.000150   8756.038    44.968869   1.451200   3.046981      38.163 0
359.583271 -28.278710   0.027216  0.000213   8159.152    63.855794   1.485515   3.119031    -541.859 1
356.265667 -27.986639   0.029875  0.000213   8956.300    63.855794   1.485739   3.119499     232.766 0
359.581225 -28.128352   0.029919  0.000297   8969.491    89.038360   1.500153   3.149763     245.584 0
359.327461 -27.489671   0.023376  0.000297   7007.948    89.038360   1.533334   3.219433   -1660.535 1
357.493536 -26.857495   0.034184  0.000150  10248.105    44.968869   1.550504   3.255482    1488.073 1
356.130168 -28.109304   0.026832  0.000150   8044.031    44.968869   1.576696   3.310476    -653.727 1
359.796446 -28.598376   0.030418  0.000103   9119.087    30.878623   1.686494   3.541011     390.954 1
357.210991 -26.746470   0.033170  0.000103   9944.116    30.878623   1.729237   3.630756    1192.672 1
356.319309 -27.315866   0.027840  0.000213   8346.222    63.855794   1.741760   3.657048    -360.074 1
358.957271 -29.869669   0.028350  0.000150   8499.116    44.968869   1.768612   3.713429    -211.500 1
356.391008 -29.548364   0.033020  0.000150   9899.147    44.968869   1.776218   3.729398    1148.974 1
355.898667 -28.100833   0.028990  0.000150   8690.983    44.968869   1.779226   3.735713     -25.054 1
359.770413 -29.123965   0.029090  0.000150   8720.963    44.968869   1.813322   3.807302       4.079 1
358.132709 -30.180962   0.030147  0.000070   9037.843    20.985472   1.826078   3.834087     312.006 1
355.906917 -27.783667   0.031121  0.000213   9329.841    63.855794   1.846438   3.876834     595.753 1
355.988158 -27.531657   0.028903  0.000150   8664.901    44.968869   1.876506   3.939965     -50.399 1
356.231792 -29.541222   0.031962  0.000150   9581.967    44.968869   1.878643   3.944453     840.755 1
358.284245 -30.218601   0.029167  0.000103   8744.047    30.878623   1.882928   3.953449      26.510 1
359.060242 -26.785536   0.043470  0.000213  13031.978    63.855794   1.882990   3.953580    4193.289 1
359.621231 -29.517094   0.031248  0.000150   9367.915    44.968869   1.903378   3.996387     632.751 1
359.408549 -29.729402   0.028330  0.000150   8493.120    44.968869   1.903661   3.996981    -217.326 1
359.802936 -27.417686   0.027403  0.000213   8215.213    63.855794   1.926160   4.044220    -487.382 1
359.932077 -29.160116   0.027522  0.000150   8250.888    44.968869   1.957852   4.110761    -452.714 1
  0.084725 -27.898984   0.027125  0.000103   8131.870    30.878623   1.980161   4.157603    -568.369 1
359.523198 -29.761358   0.029597  0.000123   8872.957    36.874472   1.997599   4.194216     151.779 1
355.680814 -27.874543   0.029771  0.000150   8925.121    44.968869   2.012054   4.224566     202.469 1
359.989874 -27.533651   0.026720  0.000297   8010.454    89.038360   2.020385   4.242059    -686.355 1
359.586658 -29.766975   0.030828  0.000150   9242.002    44.968869   2.041796   4.287013     510.396 1
359.576000 -29.810000   0.029677  0.000333   8896.941    99.830889   2.064825   4.335365     175.085 1
359.681796 -29.719011   0.030128  0.000150   9032.147    44.968869   2.071879   4.350177     306.471 1
359.403350 -26.758538   0.043366  0.000213  13000.800    63.855794   2.083367   4.374297    4162.991 1
355.790184 -27.353371   0.029670  0.000213   8894.842    63.855794   2.113439   4.437437     173.045 1
  0.106862 -27.503985   0.027239  0.000213   8166.047    63.855794   2.126457   4.464770    -535.158 1
356.379273 -30.037314   0.036105  0.000150  10824.007    44.968869   2.139430   4.492009    2047.702 1
359.664451 -29.845090   0.029380  0.000133   8807.902    39.872397   2.145209   4.504143      88.562 1
359.980197 -27.234526   0.027312  0.000110   8187.932    32.977170   2.153711   4.521993    -513.892 1
359.667316 -29.855088   0.029900  0.000333   8963.794    99.830889   2.153934   4.522461     240.049 1
  0.061151 -27.349498   0.027493  0.000213   8242.194    63.855794   2.158118   4.531247    -461.163 1
  0.171953 -27.435000   0.028690  0.000103   8601.046    30.878623   2.207152   4.634198    -112.450 1
  0.229728 -27.544848   0.028883  0.000113   8658.906    33.876548   2.210191   4.640580     -56.225 1
  0.236119 -27.546225   0.045163  0.000297  13539.527    89.038360   2.214902   4.650471    4686.497 1
  0.177976 -27.404087   0.029133  0.000213   8733.854    63.855794   2.225153   4.671996      16.605 1
359.524583 -30.070833   0.029734  0.000333   8914.029    99.830889   2.225522   4.672770     191.690 1
  0.245459 -27.525489   0.028633  0.000103   8583.957    30.878623   2.230275   4.682750    -129.056 1
  0.307375 -27.605472   0.027989  0.000150   8390.891    44.968869   2.252558   4.729535    -316.667 1
  0.464776 -28.128961   0.027139  0.000213   8136.068    63.855794   2.271039   4.768339    -564.291 1
359.571705 -30.111419   0.029674  0.000333   8896.041    99.830889   2.283275   4.794029     174.211 1
  0.307007 -27.415346   0.026167  0.000213   7844.669    63.855794   2.323405   4.878288    -847.456 1
  0.516357 -28.035982   0.032324  0.000297   9690.491    89.038360   2.327561   4.887013     946.214 1
  0.326511 -27.443138   0.027025  0.000150   8101.891    44.968869   2.327910   4.887745    -597.501 1
  0.399250 -27.576453   0.026755  0.000073   8020.947    21.884849   2.338451   4.909879    -676.158 1
  0.441144 -27.681799   0.027807  0.000297   8336.329    89.038360   2.340214   4.913580    -369.688 1
355.282064 -27.905320   0.030152  0.000213   9039.342    63.855794   2.347594   4.929075     313.462 1
359.839990 -29.985954   0.029067  0.000150   8714.067    44.968869   2.354215   4.942977      -2.622 1
  0.199677 -27.141665   0.029161  0.000297   8742.248    89.038360   2.366923   4.969659      24.762 1
355.861343 -26.816955   0.029924  0.000150   8970.990    44.968869   2.369187   4.974412     247.041 1
355.336068 -27.627318   0.028016  0.000213   8398.986    63.855794   2.372436   4.981233    -308.801 1
  0.405003 -27.452193   0.026440  0.000213   7926.513    63.855794   2.387985   5.013881    -767.925 1
  0.482379 -27.627127   0.028376  0.000050   8506.911    14.989623   2.391271   5.020780    -203.925 1
  0.520138 -27.666833   0.028251  0.000297   8469.437    89.038360   2.411067   5.062346    -240.341 1
  0.400833 -27.380556   0.028063  0.000333   8413.076    99.830889   2.412973   5.066347    -295.109 1
  0.360832 -27.290159   0.025733  0.000297   7714.559    89.038360   2.419729   5.080532    -973.889 1
  0.498871 -27.572539   0.028413  0.000297   8518.003    89.038360   2.422416   5.086174    -193.146 1
  0.321667 -27.188306   0.027133  0.000297   8134.269    89.038360   2.436506   5.115757    -566.039 1
355.638417 -26.936361   0.030181  0.000103   9048.036    30.878623   2.449241   5.142496     321.911 1
359.366458 -30.461139   0.030681  0.000157   9197.932    47.067416   2.461037   5.167264     467.572 1
  0.294773 -27.020286   0.027039  0.000057   8106.088    17.088170   2.502073   5.253423    -593.423 1
  0.499875 -27.354294   0.027259  0.000213   8172.043    63.855794   2.503273   5.255943    -529.332 1
357.929166 -25.849306   0.012345  0.000057   3700.938    17.088170   2.517443   5.285696   -4874.108 1
  0.399667 -29.615444   0.027262  0.000150   8172.942    44.968869   2.530859   5.313865    -528.458 1
  0.674757 -27.692682   0.032917  0.000213   9868.268    63.855794   2.534576   5.321668    1118.968 1
356.864535 -25.951352   0.032706  0.000150   9805.012    44.968869   2.580771   5.418661    1057.499 1
359.978083 -30.201945   0.030611  0.000150   9176.947    44.968869   2.592018   5.442275     447.179 1
  0.722617 -27.598408   0.028160  0.000213   8442.156    63.855794   2.601460   5.462100    -266.851 1
  0.625655 -27.296290   0.028326  0.000150   8491.921    44.968869   2.627966   5.517752    -218.491 1
354.938276 -27.754850   0.028342  0.000297   8496.718    89.038360   2.675221   5.616971    -213.830 1
  0.523851 -26.979446   0.033497  0.000213  10042.148    63.855794   2.694968   5.658433    1287.934 1
359.702464 -30.568196   0.029652  0.000213   8889.446    63.855794   2.714427   5.699289     167.801 1
  0.781458 -27.397889   0.027787  0.000213   8330.333    63.855794   2.715866   5.702311    -375.514 1
  0.793575 -27.403155   0.028073  0.000133   8416.074    39.872397   2.723963   5.719310    -292.196 1
354.810708 -28.094157   0.027634  0.000213   8284.465    63.855794   2.730215   5.732437    -420.086 1
355.755178 -26.324877   0.012575  0.000017   3769.890     5.096472   2.779179   5.835243   -4807.104 1
358.688208 -25.673139   0.030324  0.000057   9090.906    17.088170   2.781763   5.840670     363.570 1
357.953628 -31.151471   0.044594  0.000103  13368.945    30.878623   2.785301   5.848098    4520.734 1
358.783375 -31.064472   0.028750  0.000150   8619.033    44.968869   2.808105   5.895978     -94.971 1
356.569119 -25.791341   0.028793  0.000050   8631.924    14.989623   2.828296   5.938372     -82.444 1
356.708984 -25.732940   0.032983  0.000187   9888.055    56.061190   2.833866   5.950065    1138.195 1
356.777957 -25.702718   0.012707  0.000026   3809.463     7.794604   2.840349   5.963679   -4768.649 1
  0.990499 -27.388084   0.033346  0.000150   9996.879    44.968869   2.891757   6.071615    1243.945 1
359.907486 -30.655793   0.029774  0.000150   8926.021    44.968869   2.892565   6.073311     203.343 1
  0.361167 -30.319917   0.026384  0.000213   7909.724    63.855794   2.917719   6.126127    -784.239 1
  1.220189 -28.588003   0.037331  0.000297  11191.552    89.038360   2.931652   6.155380    2404.863 1
357.747167 -31.313444   0.045088  0.000150  13517.042    44.968869   2.949831   6.193550    4664.648 1
  1.258000 -28.286639   0.041431  0.000297  12420.701    89.038360   2.957631   6.209927    3599.283 1
359.841781 -30.802057   0.029450  0.000150   8828.888    44.968869   2.976048   6.248595     108.954 1
  0.099542 -30.668861   0.031749  0.000150   9518.111    44.968869   3.008841   6.317448     778.704 1
  1.261552 -27.714541   0.033196  0.000103   9951.910    30.878623   3.030654   6.363247    1200.247 1
358.334087 -25.352133   0.033633  0.000050  10082.920    14.989623   3.038792   6.380334    1327.554 1
358.743253 -31.314431   0.028149  0.000150   8438.858    44.968869   3.040212   6.383315    -270.055 1
  0.195392 -30.646179   0.014260  0.000297   4275.040    89.038360   3.046815   6.397180   -4316.226 1
  0.123137 -30.723390   0.031637  0.000213   9484.534    63.855794   3.063992   6.433245     746.076 1
354.394928 -28.203566   0.029405  0.000297   8815.397    89.038360   3.086752   6.481032      95.845 1
356.046744 -31.004537   0.035758  0.000150  10719.979    44.968869   3.100362   6.509610    1946.613 1
357.899251 -31.479220   0.044227  0.000103  13258.921    30.878623   3.112620   6.535346    4413.819 1
357.898766 -31.479396   0.044324  0.000133  13288.001    39.872397   3.112796   6.535716    4442.078 1
355.125833 -30.309472   0.035871  0.000150  10753.855    44.968869   3.118484   6.547657    1979.533 1
356.271668 -31.155244   0.036315  0.000103  10886.963    30.878623   3.134397   6.581069    2108.880 1
  0.876647 -26.629064   0.019470  0.000017   5836.959     5.096472   3.144616   6.602525   -2798.439 1
354.490329 -27.404237   0.029204  0.000297   8755.139    89.038360   3.149147   6.612039      37.289 1
  0.423891 -30.608359   0.029971  0.000297   8985.080    89.038360   3.156805   6.628118     260.733 1
358.753171 -25.295095   0.040728  0.000083  12209.947    24.882774   3.162338   6.639735    3394.484 1
  0.568934 -30.498766   0.029260  0.000150   8771.927    44.968869   3.173276   6.662701      53.603 1
359.435926 -31.241466   0.024437  0.000150   7326.028    44.968869   3.177447   6.671458   -1351.443 1
  1.487895 -28.714213   0.027426  0.000103   8222.108    30.878623   3.177910   6.672430    -480.681 1
  1.384531 -27.524459   0.031359  0.000213   9401.192    63.855794   3.181374   6.679703     665.088 1
  0.739167 -30.347917   0.028661  0.000297   8592.352    89.038360   3.189937   6.697682    -120.899 1
359.164490 -31.367444   0.030688  0.000150   9200.031    44.968869   3.201092   6.721104     469.611 1
356.616774 -25.363642   0.034050  0.000103  10207.933    30.878623   3.207608   6.734786    1449.036 1
  0.522702 -30.619077   0.030231  0.000150   9063.026    44.968869   3.226087   6.773585     336.477 1
  1.276333 -27.100167   0.028678  0.000213   8597.448    63.855794   3.231206   6.784332    -115.946 1
  1.512583 -27.664639   0.033338  0.000297   9994.481    89.038360   3.257106   6.838713    1241.614 1
  0.632791 -30.565690   0.029911  0.000150   8967.092    44.968869   3.259880   6.844538     243.254 1
  1.106669 -26.734920   0.026765  0.000150   8023.945    44.968869   3.260968   6.846822    -673.245 1
  0.757218 -30.446849   0.030070  0.000297   9014.759    89.038360   3.264534   6.854310     289.574 1
  0.888825 -30.306417   0.026530  0.000213   7953.494    63.855794   3.269366   6.864454    -741.706 1
355.446447 -30.836689   0.028476  0.000150   8536.890    44.968869   3.279449   6.885624    -174.793 1
  1.619605 -28.594051   0.027088  0.000297   8120.778    89.038360   3.282625   6.892294    -579.148 1
359.022552 -31.503016   0.029560  0.000103   8861.865    30.878623   3.288808   6.905276     141.000 1
  0.639746 -30.621541   0.030000  0.000333   8993.774    99.830889   3.302283   6.933568     269.182 1
358.781997 -31.577849   0.028586  0.000150   8569.867    44.968869   3.304115   6.937413    -142.748 1
354.186745 -27.785090   0.027456  0.000150   8231.102    44.968869   3.316999   6.964466    -471.942 1
  1.637389 -28.818569   0.026746  0.000297   8018.249    89.038360   3.321281   6.973456    -678.780 1
355.898543 -31.184178   0.035955  0.000043  10779.038    12.891076   3.321768   6.974479    2004.004 1
  1.635934 -27.900816   0.033849  0.000297  10147.675    89.038360   3.321921   6.974801    1390.480 1
  1.598969 -27.622157   0.031127  0.000297   9331.640    89.038360   3.340583   7.013983     597.501 1
  1.446250 -27.091528   0.027629  0.000297   8282.966    89.038360   3.372524   7.081048    -421.543 1
  0.957667 -30.440861   0.030032  0.000213   9003.367    63.855794   3.398666   7.135935     278.504 1
356.545426 -25.130932   0.033063  0.000103   9912.038    30.878623   3.447614   7.238708    1161.501 1
354.094250 -27.515917   0.029819  0.000213   8939.511    63.855794   3.453431   7.250923     216.452 1
  1.048441 -30.453610   0.025612  0.000213   7678.284    63.855794   3.469935   7.285574   -1009.139 1
  1.856083 -28.577482   0.027396  0.000150   8213.114    44.968869   3.489197   7.326019    -489.421 1
  0.842748 -30.710230   0.029315  0.000213   8788.416    63.855794   3.493810   7.335703      69.626 1
  1.786958 -27.648417   0.033935  0.000297  10173.457    89.038360   3.496545   7.341447    1415.534 1
354.205241 -26.991854   0.029397  0.000150   8812.999    44.968869   3.528204   7.407918      93.514 1
356.749229 -24.984697   0.033223  0.000103   9960.005    30.878623   3.529738   7.411139    1208.112 1
  1.153933 -30.431543   0.025538  0.000150   7656.100    44.968869   3.531585   7.415017   -1030.697 1
353.931093 -29.043835   0.033640  0.000150  10085.018    44.968869   3.555674   7.465595    1329.594 1
  1.143474 -30.490291   0.026815  0.000297   8038.935    89.038360   3.558865   7.472294    -658.679 1
  1.175917 -30.483705   0.026635  0.000077   7984.972    23.084019   3.577912   7.512286    -711.117 1
354.127282 -27.018890   0.029222  0.000297   8760.535    89.038360   3.581218   7.519228      42.533 1
  1.960880 -28.090747   0.027099  0.000103   8124.076    30.878623   3.585659   7.528552    -575.944 1
  1.188170 -30.488236   0.027000  0.000333   8094.396    99.830889   3.589286   7.536167    -604.784 1
354.101040 -26.994101   0.029861  0.000150   8952.103    44.968869   3.611969   7.583793     228.688 1
  1.682342 -26.934834   0.027179  0.000150   8148.059    44.968869   3.624700   7.610524    -552.638 1
354.362694 -26.493510   0.032736  0.000150   9814.006    44.968869   3.631196   7.624163    1066.238 1
  1.248805 -30.505691   0.027132  0.000150   8133.969    44.968869   3.642681   7.648277    -566.330 1
  1.942958 -27.587889   0.033635  0.000297  10083.519    89.038360   3.643452   7.649895    1328.137 1
  1.321365 -30.433084   0.027062  0.000150   8112.983    44.968869   3.652992   7.669926    -586.722 1
  0.059798 -25.245449   0.027702  0.000150   8304.851    44.968869   3.655138   7.674431    -400.276 1
353.763691 -28.764888   0.029066  0.000213   8713.768    63.855794   3.659623   7.683848      -2.913 1
  0.255361 -31.385975   0.029417  0.000150   8818.995    44.968869   3.663244   7.691452      99.341 1
  1.381308 -30.374424   0.042014  0.000213  12595.480    63.855794   3.664137   7.693327    3769.124 1
356.104735 -31.678625   0.036825  0.000130  11039.857    38.973020   3.668706   7.702920    2257.454 1
356.107566 -31.680108   0.037226  0.000150  11160.074    44.968869   3.668975   7.703484    2374.274 1
  2.109002 -28.328676   0.026795  0.000150   8032.939    44.968869   3.705563   7.780306    -664.505 1
  1.313750 -30.539167   0.027772  0.000333   8325.836    99.830889   3.708600   7.786683    -379.884 1
359.476334 -31.814934   0.028897  0.000150   8663.103    44.968869   3.717502   7.805373     -52.147 1
353.667140 -27.829843   0.027666  0.000213   8294.058    63.855794   3.761338   7.897413    -410.764 1
  1.984375 -27.244611   0.031812  0.000213   9536.998    63.855794   3.766691   7.908653     797.057 1
359.830562 -31.729987   0.028003  0.000150   8395.088    44.968869   3.768834   7.913151    -312.588 1
  1.510603 -26.326626   0.027289  0.000103   8181.036    30.878623   3.777089   7.930485    -520.592 1
  1.380254 -30.586646   0.027786  0.000037   8330.033    11.092321   3.783843   7.944664    -375.805 1
353.972362 -26.820935   0.029657  0.000120   8890.945    35.975095   3.784318   7.945661     169.258 1
359.514583 -31.892778   0.028643  0.000333   8586.955    99.830889   3.802284   7.983383    -126.142 1
  0.341377 -25.195676   0.027702  0.000013   8304.851     3.897302   3.831086   8.043857    -400.276 1
355.541500 -31.597667   0.036248  0.000150  10866.877    44.968869   3.839190   8.060874    2089.361 1
356.076697 -31.871234   0.037489  0.000150  11238.919    44.968869   3.853676   8.091289    2450.892 1
354.760005 -25.669918   0.031528  0.000010   9451.857     2.997925   3.859577   8.103678     714.321 1
  1.357917 -30.741667   0.012267  0.000297   3677.554    89.038360   3.861313   8.107324   -4896.831 1
  2.158755 -29.336268   0.044940  0.000213  13472.673    63.855794   3.872514   8.130841    4621.532 1
353.933442 -30.078549   0.035318  0.000057  10588.070    17.088170   3.885938   8.159027    1818.432 1
356.444001 -24.683242   0.032419  0.000103   9718.972    30.878623   3.899233   8.186941     973.889 1
353.899197 -26.674957   0.028793  0.000150   8631.924    44.968869   3.904171   8.197309     -82.444 1
  1.516963 -30.628681   0.030178  0.000030   9047.137     8.993774   3.906089   8.201336     321.037 1
356.515457 -24.613626   0.033817  0.000150  10138.082    44.968869   3.945221   8.283499    1381.158 1
  1.507617 -30.732703   0.042066  0.000297  12611.070    89.038360   3.960638   8.315869    3784.273 1
354.147361 -26.175692   0.031442  0.000040   9426.074    11.991698   3.961307   8.317272     689.268 1
356.370556 -24.608869   0.032806  0.000137   9834.991    41.071567   3.990862   8.379328    1086.631 1
  1.617604 -30.668921   0.041671  0.000213  12492.652    63.855794   4.001631   8.401938    3669.200 1
353.927399 -30.334583   0.030835  0.000133   9244.100    39.872397   4.009967   8.419440     512.435 1
  0.990231 -25.416012   0.034404  0.000183  10314.060    54.862020   4.013658   8.427190    1552.164 1
356.225104 -24.621292   0.033140  0.000047   9935.122    14.090246   4.024200   8.449326    1183.933 1
354.966311 -25.236929   0.032876  0.000103   9855.977    30.878623   4.055802   8.515678    1107.024 1
  1.641833 -30.755056   0.030112  0.000213   9027.350    63.855794   4.069042   8.543476     301.810 1
  2.318821 -29.573084   0.032452  0.000297   9728.865    89.038360   4.072795   8.551356     983.503 1
  1.632085 -30.776472   0.041761  0.000213  12519.633    63.855794   4.074730   8.555419    3695.419 1
  1.487187 -30.955825   0.030151  0.000297   9039.042    89.038360   4.083923   8.574721     313.171 1
  1.510042 -30.978083   0.043256  0.000297  12967.823    89.038360   4.113589   8.637009    4130.946 1
  1.508667 -30.999278   0.042754  0.000213  12817.327    63.855794   4.126145   8.663373    3984.702 1
353.206538 -28.513456   0.035279  0.000213  10576.378    63.855794   4.130749   8.673039    1807.070 1
353.259004 -27.702992   0.027427  0.000213   8222.408    63.855794   4.135561   8.683143    -480.390 1
353.151235 -28.524821   0.024997  0.000047   7493.912    14.090246   4.179796   8.776019   -1188.302 1
  2.573250 -29.112972   0.042490  0.000070  12738.182    20.985472   4.181031   8.778612    3907.793 1
  2.634172 -28.790876   0.012320  0.000500   3693.443    99.990000   4.189021   8.795388   -4881.391 1
354.505201 -25.408898   0.032152  0.000103   9638.927    30.878623   4.202461   8.823607     896.106 1
  2.596829 -29.124727   0.036242  0.000107  10865.078    32.077793   4.203551   8.825896    2087.613 1
354.513083 -25.393833   0.032506  0.000150   9745.054    44.968869   4.208166   8.835585     999.234 1
  2.389410 -29.831415   0.033245  0.000213   9966.600    63.855794   4.214835   8.849588    1214.521 1
  2.561788 -29.351897   0.025330  0.000100   7593.743    29.979246   4.220412   8.861297   -1091.292 1
  2.440916 -29.763279   0.044327  0.000150  13288.900    44.968869   4.234400   8.890668    4442.952 1
359.559353 -32.342638   0.028737  0.000150   8615.136    44.968869   4.236264   8.894581     -98.758 1
  2.647509 -29.076578   0.042540  0.000140  12753.171    41.970944   4.239093   8.900520    3922.359 1
356.052479 -24.417583   0.022449  0.000050   6730.041    14.989623   4.269878   8.965157   -1930.591 1
357.899790 -24.092024   0.042660  0.000150  12789.146    44.968869   4.274576   8.975023    3957.318 1
  0.706606 -31.865319   0.024774  0.000033   7427.058     9.893151   4.283536   8.993834   -1253.267 1
  2.663875 -29.252821   0.025754  0.000150   7720.855    44.968869   4.286234   8.999499    -967.772 1
  2.587584 -29.538665   0.044901  0.000103  13460.981    30.878623   4.289711   9.006799    4610.170 1
353.030958 -27.973694   0.030781  0.000213   9227.912    63.855794   4.300621   9.029706     496.704 1
353.207055 -27.110806   0.029593  0.000297   8871.758    89.038360   4.314486   9.058817     150.613 1
  2.280642 -30.308848   0.032783  0.000213   9828.096    63.855794   4.317886   9.065957    1079.931 1
  2.513368 -29.887554   0.019297  0.000150   5785.095    44.968869   4.336645   9.105344   -2848.838 1
353.037095 -27.648671   0.027679  0.000057   8297.955    17.088170   4.337068   9.106233    -406.977 1
353.217042 -26.998556   0.029714  0.000213   8908.033    63.855794   4.340143   9.112688     185.863 1
355.188542 -24.693806   0.022752  0.000024   6820.878     7.195019   4.378750   9.193749   -1842.320 1
  2.822793 -29.202905   0.044130  0.000070  13229.841    20.985472   4.413413   9.266527    4385.561 1
352.900417 -27.673333   0.028343  0.000333   8497.018    99.830889   4.451813   9.347154    -213.539 1
  2.828870 -29.460639   0.029412  0.000213   8817.496    63.855794   4.474606   9.395011      97.884 1
  2.969555 -28.869218   0.034594  0.000297  10371.020    89.038360   4.490807   9.429027    1607.515 1
  2.978729 -28.852602   0.035760  0.000130  10720.578    38.973020   4.497003   9.442035    1947.196 1
359.961243 -32.490053   0.041999  0.000150  12590.983    44.968869   4.505431   9.459731    3764.754 1
  2.223755 -25.954916   0.027312  0.000150   8187.932    44.968869   4.506048   9.461027    -513.892 1
  3.023942 -28.202310   0.032049  0.000270   9608.048    80.943964   4.513439   9.476546     866.100 1
  1.249258 -31.783535   0.030067  0.000150   9013.860    44.968869   4.513447   9.476563     288.700 1
359.351388 -32.709447   0.041432  0.000150  12421.001    44.968869   4.527233   9.505507    3599.574 1
  0.571000 -24.486083   0.040181  0.000183  12045.961    54.862020   4.537677   9.527436    3235.131 1
353.945021 -31.312375   0.044130  0.000033  13229.841     9.893151   4.558109   9.570335    4385.561 1
352.728750 -28.723611   0.024253  0.000333   7270.866    99.830889   4.562545   9.579650   -1405.046 1
  0.688124 -32.226832   0.026822  0.000150   8041.033    44.968869   4.574813   9.605408    -656.640 1
  2.402449 -26.070742   0.026018  0.000103   7800.000    30.878623   4.580495   9.617338    -890.863 1
358.810442 -23.832257   0.013096  0.000014   3926.082     4.197094   4.604876   9.668530   -4655.325 1
352.637231 -28.814532   0.024407  0.000020   7317.035     5.995849   4.650707   9.764758   -1360.182 1
  3.022150 -27.170784   0.034584  0.000297  10368.022    89.038360   4.664750   9.794243    1604.601 1
355.993784 -32.726398   0.038517  0.000103  11547.106    30.878623   4.670693   9.806719    2750.371 1
  3.040617 -27.161327   0.034621  0.000103  10379.115    30.878623   4.682884   9.832317    1615.380 1
  3.060337 -27.189983   0.034814  0.000103  10436.975    30.878623   4.692386   9.852268    1671.606 1
  3.163528 -27.258632   0.026557  0.000297   7961.588    89.038360   4.763907  10.002436    -733.840 1
356.293208 -23.810833   0.032736  0.000053   9814.006    15.889000   4.769595  10.014377    1066.238 1
  2.945339 -30.134332   0.025978  0.000063   7788.008    18.886925   4.780154  10.036548    -902.515 1
  3.327233 -28.564887   0.035370  0.000260  10603.659    77.946039   4.781435  10.039237    1833.581 1
352.452116 -28.357330   0.029267  0.000297   8774.026    89.038360   4.791982  10.061383      55.642 1
  2.942216 -30.174257   0.025759  0.000297   7722.354    89.038360   4.792517  10.062505    -966.315 1
  3.262343 -29.247908   0.023120  0.000160   6931.202    47.966793   4.801792  10.081981   -1735.114 1
356.468668 -23.731529   0.034214  0.000007  10257.099     2.098547   4.802677  10.083838    1496.812 1
  3.342070 -27.979945   0.025415  0.000213   7619.225    63.855794   4.805956  10.090723   -1066.530 1
  3.361325 -28.453700   0.014440  0.000070   4329.003    20.985472   4.808109  10.095243   -4263.789 1
  3.369579 -28.393011   0.035260  0.000150  10570.682    44.968869   4.814655  10.108988    1801.535 1
  1.134019 -32.249581   0.027359  0.000150   8202.022    44.968869   4.815137  10.110000    -500.200 1
  3.358923 -28.033159   0.026095  0.000150   7823.084    44.968869   4.816761  10.113410    -868.431 1
  1.996041 -25.151629   0.034184  0.000150  10248.105    44.968869   4.831053  10.143416    1488.073 1
  2.600049 -30.879767   0.030918  0.000297   9268.983    89.038360   4.840923  10.164139     536.615 1
355.723249 -32.814845   0.038243  0.000150  11464.963    44.968869   4.842398  10.167238    2670.549 1
352.401000 -28.832778   0.023582  0.000213   7069.706    63.855794   4.859364  10.202860   -1600.523 1
  1.623551 -31.955904   0.026135  0.000150   7835.076    44.968869   4.861044  10.206387    -856.778 1
352.396549 -28.831154   0.024233  0.000030   7264.871     8.993774   4.863107  10.210719   -1410.872 1
355.637490 -32.813250   0.037723  0.000150  11309.071    44.968869   4.871256  10.227829    2519.061 1
355.518090 -32.776892   0.037326  0.000150  11190.053    44.968869   4.882224  10.250858    2403.406 1
  3.399852 -29.261139   0.023276  0.000277   6977.969    83.042511   4.923172  10.336832   -1689.667 1
354.566167 -24.405333   0.023043  0.000103   6908.118    30.878623   4.928173  10.347332   -1757.546 1
352.340970 -27.649434   0.027452  0.000297   8229.903    89.038360   4.942086  10.376544    -473.107 1
  3.485846 -28.892799   0.045284  0.000213  13575.802    63.855794   4.944966  10.382591    4721.747 1
353.254282 -31.164132   0.035878  0.000150  10755.954    44.968869   4.952032  10.397427    1981.572 1
354.379510 -32.257515   0.015204  0.000150   4558.045    44.968869   4.972373  10.440137   -4041.219 1
356.564751 -33.217154   0.039014  0.000150  11696.103    44.968869   4.990409  10.478005    2895.158 1
352.228000 -28.111053   0.024027  0.000297   7203.113    89.038360   4.995719  10.489154   -1470.885 1
  3.473066 -27.185034   0.020393  0.000297   6113.668    89.038360   5.045933  10.594585   -2529.549 1
352.940740 -30.904712   0.036235  0.000127  10862.980    38.073642   5.046705  10.596207    2085.574 1
  3.408750 -26.751111   0.016251  0.000048   4871.927    14.390038   5.111076  10.731361   -3736.204 1
  3.035000 -30.766410   0.030798  0.000150   9233.008    44.968869   5.117724  10.745320     501.656 1
  1.624912 -32.304954   0.045135  0.000333  13531.133    99.830889   5.124952  10.760496    4678.340 1
  1.623854 -32.313653   0.044824  0.000150  13437.897    44.968869   5.131045  10.773289    4587.739 1
  3.760455 -28.570443   0.045068  0.000110  13511.046    32.977170   5.162551  10.839439    4658.821 1
  3.693708 -29.209380   0.026003  0.000213   7795.503    63.855794   5.168961  10.852899    -895.232 1
352.922800 -31.137625   0.029003  0.000150   8694.881    44.968869   5.181097  10.878379     -21.267 1
352.143125 -27.230889   0.032079  0.000150   9617.042    44.968869   5.189657  10.896352     874.840 1
351.978458 -27.981329   0.025845  0.000027   7748.136     8.094396   5.222986  10.966331    -941.261 1
  3.264073 -30.720532   0.031105  0.000150   9325.044    44.968869   5.275972  11.077581     591.092 1
351.899333 -28.134172   0.029765  0.000213   8923.323    63.855794   5.283496  11.093379     200.721 1
  2.203199 -32.052935   0.025978  0.000183   7788.008    54.862020   5.285825  11.098269    -902.515 1
352.384030 -30.476518   0.035578  0.000103  10666.016    30.878623   5.290797  11.108708    1894.176 1
352.310369 -30.324264   0.034944  0.000103  10475.948    30.878623   5.292106  11.111457    1709.477 1
  1.011802 -33.033853   0.037990  0.000150  11389.115    44.968869   5.412059  11.363313    2596.844 1
352.528772 -31.126865   0.035711  0.000103  10705.888    30.878623   5.471761  11.488665    1932.921 1
352.520000 -31.129722   0.037663  0.000150  11291.083    44.968869   5.479867  11.505685    2501.582 1
352.512500 -31.156361   0.037156  0.000073  11139.089    21.884849   5.499033  11.545928    2353.882 1
352.463811 -31.107492   0.035800  0.000333  10732.570    99.830889   5.511531  11.572168    1958.849 1
352.168702 -30.635664   0.035808  0.000150  10734.968    44.968869   5.528465  11.607723    1961.180 1
352.384375 -31.060406   0.022986  0.000073   6891.029    21.884849   5.549272  11.651410   -1774.151 1
351.613978 -27.686145   0.022422  0.000103   6721.946    30.878623   5.571183  11.697416   -1938.456 1
356.639032 -22.897949   0.028646  0.000050   8587.855    14.989623   5.579728  11.715356    -125.268 1
  0.244045 -33.611825   0.023053  0.000007   6911.116     2.098547   5.636835  11.835259   -1754.632 1
351.907389 -30.414238   0.034877  0.000007  10455.862     2.098547   5.655028  11.873459    1689.959 1
359.406458 -22.861194   0.044111  0.000150  13224.145    44.968869   5.663153  11.890518    4380.026 1
352.361491 -31.382782   0.035595  0.000127  10671.113    38.073642   5.729832  12.030519    1899.128 1
352.939958 -24.623472   0.012612  0.000103   3780.982    30.878623   5.748411  12.069529   -4796.325 1
351.373201 -28.662679   0.045183  0.000213  13545.523    63.855794   5.748967  12.070696    4692.323 1
  0.402189 -33.690188   0.022846  0.000113   6849.058    33.876548   5.761597  12.097214   -1814.936 1
  2.750231 -32.287102   0.025274  0.000150   7576.955    44.968869   5.796537  12.170575   -1107.606 1
351.323477 -27.883777   0.028526  0.000213   8551.880    63.855794   5.805205  12.188774    -160.227 1
  0.386553 -33.758804   0.022953  0.000150   6881.136    44.968869   5.819865  12.219556   -1783.764 1
351.304080 -29.077042   0.022747  0.000213   6819.379    63.855794   5.845493  12.273363   -1843.777 1
354.951708 -23.109167   0.030558  0.000150   9161.058    44.968869   5.861890  12.307791     431.739 1
353.819750 -23.691806   0.041135  0.000103  12331.963    30.878623   5.893339  12.373822    3513.052 1
359.870504 -34.012228   0.029137  0.000150   8735.053    44.968869   5.906405  12.401257      17.771 1
  4.518708 -29.463056   0.025295  0.000297   7583.250    89.038360   5.928015  12.446629   -1101.488 1
  1.292250 -23.240056   0.027135  0.000150   8134.868    44.968869   5.933107  12.457321    -565.456 1
  2.858819 -32.414299   0.030454  0.000150   9129.880    44.968869   5.953018  12.499126     401.442 1
355.933395 -34.070704   0.040535  0.000150  12152.087    44.968869   5.960304  12.514425    3338.259 1
  2.867083 -32.433889   0.022055  0.000053   6611.923    15.889000   5.971677  12.538304   -2045.372 1
  2.959375 -24.363111   0.034254  0.000150  10269.091    44.968869   5.988554  12.573739    1508.465 1
  4.717708 -28.471361   0.043639  0.000213  13082.643    63.855794   6.001751  12.601447    4242.522 1
353.126083 -24.070222   0.027252  0.000150   8169.944    44.968869   6.007487  12.613491    -531.371 1
359.685702 -22.568135   0.043824  0.000150  13138.105    44.968869   6.008050  12.614674    4296.417 1
351.118888 -29.319448   0.022672  0.000040   6796.895    11.991698   6.040738  12.683306   -1865.626 1
355.830492 -34.131077   0.039751  0.000150  11917.050    44.968869   6.044740  12.691708    3109.862 1
351.390350 -26.422583   0.028216  0.000103   8458.944    30.878623   6.047241  12.696960    -250.537 1
355.915176 -34.176331   0.039661  0.000150  11890.069    44.968869   6.066060  12.736473    3083.643 1
  0.585120 -33.997547   0.028860  0.000150   8652.010    44.968869   6.107230  12.822915     -62.926 1
355.692000 -34.181000   0.039625  0.000333  11879.276    99.830889   6.129860  12.870428    3073.156 1
359.132167 -34.401790   0.033980  0.000090  10186.948    26.981321   6.132117  12.875168    1428.643 1
354.992583 -22.787722   0.025981  0.000103   7788.908    30.878623   6.136761  12.884918    -901.642 1
350.924792 -28.513778   0.044049  0.000297  13205.558    89.038360   6.137670  12.886827    4361.964 1
357.970809 -22.214681   0.041866  0.000150  12551.111    44.968869   6.152253  12.917445    3726.008 1
  4.894667 -28.437333   0.043617  0.000297  13076.048    89.038360   6.156953  12.927315    4236.113 1
354.510708 -22.974417   0.031765  0.000150   9522.907    44.968869   6.161121  12.936065     783.365 1
355.131387 -34.028178   0.038687  0.000150  11598.071    44.968869   6.162778  12.939545    2799.896 1
355.047824 -22.731576   0.026675  0.000050   7996.964    14.989623   6.167923  12.950347    -699.464 1
358.786224 -34.486799   0.044850  0.000390  13445.692    99.990000   6.169902  12.954502    4595.313 1
  3.107148 -32.497473   0.024991  0.000150   7492.113    44.968869   6.170420  12.955589   -1190.050 1
350.956410 -29.246755   0.041588  0.000297  12467.769    89.038360   6.171171  12.957167    3645.021 1
359.082094 -34.453098   0.044340  0.000350  13292.798    99.990000   6.175034  12.965278    4446.739 1
354.960042 -22.756389   0.026264  0.000035   7873.749    10.492736   6.177188  12.969800    -819.197 1
350.881300 -28.736432   0.043661  0.000213  13089.239    63.855794   6.185241  12.986709    4248.931 1
355.591320 -34.213959   0.039711  0.000150  11905.058    44.968869   6.189614  12.995890    3098.209 1
353.896083 -23.270278   0.040788  0.000150  12227.935    44.968869   6.194569  13.006294    3411.963 1
350.947171 -29.388118   0.023086  0.000009   6921.009     2.698132   6.200932  13.019654   -1745.019 1
  3.223750 -24.282083   0.023776  0.000150   7127.865    44.968869   6.216458  13.052253   -1544.006 1
355.427327 -34.203251   0.039364  0.000150  11801.030    44.968869   6.228387  13.077300    2997.121 1
358.861925 -34.537725   0.045320  0.000130  13586.594    38.973020   6.229141  13.078882    4732.234 1
359.304583 -34.472194   0.033290  0.000040   9980.091    11.991698   6.229779  13.080223    1227.631 1
350.901250 -29.329167   0.022912  0.000333   6868.845    99.830889   6.231413  13.083652   -1795.709 1
359.301130 -34.483764   0.034130  0.000420  10231.917    99.990000   6.240517  13.102768    1472.341 1
  3.639542 -24.702750   0.033316  0.000150   9987.886    44.968869   6.240819  13.103401    1235.205 1
359.301636 -34.494115   0.033350  0.000110   9998.078    32.977170   6.250752  13.124257    1245.110 1
350.784409 -28.761959   0.044424  0.000183  13317.980    54.862020   6.271905  13.168671    4471.210 1
356.123149 -34.444893   0.039514  0.000150  11845.999    44.968869   6.275721  13.176682    3040.819 1
  4.811490 -26.746563   0.034794  0.000150  10430.979    44.968869   6.295376  13.217951    1665.779 1
356.161745 -34.488393   0.039691  0.000150  11899.062    44.968869   6.309552  13.247716    3092.383 1
359.085602 -34.598046   0.045120  0.000150  13526.636    44.968869   6.318461  13.266421    4673.970 1
354.920000 -22.613333   0.026396  0.000333   7913.322    99.830889   6.321920  13.273684    -780.743 1
  2.631258 -33.134704   0.026155  0.000103   7841.072    30.878623   6.330982  13.292711    -850.952 1
  4.838635 -26.692622   0.035044  0.000103  10505.927    30.878623   6.332505  13.295908    1738.610 1
357.229934 -22.024196   0.043643  0.000167  13083.842    50.065340   6.369588  13.373769    4243.687 1
356.007917 -34.523333   0.039918  0.000333  11967.115    99.830889   6.377411  13.390194    3158.513 1
  1.552167 -22.852583   0.027219  0.000117   8160.051    35.075718   6.383036  13.402005    -540.985 1
358.067043 -34.770079   0.044921  0.000113  13466.977    33.876548   6.405206  13.448554    4615.997 1
358.676616 -34.738322   0.012340  0.000240   3699.439    71.950190   6.408450  13.455366   -4875.565 1
359.255100 -34.667878   0.042010  0.000320  12594.281    95.933587   6.413431  13.465822    3767.958 1
359.336955 -34.689957   0.043270  0.000150  12972.020    44.968869   6.448879  13.540250    4135.024 1
354.843792 -22.498889   0.026712  0.000150   8008.056    44.968869   6.453879  13.550750    -688.685 1
350.637237 -29.280638   0.023399  0.000083   7014.844    24.882774   6.453984  13.550970   -1653.835 1
351.283976 -31.156670   0.035600  0.000333  10672.612    99.830889   6.454079  13.551169    1900.585 1
354.843197 -22.497170   0.026708  0.000030   8006.857     8.993774   6.455660  13.554489    -689.850 1
355.050625 -22.398722   0.039204  0.000083  11753.064    24.882774   6.472479  13.589803    2950.509 1
  2.528847 -33.398726   0.030034  0.000103   9003.967    30.878623   6.475052  13.595204     279.086 1
358.466005 -34.826484   0.035284  0.000183  10577.877    54.862020   6.479190  13.603893    1808.527 1
350.649083 -27.207861   0.013187  0.000297   3953.363    89.038360   6.482904  13.611690   -4628.815 1
359.397775 -34.716174   0.033980  0.000280  10186.948    83.941888   6.485266  13.616649    1428.643 1
  3.079292 -23.750556   0.034094  0.000150  10221.124    44.968869   6.487968  13.622323    1461.854 1
359.168605 -34.762710   0.044330  0.000230  13289.800    68.952265   6.493091  13.633080    4443.825 1
358.696636 -34.825545   0.034850  0.000100  10447.767    29.979246   6.497062  13.641417    1682.093 1
359.384042 -22.000556   0.033603  0.000150  10073.926    44.968869   6.498950  13.645381    1318.815 1
356.709451 -34.784459   0.041402  0.000150  12412.007    44.968869   6.502514  13.652864    3590.835 1
351.349000 -25.337556   0.029270  0.000103   8774.925    30.878623   6.510227  13.669058      56.516 1
359.778243 -34.670350   0.039020  0.000090  11697.902    26.981321   6.517250  13.683804    2896.906 1
355.676458 -34.598028   0.038670  0.000150  11592.974    44.968869   6.530843  13.712344    2794.943 1
358.009310 -34.912124   0.044254  0.000150  13267.015    44.968869   6.546257  13.744708    4421.685 1
  3.608542 -24.169833   0.026028  0.000150   7802.998    44.968869   6.546907  13.746074    -887.949 1
359.146081 -34.823124   0.044920  0.000390  13466.677    99.990000   6.549258  13.751010    4615.705 1
350.514410 -27.535243   0.028977  0.000213   8687.086    63.855794   6.549985  13.752535     -28.841 1
  1.053096 -34.305131   0.028566  0.000150   8563.871    44.968869   6.555434  13.763976    -148.574 1
351.508075 -31.739926   0.041405  0.000103  12412.907    30.878623   6.556952  13.767164    3591.709 1
357.510520 -34.915309   0.045014  0.000150  13494.858    44.968869   6.557579  13.768480    4643.090 1
355.354917 -34.540528   0.038753  0.000150  11617.857    44.968869   6.566947  13.788150    2819.123 1
350.481029 -29.115833   0.043310  0.000150  12984.011    44.968869   6.569249  13.792982    4146.677 1
359.386442 -34.807302   0.043440  0.000040  13022.984    11.991698   6.572519  13.799848    4184.549 1
353.702933 -33.810730   0.045265  0.000150  13570.106    44.968869   6.577583  13.810481    4716.212 1
353.569083 -22.999639   0.043280  0.000150  12975.018    44.968869   6.581315  13.818317    4137.937 1
359.825583 -21.975500   0.043687  0.000150  13097.033    44.968869   6.612338  13.883454    4256.505 1
358.394029 -34.972164   0.044928  0.000150  13469.076    44.968869   6.619968  13.899475    4618.036 1
  2.143829 -33.858598   0.022696  0.000009   6804.090     2.698132   6.642277  13.946314   -1858.634 1
  3.063417 -23.499583   0.034044  0.000150  10206.134    44.968869   6.659320  13.982099    1447.288 1
357.259060 -35.002625   0.043463  0.000150  13029.880    44.968869   6.659799  13.983104    4191.249 1
353.504920 -33.810921   0.039307  0.000113  11783.942    33.876548   6.677078  14.019384    2980.515 1
359.093120 -34.968400   0.015460  0.000080   4634.791    23.983397   6.685033  14.036085   -3966.640 1
359.520238 -34.904287   0.044760  0.000290  13418.710    86.939813   6.691708  14.050102    4569.094 1
354.396750 -22.407389   0.031532  0.000150   9453.056    44.968869   6.708485  14.085327     715.487 1
  3.779474 -24.095287   0.025701  0.000083   7704.966    24.882774   6.710248  14.089029    -983.212 1
  3.780458 -24.095528   0.025978  0.000150   7788.008    44.968869   6.710763  14.090109    -902.515 1
350.308838 -27.675780   0.024444  0.000213   7328.127    63.855794   6.713536  14.095931   -1349.403 1
359.585263 -34.929273   0.042920  0.000110  12867.092    32.977170   6.728515  14.127382    4033.061 1
359.905590 -34.866131   0.041175  0.000183  12343.954    54.862020   6.735320  14.141670    3524.705 1
  3.783750 -24.044667   0.025875  0.000150   7757.130    44.968869   6.745471  14.162984    -932.522 1
358.011436 -35.120333   0.036042  0.000150  10805.120    44.968869   6.754471  14.181879    2029.349 1
  3.881250 -24.127222   0.024650  0.000333   7389.884    99.830889   6.759483  14.192403   -1289.391 1
355.947117 -34.906449   0.040031  0.000150  12000.992    44.968869   6.761394  14.196416    3191.432 1
  2.802555 -33.578549   0.026195  0.000150   7853.063    44.968869   6.766771  14.207706    -839.299 1
  3.844500 -24.059694   0.025197  0.000150   7553.871    44.968869   6.777040  14.229266   -1130.038 1
351.308928 -31.885026   0.041369  0.000150  12402.114    44.968869   6.781953  14.239583    3581.221 1
  2.822847 -33.608617   0.026415  0.000150   7919.018    44.968869   6.801320  14.280247    -775.208 1
