356.929882 -28.143920   0.027079  0.000019   8118.080     5.696057   0.002532   0.005384    -607.645 0
356.928009 -28.137729   0.029020  0.000333   8699.977    99.830889   0.004056   0.008626     -42.238 0
356.937652 -28.140745   0.028840  0.000019   8646.014     5.696057   0.006787   0.014433     -94.671 0
356.937027 -28.137032   0.026919  0.000333   8070.113    99.830889   0.007583   0.016125    -654.253 0
356.921208 -28.144139   0.028000  0.000333   8394.189    99.830889   0.008217   0.017475    -339.361 0
356.925000 -28.104000   0.028286  0.000333   8479.929    99.830889   0.037648   0.080061    -256.050 0
356.882338 -28.107070   0.028223  0.000017   8461.043     5.096472   0.054254   0.115373    -274.402 0
356.868083 -28.136000   0.027863  0.000033   8353.117     9.893151   0.054854   0.116651    -379.268 0
356.870529 -28.122607   0.028000  0.000333   8394.189    99.830889   0.055695   0.118438    -339.361 0
356.869136 -28.109482   0.027486  0.000019   8240.096     5.696057   0.062430   0.132762    -489.087 0
357.003583 -28.156361   0.032197  0.000297   9652.418    89.038360   0.066598   0.141624     883.212 0
357.110833 -28.145278   0.033843  0.000333  10145.876    99.830889   0.159512   0.339212    1362.686 0
357.112344 -28.149741   0.030898  0.000037   9262.987    11.092321   0.161014   0.342405     504.817 0
356.805288 -28.016996   0.033630  0.000030  10082.020     8.993774   0.166028   0.353067    1300.640 0
357.036667 -28.317778   0.033877  0.000333  10156.069    99.830889   0.199903   0.425105    1372.590 0
357.158876 -28.113895   0.034377  0.000030  10305.965     8.993774   0.203693   0.433164    1518.239 1
356.810938 -27.957714   0.028553  0.000050   8559.974    14.989623   0.211559   0.449893    -178.274 0
357.111667 -27.987500   0.028747  0.000333   8618.134    99.830889   0.222140   0.472394    -121.762 0
357.047500 -27.932944   0.034024  0.000297  10200.139    89.038360   0.232780   0.495020    1415.411 0
356.800417 -27.930056   0.029340  0.000117   8795.911    35.075718   0.240242   0.510889      50.977 0
357.084292 -27.919889   0.034064  0.000213  10212.130    63.855794   0.259953   0.552804    1427.063 0
357.169750 -28.309778   0.025878  0.000120   7758.029    35.975095   0.270281   0.574767    -957.493 0
356.724753 -28.360538   0.024303  0.000333   7285.856    99.830889   0.284214   0.604398   -1416.285 0
357.250542 -28.040944   0.034684  0.000023  10398.002     6.895227   0.299975   0.637914    1607.667 1
356.596197 -28.003246   0.028847  0.000100   8648.113    29.979246   0.325140   0.691430     -92.632 0
356.594583 -28.006028   0.026128  0.000033   7832.977     9.893151   0.325262   0.691688    -884.668 0
356.562792 -28.098972   0.027999  0.000023   8393.889     6.895227   0.326557   0.694442    -339.652 0
357.306042 -28.262167   0.029550  0.000150   8858.867    44.968869   0.352908   0.750479     112.149 0
357.314792 -27.976222   0.034017  0.000023  10198.040     6.895227   0.377378   0.802515    1413.372 0
356.908917 -27.745889   0.031408  0.000297   9415.882    89.038360   0.395937   0.841983     653.379 0
356.482125 -28.231139   0.026360  0.000297   7902.529    89.038360   0.404991   0.861236    -817.087 0
357.435167 -28.051056   0.031142  0.000150   9336.137    44.968869   0.454525   0.966574     575.894 0
357.436500 -28.261306   0.028609  0.000213   8576.762    63.855794   0.462452   0.983429    -161.961 0
357.286750 -27.779250   0.032096  0.000083   9622.139    24.882774   0.479698   1.020104     853.791 0
357.271125 -27.746500   0.026611  0.000297   7977.777    89.038360   0.496411   1.055646    -743.972 0
357.489250 -27.980278   0.033642  0.000213  10085.618    63.855794   0.518798   1.103254    1304.136 0
357.339625 -28.541556   0.029133  0.000213   8733.854    63.855794   0.539079   1.146381      -9.321 0
357.161708 -27.636917   0.034748  0.000297  10417.188    89.038360   0.544281   1.157445    1626.310 1
356.421792 -27.807750   0.030929  0.000213   9272.281    63.855794   0.558685   1.188075     513.848 0
356.265667 -27.986639   0.029875  0.000213   8956.300    63.855794   0.605887   1.288453     206.821 0
357.175583 -28.724833   0.034604  0.000213  10374.018    63.855794   0.622338   1.323436    1584.363 1
357.625333 -28.427667   0.027616  0.000150   8279.069    44.968869   0.676683   1.439005    -451.219 0
356.864195 -27.465525   0.028376  0.000113   8506.911    33.876548   0.678351   1.442551    -229.833 0
356.130168 -28.109304   0.026832  0.000150   8044.031    44.968869   0.706002   1.501352    -679.595 0
356.567106 -27.510322   0.028890  0.000150   8661.004    44.968869   0.707558   1.504662     -80.107 0
357.752322 -27.938975   0.029660  0.000333   8891.844    99.830889   0.752843   1.600963     144.192 0
357.765219 -28.350033   0.027571  0.000213   8265.578    63.855794   0.765477   1.627830    -464.327 0
357.797210 -28.101704   0.029507  0.000297   8845.976    89.038360   0.765732   1.628372      99.624 0
357.655439 -28.598294   0.027993  0.000213   8392.090    63.855794   0.786108   1.671703    -341.400 0
357.880071 -28.021299   0.035307  0.000213  10584.772    63.855794   0.846332   1.799773    1789.145 1
357.894152 -28.071711   0.032332  0.000039   9692.890    11.691906   0.853035   1.814028     922.537 1
357.896886 -28.079223   0.028303  0.000103   8485.026    30.878623   0.854859   1.817906    -251.098 0
357.903100 -28.364700   0.029900  0.000333   8963.794    99.830889   0.886657   1.885526     214.103 0
357.903014 -28.365003   0.027646  0.000031   8288.062     9.293566   0.886660   1.885532    -442.480 0
355.898667 -28.100833   0.028990  0.000150   8690.983    44.968869   0.910310   1.935827     -50.977 0
357.959699 -27.965300   0.029364  0.000033   8803.106     9.893151   0.924901   1.966854      57.968 0
357.330323 -29.006800   0.034761  0.000213  10421.086    63.855794   0.934639   1.987562    1630.097 1
357.976634 -27.929873   0.029260  0.000019   8771.927     5.696057   0.946844   2.013518      27.673 0
357.316002 -29.030011   0.034507  0.000103  10344.938    30.878623   0.951581   2.023590    1556.107 1
355.906917 -27.783667   0.031121  0.000213   9329.841    63.855794   0.970468   2.063754     569.777 0
357.914917 -28.592250   0.027891  0.000213   8361.511    63.855794   0.978549   2.080940    -371.112 0
356.319309 -27.315866   0.027840  0.000213   8346.222    63.855794   0.985627   2.095993    -385.968 0
357.091072 -27.156048   0.032694  0.000213   9801.415    63.855794   0.995527   2.117045    1027.986 1
358.066866 -28.228915   0.032886  0.000213   9858.975    63.855794   1.006295   2.139944    1083.915 1
357.633793 -28.939351   0.029375  0.000213   8806.403    63.855794   1.010886   2.149707      61.172 0
355.988158 -27.531657   0.028903  0.000150   8664.901    44.968869   1.030289   2.190968     -76.320 0
356.745105 -29.171085   0.034200  0.000333  10252.902    99.830889   1.042521   2.216980    1466.679 1
357.962252 -27.597275   0.032658  0.000213   9790.622    63.855794   1.060466   2.255141    1017.500 1
355.680814 -27.874543   0.029771  0.000150   8925.121    44.968869   1.133368   2.410172     176.526 0
357.869167 -28.930278   0.028703  0.000333   8604.943    99.830889   1.143758   2.432266    -134.579 0
357.265436 -29.301281   0.029487  0.000297   8839.980    89.038360   1.197013   2.545516      93.798 0
357.533708 -27.003194   0.027858  0.000213   8351.618    63.855794   1.256538   2.672098    -380.725 0
355.790184 -27.353371   0.029670  0.000213   8894.842    63.855794   1.277157   2.715947     147.105 0
358.159394 -27.456359   0.030308  0.000213   9086.110    63.855794   1.282372   2.727037     332.952 0
357.929120 -29.096330   0.027157  0.000213   8141.464    63.855794   1.299271   2.762973    -584.924 0
357.431566 -29.371588   0.029921  0.000213   8970.090    63.855794   1.307288   2.780021     220.220 0
357.560721 -26.956788   0.033313  0.000150   9986.986    44.968869   1.308666   2.782952    1208.299 1
358.042515 -29.078953   0.028993  0.000014   8691.883     4.197094   1.356983   2.885702     -50.103 0
358.100809 -29.022931   0.028943  0.000017   8676.893     5.096472   1.357568   2.886944     -64.668 0
358.025431 -29.114433   0.029036  0.000213   8704.774    63.855794   1.371081   2.915681     -37.577 0
357.493536 -26.857495   0.034184  0.000150  10248.105    44.968869   1.376707   2.927646    1462.019 1
357.210991 -26.746470   0.033170  0.000103   9944.116    30.878623   1.416756   3.012812    1166.644 1
358.102000 -27.107389   0.029010  0.000213   8696.979    63.855794   1.461917   3.108850     -45.151 0
358.510335 -27.684784   0.032395  0.000297   9711.777    89.038360   1.466426   3.118438     940.889 1
355.282064 -27.905320   0.030152  0.000213   9039.342    63.855794   1.472169   3.130652     287.510 0
356.391008 -29.548364   0.033020  0.000150   9899.147    44.968869   1.485077   3.158101    1122.949 1
357.975244 -29.318192   0.028554  0.000213   8560.274    63.855794   1.494783   3.178741    -177.982 0
355.336068 -27.627318   0.028016  0.000213   8398.986    63.855794   1.496562   3.182523    -334.700 0
358.597395 -27.727306   0.042810  0.000103  12834.115    30.878623   1.527492   3.248299    3974.745 1
356.231792 -29.541222   0.031962  0.000150   9581.967    44.968869   1.529238   3.252011     814.757 1
358.141650 -29.271744   0.029100  0.000333   8723.961    99.830889   1.555388   3.307621     -18.934 0
358.077580 -29.323379   0.035091  0.000150  10520.017    44.968869   1.555988   3.308896    1726.225 1
358.700675 -28.236635   0.031643  0.000297   9486.333    89.038360   1.564268   3.326505     721.833 1
358.732236 -28.208562   0.029377  0.000150   8807.003    44.968869   1.590615   3.382533      61.755 0
355.861343 -26.816955   0.029924  0.000150   8970.990    44.968869   1.625451   3.456614     221.094 0
358.067709 -29.447652   0.030091  0.000027   9021.055     8.094396   1.647052   3.502550     269.741 0
355.638417 -26.936361   0.030181  0.000103   9048.036    30.878623   1.658062   3.525962     295.958 0
358.069975 -29.538505   0.030404  0.000037   9114.890    11.092321   1.721164   3.660152     360.917 0
358.711167 -28.893139   0.030168  0.000083   9044.139    24.882774   1.741254   3.702875     292.171 0
358.117673 -29.559567   0.043115  0.000213  12925.552    63.855794   1.762960   3.749033    4063.590 1
358.064276 -29.599872   0.030248  0.000213   9068.122    63.855794   1.768492   3.760799     315.474 0
354.938276 -27.754850   0.028342  0.000297   8496.718    89.038360   1.798300   3.824187    -239.737 0
358.144167 -29.610278   0.029107  0.000333   8726.059    99.830889   1.817667   3.865371     -16.895 0
358.815140 -28.959508   0.028977  0.000150   8687.086    44.968869   1.852716   3.939905     -54.764 0
354.810708 -28.094157   0.027634  0.000213   8284.465    63.855794   1.869351   3.975280    -445.975 1
358.212760 -29.631559   0.043080  0.000150  12915.059    44.968869   1.870844   3.978455    4053.395 1
358.355313 -29.538125   0.028626  0.000150   8581.859    44.968869   1.878960   3.995715    -157.009 0
356.379273 -30.037314   0.036105  0.000150  10824.007    44.968869   1.957128   4.161943    2021.600 1
359.006702 -28.862562   0.027893  0.000150   8362.111    44.968869   1.968106   4.185289    -370.530 1
355.755178 -26.324877   0.012575  0.000017   3769.890     5.096472   2.091143   4.446933   -4832.614 1
359.104858 -29.023387   0.029590  0.000103   8870.859    30.878623   2.110866   4.488876     123.801 1
359.170000 -29.056389   0.029967  0.000333   8983.881    99.830889   2.176851   4.629196     233.620 1
356.864535 -25.951352   0.032706  0.000150   9805.012    44.968869   2.190798   4.658857    1031.482 1
359.327461 -27.489671   0.023376  0.000297   7007.948    89.038360   2.212233   4.704439   -1686.317 1
359.413213 -28.459577   0.028697  0.000103   8603.144    30.878623   2.212670   4.705367    -136.327 1
359.186000 -29.123000   0.029508  0.000333   8846.276    99.830889   2.218321   4.717385      99.915 1
354.394928 -28.203566   0.029405  0.000297   8815.397    89.038360   2.236248   4.755507      69.911 1
354.490329 -27.404237   0.029204  0.000297   8755.139    89.038360   2.274052   4.835900      11.361 1
359.168060 -29.292367   0.029207  0.000150   8756.038    44.968869   2.284611   4.858355      12.234 1
358.132709 -30.180962   0.030147  0.000070   9037.843    20.985472   2.298826   4.888584     286.053 1
359.060242 -26.785536   0.043470  0.000213  13031.978    63.855794   2.316642   4.926469    4167.001 1
359.581225 -28.128352   0.029919  0.000297   8969.491    89.038360   2.337859   4.971590     219.638 1
359.583271 -28.278710   0.027216  0.000213   8159.152    63.855794   2.343653   4.983911    -567.737 1
356.569119 -25.791341   0.028793  0.000050   8631.924    14.989623   2.371495   5.043118    -108.362 1
358.284245 -30.218601   0.029167  0.000103   8744.047    30.878623   2.396003   5.095237       0.583 1
356.708984 -25.732940   0.032983  0.000187   9888.055    56.061190   2.416322   5.138444    1112.171 1
356.777957 -25.702718   0.012707  0.000026   3809.463     7.794604   2.442354   5.193804   -4794.163 1
354.186745 -27.785090   0.027456  0.000150   8231.102    44.968869   2.445056   5.199549    -497.826 1
357.929166 -25.849306   0.012345  0.000057   3700.938    17.088170   2.455589   5.221948   -4899.612 1
358.957271 -29.869669   0.028350  0.000150   8499.116    44.968869   2.486476   5.287632    -237.407 1
359.796446 -28.598376   0.030418  0.000103   9119.087    30.878623   2.568581   5.462232     364.995 1
354.094250 -27.515917   0.029819  0.000213   8939.511    63.855794   2.577557   5.481321     190.508 1
359.403350 -26.758538   0.043366  0.000213  13000.800    63.855794   2.582428   5.491678    4136.706 1
359.802936 -27.417686   0.027403  0.000213   8215.213    63.855794   2.634669   5.602773    -513.265 1
354.205241 -26.991854   0.029397  0.000150   8812.999    44.968869   2.663483   5.664048      67.581 1
355.125833 -30.309472   0.035871  0.000150  10753.855    44.968869   2.689142   5.718611    1953.436 1
359.770413 -29.123965   0.029090  0.000150   8720.963    44.968869   2.690484   5.721467     -21.847 1
359.408549 -29.729402   0.028330  0.000150   8493.120    44.968869   2.701565   5.745030    -243.233 1
354.127282 -27.018890   0.029222  0.000297   8760.535    89.038360   2.714364   5.772249      16.604 1
359.621231 -29.517094   0.031248  0.000150   9367.915    44.968869   2.743021   5.833189     606.771 1
354.101040 -26.994101   0.029861  0.000150   8952.103    44.968869   2.745715   5.838918     202.743 1
359.989874 -27.533651   0.026720  0.000297   8010.454    89.038360   2.765761   5.881548    -712.221 1
356.616774 -25.363642   0.034050  0.000103  10207.933    30.878623   2.791445   5.936165    1422.985 1
  0.084725 -27.898984   0.027125  0.000103   8131.870    30.878623   2.792344   5.938077    -594.245 1
353.931093 -29.043835   0.033640  0.000150  10085.018    44.968869   2.794134   5.941885    1303.553 1
354.362694 -26.493510   0.032736  0.000150   9814.006    44.968869   2.800059   5.954483    1040.221 1
359.523198 -29.761358   0.029597  0.000123   8872.957    36.874472   2.802336   5.959327     125.840 1
359.932077 -29.160116   0.027522  0.000150   8250.888    44.968869   2.836453   6.031878    -478.601 1
359.980197 -27.234526   0.027312  0.000110   8187.932    32.977170   2.838400   6.036019    -539.773 1
359.586658 -29.766975   0.030828  0.000150   9242.002    44.968869   2.851380   6.063620     484.427 1
353.763691 -28.764888   0.029066  0.000213   8713.768    63.855794   2.860771   6.083591     -28.838 1
359.576000 -29.810000   0.029677  0.000333   8896.941    99.830889   2.868476   6.099976     149.144 1
  0.061151 -27.349498   0.027493  0.000213   8242.194    63.855794   2.872333   6.108179    -487.048 1
  0.106862 -27.503985   0.027239  0.000213   8166.047    63.855794   2.872924   6.109435    -561.038 1
353.667140 -27.829843   0.027666  0.000213   8294.058    63.855794   2.893955   6.154159    -436.654 1
359.681796 -29.719011   0.030128  0.000150   9032.147    44.968869   2.894273   6.154834     280.519 1
358.688208 -25.673139   0.030324  0.000057   9090.906    17.088170   2.914776   6.198436     337.613 1
353.972362 -26.820935   0.029657  0.000120   8890.945    35.975095   2.923225   6.216403     143.318 1
  0.171953 -27.435000   0.028690  0.000103   8601.046    30.878623   2.944700   6.262072    -138.366 1
359.664451 -29.845090   0.029380  0.000133   8807.902    39.872397   2.952377   6.278396      62.629 1
  0.177976 -27.404087   0.029133  0.000213   8733.854    63.855794   2.957411   6.289102      -9.321 1
359.667316 -29.855088   0.029900  0.000333   8963.794    99.830889   2.960217   6.295069     214.103 1
356.046744 -31.004537   0.035758  0.000150  10719.979    44.968869   2.967186   6.309889    1920.520 1
  0.229728 -27.544848   0.028883  0.000113   8658.906    33.876548   2.970186   6.316269     -82.146 1
  0.236119 -27.546225   0.045163  0.000297  13539.527    89.038360   2.975431   6.327423    4660.166 1
  0.245459 -27.525489   0.028633  0.000103   8583.957    30.878623   2.987707   6.353528    -154.970 1
359.524583 -30.070833   0.029734  0.000333   8914.029    99.830889   2.992847   6.364457     165.748 1
355.446447 -30.836689   0.028476  0.000150   8536.890    44.968869   2.995987   6.371136    -200.703 1
  0.307375 -27.605472   0.027989  0.000150   8390.891    44.968869   3.025967   6.434891    -342.565 1
356.545426 -25.130932   0.033063  0.000103   9912.038    30.878623   3.029496   6.442395    1135.475 1
353.899197 -26.674957   0.028793  0.000150   8631.924    44.968869   3.048401   6.482596    -108.362 1
359.571705 -30.111419   0.029674  0.000333   8896.041    99.830889   3.050779   6.487653     148.270 1
  0.199677 -27.141665   0.029161  0.000297   8742.248    89.038360   3.051572   6.489341      -1.165 1
358.334087 -25.352133   0.033633  0.000050  10082.920    14.989623   3.051701   6.489615    1301.514 1
  0.307007 -27.415346   0.026167  0.000213   7844.669    63.855794   3.065041   6.517983    -873.308 1
356.271668 -31.155244   0.036315  0.000103  10886.963    30.878623   3.069250   6.526933    2082.772 1
  0.326511 -27.443138   0.027025  0.000150   8101.891    44.968869   3.075324   6.539850    -623.375 1
  0.399250 -27.576453   0.026755  0.000073   8020.947    21.884849   3.110873   6.615447    -702.025 1
  0.464776 -28.128961   0.027139  0.000213   8136.068    63.855794   3.116951   6.628372    -590.167 1
354.760005 -25.669918   0.031528  0.000010   9451.857     2.997925   3.125622   6.646813     688.334 1
  0.441144 -27.681799   0.027807  0.000297   8336.329    89.038360   3.130013   6.656150    -395.581 1
  0.321667 -27.188306   0.027133  0.000297   8134.269    89.038360   3.138927   6.675105    -591.915 1
  0.405003 -27.452193   0.026440  0.000213   7926.513    63.855794   3.140769   6.679023    -793.784 1
357.953628 -31.151471   0.044594  0.000103  13368.945    30.878623   3.142504   6.682711    4494.418 1
  0.360832 -27.290159   0.025733  0.000297   7714.559    89.038360   3.142746   6.683226    -999.731 1
354.147361 -26.175692   0.031442  0.000040   9426.074    11.991698   3.143968   6.685826     663.283 1
  0.400833 -27.380556   0.028063  0.000333   8413.076    99.830889   3.153694   6.706508    -321.009 1
359.839990 -29.985954   0.029067  0.000150   8714.067    44.968869   3.160184   6.720310     -28.547 1
356.749229 -24.984697   0.033223  0.000103   9960.005    30.878623   3.160715   6.721438    1182.082 1
359.366458 -30.461139   0.030681  0.000157   9197.932    47.067416   3.161811   6.723769     441.606 1
  0.516357 -28.035982   0.032324  0.000297   9690.491    89.038360   3.164166   6.728777     920.207 1
  0.294773 -27.020286   0.027039  0.000057   8106.088    17.088170   3.171763   6.744933    -619.297 1
  0.482379 -27.627127   0.028376  0.000050   8506.911    14.989623   3.174382   6.750502    -229.833 1
355.898543 -31.184178   0.035955  0.000043  10779.038    12.891076   3.175811   6.753542    1977.905 1
  0.498871 -27.572539   0.028413  0.000297   8518.003    89.038360   3.197990   6.800707    -219.055 1
  0.520138 -27.666833   0.028251  0.000297   8469.437    89.038360   3.201115   6.807352    -266.245 1
  0.499875 -27.354294   0.027259  0.000213   8172.043    63.855794   3.244787   6.900223    -555.212 1
357.747167 -31.313444   0.045088  0.000150  13517.042    44.968869   3.252869   6.917409    4638.319 1
353.259004 -27.702992   0.027427  0.000213   8222.408    63.855794   3.266577   6.946561    -506.274 1
358.753171 -25.295095   0.040728  0.000083  12209.947    24.882774   3.268938   6.951581    3368.265 1
353.933442 -30.078549   0.035318  0.000057  10588.070    17.088170   3.276342   6.967326    1792.349 1
353.206538 -28.513456   0.035279  0.000213  10576.378    63.855794   3.304303   7.026788    1780.989 1
  0.674757 -27.692682   0.032917  0.000213   9868.268    63.855794   3.332432   7.086604    1092.946 1
358.783375 -31.064472   0.028750  0.000150   8619.033    44.968869   3.348927   7.121682    -120.888 1
353.151235 -28.524821   0.024997  0.000047   7493.912    14.090246   3.354043   7.132563   -1214.125 1
  0.625655 -27.296290   0.028326  0.000150   8491.921    44.968869   3.366584   7.159231    -244.398 1
  0.523851 -26.979446   0.033497  0.000213  10042.148    63.855794   3.375320   7.177809    1261.898 1
354.966311 -25.236929   0.032876  0.000103   9855.977    30.878623   3.381441   7.190825    1081.002 1
359.978083 -30.201945   0.030611  0.000150   9176.947    44.968869   3.386736   7.202084     421.215 1
  0.722617 -27.598408   0.028160  0.000213   8442.156    63.855794   3.388080   7.204943    -292.753 1
  0.399667 -29.615444   0.027262  0.000150   8172.942    44.968869   3.396095   7.221988    -554.338 1
353.927399 -30.334583   0.030835  0.000133   9244.100    39.872397   3.438039   7.311184     486.466 1
353.207055 -27.110806   0.029593  0.000297   8871.758    89.038360   3.440799   7.317054     124.675 1
353.030958 -27.973694   0.030781  0.000213   9227.912    63.855794   3.442201   7.320034     470.736 1
359.702464 -30.568196   0.029652  0.000213   8889.446    63.855794   3.444719   7.325390     141.862 1
357.899251 -31.479220   0.044227  0.000103  13258.921    30.878623   3.445517   7.327087    4387.512 1
357.898766 -31.479396   0.044324  0.000133  13288.001    39.872397   3.445582   7.327224    4415.768 1
353.217042 -26.998556   0.029714  0.000213   8908.033    63.855794   3.467755   7.374376     159.922 1
353.037095 -27.648671   0.027679  0.000057   8297.955    17.088170   3.467883   7.374649    -432.867 1
354.505201 -25.408898   0.032152  0.000103   9638.927    30.878623   3.469608   7.378318     870.104 1
  0.781458 -27.397889   0.027787  0.000213   8330.333    63.855794   3.476604   7.393196    -401.407 1
354.513083 -25.393833   0.032506  0.000150   9745.054    44.968869   3.477221   7.394506     973.223 1
356.444001 -24.683242   0.032419  0.000103   9718.972    30.878623   3.484599   7.410197     947.880 1
  0.793575 -27.403155   0.028073  0.000133   8416.074    39.872397   3.485924   7.413013    -318.096 1
356.515457 -24.613626   0.033817  0.000150  10138.082    44.968869   3.546651   7.542153    1355.113 1
358.743253 -31.314431   0.028149  0.000150   8438.858    44.968869   3.553126   7.555923    -295.958 1
356.370556 -24.608869   0.032806  0.000137   9834.991    41.071567   3.566798   7.584998    1060.612 1
356.225104 -24.621292   0.033140  0.000047   9935.122    14.090246   3.574552   7.601488    1157.905 1
352.900417 -27.673333   0.028343  0.000333   8497.018    99.830889   3.583918   7.621404    -239.446 1
356.104735 -31.678625   0.036825  0.000130  11039.857    38.973020   3.611312   7.679660    2231.333 1
356.107566 -31.680108   0.037226  0.000150  11160.074    44.968869   3.612263   7.681681    2348.143 1
359.907486 -30.655793   0.029774  0.000150   8926.021    44.968869   3.635320   7.730714     177.400 1
  0.990499 -27.388084   0.033346  0.000150   9996.879    44.968869   3.658888   7.780832    1217.912 1
355.541500 -31.597667   0.036248  0.000150  10866.877    44.968869   3.666727   7.797502    2063.255 1
359.841781 -30.802057   0.029450  0.000150   8828.888    44.968869   3.697513   7.862971      83.020 1
  0.361167 -30.319917   0.026384  0.000213   7909.724    63.855794   3.728274   7.928384    -810.096 1
352.728750 -28.723611   0.024253  0.000333   7270.866    99.830889   3.750069   7.974733   -1430.850 1
  0.099542 -30.668861   0.031749  0.000150   9518.111    44.968869   3.768209   8.013308     752.711 1
355.188542 -24.693806   0.022752  0.000024   6820.878     7.195019   3.774103   8.025844   -1868.086 1
359.164490 -31.367444   0.030688  0.000150   9200.031    44.968869   3.780173   8.038752     443.645 1
  0.876647 -26.629064   0.019470  0.000017   5836.959     5.096472   3.794507   8.069234   -2824.122 1
356.052479 -24.417583   0.022449  0.000050   6730.041    14.989623   3.803350   8.088038   -1956.349 1
358.781997 -31.577849   0.028586  0.000150   8569.867    44.968869   3.804758   8.091033    -168.661 1
356.076697 -31.871234   0.037489  0.000150  11238.919    44.968869   3.804980   8.091506    2424.754 1
359.435926 -31.241466   0.024437  0.000150   7326.028    44.968869   3.807000   8.095800   -1377.251 1
  1.220189 -28.588003   0.037331  0.000297  11191.552    89.038360   3.809311   8.100714    2378.730 1
  0.195392 -30.646179   0.014260  0.000297   4275.040    89.038360   3.816391   8.115770   -4341.779 1
  1.258000 -28.286639   0.041431  0.000297  12420.701    89.038360   3.819143   8.121624    3573.046 1
  0.123137 -30.723390   0.031637  0.000213   9484.534    63.855794   3.820306   8.124097     720.086 1
359.022552 -31.503016   0.029560  0.000103   8861.865    30.878623   3.834744   8.154801     115.062 1
  1.261552 -27.714541   0.033196  0.000103   9951.910    30.878623   3.843290   8.172972    1174.217 1
352.637231 -28.814532   0.024407  0.000020   7317.035     5.995849   3.844683   8.175936   -1385.990 1
  1.106669 -26.734920   0.026765  0.000150   8023.945    44.968869   3.942359   8.383649    -699.112 1
  0.423891 -30.608359   0.029971  0.000297   8985.080    89.038360   3.946862   8.393226     234.785 1
352.452116 -28.357330   0.029267  0.000297   8774.026    89.038360   3.954429   8.409316      29.712 1
  1.276333 -27.100167   0.028678  0.000213   8597.448    63.855794   3.971468   8.445550    -141.862 1
  1.384531 -27.524459   0.031359  0.000213   9401.192    63.855794   3.976107   8.455415     639.105 1
  0.568934 -30.498766   0.029260  0.000150   8771.927    44.968869   3.981637   8.467176      27.673 1
  0.059798 -25.245449   0.027702  0.000150   8304.851    44.968869   4.000386   8.507048    -426.167 1
  0.739167 -30.347917   0.028661  0.000297   8592.352    89.038360   4.018811   8.546228    -146.814 1
  0.522702 -30.619077   0.030231  0.000150   9063.026    44.968869   4.021839   8.552667     310.522 1
352.401000 -28.832778   0.023582  0.000213   7069.706    63.855794   4.053008   8.618950   -1626.310 1
352.396549 -28.831154   0.024233  0.000030   7264.871     8.993774   4.056599   8.626586   -1436.676 1
  1.487895 -28.714213   0.027426  0.000103   8222.108    30.878623   4.059714   8.633211    -506.565 1
  0.632791 -30.565690   0.029911  0.000150   8967.092    44.968869   4.066691   8.648048     217.307 1
  1.512583 -27.664639   0.033338  0.000297   9994.481    89.038360   4.068895   8.652735    1215.581 1
352.340970 -27.649434   0.027452  0.000297   8229.903    89.038360   4.076330   8.668547    -498.991 1
  0.757218 -30.446849   0.030070  0.000297   9014.759    89.038360   4.087102   8.691452     263.624 1
  0.639746 -30.621541   0.030000  0.000333   8993.774    99.830889   4.105116   8.729761     243.233 1
  0.888825 -30.306417   0.026530  0.000213   7953.494    63.855794   4.107719   8.735296    -767.567 1
  1.446250 -27.091528   0.027629  0.000297   8282.966    89.038360   4.118438   8.758091    -447.432 1
353.945021 -31.312375   0.044130  0.000033  13229.841     9.893151   4.121058   8.763663    4359.256 1
357.899790 -24.092024   0.042660  0.000150  12789.146    44.968869   4.138678   8.801133    3931.050 1
352.228000 -28.111053   0.024027  0.000297   7203.113    89.038360   4.146262   8.817260   -1496.683 1
  1.598969 -27.622157   0.031127  0.000297   9331.640    89.038360   4.149655   8.824476     571.524 1
  1.635934 -27.900816   0.033849  0.000297  10147.675    89.038360   4.156605   8.839255    1364.434 1
  1.619605 -28.594051   0.027088  0.000297   8120.778    89.038360   4.159940   8.846347    -605.023 1
  1.637389 -28.818569   0.026746  0.000297   8018.249    89.038360   4.205795   8.943860    -704.647 1
  0.341377 -25.195676   0.027702  0.000013   8304.851     3.897302   4.210224   8.953279    -426.167 1
  0.957667 -30.440861   0.030032  0.000213   9003.367    63.855794   4.230967   8.997390     252.554 1
354.566167 -24.405333   0.023043  0.000103   6908.118    30.878623   4.278176   9.097783   -1783.319 1
  0.842748 -30.710230   0.029315  0.000213   8788.416    63.855794   4.301504   9.147391      43.695 1
  1.048441 -30.453610   0.025612  0.000213   7678.284    63.855794   4.305210   9.155273   -1034.977 1
359.476334 -31.814934   0.028897  0.000150   8663.103    44.968869   4.305396   9.155669     -78.068 1
  1.786958 -27.648417   0.033935  0.000297  10173.457    89.038360   4.311087   9.167769    1389.486 1
352.143125 -27.230889   0.032079  0.000150   9617.042    44.968869   4.318077   9.182634     848.839 1
  1.682342 -26.934834   0.027179  0.000150   8148.059    44.968869   4.360799   9.273484    -578.515 1
  1.856083 -28.577482   0.027396  0.000150   8213.114    44.968869   4.365598   9.283690    -515.304 1
356.293208 -23.810833   0.032736  0.000053   9814.006    15.889000   4.366808   9.286264    1040.221 1
351.978458 -27.981329   0.025845  0.000027   7748.136     8.094396   4.369126   9.291194    -967.105 1
  1.153933 -30.431543   0.025538  0.000150   7656.100    44.968869   4.372363   9.298077   -1056.533 1
  0.255361 -31.385975   0.029417  0.000150   8818.995    44.968869   4.373273   9.300013      73.407 1
359.514583 -31.892778   0.028643  0.000333   8586.955    99.830889   4.389422   9.334353    -152.057 1
  1.143474 -30.490291   0.026815  0.000297   8038.935    89.038360   4.395620   9.347535    -684.547 1
359.830562 -31.729987   0.028003  0.000150   8395.088    44.968869   4.406788   9.371284    -338.487 1
  1.175917 -30.483705   0.026635  0.000077   7984.972    23.084019   4.416331   9.391577    -736.981 1
  1.188170 -30.488236   0.027000  0.000333   8094.396    99.830889   4.427894   9.416167    -630.658 1
  1.510603 -26.326626   0.027289  0.000103   8181.036    30.878623   4.428078   9.416558    -546.473 1
356.468668 -23.731529   0.034214  0.000007  10257.099     2.098547   4.428583   9.417633    1470.757 1
353.254282 -31.164132   0.035878  0.000150  10755.954    44.968869   4.431961   9.424815    1955.475 1
351.899333 -28.134172   0.029765  0.000213   8923.323    63.855794   4.435971   9.433342     174.778 1
  1.960880 -28.090747   0.027099  0.000103   8124.076    30.878623   4.436459   9.434381    -601.819 1
  1.942958 -27.587889   0.033635  0.000297  10083.519    89.038360   4.454886   9.473566    1302.097 1
352.940740 -30.904712   0.036235  0.000127  10862.980    38.073642   4.473245   9.512609    2059.468 1
  1.248805 -30.505691   0.027132  0.000150   8133.969    44.968869   4.482506   9.532301    -592.206 1
  0.990231 -25.416012   0.034404  0.000183  10314.060    54.862020   4.499554   9.568555    1526.104 1
  1.321365 -30.433084   0.027062  0.000150   8112.983    44.968869   4.499580   9.568610    -612.597 1
  1.381308 -30.374424   0.042014  0.000213  12595.480    63.855794   4.515854   9.603220    3742.872 1
  1.984375 -27.244611   0.031812  0.000213   9536.998    63.855794   4.546214   9.667781     771.063 1
  1.313750 -30.539167   0.027772  0.000333   8325.836    99.830889   4.548817   9.673315    -405.776 1
  2.109002 -28.328676   0.026795  0.000150   8032.939    44.968869   4.570621   9.719684    -690.373 1
358.810442 -23.832257   0.013096  0.000014   3926.082     4.197094   4.617154   9.818639   -4680.848 1
352.310369 -30.324264   0.034944  0.000103  10475.948    30.878623   4.621525   9.827934    1683.404 1
  1.380254 -30.586646   0.027786  0.000037   8330.033    11.092321   4.623687   9.832532    -401.698 1
352.922800 -31.137625   0.029003  0.000150   8694.881    44.968869   4.632812   9.851936     -47.190 1
352.384030 -30.476518   0.035578  0.000103  10666.016    30.878623   4.639119   9.865348    1868.086 1
355.993784 -32.726398   0.038517  0.000103  11547.106    30.878623   4.658734   9.907061    2724.208 1
354.379510 -32.257515   0.015204  0.000150   4558.045    44.968869   4.690457   9.974522   -4066.794 1
  1.357917 -30.741667   0.012267  0.000297   3677.554    89.038360   4.691103   9.975896   -4922.333 1
351.613978 -27.686145   0.022422  0.000103   6721.946    30.878623   4.709641  10.015318   -1964.214 1
  1.516963 -30.628681   0.030178  0.000030   9047.137     8.993774   4.748311  10.097552     295.084 1
  2.158755 -29.336268   0.044940  0.000213  13472.673    63.855794   4.762968  10.128720    4595.207 1
355.723249 -32.814845   0.038243  0.000150  11464.963    44.968869   4.793064  10.192722    2644.392 1
  1.507617 -30.732703   0.042066  0.000297  12611.070    89.038360   4.796681  10.200413    3758.020 1
359.559353 -32.342638   0.028737  0.000150   8615.136    44.968869   4.798551  10.204391    -124.675 1
355.518090 -32.776892   0.037326  0.000150  11190.053    44.968869   4.799780  10.207004    2377.273 1
355.637490 -32.813250   0.037723  0.000150  11309.071    44.968869   4.808868  10.226330    2492.918 1
  1.617604 -30.668921   0.041671  0.000213  12492.652    63.855794   4.845000  10.303165    3642.958 1
  0.571000 -24.486083   0.040181  0.000183  12045.961    54.862020   4.865098  10.345905    3208.925 1
352.168702 -30.635664   0.035808  0.000150  10734.968    44.968869   4.883471  10.384977    1935.085 1
352.528772 -31.126865   0.035711  0.000103  10705.888    30.878623   4.896398  10.412466    1906.829 1
352.520000 -31.129722   0.037663  0.000150  11291.083    44.968869   4.904271  10.429210    2475.440 1
  1.487187 -30.955825   0.030151  0.000297   9039.042    89.038360   4.906035  10.432960     287.219 1
  1.641833 -30.755056   0.030112  0.000213   9027.350    63.855794   4.908557  10.438325     275.858 1
  1.632085 -30.776472   0.041761  0.000213  12519.633    63.855794   4.912738  10.447214    3669.174 1
352.512500 -31.156361   0.037156  0.000073  11139.089    21.884849   4.925777  10.474942    2327.753 1
351.373201 -28.662679   0.045183  0.000213  13545.523    63.855794   4.927552  10.478718    4665.992 1
352.463811 -31.107492   0.035800  0.000333  10732.570    99.830889   4.930244  10.484442    1932.754 1
  1.510042 -30.978083   0.043256  0.000297  12967.823    89.038360   4.935315  10.495227    4104.663 1
  1.508667 -30.999278   0.042754  0.000213  12817.327    63.855794   4.946539  10.519094    3958.432 1
351.323477 -27.883777   0.028526  0.000213   8551.880    63.855794   4.950454  10.527420    -186.139 1
352.384375 -31.060406   0.022986  0.000073   6891.029    21.884849   4.958509  10.544550   -1799.923 1
  2.318821 -29.573084   0.032452  0.000297   9728.865    89.038360   4.962795  10.553663     957.493 1
352.939958 -24.623472   0.012612  0.000103   3780.982    30.878623   4.975397  10.580463   -4821.836 1
351.907389 -30.414238   0.034877  0.000007  10455.862     2.098547   4.978017  10.586033    1663.887 1
  0.706606 -31.865319   0.024774  0.000033   7427.058     9.893151   4.995765  10.623777   -1279.084 1
359.351388 -32.709447   0.041432  0.000150  12421.001    44.968869   5.042424  10.722998    3573.338 1
351.304080 -29.077042   0.022747  0.000213   6819.379    63.855794   5.048315  10.735527   -1869.543 1
  2.573250 -29.112972   0.042490  0.000070  12738.182    20.985472   5.070112  10.781880    3881.530 1
  2.634172 -28.790876   0.012320  0.000500   3693.443    99.990000   5.071629  10.785106   -4906.894 1
356.564751 -33.217154   0.039014  0.000150  11696.103    44.968869   5.085971  10.815605    2868.982 1
  2.596829 -29.124727   0.036242  0.000107  10865.078    32.077793   5.092777  10.830077    2061.507 1
  2.389410 -29.831415   0.033245  0.000213   9966.600    63.855794   5.102077  10.849854    1188.491 1
359.961243 -32.490053   0.041999  0.000150  12590.983    44.968869   5.104445  10.854890    3738.503 1
  2.561788 -29.351897   0.025330  0.000100   7593.743    29.979246   5.111449  10.869784   -1117.123 1
  2.440916 -29.763279   0.044327  0.000150  13288.900    44.968869   5.122975  10.894295    4416.642 1
  2.647509 -29.076578   0.042540  0.000140  12753.171    41.970944   5.127632  10.904200    3896.095 1
  2.223755 -25.954916   0.027312  0.000150   8187.932    44.968869   5.154669  10.961694    -539.773 1
352.361491 -31.382782   0.035595  0.000127  10671.113    38.073642   5.170585  10.995542    1873.038 1
  2.663875 -29.252821   0.025754  0.000150   7720.855    44.968869   5.176779  11.008712    -993.613 1
351.390350 -26.422583   0.028216  0.000103   8458.944    30.878623   5.178355  11.012065    -276.441 1
  2.587584 -29.538665   0.044901  0.000103  13460.981    30.878623   5.180772  11.017204    4583.846 1
  2.280642 -30.308848   0.032783  0.000213   9828.096    63.855794   5.192171  11.041446    1053.912 1
  2.513368 -29.887554   0.019297  0.000150   5785.095    44.968869   5.223833  11.108776   -2874.517 1
353.819750 -23.691806   0.041135  0.000103  12331.963    30.878623   5.226899  11.115296    3486.823 1
356.639032 -22.897949   0.028646  0.000050   8587.855    14.989623   5.249714  11.163813    -151.183 1
  2.402449 -26.070742   0.026018  0.000103   7800.000    30.878623   5.251040  11.166632    -916.711 1
351.118888 -29.319448   0.022672  0.000040   6796.895    11.991698   5.257827  11.181065   -1891.390 1
  0.688124 -32.226832   0.026822  0.000150   8041.033    44.968869   5.260473  11.186694    -682.508 1
  1.249258 -31.783535   0.030067  0.000150   9013.860    44.968869   5.269839  11.206610     262.750 1
353.126083 -24.070222   0.027252  0.000150   8169.944    44.968869   5.274968  11.217518    -557.251 1
  2.822793 -29.202905   0.044130  0.000070  13229.841    20.985472   5.303512  11.278218    4359.256 1
350.924792 -28.513778   0.044049  0.000297  13205.558    89.038360   5.308380  11.288569    4335.661 1
354.951708 -23.109167   0.030558  0.000150   9161.058    44.968869   5.326000  11.326040     405.776 1
  2.828870 -29.460639   0.029412  0.000213   8817.496    63.855794   5.366243  11.411618      71.950 1
350.881300 -28.736432   0.043661  0.000213  13089.239    63.855794   5.366742  11.412681    4222.638 1
  3.023942 -28.202310   0.032049  0.000270   9608.048    80.943964   5.373909  11.427921     840.100 1
  2.969555 -28.869218   0.034594  0.000297  10371.020    89.038360   5.375111  11.430476    1581.450 1
  1.996041 -25.151629   0.034184  0.000150  10248.105    44.968869   5.375344  11.430972    1462.019 1
  2.978729 -28.852602   0.035760  0.000130  10720.578    38.973020   5.380904  11.442797    1921.102 1
350.956410 -29.246755   0.041588  0.000297  12467.769    89.038360   5.382152  11.445450    3618.780 1
350.947171 -29.388118   0.023086  0.000009   6921.009     2.698132   5.420881  11.527810   -1770.793 1
350.901250 -29.329167   0.022912  0.000333   6868.845    99.830889   5.447138  11.583647   -1821.479 1
350.784409 -28.761959   0.044424  0.000183  13317.980    54.862020   5.454506  11.599315    4444.898 1
  3.022150 -27.170784   0.034584  0.000297  10368.022    89.038360   5.458964  11.608795    1578.537 1
  3.040617 -27.161327   0.034621  0.000103  10379.115    30.878623   5.476673  11.646455    1589.315 1
  3.060337 -27.189983   0.034814  0.000103  10436.975    30.878623   5.488743  11.672121    1645.536 1
  1.134019 -32.249581   0.027359  0.000150   8202.022    44.968869   5.533488  11.767276    -526.082 1
353.896083 -23.270278   0.040788  0.000150  12227.935    44.968869   5.557404  11.818133    3385.743 1
  3.163528 -27.258632   0.026557  0.000297   7961.588    89.038360   5.567083  11.838716    -759.702 1
354.510708 -22.974417   0.031765  0.000150   9522.907    44.968869   5.590039  11.887534     757.372 1
350.649083 -27.207861   0.013187  0.000297   3953.363    89.038360   5.616543  11.943895   -4654.340 1
354.992583 -22.787722   0.025981  0.000103   7788.908    30.878623   5.619637  11.950475    -927.489 1
  1.623551 -31.955904   0.026135  0.000150   7835.076    44.968869   5.628455  11.969227    -882.629 1
  3.342070 -27.979945   0.025415  0.000213   7619.225    63.855794   5.656389  12.028631   -1092.363 1
  3.327233 -28.564887   0.035370  0.000260  10603.659    77.946039   5.656876  12.029667    1807.497 1
354.960042 -22.756389   0.026264  0.000035   7873.749    10.492736   5.658238  12.032563    -845.052 1
355.047824 -22.731576   0.026675  0.000050   7996.964    14.989623   5.658674  12.033489    -725.329 1
351.349000 -25.337556   0.029270  0.000103   8774.925    30.878623   5.663930  12.044666      30.586 1
350.637237 -29.280638   0.023399  0.000083   7014.844    24.882774   5.664607  12.046107   -1679.617 1
  2.945339 -30.134332   0.025978  0.000063   7788.008    18.886925   5.666296  12.049699    -928.363 1
  3.358923 -28.033159   0.026095  0.000150   7823.084    44.968869   5.669979  12.057530    -894.281 1
  2.942216 -30.174257   0.025759  0.000297   7722.354    89.038360   5.677890  12.074355    -992.157 1
  3.361325 -28.453700   0.014440  0.000070   4329.003    20.985472   5.679657  12.078111   -4289.345 1
  3.369579 -28.393011   0.035260  0.000150  10570.682    44.968869   5.683914  12.087164    1775.454 1
350.514410 -27.535243   0.028977  0.000213   8687.086    63.855794   5.689552  12.099153     -54.764 1
  3.262343 -29.247908   0.023120  0.000160   6931.202    47.966793   5.692364  12.105134   -1760.889 1
  2.600049 -30.879767   0.030918  0.000297   9268.983    89.038360   5.700572  12.122587     510.643 1
359.406458 -22.861194   0.044111  0.000150  13224.145    44.968869   5.713938  12.151011    4353.722 1
350.481029 -29.115833   0.043310  0.000150  12984.011    44.968869   5.769491  12.269148    4120.393 1
354.920000 -22.613333   0.026396  0.000333   7913.322    99.830889   5.805235  12.345160    -806.601 1
  3.399852 -29.261139   0.023276  0.000277   6977.969    83.042511   5.813886  12.363558   -1715.447 1
351.283976 -31.156670   0.035600  0.000333  10672.612    99.830889   5.820494  12.377610    1874.495 1
  3.485846 -28.892799   0.045284  0.000213  13575.802    63.855794   5.829495  12.396750    4695.413 1
  3.473066 -27.185034   0.020393  0.000297   6113.668    89.038360   5.848320  12.436783   -2555.255 1
350.308838 -27.675780   0.024444  0.000213   7328.127    63.855794   5.856978  12.455195   -1375.212 1
  1.624912 -32.304954   0.045135  0.000333  13531.133    99.830889   5.871472  12.486018    4652.010 1
  1.623854 -32.313653   0.044824  0.000150  13437.897    44.968869   5.876987  12.497745    4561.416 1
  3.408750 -26.751111   0.016251  0.000048   4871.927    14.390038   5.879617  12.503338   -3761.807 1
353.569083 -22.999639   0.043280  0.000150  12975.018    44.968869   5.934690  12.620453    4111.654 1
354.843792 -22.498889   0.026712  0.000150   8008.056    44.968869   5.934802  12.620692    -714.551 1
354.843197 -22.497170   0.026708  0.000030   8006.857     8.993774   5.936599  12.624513    -715.716 1
355.050625 -22.398722   0.039204  0.000083  11753.064    24.882774   5.977001  12.710430    2924.328 1
351.508075 -31.739926   0.041405  0.000103  12412.907    30.878623   5.983907  12.725116    3565.473 1
  3.035000 -30.766410   0.030798  0.000150   9233.008    44.968869   5.989224  12.736423     475.688 1
355.933395 -34.070704   0.040535  0.000150  12152.087    44.968869   5.994083  12.746755    3312.044 1
357.970809 -22.214681   0.041866  0.000150  12551.111    44.968869   5.997349  12.753702    3699.760 1
350.477750 -26.189306   0.027175  0.000150   8146.860    44.968869   6.015065  12.791376    -579.681 1
  3.760455 -28.570443   0.045068  0.000110  13511.046    32.977170   6.038274  12.840730    4632.493 1
  3.693708 -29.209380   0.026003  0.000213   7795.503    63.855794   6.059021  12.884851    -921.080 1
355.830492 -34.131077   0.039751  0.000150  11917.050    44.968869   6.067646  12.903191    3083.668 1
  1.011802 -33.033853   0.037990  0.000150  11389.115    44.968869   6.073801  12.916280    2570.694 1
  2.203199 -32.052935   0.025978  0.000183   7788.008    54.862020   6.076284  12.921562    -928.363 1
359.685702 -22.568135   0.043824  0.000150  13138.105    44.968869   6.079953  12.929363    4270.120 1
355.131387 -34.028178   0.038687  0.000150  11598.071    44.968869   6.096689  12.964954    2773.728 1
355.915176 -34.176331   0.039661  0.000150  11890.069    44.968869   6.100924  12.973958    3057.451 1
357.229934 -22.024196   0.043643  0.000167  13083.842    50.065340   6.122909  13.020712    4217.395 1
355.692000 -34.181000   0.039625  0.000333  11879.276    99.830889   6.137473  13.051683    3046.964 1
  3.264073 -30.720532   0.031105  0.000150   9325.044    44.968869   6.152044  13.082668     565.116 1
354.396750 -22.407389   0.031532  0.000150   9453.056    44.968869   6.153741  13.086277     689.499 1
355.591320 -34.213959   0.039711  0.000150  11905.058    44.968869   6.186234  13.155375    3072.016 1
  0.244045 -33.611825   0.023053  0.000007   6911.116     2.098547   6.202050  13.189010   -1780.406 1
355.427327 -34.203251   0.039364  0.000150  11801.030    44.968869   6.204986  13.195254    2970.936 1
351.308928 -31.885026   0.041369  0.000150  12402.114    44.968869   6.211478  13.209058    3554.986 1
  1.292250 -23.240056   0.027135  0.000150   8134.868    44.968869   6.230511  13.249533    -591.332 1
349.899108 -27.407829   0.024541  0.000213   7357.207    63.855794   6.242983  13.276056   -1346.956 1
349.886575 -28.999371   0.012519  0.000213   3753.102    63.855794   6.269770  13.333019   -4848.926 1
  0.402189 -33.690188   0.022846  0.000113   6849.058    33.876548   6.337460  13.476966   -1840.704 1
353.702933 -33.810730   0.045265  0.000150  13570.106    44.968869   6.343399  13.489596    4689.878 1
356.123149 -34.444893   0.039514  0.000150  11845.999    44.968869   6.343526  13.489867    3014.630 1
351.249025 -32.089976   0.028783  0.000050   8628.926    14.989623   6.378510  13.564263    -111.275 1
349.728149 -28.766329   0.022886  0.000057   6861.050    17.088170   6.381161  13.569899   -1829.053 1
356.161745 -34.488393   0.039691  0.000150  11899.062    44.968869   6.383052  13.573921    3066.190 1
  0.386553 -33.758804   0.022953  0.000150   6881.136    44.968869   6.391036  13.590899   -1809.536 1
359.870504 -34.012228   0.029137  0.000150   8735.053    44.968869   6.417936  13.648102      -8.156 1
353.504920 -33.810921   0.039307  0.000113  11783.942    33.876548   6.423789  13.660551    2954.332 1
356.007917 -34.523333   0.039918  0.000333  11967.115    99.830889   6.433528  13.681260    3132.314 1
349.663702 -28.819516   0.022869  0.000150   6855.954    44.968869   6.443099  13.701614   -1834.005 1
350.193308 -30.656482   0.035898  0.000150  10761.950    44.968869   6.450816  13.718024    1961.301 1
349.680750 -27.131361   0.022252  0.000150   6670.982    44.968869   6.471585  13.762192   -2013.735 1
350.420765 -31.137473   0.035985  0.000097  10788.032    29.079868   6.474658  13.768726    1986.644 1
359.384042 -22.000556   0.033603  0.000150  10073.926    44.968869   6.510954  13.845911    1292.775 1
  2.959375 -24.363111   0.034254  0.000150  10269.091    44.968869   6.522418  13.870291    1482.409 1
351.769788 -32.838727   0.040942  0.000150  12274.103    44.968869   6.539821  13.907298    3430.602 1
355.354917 -34.540528   0.038753  0.000150  11617.857    44.968869   6.548126  13.924959    2792.954 1
355.676458 -34.598028   0.038670  0.000150  11592.974    44.968869   6.550570  13.930157    2768.776 1
358.786224 -34.486799   0.044850  0.000390  13445.692    99.990000   6.553116  13.935572    4568.990 1
359.132167 -34.401790   0.033980  0.000090  10186.948    26.981321   6.554646  13.938826    1402.594 1
349.559068 -27.285774   0.028676  0.000213   8596.849    63.855794   6.555654  13.940969    -142.444 1
349.653550 -26.747787   0.021925  0.000183   6572.950    54.862020   6.565866  13.962685   -2108.989 1
356.323789 -21.578214   0.031038  0.000150   9304.958    44.968869   6.584908  14.003179     545.599 1
350.854342 -31.974997   0.035648  0.000150  10687.002    44.968869   6.587756  14.009235    1888.477 1
359.082094 -34.453098   0.044340  0.000350  13292.798    99.990000   6.590820  14.015751    4420.429 1
349.459002 -27.905298   0.029824  0.000063   8941.010    18.886925   6.592045  14.018355     191.965 1
  2.750231 -32.287102   0.025274  0.000150   7576.955    44.968869   6.597462  14.029875   -1133.436 1
358.861925 -34.537725   0.045320  0.000130  13586.594    38.973020   6.619305  14.076326    4705.900 1
353.703875 -34.146577   0.038753  0.000150  11617.857    44.968869   6.644911  14.130778    2792.954 1
356.709451 -34.784459   0.041402  0.000150  12412.007    44.968869   6.645915  14.132913    3564.599 1
359.304583 -34.472194   0.033290  0.000040   9980.091    11.991698   6.668090  14.180071    1201.599 1
359.825583 -21.975500   0.043687  0.000150  13097.033    44.968869   6.673643  14.191879    4230.212 1
356.255375 -21.492250   0.034060  0.000150  10210.931    44.968869   6.675697  14.196246    1425.898 1
  1.552167 -22.852583   0.027219  0.000117   8160.051    35.075718   6.677080  14.199189    -566.864 1
359.301130 -34.483764   0.034130  0.000420  10231.917    99.990000   6.678122  14.201404    1446.289 1
  0.585120 -33.997547   0.028860  0.000150   8652.010    44.968869   6.684503  14.214974     -88.846 1
359.301636 -34.494115   0.033350  0.000110   9998.078    32.977170   6.688093  14.222608    1219.077 1
349.442458 -27.058833   0.028782  0.000297   8628.627    89.038360   6.690565  14.227865    -111.567 1
350.920414 -32.235446   0.028646  0.000150   8587.855    44.968869   6.696448  14.240375    -151.183 1
358.067043 -34.770079   0.044921  0.000113  13466.977    33.876548   6.704088  14.256622    4589.672 1
