147.241814 -26.033400   0.051405  0.000333  15410.831    99.830889   0.007356   0.026114     429.743 0
147.233750 -26.042111   0.050612  0.000160  15173.096    47.966793   0.016951   0.060177     203.307 0
147.246208 -26.083694   0.064475  0.000150  19329.119    44.968869   0.050310   0.178599    4161.801 1
147.230929 -25.974547   0.047579  0.000100  14263.825    29.979246   0.061393   0.217945    -662.747 0
147.170458 -26.048056   0.049187  0.000244  14745.892    73.149360   0.072939   0.258932    -203.593 0
147.148958 -25.949500   0.051976  0.000150  15582.013    44.968869   0.123688   0.439093     592.789 0
146.926375 -26.146056   0.050055  0.000150  15006.111    44.968869   0.311813   1.106934      44.259 1
147.654083 -25.787167   0.052456  0.000150  15725.913    44.968869   0.438759   1.557594     729.850 1
147.592750 -25.679083   0.050435  0.000150  15120.033    44.968869   0.469531   1.666832     152.766 1
147.774667 -25.898306   0.054194  0.000143  16246.952    42.870321   0.490435   1.741042    1226.125 1
146.813250 -26.363472   0.051195  0.000150  15347.875    44.968869   0.512726   1.820174     369.779 1
147.923958 -25.572278   0.052229  0.000150  15657.860    44.968869   0.761215   2.702311     665.032 1
147.569167 -25.300750   0.036022  0.000150  10799.124    44.968869   0.786872   2.793392   -3962.777 1
146.697167 -25.404556   0.063647  0.000103  19080.891    30.878623   0.801450   2.845145    3925.371 1
148.017083 -26.531278   0.064448  0.000103  19321.024    30.878623   0.850207   3.018232    4154.092 1
146.235125 -26.718000   0.042496  0.000183  12739.980    54.862020   1.140223   4.047786   -2114.166 1
148.403000 -25.356028   0.050995  0.000183  15287.916    54.862020   1.237858   4.394391     312.670 1
147.438125 -27.278944   0.055532  0.000183  16648.075    54.862020   1.256863   4.461858    1608.183 1
148.636417 -26.256278   0.062817  0.000150  18832.063    44.968869   1.265511   4.492558    3688.370 1
148.657792 -26.246194   0.060095  0.000183  18016.028    54.862020   1.282711   4.553618    2911.119 1
145.723042 -26.474417   0.051669  0.000250  15489.977    74.948115   1.441136   5.116025     505.127 1
145.701958 -26.431917   0.048720  0.000150  14605.889    44.968869   1.446909   5.136519    -336.942 1
145.949833 -25.173667   0.049734  0.000160  14909.878    47.966793   1.450558   5.149474     -47.400 1
145.708750 -26.469250   0.051489  0.000150  15436.014    44.968869   1.451808   5.153911     453.729 1
146.131667 -27.107528   0.036672  0.000133  10993.989    39.872397   1.470812   5.221376   -3777.174 1
146.071792 -27.070444   0.042730  0.000150  12810.132    44.968869   1.481898   5.260732   -2047.349 1
148.069250 -24.717139   0.060372  0.000150  18099.070    44.968869   1.508207   5.354129    2990.215 1
148.945417 -25.903611   0.048317  0.000103  14485.072    30.878623   1.528923   5.427670    -452.016 1
147.561292 -24.495250   0.036849  0.000150  11047.052    44.968869   1.563473   5.550324   -3726.632 1
147.067708 -24.478583   0.035021  0.000150  10499.032    44.968869   1.563520   5.550490   -4248.607 1
146.108750 -24.793194   0.046569  0.000150  13961.035    44.968869   1.609323   5.713088    -951.146 1
148.818417 -26.852472   0.047546  0.000150  14253.932    44.968869   1.629966   5.786373    -672.170 1
146.309417 -24.637917   0.054374  0.000113  16300.915    33.876548   1.631542   5.791966    1277.523 1
145.959792 -24.881833   0.058210  0.000150  17450.919    44.968869   1.634110   5.801082    2372.869 1
149.092958 -26.054361   0.047836  0.000150  14340.872    44.968869   1.656098   5.879142    -589.362 1
146.615167 -24.468667   0.047933  0.000150  14369.952    44.968869   1.665558   5.912723    -561.665 1
149.077500 -26.320389   0.044334  0.000150  13290.999    44.968869   1.666950   5.917666   -1589.337 1
146.426833 -24.513889   0.048177  0.000103  14443.101    30.878623   1.690058   5.999697    -491.992 1
149.172708 -26.309361   0.043593  0.000150  13068.853    44.968869   1.749511   6.210756   -1800.925 1
145.659292 -25.000083   0.064791  0.000150  19423.853    44.968869   1.763769   6.261371    4252.033 1
149.106167 -26.670833   0.046412  0.000150  13913.968    44.968869   1.785461   6.338377    -995.977 1
145.284542 -25.731944   0.040835  0.000150  12242.025    44.968869   1.791599   6.360167   -2588.455 1
145.448000 -25.253139   0.044731  0.000150  13410.016    44.968869   1.797403   6.380773   -1475.976 1
146.979250 -27.875417   0.050949  0.000150  15274.126    44.968869   1.857914   6.595585     299.535 1
145.431167 -26.980778   0.051849  0.000150  15543.939    44.968869   1.888978   6.705864     556.525 1
149.188000 -25.208917   0.065786  0.000150  19722.147    44.968869   1.926731   6.839886    4536.149 1
146.982458 -24.121583   0.063534  0.000150  19047.014    44.968869   1.926971   6.840738    3893.104 1
149.145500 -25.071361   0.046589  0.000150  13967.031    44.968869   1.956151   6.944327    -945.436 1
149.012333 -27.183778   0.042116  0.000107  12626.059    32.077793   1.957213   6.948097   -2222.673 1
149.205065 -26.917782   0.042573  0.000113  12763.064    33.876548   1.966710   6.981811   -2092.180 1
145.036625 -25.829111   0.041602  0.000150  12471.966    44.968869   1.999276   7.097419   -2369.443 1
148.833125 -24.616889   0.048864  0.000113  14649.059    33.876548   2.007557   7.126818    -295.823 1
145.364250 -24.912389   0.060282  0.000150  18072.089    44.968869   2.031733   7.212643    2964.516 1
147.470083 -28.068333   0.036362  0.000150  10901.053    44.968869   2.044420   7.257680   -3865.692 1
148.424667 -27.799833   0.065255  0.000150  19562.957    44.968869   2.057663   7.304693    4384.525 1
149.434083 -25.367083   0.047423  0.000150  14217.058    44.968869   2.072545   7.357525    -707.292 1
145.875958 -24.331889   0.061619  0.000150  18472.911    44.968869   2.102329   7.463258    3346.288 1
148.935208 -27.527056   0.042126  0.000150  12629.057    44.968869   2.126871   7.550382   -2219.818 1
145.222917 -24.922556   0.061706  0.000150  18498.993    44.968869   2.133479   7.573840    3371.130 1
144.965000 -25.418472   0.035418  0.000150  10618.049    44.968869   2.143296   7.608692   -4135.246 1
145.248000 -24.823917   0.049221  0.000150  14756.085    44.968869   2.167725   7.695414    -193.884 1
146.310708 -28.069889   0.055692  0.000183  16696.042    54.862020   2.204359   7.825464    1653.870 1
148.856750 -27.705361   0.041555  0.000150  12457.876    44.968869   2.208950   7.841764   -2382.863 1
149.588586 -26.751572   0.065979  0.000150  19780.007    44.968869   2.220613   7.883164    4591.259 1
149.722314 -26.056323   0.046362  0.000150  13898.978    44.968869   2.221584   7.886614   -1010.254 1
145.027625 -25.057472   0.035378  0.000150  10606.058    44.968869   2.222654   7.890411   -4146.667 1
149.779707 -25.995266   0.045655  0.000103  13687.025    30.878623   2.273358   8.070412   -1212.134 1
149.560500 -25.104000   0.049654  0.000150  14885.895    44.968869   2.274652   8.075004     -70.244 1
148.973667 -24.340944   0.047696  0.000150  14298.901    44.968869   2.294224   8.144485    -629.339 1
149.834834 -26.056885   0.045468  0.000150  13630.963    44.968869   2.322688   8.245533   -1265.530 1
149.621875 -25.096333   0.047166  0.000150  14140.011    44.968869   2.328170   8.264993    -780.677 1
146.848042 -23.732694   0.037089  0.000150  11119.002    44.968869   2.328982   8.267874   -3658.102 1
145.655750 -24.194278   0.054371  0.000150  16300.016    44.968869   2.331260   8.275964    1276.666 1
144.721333 -25.457667   0.042433  0.000150  12721.093    44.968869   2.343935   8.320960   -2132.156 1
146.682083 -23.712500   0.062270  0.000150  18668.076    44.968869   2.376435   8.436332    3532.177 1
149.670250 -25.051667   0.051419  0.000150  15415.028    44.968869   2.386054   8.470481     433.741 1
144.607042 -25.715611   0.061679  0.000150  18490.899    44.968869   2.395979   8.505714    3363.421 1
149.882462 -26.443867   0.052550  0.000103  15754.094    30.878623   2.400699   8.522472     756.691 1
148.704208 -28.047611   0.040918  0.000080  12266.908    23.983397   2.400834   8.522950   -2564.755 1
144.642667 -25.503500   0.061899  0.000150  18556.853    44.968869   2.401989   8.527049    3426.240 1
144.577208 -26.117889   0.060555  0.000150  18153.932    44.968869   2.403086   8.530945    3042.469 1
144.612667 -26.467083   0.051979  0.000150  15582.912    44.968869   2.409082   8.552229     593.646 1
148.281375 -28.271583   0.065325  0.000150  19583.942    44.968869   2.422363   8.599378    4404.513 1
145.916875 -28.139028   0.037419  0.000150  11217.934    44.968869   2.422421   8.599584   -3563.872 1
149.709250 -25.019667   0.052143  0.000150  15632.078    44.968869   2.431205   8.630767     640.475 1
149.747125 -25.082194   0.051139  0.000150  15331.087    44.968869   2.437098   8.651686     353.789 1
148.691708 -28.104806   0.041712  0.000237  12504.943    71.050813   2.443040   8.672781   -2338.033 1
149.639792 -24.856222   0.049651  0.000103  14884.995    30.878623   2.448869   8.693473     -71.100 1
145.689208 -24.022972   0.066129  0.000150  19824.975    44.968869   2.451333   8.702221    4634.091 1
145.853542 -23.914306   0.034891  0.000150  10460.059    44.968869   2.462810   8.742963   -4285.727 1
149.710000 -24.927000   0.049497  0.000333  14838.827    99.830889   2.471886   8.775185    -115.074 1
149.881000 -25.299306   0.049531  0.000103  14849.020    30.878623   2.475436   8.787787    -105.366 1
145.637583 -24.012694   0.065319  0.000150  19582.144    44.968869   2.486509   8.827097    4402.800 1
149.746875 -24.945556   0.049808  0.000150  14932.063    44.968869   2.493407   8.851582     -26.270 1
146.649333 -23.584333   0.037469  0.000090  11232.924    26.981321   2.507931   8.903144   -3549.595 1
149.224417 -27.864611   0.035064  0.000150  10511.923    44.968869   2.549579   9.050995   -4236.328 1
144.687292 -27.130139   0.051772  0.000150  15520.855    44.968869   2.550489   9.054225     534.538 1
149.691542 -24.729028   0.048717  0.000150  14604.989    44.968869   2.552348   9.060824    -337.798 1
149.838292 -24.978333   0.049758  0.000150  14917.073    44.968869   2.553851   9.066159     -40.547 1
149.850256 -24.973392   0.047200  0.000333  14150.204    99.830889   2.565682   9.108159    -770.968 1
149.851542 -24.971111   0.046839  0.000113  14041.979    33.876548   2.567677   9.115242    -874.050 1
150.100042 -25.813500   0.048664  0.000103  14589.100    30.878623   2.570302   9.124562    -352.932 1
149.842000 -24.926028   0.049810  0.000333  14932.662    99.830889   2.578910   9.155120     -25.699 1
149.995629 -26.795398   0.062760  0.000150  18814.975    44.968869   2.582020   9.166160    3672.094 1
144.510875 -25.240667   0.042213  0.000150  12655.139    44.968869   2.585754   9.179414   -2194.975 1
146.729000 -23.485917   0.061839  0.000150  18538.866    44.968869   2.590238   9.195333    3409.108 1
148.413417 -28.408306   0.064875  0.000150  19449.036    44.968869   2.594708   9.211202    4276.019 1
144.620792 -24.903917   0.049137  0.000150  14730.902    44.968869   2.618605   9.296035    -217.870 1
144.392458 -26.591778   0.051989  0.000150  15585.910    44.968869   2.627601   9.327973     596.501 1
146.401125 -23.501278   0.065475  0.000150  19628.911    44.968869   2.644604   9.388332    4447.345 1
144.370625 -25.396667   0.052236  0.000150  15659.959    44.968869   2.664451   9.458788     667.030 1
150.152419 -26.616520   0.065879  0.000150  19750.027    44.968869   2.672307   9.486677    4562.705 1
150.146750 -25.390444   0.048367  0.000103  14500.062    30.878623   2.681099   9.517888    -437.739 1
150.240544 -26.101394   0.053697  0.000150  16097.956    44.968869   2.687974   9.542295    1084.210 1
145.504917 -23.849528   0.064918  0.000150  19461.927    44.968869   2.688574   9.544425    4288.297 1
144.993000 -24.247861   0.065048  0.000150  19500.900    44.968869   2.702090   9.592406    4325.418 1
144.982333 -24.254611   0.065786  0.000150  19722.147    44.968869   2.704847   9.602193    4536.149 1
144.487625 -24.882667   0.057340  0.000150  17190.100    44.968869   2.735914   9.712482    2124.446 1
150.237958 -25.432806   0.048297  0.000110  14479.076    32.977170   2.751171   9.766646    -457.727 1
144.402583 -25.006444   0.041375  0.000150  12403.913    44.968869   2.756959   9.787192   -2434.261 1
149.943125 -24.695361   0.044161  0.000150  13239.135    44.968869   2.765214   9.816496   -1638.736 1
150.037667 -24.849333   0.049718  0.000103  14905.081    30.878623   2.770630   9.835725     -51.969 1
149.194000 -23.882194   0.065559  0.000150  19654.094    44.968869   2.771151   9.837573    4471.331 1
145.411667 -28.259222   0.043417  0.000150  13016.089    44.968869   2.771700   9.839521   -1851.181 1
150.144570 -27.060629   0.061239  0.000103  18358.990    30.878623   2.796349   9.927028    3237.781 1
150.313699 -26.532288   0.045605  0.000150  13672.035    44.968869   2.797671   9.931721   -1226.411 1
150.307659 -26.600110   0.044581  0.000150  13365.048    44.968869   2.805240   9.958589   -1518.808 1
150.261125 -25.191861   0.048941  0.000103  14672.143    30.878623   2.833492  10.058883    -273.837 1
150.410508 -26.093556   0.045665  0.000150  13690.023    44.968869   2.840470  10.083656   -1209.278 1
144.265667 -25.077500   0.061729  0.000150  18505.889    44.968869   2.846852  10.106313    3377.698 1
144.153792 -25.410056   0.061756  0.000150  18513.983    44.968869   2.851059  10.121246    3385.408 1
144.155042 -25.398222   0.061412  0.000150  18410.854    44.968869   2.852575  10.126628    3287.180 1
144.530833 -27.568944   0.052026  0.000150  15597.002    44.968869   2.885684  10.244167     607.066 1
145.416792 -23.657528   0.065615  0.000150  19670.882    44.968869   2.891112  10.263436    4487.321 1
150.430835 -25.587292   0.053227  0.000150  15957.053    44.968869   2.892721  10.269147     950.004 1
144.431958 -27.438167   0.065132  0.000150  19526.082    44.968869   2.895635  10.279492    4349.403 1
145.957292 -28.704972   0.038220  0.000150  11458.068    44.968869   2.913066  10.341371   -3335.152 1
148.940417 -23.542694   0.051682  0.000150  15493.874    44.968869   2.917393  10.356732     508.839 1
144.347125 -24.598694   0.056139  0.000150  16830.049    44.968869   2.976931  10.568091    1781.508 1
147.057458 -23.042222   0.061903  0.000150  18558.053    44.968869   2.996277  10.636769    3427.382 1
143.915000 -26.097028   0.051989  0.000150  15585.910    44.968869   2.997296  10.640388     596.501 1
150.583671 -26.233377   0.046579  0.000103  13964.033    30.878623   3.002090  10.657405    -948.291 1
145.198500 -23.638556   0.065735  0.000150  19706.857    44.968869   3.022200  10.728798    4521.586 1
149.985543 -24.266461   0.045888  0.000083  13756.876    24.882774   3.027232  10.746659   -1145.602 1
150.650719 -26.065435   0.053644  0.000150  16082.067    44.968869   3.055841  10.848220    1069.076 1
144.086333 -24.893889   0.049844  0.000150  14942.855    44.968869   3.062598  10.872209     -15.990 1
144.208417 -24.632833   0.034931  0.000150  10472.050    44.968869   3.070998  10.902029   -4274.305 1
146.209750 -23.097500   0.038330  0.000150  11491.045    44.968869   3.081196  10.938231   -3303.742 1
147.997750 -29.041639   0.038420  0.000150  11518.026    44.968869   3.082260  10.942008   -3278.043 1
144.040583 -24.886556   0.050568  0.000150  15159.905    44.968869   3.103494  11.017391     190.743 1
145.721167 -28.829389   0.037653  0.000137  11288.085    41.071567   3.115138  11.058726   -3497.055 1
143.840708 -26.708389   0.051299  0.000150  15379.053    44.968869   3.136838  11.135761     399.476 1
144.386875 -27.849750   0.064975  0.000150  19479.015    44.968869   3.149153  11.179479    4304.573 1
144.320083 -27.766944   0.046886  0.000150  14056.069    44.968869   3.152083  11.189879    -860.629 1
145.330042 -28.698389   0.040131  0.000150  12030.971    44.968869   3.174554  11.269651   -2789.478 1
145.935458 -29.004417   0.047259  0.000150  14167.892    44.968869   3.197108  11.349719    -754.121 1
147.143000 -29.237583   0.043764  0.000150  13120.117    44.968869   3.205525  11.379600   -1752.097 1
143.678292 -25.987167   0.053030  0.000150  15897.994    44.968869   3.209648  11.394237     893.752 1
143.876208 -27.104222   0.066129  0.000150  19824.975    44.968869   3.215013  11.413282    4634.091 1
145.491375 -23.229778   0.065619  0.000150  19672.081    44.968869   3.218363  11.425173    4488.463 1
145.716667 -28.945250   0.037002  0.000150  11092.921    44.968869   3.221258  11.435451   -3682.944 1
145.610125 -28.906528   0.037786  0.000150  11327.958    44.968869   3.228848  11.462396   -3459.078 1
150.815497 -25.419197   0.065839  0.000103  19738.036    30.878623   3.262096  11.580428    4551.283 1
146.722667 -22.805667   0.034090  0.000150  10219.925    44.968869   3.262425  11.581595   -4514.448 1
145.777083 -29.032306   0.037019  0.000150  11098.017    44.968869   3.277867  11.636414   -3678.090 1
144.177375 -27.841833   0.036469  0.000150  10933.131    44.968869   3.300374  11.716311   -3835.139 1
143.777125 -24.875250   0.049007  0.000103  14691.929    30.878623   3.328531  11.816269    -254.991 1
143.589583 -26.624444   0.062286  0.000150  18672.873    44.968869   3.341688  11.862979    3536.746 1
143.675417 -25.100306   0.061359  0.000150  18394.965    44.968869   3.344717  11.873731    3272.047 1
150.608752 -24.554555   0.064228  0.000150  19255.070    44.968869   3.360862  11.931043    4091.272 1
150.879256 -26.863016   0.065168  0.000150  19536.875    44.968869   3.364873  11.945282    4359.683 1
147.521500 -29.425889   0.038830  0.000150  11640.941    44.968869   3.401149  12.074064   -3160.970 1
