214.331511   2.344279   0.055120  0.000014  16524.560     4.197094   0.000001   0.000005     103.175 0
214.305000   2.347715   0.054783  0.000019  16423.530     5.696057   0.026710   0.103450       7.390 0
214.362968   2.412264   0.053338  0.000019  15990.330     5.696057   0.074898   0.290091    -403.321 0
214.407610   2.240897   0.056359  0.000009  16896.003     2.698132   0.128334   0.497054     455.335 1
214.272090   2.225626   0.051467  0.000014  15429.418     4.197094   0.132679   0.513881    -935.113 1
214.308980   2.202342   0.052003  0.000016  15590.107     4.796679   0.143712   0.556615    -782.766 1
214.362020   2.201052   0.056028  0.000018  16796.772     5.396264   0.146436   0.567167     361.255 0
214.484180   2.307733   0.052780  0.000012  15823.046     3.597509   0.156859   0.607536    -561.921 1
214.383587   2.179792   0.052702  0.000026  15799.662     7.794604   0.172522   0.668199    -584.090 1
214.329873   2.551314   0.054409  0.000013  16311.408     3.897302   0.207040   0.801895     -98.912 0
214.466560   2.501911   0.055993  0.000010  16786.279     2.997925   0.207498   0.803668     351.307 0
214.548190   2.320605   0.052926  0.000008  15866.816     2.398340   0.217789   0.843526    -520.423 1
214.415690   2.129609   0.054694  0.000017  16396.849     5.096472   0.230560   0.892990     -17.906 0
214.452092   2.141117   0.057037  0.000011  17099.262     3.297717   0.236201   0.914837     648.042 1
214.268952   2.572338   0.054762  0.000016  16417.235     4.796679   0.236469   0.915874       1.421 0
214.234980   2.127553   0.053956  0.000011  16175.602     3.297717   0.237219   0.918782    -227.667 0
214.279123   2.112673   0.057431  0.000020  17217.381     5.995849   0.237448   0.919667     760.028 1
214.090770   2.358515   0.054712  0.000015  16402.245     4.496887   0.240959   0.933267     -12.790 0
214.263750   2.576417   0.055000  0.000333  16488.585    99.830889   0.241808   0.936556      69.068 0
214.116560   2.463982   0.054217  0.000013  16253.848     3.897302   0.245876   0.952308    -153.484 0
214.086061   2.295753   0.054949  0.000015  16473.296     4.496887   0.249999   0.968277      54.572 0
214.226840   2.100652   0.051784  0.000008  15524.453     2.398340   0.265127   1.026870    -845.013 1
214.426867   2.089436   0.053264  0.000025  15968.145     7.494811   0.272072   1.053771    -424.354 1
214.588510   2.247838   0.072192  0.000016  21642.617     4.796679   0.274298   1.062393    4955.531 1
214.433430   2.086257   0.053900  0.000027  16158.813     8.094396   0.277392   1.074374    -243.584 0
214.090528   2.205881   0.054409  0.000031  16311.408     9.293566   0.277722   1.075653     -98.912 0
214.594880   2.234949   0.072092  0.000006  21612.638     1.798755   0.284958   1.103679    4927.109 1
214.049894   2.276592   0.051505  0.000012  15440.811     3.597509   0.289407   1.120912    -924.312 1
214.557450   2.160919   0.052036  0.000027  15600.000     8.094396   0.290835   1.126440    -773.387 1
214.409513   2.061679   0.056173  0.000011  16840.242     3.297717   0.293151   1.135413     402.468 0
214.572500   2.175889   0.072000  0.000333  21585.057    99.830889   0.293827   1.138032    4900.960 1
214.572300   2.173875   0.072337  0.000020  21686.087     5.995849   0.294823   1.141888    4996.745 1
214.401903   2.054865   0.052955  0.000015  15875.510     4.496887   0.297839   1.153568    -512.181 1
214.398015   2.053213   0.055434  0.000011  16618.695     3.297717   0.298556   1.156345     192.423 0
214.361683   2.046918   0.054689  0.000011  16395.350     3.297717   0.298886   1.157626     -19.328 0
214.375784   2.048278   0.051942  0.000016  15571.820     4.796679   0.299289   1.159186    -800.104 1
214.434892   2.060381   0.053167  0.000019  15939.066     5.696057   0.302107   1.170100    -451.924 1
214.425231   2.057004   0.053488  0.000024  16035.299     7.195019   0.302153   1.170278    -360.687 0
214.386885   2.044442   0.054885  0.000018  16454.109     5.396264   0.304900   1.180918      36.381 0
214.283729   2.042853   0.057990  0.000023  17384.965     6.895227   0.305184   1.182018     918.912 1
214.343483   2.035390   0.052500  0.000013  15739.104     3.897302   0.309122   1.197268    -641.505 1
214.327930   2.034052   0.054180  0.000024  16242.755     7.195019   0.310249   1.201633    -164.000 0
214.541030   2.111151   0.052167  0.000015  15639.273     4.496887   0.313328   1.213559    -736.153 1
214.271836   2.035791   0.055378  0.000015  16601.907     4.496887   0.314198   1.216930     176.506 0
214.375957   2.032516   0.051153  0.000015  15335.284     4.496887   0.314911   1.219692   -1024.361 1
214.409847   2.036113   0.056100  0.000333  16818.357    99.830889   0.317952   1.231469     381.719 0
214.601760   2.176078   0.052477  0.000013  15732.209     3.897302   0.318127   1.232147    -648.042 1
214.554970   2.114094   0.052693  0.000011  15796.964     3.297717   0.320681   1.242040    -586.649 1
214.419453   2.035292   0.051543  0.000014  15452.203     4.197094   0.321239   1.244201    -913.512 1
214.642056   2.453937   0.072324  0.000018  21682.190     5.396264   0.329093   1.274620    4993.050 1
214.648530   2.229360   0.052842  0.000018  15841.633     5.396264   0.336957   1.305079    -544.298 1
214.670628   2.330876   0.072160  0.000015  21633.024     4.496887   0.339099   1.313375    4946.436 1
214.634590   2.504060   0.053255  0.000022  15965.447     6.595434   0.342394   1.326135    -426.912 1
214.153124   2.043704   0.054640  0.000010  16380.660     2.997925   0.349449   1.353460     -33.255 0
214.302267   1.991939   0.055940  0.000014  16770.390     4.197094   0.353550   1.369347     336.243 0
214.363183   1.988493   0.054515  0.000019  16343.186     5.696057   0.357192   1.383450     -68.783 0
214.190905   2.004090   0.059796  0.000006  17926.390     1.798755   0.368057   1.425533    1432.230 1
214.092320   2.060170   0.051763  0.000014  15518.157     4.197094   0.371261   1.437942    -850.981 1
214.433771   1.981533   0.058120  0.000006  17423.938     1.798755   0.376862   1.459637     955.862 1
214.640940   2.128430   0.051915  0.000005  15563.725     1.498962   0.377065   1.460422    -807.779 1
214.238819   1.974868   0.058876  0.000019  17650.581     5.696057   0.380844   1.475060    1170.739 1
214.200420   1.984727   0.051511  0.000016  15442.609     4.796679   0.382667   1.482120    -922.607 1
214.352079   1.962121   0.052583  0.000012  15763.987     3.597509   0.382711   1.482290    -617.914 1
214.008960   2.558326   0.053970  0.000023  16179.799     6.895227   0.386885   1.498457    -223.688 0
214.354689   1.955009   0.054579  0.000024  16362.373     7.195019   0.389959   1.510363     -50.593 0
214.706460   2.204206   0.052407  0.000020  15711.223     5.995849   0.399966   1.549121    -667.938 1
214.391583   1.936900   0.049857  0.000013  14946.753     3.897302   0.411778   1.594870   -1392.722 1
214.098585   2.003708   0.054949  0.000019  16473.296     5.696057   0.412496   1.597649      54.572 0
214.089911   2.002560   0.054519  0.000005  16344.385     1.498962   0.418384   1.620455     -67.646 0
214.324465   1.920016   0.055276  0.000028  16571.328     8.394189   0.424322   1.643456     147.515 0
214.445029   1.934533   0.054823  0.000030  16435.522     8.993774   0.425156   1.646685      18.759 0
214.393170   1.918102   0.055028  0.000032  16496.979     9.593359   0.430608   1.667801      77.026 0
214.345519   1.906316   0.056061  0.000025  16806.665     7.494811   0.438188   1.697158     370.635 0
214.407578   1.911186   0.058252  0.000025  17463.510     7.494811   0.439712   1.703064     993.380 1
214.176207   1.932812   0.052229  0.000021  15657.860     6.295642   0.439755   1.703229    -718.531 1
214.291059   1.905947   0.055897  0.000009  16757.499     2.698132   0.440192   1.704923     324.021 0
214.301019   1.896307   0.056973  0.000007  17080.076     2.098547   0.449008   1.739065     629.851 1
213.897780   2.221315   0.051909  0.000007  15561.927     2.098547   0.450475   1.744747    -809.484 1
214.682830   2.051764   0.056344  0.000019  16891.506     5.696057   0.456930   1.769749     451.071 1
214.647819   2.681135   0.054404  0.000010  16309.909     2.997925   0.461904   1.789014    -100.333 0
214.324990   2.808996   0.039111  0.000006  11725.183     1.798755   0.464762   1.800082   -4447.046 1
214.499862   1.906350   0.053079  0.000020  15912.684     5.995849   0.469124   1.816980    -476.936 1
213.991494   2.002665   0.054086  0.000018  16214.575     5.396264   0.481787   1.866022    -190.718 0
214.754980   2.105326   0.053117  0.000021  15924.076     6.295642   0.485928   1.882062    -466.135 1
214.331670   2.830519   0.054274  0.000027  16270.936     8.094396   0.486239   1.883267    -137.283 0
214.482462   1.869448   0.053973  0.000012  16180.698     3.597509   0.498211   1.929635    -222.835 0
214.581735   1.899768   0.054367  0.000021  16298.817     6.295642   0.509999   1.975292    -110.849 0
214.340041   1.821225   0.054130  0.000014  16227.766     4.197094   0.523124   2.026129    -178.212 0
214.754373   2.023841   0.053564  0.000014  16058.083     4.197094   0.530278   2.053837    -339.085 0
214.839890   2.172773   0.066192  0.000011  19843.862     3.297717   0.536127   2.076491    3250.158 1
214.007375   1.916676   0.054215  0.000019  16253.248     5.696057   0.536407   2.077576    -154.052 0
214.762413   2.016008   0.053941  0.000018  16171.105     5.396264   0.541414   2.096967    -231.931 0
214.879880   2.386201   0.053678  0.000012  16092.260     3.597509   0.549512   2.128333    -306.683 0
214.614096   1.872043   0.052755  0.000009  15815.551     2.698132   0.550208   2.131028    -569.026 1
214.766695   1.991214   0.054156  0.000009  16235.560     2.698132   0.560111   2.169384    -170.822 0
214.186879   1.796936   0.050705  0.000012  15200.977     3.597509   0.566099   2.192577   -1151.696 1
213.767140   2.285253   0.050612  0.000015  15173.096     4.496887   0.566979   2.195982   -1178.129 1
214.056683   1.840631   0.053271  0.000022  15970.244     6.595434   0.573643   2.221793    -422.364 1
213.757520   2.290813   0.050800  0.000023  15229.457     6.895227   0.575997   2.230910   -1124.694 1
214.798332   2.000320   0.056311  0.000022  16881.613     6.595434   0.579540   2.244634     441.692 1
214.401211   1.768166   0.051624  0.000011  15476.486     3.297717   0.580308   2.247609    -890.489 1
214.802227   2.001364   0.056822  0.000021  17034.807     6.295642   0.582061   2.254399     586.933 1
214.202499   1.759679   0.055726  0.000013  16706.235     3.897302   0.598644   2.318625     275.418 0
214.300829   1.742995   0.056248  0.000013  16862.726     3.897302   0.602066   2.331880     423.785 1
214.702262   1.854337   0.054519  0.000030  16344.385     8.993774   0.614224   2.378970     -67.646 0
213.711340   2.337699   0.053339  0.000018  15990.630     5.396264   0.619686   2.400124    -403.037 1
214.303206   1.714036   0.054593  0.000013  16366.570     3.897302   0.630878   2.443473     -46.614 0
213.979415   2.879442   0.054142  0.000017  16231.363     5.096472   0.640439   2.480503    -174.801 0
214.179521   1.718013   0.055670  0.000008  16689.446     2.398340   0.644416   2.495908     259.501 0
214.133170   1.727299   0.055686  0.000006  16694.243     1.798755   0.648027   2.509892     264.049 0
213.718280   2.112239   0.053134  0.000008  15929.172     2.398340   0.655183   2.537609    -461.304 1
214.498614   1.707163   0.054124  0.000015  16225.967     4.496887   0.658631   2.550965    -179.917 0
214.018517   1.748909   0.055582  0.000016  16663.064     4.796679   0.672508   2.604712     234.489 0
214.795363   1.855248   0.066874  0.000018  20048.321     5.396264   0.673760   2.609558    3444.002 1
213.660080   2.264596   0.049827  0.000008  14937.759     2.398340   0.675584   2.616624   -1401.249 1
214.966500   2.109783   0.054742  0.000017  16411.239     5.096472   0.676407   2.619813      -4.263 0
214.821008   1.868069   0.066136  0.000016  19827.074     4.796679   0.682630   2.643917    3234.241 1
214.253894   1.663180   0.055303  0.000014  16579.422     4.197094   0.685501   2.655034     155.189 0
215.036560   2.298196   0.053239  0.000008  15960.651     2.398340   0.705966   2.734297    -431.460 1
214.128430   1.663032   0.055015  0.000036  16493.082    10.792528   0.710824   2.753116      73.331 0
213.755214   1.921122   0.053106  0.000015  15920.778     4.496887   0.714580   2.767660    -469.262 1
214.472308   1.639632   0.054545  0.000034  16352.180    10.192944   0.718554   2.783053     -60.257 0
213.954411   1.719801   0.054063  0.000018  16207.680     5.396264   0.729342   2.824837    -197.255 0
214.142435   1.628237   0.055911  0.000008  16761.696     2.398340   0.740545   2.868228     328.000 0
213.866667   1.757611   0.054000  0.000333  16188.793    99.830889   0.748263   2.898121    -215.161 0
213.863552   1.759376   0.053552  0.000029  16054.486     8.693981   0.748820   2.900276    -342.496 0
214.128497   1.619001   0.054009  0.000026  16191.491     7.794604   0.753110   2.916894    -212.603 0
213.680425   1.937380   0.052709  0.000018  15801.761     5.396264   0.767314   2.971905    -582.101 1
213.652560   2.711256   0.069232  0.000006  20755.231     1.798755   0.771280   2.987269    4114.214 1
214.260709   1.567397   0.056771  0.000021  17019.518     6.295642   0.780097   3.021418     572.437 1
214.094986   1.591203   0.053805  0.000011  16130.333     3.297717   0.789288   3.057014    -270.586 0
214.523160   3.111510   0.054417  0.000034  16313.806    10.192944   0.790766   3.062738     -96.638 0
213.813986   1.731345   0.054012  0.000018  16192.390     5.396264   0.801918   3.105932    -211.751 0
213.551324   2.533612   0.039187  0.000334  11747.967    99.990000   0.802196   3.107010   -4425.445 1
213.956664   1.632375   0.056753  0.000006  17014.121     1.798755   0.804415   3.115603     567.321 1
213.755114   1.775817   0.055198  0.000017  16547.944     5.096472   0.809214   3.134190     125.345 0
213.625328   1.915281   0.052777  0.000008  15822.147     2.398340   0.825772   3.198321    -562.773 1
214.031350   3.129404   0.049796  0.000024  14928.465     7.195019   0.840455   3.255193   -1410.060 1
215.150208   2.138045   0.068478  0.000012  20529.188     3.597509   0.843610   3.267411    3899.905 1
215.133620   2.064383   0.068601  0.000017  20566.062     5.096472   0.848909   3.287935    3934.865 1
214.044267   1.541435   0.053074  0.000007  15911.185     2.098547   0.852602   3.302240    -478.357 1
215.201944   2.527776   0.054461  0.000015  16326.997     4.496887   0.888852   3.442641     -84.132 0
214.512943   1.470823   0.054882  0.000013  16453.210     3.897302   0.892071   3.455106      35.529 0
213.763793   1.652325   0.054657  0.000011  16385.756     3.297717   0.894743   3.465456     -28.423 0
213.560888   1.875718   0.053094  0.000023  15917.181     6.895227   0.901341   3.491010    -472.673 1
213.646874   1.752064   0.052457  0.000034  15726.213    10.192944   0.904799   3.504406    -653.727 1
213.656701   1.738500   0.055298  0.000021  16577.923     6.295642   0.906408   3.510635     153.768 0
213.631099   1.758846   0.057093  0.000018  17116.051     5.396264   0.912408   3.533874     663.959 1
213.523294   1.904077   0.054885  0.000021  16454.109     6.295642   0.919728   3.562225      36.381 0
213.608848   1.770109   0.054622  0.000043  16375.264    12.891076   0.922518   3.573031     -38.371 0
213.793423   1.591788   0.054521  0.000026  16344.985     7.794604   0.924823   3.581960     -67.078 0
214.435265   1.424958   0.067701  0.000009  20296.249     2.698132   0.925149   3.583221    3679.059 1
213.635965   1.731612   0.053064  0.000014  15908.187     4.197094   0.926464   3.588316    -481.200 1
213.491679   1.946845   0.051684  0.000021  15494.473     6.295642   0.928488   3.596156    -873.436 1
213.632233   1.729669   0.053312  0.000011  15982.536     3.297717   0.930547   3.604128    -410.711 1
213.537836   1.854963   0.052552  0.000020  15754.693     5.995849   0.931824   3.609075    -626.725 1
213.663300   1.683564   0.053666  0.000015  16088.662     4.496887   0.939310   3.638070    -310.094 0
214.017743   1.458236   0.053969  0.000013  16179.499     3.897302   0.939872   3.640246    -223.972 0
213.613239   1.732878   0.052871  0.000008  15850.327     2.398340   0.942795   3.651568    -536.056 1
214.885666   1.580597   0.065610  0.000080  19669.383    23.983397   0.943285   3.653466    3084.737 1
214.879710   1.570835   0.065569  0.000007  19657.092     2.098547   0.947754   3.670775    3073.083 1
213.572763   1.769539   0.054479  0.000027  16332.393     8.094396   0.951347   3.684691     -79.016 0
213.591160   1.740878   0.054154  0.000015  16234.961     4.496887   0.954618   3.697359    -171.390 0
213.459455   1.954269   0.054483  0.000019  16333.592     5.696057   0.954629   3.697402     -77.879 0
213.679523   1.646032   0.053624  0.000014  16076.071     4.197094   0.954948   3.698639    -322.031 1
213.509641   1.847906   0.038831  0.000013  11641.241     3.897302   0.959545   3.716441   -4526.630 1
215.079250   2.967366   0.055810  0.000008  16731.417     2.398340   0.972839   3.767932     299.293 0
213.452315   1.924421   0.054299  0.000008  16278.431     2.398340   0.973639   3.771029    -130.177 0
213.466717   1.894989   0.053937  0.000012  16169.906     3.597509   0.973898   3.772035    -233.068 0
213.445308   1.933553   0.054791  0.000007  16425.929     2.098547   0.976082   3.780494       9.664 0
213.497665   1.831843   0.053307  0.000011  15981.037     3.297717   0.978124   3.788400    -412.132 1
214.463697   1.367363   0.050068  0.000008  15010.009     2.398340   0.985805   3.818150   -1332.749 1
213.612600   3.028626   0.055652  0.000010  16684.050     2.997925   0.992117   3.842599     254.385 0
215.187670   2.847391   0.055736  0.000007  16709.232     2.098547   0.992423   3.843785     278.260 0
213.479727   1.818331   0.055659  0.000011  16686.148     3.297717   1.000471   3.874955     256.374 0
214.050008   1.380657   0.054128  0.000007  16227.166     2.098547   1.003833   3.887975    -178.780 0
215.336340   2.426119   0.052766  0.000007  15818.849     2.098547   1.007319   3.901478    -565.900 1
214.278175   1.332105   0.054203  0.000006  16249.651     1.798755   1.013577   3.925715    -157.463 0
213.485655   1.783624   0.054570  0.000333  16359.674    99.830889   1.014204   3.928142     -53.151 0
214.754389   1.411846   0.055395  0.000006  16607.003     1.798755   1.023699   3.964921     181.338 0
215.298800   2.735053   0.064739  0.000012  19408.264     3.597509   1.042491   4.037704    2837.173 1
214.306624   1.301928   0.055673  0.000013  16690.346     3.897302   1.042649   4.038314     260.354 0
214.252799   1.295615   0.056305  0.000009  16879.814     2.698132   1.051610   4.073022     439.986 1
213.416802   1.782901   0.053480  0.000018  16032.901     5.396264   1.072584   4.154259    -362.960 1
215.068774   3.133206   0.054358  0.000013  16296.118     3.897302   1.079376   4.180565    -113.407 0
213.654535   1.465686   0.053765  0.000017  16118.342     5.096472   1.108808   4.294559    -281.955 0
215.278787   1.759229   0.064510  0.000070  19339.611    20.985472   1.112707   4.309659    2772.085 1
214.312680   1.229311   0.054360  0.000008  16296.718     2.398340   1.115128   4.319035    -112.839 0
215.001760   3.244546   0.052027  0.000009  15597.302     2.698132   1.122035   4.345787    -775.945 1
214.324001   1.221564   0.054217  0.000017  16253.848     5.096472   1.122741   4.348522    -153.484 0
213.605831   1.473091   0.053528  0.000014  16047.291     4.197094   1.133446   4.389983    -349.317 1
213.410230   1.661367   0.054150  0.000040  16233.762    11.991698   1.146171   4.439268    -172.527 0
214.333118   1.173530   0.054393  0.000014  16306.611     4.197094   1.170751   4.534472    -103.459 0
214.204320   3.509473   0.054657  0.000030  16385.756     8.993774   1.172103   4.539707     -28.423 0
213.821142   1.280010   0.069508  0.000015  20837.974     4.496887   1.180131   4.570803    4192.661 1
213.205390   2.700235   0.069098  0.000009  20715.059     2.698132   1.180139   4.570833    4076.127 1
214.125570   3.508818   0.053581  0.000011  16063.180     3.297717   1.182577   4.580276    -334.253 1
213.293759   1.771406   0.048012  0.000017  14393.635     5.096472   1.184614   4.588164   -1917.124 1
214.324498   1.156362   0.053530  0.000017  16047.890     5.096472   1.187939   4.601041    -348.749 1
214.318639   1.153440   0.054762  0.000010  16417.235     2.997925   1.190909   4.612547       1.421 0
213.148010   2.525017   0.068473  0.000008  20527.689     2.398340   1.196242   4.633201    3898.484 1
213.278587   1.765665   0.048958  0.000015  14677.239     4.496887   1.200661   4.650317   -1648.244 1
213.807709   1.262237   0.069096  0.000007  20714.460     2.098547   1.201967   4.655376    4075.559 1
214.383016   1.140847   0.054302  0.000009  16279.330     2.698132   1.204533   4.665313    -129.324 0
214.337925   1.131324   0.053801  0.000017  16129.134     5.096472   1.212973   4.698002    -271.723 0
213.872207   1.207936   0.054469  0.000037  16329.395    11.092321   1.225514   4.746574     -81.858 0
214.733923   1.184928   0.055428  0.000006  16616.896     1.798755   1.227095   4.752699     190.718 0
213.097278   2.271095   0.051282  0.000026  15373.957     7.794604   1.235369   4.784744    -987.696 1
214.195570   3.580747   0.054861  0.000016  16446.914     4.796679   1.243905   4.817806      29.560 0
214.232620   3.585813   0.054407  0.000012  16310.808     3.597509   1.245459   4.823823     -99.480 0
214.581520   3.566576   0.061669  0.000008  18487.901     2.398340   1.247561   4.831966    1964.590 1
214.038240   3.557221   0.054019  0.000011  16194.489     3.297717   1.247834   4.833023    -209.761 0
215.582450   2.439776   0.053405  0.000009  16010.416     2.698132   1.253536   4.855108    -384.278 1
213.920116   3.532615   0.053849  0.000018  16143.524     5.396264   1.257419   4.870147    -258.080 0
213.792850   3.502400   0.056156  0.000012  16835.145     3.597509   1.277071   4.946263     397.636 1
213.717158   3.465570   0.055280  0.000120  16572.527    35.975095   1.278315   4.951079     148.652 0
213.716300   3.479353   0.055645  0.000016  16681.951     4.796679   1.290830   4.999551     252.395 0
214.201579   3.630073   0.049345  0.000013  14793.259     3.897302   1.292330   5.005363   -1538.247 1
214.278550   3.636028   0.065351  0.000012  19591.737     3.597509   1.292831   5.007304    3011.121 1
215.141620   3.369866   0.053787  0.000014  16124.937     4.197094   1.306525   5.060340    -275.702 1
214.066560   3.623952   0.056274  0.000016  16870.521     4.796679   1.306768   5.061281     431.175 1
213.985670   3.608896   0.055763  0.000019  16717.327     5.696057   1.310976   5.077582     285.934 1
214.061250   3.629361   0.056000  0.000333  16788.378    99.830889   1.313146   5.085984     353.297 1
215.638095   2.526707   0.054728  0.000017  16407.042     5.096472   1.318176   5.105467      -8.243 0
213.711496   1.160539   0.053987  0.000013  16184.895     3.897302   1.336045   5.174677    -218.856 0
214.943963   1.146879   0.053633  0.000009  16078.769     2.698132   1.344708   5.208230    -319.473 1
212.981525   2.364042   0.052559  0.000024  15756.792     7.195019   1.349000   5.224853    -624.735 1
213.827162   3.596400   0.055011  0.000022  16491.883     6.595434   1.349721   5.227644      72.194 0
214.121582   3.680879   0.054454  0.000016  16324.899     4.796679   1.352957   5.240179     -86.121 0
214.098363   3.682376   0.053943  0.000013  16171.705     3.897302   1.358222   5.260571    -231.362 0
214.348870   3.706188   0.049151  0.000007  14735.099     2.098547   1.362018   5.275275   -1593.387 1
214.035395   3.680043   0.054630  0.000024  16377.662     7.195019   1.368137   5.298975     -36.097 0
214.351250   3.715139   0.049000  0.000333  14689.830    99.830889   1.371001   5.310065   -1636.306 1
212.952913   2.340274   0.053317  0.000014  15984.034     4.197094   1.377449   5.335040    -409.290 1
214.569708   0.986282   0.053345  0.000017  15992.429     5.096472   1.378696   5.339868    -401.331 1
215.384260   3.239949   0.064805  0.000007  19428.050     2.098547   1.381539   5.350882    2855.932 1
214.032080   3.696219   0.055350  0.000016  16593.513     4.796679   1.384647   5.362918     168.548 0
214.065266   3.713280   0.052815  0.000012  15833.539     3.597509   1.394607   5.401494    -551.973 1
214.173169   3.741517   0.053503  0.000018  16039.796     5.396264   1.406165   5.446262    -356.423 1
215.666492   2.809120   0.055210  0.000016  16551.542     4.796679   1.412541   5.470954     128.756 0
213.087940   3.018957   0.056007  0.000010  16790.476     2.997925   1.413884   5.476157     355.286 1
214.418233   0.920181   0.053479  0.000022  16032.601     6.595434   1.426733   5.525922    -363.245 1
212.902134   2.497976   0.052951  0.000013  15874.310     3.897302   1.436426   5.563465    -513.317 1
212.887970   2.476395   0.053033  0.000009  15898.893     2.698132   1.448370   5.609726    -490.011 1
215.773890   2.503619   0.056639  0.000013  16979.945     3.897302   1.449955   5.615863     534.919 1
214.068601   3.778794   0.055028  0.000013  16496.979     3.897302   1.458368   5.648448      77.026 0
214.385904   0.882755   0.055727  0.000019  16706.534     5.696057   1.462535   5.664589     275.702 1
213.177527   1.440074   0.052881  0.000019  15853.325     5.696057   1.465277   5.675209    -533.213 1
213.440200   1.180343   0.054410  0.000011  16311.708     3.297717   1.465556   5.676288     -98.627 0
213.833240   0.941444   0.069359  0.000007  20793.305     2.098547   1.488559   5.765381    4150.311 1
214.040420   3.805849   0.053909  0.000041  16161.512    12.291491   1.490227   5.771842    -241.026 0
215.745234   2.829418   0.055385  0.000013  16604.005     3.897302   1.493530   5.784634     178.496 0
215.815980   2.527527   0.056606  0.000013  16970.052     3.897302   1.494504   5.788411     525.539 1
215.831570   2.393911   0.055401  0.000012  16608.802     3.597509   1.499626   5.808247     183.043 0
215.319348   1.207443   0.054809  0.000009  16431.325     2.698132   1.505520   5.831074      14.780 0
215.832175   2.541581   0.056429  0.000012  16916.989     3.597509   1.512334   5.857468     475.231 1
214.245903   3.855496   0.055102  0.000015  16519.164     4.496887   1.513635   5.862505      98.059 0
213.369861   1.170179   0.048123  0.000007  14426.912     2.098547   1.517147   5.876108   -1885.575 1
214.146390   3.858613   0.053817  0.000031  16133.931     9.293566   1.525587   5.908798    -267.175 1
215.447100   3.392954   0.054475  0.000022  16331.194     6.595434   1.530417   5.927504     -80.153 0
215.849016   2.564470   0.055718  0.000007  16703.836     2.098547   1.532141   5.934181     273.144 1
213.706603   3.756817   0.054071  0.000017  16210.078     5.096472   1.544382   5.981593    -194.981 0
214.304531   0.793761   0.050508  0.000006  15141.917     1.798755   1.550753   6.006270   -1207.689 1
215.653180   3.166725   0.055212  0.000008  16552.141     2.398340   1.555733   6.025556     129.324 0
214.391375   3.908153   0.055281  0.000021  16572.827     6.295642   1.565016   6.061513     148.936 0
215.795000   2.943745   0.056180  0.000013  16842.340     3.897302   1.580373   6.120989     404.458 1
213.838180   3.856453   0.059478  0.000009  17831.056     2.698132   1.590482   6.160146    1341.845 1
213.839390   3.857305   0.059853  0.000006  17943.478     1.798755   1.590918   6.161834    1448.431 1
213.835417   3.863889   0.058000  0.000333  17387.963    99.830889   1.598408   6.190842     921.754 1
212.890530   3.040476   0.071507  0.000009  21437.259     2.698132   1.599262   6.194149    4760.835 1
215.522690   3.417903   0.059531  0.000008  17846.945     2.398340   1.602873   6.208136    1356.909 1
213.815632   3.864391   0.059405  0.000015  17809.171     4.496887   1.605124   6.216853    1321.096 1
215.941240   2.411054   0.054978  0.000009  16481.990     2.698132   1.609768   6.234842      62.815 0
213.838030   3.879259   0.056011  0.000031  16791.675     9.293566   1.612227   6.244365     356.423 1
215.880090   2.812280   0.052143  0.000007  15632.078     2.098547   1.616512   6.260962    -742.974 1
215.887120   2.806244   0.055773  0.000016  16720.325     4.796679   1.621507   6.280307     288.777 1
214.479210   0.718121   0.066287  0.000020  19872.343     5.995849   1.632842   6.324208    3277.160 1
215.465130   3.522578   0.055235  0.000008  16559.036     2.398340   1.634420   6.330324     135.861 0
213.897821   3.925770   0.055627  0.000011  16676.555     3.297717   1.639781   6.351086     247.279 0
215.504540   1.197237   0.054955  0.000007  16475.095     2.098547   1.639940   6.351703      56.277 0
214.115445   0.706021   0.053287  0.000020  15975.041     5.995849   1.652422   6.400046    -417.817 1
213.896163   3.942664   0.055402  0.000033  16609.102     9.893151   1.656515   6.415898     183.328 0
215.922373   2.811703   0.055780  0.000022  16722.423     6.595434   1.656833   6.417129     290.766 1
215.945910   2.729675   0.049501  0.000009  14840.026     2.698132   1.658450   6.423392   -1493.907 1
215.497242   1.159826   0.054643  0.000014  16381.559     4.197094   1.661201   6.434048     -32.402 0
215.948750   2.729833   0.050000  0.000333  14989.623    99.830889   1.661247   6.434225   -1352.077 1
215.944510   2.787692   0.052164  0.000007  15638.374     2.098547   1.671535   6.474074    -737.006 1
214.483708   0.676600   0.052891  0.000008  15856.323     2.398340   1.674599   6.485940    -530.371 1
212.711460   2.777515   0.052602  0.000005  15769.683     1.498962   1.675668   6.490081    -612.513 1
214.145977   4.009806   0.055412  0.000012  16612.100     3.597509   1.675811   6.490633     186.170 0
213.485721   0.896372   0.053109  0.000007  15921.678     2.098547   1.676484   6.493242    -468.409 1
213.803260   3.937009   0.059463  0.000009  17826.559     2.698132   1.677905   6.498747    1337.581 1
215.533078   1.169929   0.054925  0.000017  16466.101     5.096472   1.679420   6.504611      47.750 0
214.219130   4.026784   0.055393  0.000023  16606.404     6.895227   1.686247   6.531053     180.770 0
215.439881   1.064890   0.054698  0.000011  16398.048     3.297717   1.692120   6.553801     -16.770 0
216.011357   2.597991   0.055705  0.000014  16699.939     4.197094   1.697508   6.574670     269.449 1
215.994037   2.723443   0.052947  0.000016  15873.111     4.796679   1.703859   6.599269    -514.454 1
216.005930   2.668584   0.053130  0.000014  15927.973     4.197094   1.704161   6.600437    -462.440 1
216.000980   2.708344   0.051930  0.000017  15568.222     5.096472   1.707340   6.612750    -803.515 1
214.365883   0.634471   0.050373  0.000006  15101.445     1.798755   1.710154   6.623649   -1246.060 1
213.123947   1.130328   0.046778  0.000008  14023.692     2.398340   1.711563   6.629107   -2267.863 1
212.873330   3.244315   0.054581  0.000007  16362.972     2.098547   1.712540   6.632892     -50.024 0
215.604610   1.197631   0.054027  0.000010  16196.887     2.997925   1.712564   6.632984    -207.487 0
213.246365   1.014217   0.052826  0.000006  15836.836     1.798755   1.715994   6.646270    -548.846 1
216.050147   2.170152   0.053742  0.000012  16111.446     3.597509   1.726005   6.685041    -288.492 1
213.265355   0.981147   0.053585  0.000009  16064.379     2.698132   1.730005   6.700534    -333.116 1
212.837923   3.228799   0.040240  0.000090  12063.649    26.981321   1.734775   6.719009   -4126.151 1
215.551610   1.099134   0.064879  0.000014  19450.235     4.197094   1.742568   6.749191    2876.965 1
215.715810   3.407057   0.055883  0.000017  16753.302     5.096472   1.744298   6.755893     320.042 1
213.150582   1.057908   0.046338  0.000008  13891.783     2.398340   1.745569   6.760815   -2392.923 1
215.072074   0.758584   0.054960  0.000029  16476.593     8.693981   1.749843   6.777369      57.698 0
215.272433   0.865155   0.054057  0.000011  16205.881     3.297717   1.752617   6.788113    -198.960 0
213.143670   1.054405   0.046229  0.000005  13859.106     1.498962   1.752821   6.788903   -2423.904 1
214.039786   4.078399   0.053490  0.000120  16035.899    35.975095   1.758445   6.810687    -360.118 1
216.038512   1.898816   0.053890  0.000011  16155.816     3.297717   1.762787   6.827505    -246.426 0
216.052470   2.747623   0.055994  0.000015  16786.579     4.496887   1.766192   6.840691     351.591 1
214.049330   4.089832   0.054389  0.000012  16305.412     3.597509   1.768175   6.848374    -104.596 0
216.022945   1.799381   0.055555  0.000012  16654.970     3.597509   1.775692   6.877485     226.815 0
214.715819   0.603882   0.053260  0.000033  15966.946     9.893151   1.782255   6.902904    -425.491 1
216.080716   2.708673   0.054837  0.000011  16439.719     3.297717   1.785325   6.914795      22.738 0
213.246861   0.921203   0.052877  0.000008  15852.126     2.398340   1.788755   6.928080    -534.350 1
216.068786   2.790488   0.055277  0.000011  16571.628     3.297717   1.792255   6.941639     147.799 0
214.694428   0.560687   0.052991  0.000007  15886.302     2.098547   1.820081   7.049409    -501.948 1
216.122139   1.975189   0.054264  0.000014  16267.938     4.197094   1.826805   7.075453    -140.125 0
214.749901   0.563395   0.053468  0.000007  16029.303     2.098547   1.829292   7.085087    -366.371 1
216.149460   2.606729   0.052900  0.000012  15859.021     3.597509   1.835291   7.108320    -527.813 1
216.116180   2.780682   0.051584  0.000014  15464.494     4.197094   1.835801   7.110296    -901.858 1
214.452194   0.510988   0.053301  0.000022  15979.238     6.595434   1.837253   7.115922    -413.837 1
214.457694   0.510978   0.052120  0.000012  15625.183     3.597509   1.837632   7.117389    -749.512 1
212.771454   1.358453   0.054894  0.000009  16456.807     2.698132   1.844331   7.143335      38.939 0
214.481862   0.492870   0.053489  0.000033  16035.599     9.893151   1.857495   7.194319    -360.402 1
216.142186   2.773929   0.054477  0.000014  16331.794     4.197094   1.859479   7.202003     -79.584 0
213.540974   0.658649   0.069250  0.000070  20760.628    20.985472   1.861519   7.209906    4119.330 1
216.151099   2.745142   0.054134  0.000010  16228.965     2.997925   1.861734   7.210740    -177.075 0
214.366490   0.482766   0.049975  0.000015  14982.128     4.496887   1.861842   7.211157   -1359.183 1
216.166270   2.689029   0.050473  0.000008  15131.425     2.398340   1.865359   7.224778   -1217.637 1
213.675541   4.090916   0.047350  0.000014  14195.173     4.197094   1.865560   7.225555   -2105.284 1
216.167359   2.691904   0.056277  0.000007  16871.420     2.098547   1.866961   7.230985     432.028 1
214.509025   0.484250   0.052782  0.000016  15823.646     4.796679   1.868467   7.236818    -561.352 1
214.256886   0.477049   0.052453  0.000013  15725.014     3.897302   1.868719   7.237793    -654.863 1
214.536681   0.486818   0.053953  0.000014  16174.702     4.197094   1.868740   7.237874    -228.520 0
214.507430   0.483159   0.052722  0.000021  15805.658     6.295642   1.869403   7.240441    -578.406 1
216.156320   2.766013   0.055848  0.000019  16742.809     5.696057   1.871422   7.248260     310.094 1
214.343181   0.472693   0.050338  0.000021  15090.953     6.295642   1.871623   7.249041   -1256.008 1
216.198583   2.174066   0.062890  0.000130  18853.948    38.973020   1.873260   7.255379    2311.634 1
215.348820   0.765097   0.040183  0.000013  12046.560     3.897302   1.878033   7.273866   -4142.352 1
213.128433   0.900452   0.052803  0.000006  15829.941     1.798755   1.878726   7.276551    -555.383 1
212.908897   3.580833   0.070980  0.000030  21279.269     8.993774   1.884013   7.297028    4611.046 1
214.702790   0.496437   0.053278  0.000010  15972.343     2.997925   1.884713   7.299738    -420.375 1
213.963950   4.193745   0.053928  0.000009  16167.208     2.698132   1.885576   7.303080    -235.626 0
213.105903   0.907482   0.053923  0.000013  16165.709     3.897302   1.887853   7.311899    -237.047 0
214.475705   0.461427   0.054555  0.000019  16355.178     5.696057   1.888357   7.313853     -57.414 0
216.021820   3.190745   0.055447  0.000005  16622.592     1.498962   1.889145   7.316906     196.118 0
216.197529   2.664442   0.053501  0.000011  16039.196     3.297717   1.891746   7.326981    -356.992 1
216.200000   2.666667   0.052000  0.000333  15589.208    99.830889   1.894557   7.337867    -783.619 1
214.489930   4.234650   0.055735  0.000024  16708.933     7.195019   1.896985   7.347272     277.976 1
212.677424   1.408074   0.046471  0.000013  13931.655     3.897302   1.899448   7.356811   -2355.121 1
215.001058   0.560724   0.065755  0.000016  19712.853     4.796679   1.904893   7.377898    3125.950 1
212.661064   1.424966   0.046274  0.000020  13872.596     5.995849   1.905481   7.380178   -2411.114 1
216.194890   2.751898   0.052060  0.000009  15607.195     2.698132   1.905919   7.381873    -766.565 1
214.704361   0.475057   0.052655  0.000009  15785.572     2.698132   1.905985   7.382129    -597.449 1
214.988949   0.553716   0.062047  0.000297  18601.223    89.038360   1.907255   7.387048    2072.029 1
216.199682   2.783852   0.054093  0.000016  16216.673     4.796679   1.917668   7.427378    -188.728 0
214.620111   0.439229   0.049751  0.000033  14914.975     9.893151   1.926751   7.462559   -1422.850 1
216.224500   2.749769   0.056908  0.000010  17060.589     2.997925   1.934383   7.492117     611.376 1
216.179667   2.920430   0.067764  0.000007  20315.136     2.098547   1.934404   7.492198    3696.966 1
212.670979   1.339251   0.054637  0.000009  16379.761     2.698132   1.939802   7.513107     -34.107 0
214.334488   0.403468   0.048029  0.000016  14398.732     4.796679   1.940814   7.517027   -1912.292 1
216.269190   2.624641   0.052546  0.000014  15752.894     4.197094   1.956253   7.576821    -628.430 1
215.097570   4.154194   0.054563  0.000012  16357.576     3.597509   1.965109   7.611125     -55.140 0
216.227995   2.865542   0.055098  0.000015  16517.965     4.496887   1.965287   7.611811      96.922 0
216.253580   2.766580   0.055577  0.000017  16661.565     5.096472   1.966344   7.615907     233.068 0
216.255050   2.781254   0.057393  0.000010  17205.989     2.997925   1.970980   7.633862     749.227 1
215.867438   1.102108   0.039632  0.000012  11881.375     3.597509   1.974365   7.646975   -4298.963 1
214.440903   0.372637   0.053463  0.000024  16027.804     7.195019   1.974670   7.648155    -367.792 1
215.633362   0.845541   0.040022  0.000016  11998.294     4.796679   1.984490   7.686189   -4188.113 1
214.467990   0.362924   0.049647  0.000017  14883.796     5.096472   1.986043   7.692204   -1452.410 1
215.690985   0.887412   0.053480  0.000297  16032.901    89.038360   1.991870   7.714770    -362.960 1
214.377709   0.350521   0.053527  0.000013  16046.991     3.897302   1.994293   7.724158    -349.602 1
214.550496   0.358924   0.053417  0.000015  16014.014     4.496887   1.997377   7.736100    -380.867 1
215.827198   1.015697   0.040213  0.000005  12055.554     1.498962   1.999618   7.744781   -4133.826 1
214.627280   4.328008   0.049329  0.000005  14788.462     1.498962   2.005620   7.768026   -1542.795 1
214.443591   0.341409   0.050472  0.000032  15131.125     9.593359   2.005999   7.769497   -1217.921 1
214.491029   0.338883   0.048240  0.000015  14461.988     4.496887   2.011721   7.791657   -1852.320 1
215.811117   0.978269   0.040073  0.000010  12013.583     2.997925   2.012849   7.796025   -4173.618 1
214.405402   0.329033   0.050964  0.000013  15278.623     3.897302   2.016599   7.810551   -1078.080 1
214.739029   0.365613   0.053282  0.000021  15973.542     6.295642   2.020128   7.824219    -419.238 1
214.459764   0.327927   0.050160  0.000022  15037.590     6.595434   2.020421   7.825354   -1306.600 1
214.463534   0.319525   0.052639  0.000013  15780.775     3.897302   2.029048   7.858766    -601.997 1
215.829262   0.964769   0.040050  0.000070  12006.688    20.985472   2.035328   7.883089   -4180.155 1
214.581360   4.369503   0.055685  0.000016  16693.943     4.796679   2.040551   7.903320     263.764 1
212.481817   1.476655   0.046297  0.000010  13879.491     2.997925   2.041669   7.907651   -2404.577 1
213.669410   0.396201   0.054351  0.000004  16294.020     1.199170   2.057342   7.968352    -115.397 0
216.390668   2.326959   0.053710  0.000120  16101.853    35.975095   2.057508   7.968995    -297.588 1
215.501852   0.649925   0.054399  0.000013  16308.410     3.897302   2.058700   7.973615    -101.754 0
215.909059   1.018080   0.040820  0.000080  12237.528    23.983397   2.059928   7.978370   -3961.299 1
215.901087   1.007556   0.040140  0.000012  12033.669     3.597509   2.060651   7.981168   -4154.574 1
214.517000   0.273831   0.050272  0.000013  15071.166     3.897302   2.078728   8.051182   -1274.767 1
214.498346   0.267429   0.053118  0.000012  15924.376     3.597509   2.083530   8.069784    -465.851 1
214.558343   0.258089   0.052604  0.000018  15770.282     5.396264   2.098466   8.127633    -611.945 1
215.751157   0.793155   0.053890  0.000333  16155.816    99.830889   2.101907   8.140961    -246.426 0
215.877871   0.918466   0.039454  0.000297  11828.012    89.038360   2.102422   8.142953   -4349.555 1
215.754072   0.794372   0.054077  0.000012  16211.877     3.597509   2.102977   8.145103    -193.276 0
216.035000   1.108889   0.039110  0.000333  11724.883    99.830889   2.103144   8.145750   -4447.330 1
216.436930   2.341055   0.039318  0.000007  11787.240     2.098547   2.103660   8.147751   -4388.211 1
215.774276   0.810659   0.053809  0.000022  16131.532     6.595434   2.104777   8.152074    -269.449 1
216.346360   1.724747   0.039034  0.000008  11702.099     2.398340   2.106336   8.158112   -4468.932 1
215.473330   4.115539   0.055768  0.000017  16718.826     5.096472   2.106877   8.160209     287.355 1
216.092660   3.515860   0.054820  0.000017  16434.623     5.096472   2.114015   8.187856      17.906 0
214.465129   0.233358   0.053360  0.000016  15996.926     4.796679   2.115140   8.192212    -397.068 1
213.711251   0.318992   0.038721  0.000016  11608.264     4.796679   2.117987   8.203240   -4557.895 1
215.818357   0.826590   0.052910  0.000012  15862.019     3.597509   2.123770   8.225637    -524.971 1
214.522870   0.227337   0.053417  0.000012  16014.014     3.597509   2.125560   8.232571    -380.867 1
216.456076   2.167106   0.065510  0.000070  19639.404    20.985472   2.130169   8.250421    3056.314 1
216.080832   1.124169   0.038321  0.000013  11488.347     3.897302   2.131591   8.255928   -4671.587 1
216.082917   1.122722   0.038000  0.000333  11392.113    99.830889   2.134127   8.265752   -4762.824 1
214.690570   4.449232   0.039601  0.000007  11872.081     2.098547   2.135306   8.270318   -4307.774 1
212.373784   1.473018   0.056502  0.000008  16938.873     2.398340   2.141349   8.293724     495.979 1
215.783521   0.769256   0.054600  0.000009  16368.668     2.698132   2.141380   8.293844     -44.624 0
215.547334   0.572693   0.065452  0.000025  19622.016     7.494811   2.148086   8.319819    3039.828 1
216.138190   1.177375   0.038797  0.000007  11631.048     2.098547   2.149488   8.325247   -4536.294 1
214.424842   0.189858   0.053634  0.000046  16079.069    13.790453   2.156439   8.352170    -319.189 1
216.147500   1.173889   0.038800  0.000333  11631.947    99.830889   2.159194   8.362838   -4535.441 1
213.868034   0.227366   0.053917  0.000013  16163.910     3.897302   2.166974   8.392972    -238.752 0
215.752938   0.707401   0.053735  0.000008  16109.348     2.398340   2.167129   8.393575    -290.482 1
216.156811   1.170624   0.038050  0.000015  11407.103     4.496887   2.168783   8.399977   -4748.613 1
216.179259   1.205253   0.037959  0.000013  11379.822     3.897302   2.169296   8.401967   -4774.478 1
214.396205   0.159113   0.054325  0.000015  16286.225     4.496887   2.186123   8.467139    -122.787 0
215.427350   4.236750   0.055866  0.000012  16748.205     3.597509   2.186389   8.468171     315.210 1
215.608090   4.127460   0.054091  0.000020  16216.074     5.995849   2.192410   8.491489    -189.296 0
214.609407   0.169424   0.053259  0.000009  15966.647     2.698132   2.192509   8.491873    -425.775 1
215.701060   4.059979   0.054020  0.000006  16194.789     1.798755   2.194573   8.499868    -209.477 0
212.875195   0.699976   0.053119  0.000014  15924.676     4.197094   2.195687   8.504181    -465.567 1
213.090219   0.530491   0.053745  0.000013  16112.346     3.897302   2.197284   8.510366    -287.640 1
216.192490   1.170889   0.039444  0.000010  11825.014     2.997925   2.198704   8.515866   -4352.398 1
213.790993   4.477916   0.049065  0.000015  14709.317     4.496887   2.200925   8.524471   -1617.831 1
216.408665   1.600475   0.038584  0.000013  11567.192     3.897302   2.204677   8.539001   -4596.835 1
215.058088   0.261092   0.052898  0.000008  15858.421     2.398340   2.206061   8.544361    -528.382 1
214.647681   0.157569   0.053170  0.000007  15939.965     2.098547   2.209412   8.557341    -451.071 1
213.066350   0.522505   0.053014  0.000014  15893.197     4.197094   2.217389   8.588238    -495.411 1
213.065200   0.523155   0.053193  0.000015  15946.860     4.496887   2.217511   8.588708    -444.534 1
215.418560   4.283881   0.056362  0.000015  16896.903     4.496887   2.223005   8.609989     456.187 1
215.965817   0.831231   0.038546  0.000006  11555.800     1.798755   2.226164   8.622225   -4607.635 1
213.982115   4.555317   0.056587  0.000012  16964.356     3.597509   2.238427   8.669721     520.139 1
213.949322   4.552232   0.056426  0.000287  16916.089    86.040435   2.240731   8.678643     474.378 1
216.312890   3.401819   0.060403  0.000033  18108.364     9.893151   2.244479   8.693160    1604.757 1
215.636320   4.175507   0.054910  0.000015  16461.604     4.496887   2.247904   8.706426      43.487 0
214.327811   0.094575   0.052641  0.000016  15781.375     4.796679   2.249708   8.713412    -601.428 1
215.959004   3.900066   0.054778  0.000005  16422.031     1.498962   2.250506   8.716501       5.969 0
213.975840   4.572975   0.056667  0.000007  16988.339     2.098547   2.256850   8.741073     542.877 1
214.838888   4.553329   0.049580  0.000100  14863.710    29.979246   2.266473   8.778345   -1471.453 1
212.083977   2.663730   0.040945  0.000018  12275.002     5.396264   2.268260   8.785265   -3925.770 1
213.024331   0.485363   0.054776  0.000017  16421.432     5.096472   2.271878   8.799280       5.400 0
214.134947   0.071306   0.052544  0.000007  15752.295     2.098547   2.281443   8.836327    -628.999 1
216.090513   0.888576   0.055240  0.000006  16560.535     1.798755   2.282102   8.838878     137.283 0
214.402321   0.062028   0.052860  0.000021  15847.029     6.295642   2.283348   8.843706    -539.182 1
213.887160   4.587873   0.054131  0.000010  16228.066     2.997925   2.287100   8.858236    -177.927 0
212.959576   0.513317   0.054596  0.000014  16367.469     4.197094   2.287243   8.858789     -45.761 0
212.977522   0.497846   0.054398  0.000020  16308.110     5.995849   2.289003   8.865607    -102.038 0
214.329749   0.051021   0.052877  0.000011  15852.126     3.297717   2.293260   8.882094    -534.350 1
216.530284   1.667735   0.067519  0.000009  20241.687     2.698132   2.298746   8.903341    3627.330 1
214.102830   4.633841   0.054835  0.000007  16439.119     2.098547   2.300934   8.911817      22.170 0
214.866115   0.106029   0.060022  0.000008  17994.143     2.398340   2.301107   8.912486    1496.465 1
212.981944   0.466556   0.054766  0.000023  16418.434     6.895227   2.311737   8.953659       2.558 0
214.836031   4.606493   0.054781  0.000022  16422.931     6.595434   2.317698   8.976746       6.821 0
213.814173   4.604446   0.055255  0.000018  16565.032     5.396264   2.318521   8.979934     141.546 0
216.629530   2.671226   0.070171  0.000010  21036.737     2.997925   2.319257   8.982785    4381.105 1
214.342363   0.023672   0.053386  0.000016  16004.720     4.796679   2.320633   8.988115    -389.678 1
216.566184   1.707368   0.053580  0.000030  16062.880     8.993774   2.321868   8.992896    -334.537 1
213.777540   4.600891   0.055613  0.000019  16672.358     5.696057   2.323502   8.999227     243.300 1
216.497438   3.204405   0.055275  0.000007  16571.028     2.098547   2.328779   9.019663     147.231 0
213.051540   4.298727   0.060630  0.000022  18176.417     6.595434   2.335689   9.046430    1669.277 1
216.633780   2.751670   0.039390  0.000010  11808.825     2.997925   2.336139   9.048171   -4367.746 1
216.588818   1.732769   0.067506  0.000014  20237.790     4.197094   2.336848   9.050918    3623.635 1
212.793713   0.578830   0.052916  0.000011  15863.818     3.297717   2.340444   9.064843    -523.265 1
213.899734   0.037458   0.053265  0.000016  15968.445     4.796679   2.346816   9.089525    -424.070 1
212.262504   3.460129   0.040560  0.000020  12159.582     5.995849   2.349200   9.098759   -4035.198 1
214.217050   4.696294   0.054931  0.000015  16467.900     4.496887   2.354793   9.120419      49.456 0
214.726970   4.670354   0.055139  0.000014  16530.256     4.197094   2.359396   9.138246     108.575 0
214.282128  -0.015225   0.052756  0.000014  15815.851     4.197094   2.360021   9.140668    -568.742 1
212.197911   1.317960   0.047621  0.000014  14276.417     4.197094   2.366001   9.163830   -2028.258 1
214.305976  -0.027021   0.051496  0.000012  15438.112     3.597509   2.371438   9.184889    -926.871 1
215.520860   4.402161   0.054313  0.000019  16282.628     5.696057   2.376355   9.203931    -126.198 0
215.803730   4.215211   0.053871  0.000006  16150.120     1.798755   2.379955   9.217878    -251.827 1
213.804040   4.668395   0.054162  0.000018  16237.359     5.396264   2.383122   9.230141    -169.116 0
212.340174   1.027756   0.057654  0.000014  17284.234     4.197094   2.385795   9.240497     823.411 1
216.564488   1.491483   0.055013  0.000010  16492.482     2.997925   2.388537   9.251117      72.763 0
212.818407   0.489412   0.053072  0.000011  15910.585     3.297717   2.392945   9.268187    -478.926 1
216.614819   1.611553   0.064530  0.000019  19345.607     5.696057   2.396177   9.280707    2777.769 1
213.094770   4.399995   0.056494  0.000006  16936.475     1.798755   2.398527   9.289807     493.706 1
215.963820   4.114282   0.054181  0.000012  16243.055     3.597509   2.406841   9.322010    -163.716 0
213.712616   4.671898   0.056741  0.000005  17010.524     1.498962   2.408359   9.327889     563.910 1
216.352130   3.660484   0.055351  0.000006  16593.812     1.798755   2.410076   9.334539     168.832 0
213.626210   4.652886   0.055779  0.000015  16722.124     4.496887   2.413768   9.348839     290.482 1
212.153920   3.422959   0.040438  0.000006  12123.007     1.798755   2.428480   9.405818   -4069.874 1
213.626747   4.668611   0.054856  0.000014  16445.415     4.197094   2.428657   9.406505      28.139 0
213.697812  -0.003125   0.047413  0.000009  14214.060     2.698132   2.431298   9.416735   -2087.377 1
213.696522  -0.003670   0.047508  0.000009  14242.540     2.698132   2.432160   9.420074   -2060.376 1
213.711800   4.698086   0.047667  0.000005  14290.207     1.498962   2.433886   9.426757   -2015.183 1
211.937180   2.830356   0.069437  0.000010  20816.689     2.997925   2.441208   9.455115    4172.481 1
213.260604   0.146426   0.054612  0.000011  16372.266     3.297717   2.444480   9.467790     -41.213 0
215.856126   4.258529   0.055450  0.000014  16623.492     4.197094   2.446408   9.475258     196.971 0
215.814250   4.302371   0.056500  0.000012  16938.274     3.597509   2.455394   9.510061     495.411 1
216.536835   3.429643   0.054910  0.000120  16461.604    35.975095   2.456285   9.513510      43.487 0
215.673205   4.405800   0.054424  0.000014  16315.905     4.197094   2.459065   9.524277     -94.648 0
212.881360   4.333925   0.060637  0.000009  18178.515     2.698132   2.461322   9.533019    1671.266 1
215.891990   4.250776   0.053681  0.000018  16093.159     5.396264   2.462874   9.539034    -305.830 1
216.408492   1.012590   0.054724  0.000011  16405.842     3.297717   2.465773   9.550259      -9.380 0
214.708540  -0.093777   0.052427  0.000022  15717.219     6.595434   2.466989   9.554971    -662.253 1
211.922125   2.885096   0.048936  0.000012  14670.644     3.597509   2.467368   9.556438   -1654.497 1
213.922500   4.778834   0.055290  0.000010  16575.525     2.997925   2.468615   9.561269     151.494 0
214.843240  -0.080347   0.064186  0.000005  19242.479     1.498962   2.477952   9.597431    2679.995 1
216.703890   1.605189   0.055357  0.000006  16595.611     1.798755   2.482947   9.616777     170.537 0
216.115230   4.074367   0.051078  0.000009  15312.799     2.698132   2.483855   9.620293   -1045.678 1
214.421284  -0.144167   0.049569  0.000009  14860.412     2.698132   2.490063   9.644339   -1474.580 1
213.155141   0.141741   0.054048  0.000008  16203.183     2.398340   2.496539   9.669421    -201.518 1
214.920850   4.775624   0.049451  0.000025  14825.037     7.494811   2.501634   9.689156   -1508.119 1
215.690658   4.445238   0.055944  0.000025  16771.589     7.494811   2.501643   9.689189     337.380 1
214.259139  -0.163542   0.051517  0.000010  15444.408     2.997925   2.508864   9.717158    -920.902 1
216.754607   1.669906   0.054383  0.000007  16303.613     2.098547   2.513236   9.734091    -106.302 0
214.338722  -0.169126   0.043531  0.000011  13050.265     3.297717   2.513416   9.734789   -3190.754 1
216.607326   1.267693   0.055319  0.000021  16584.219     6.295642   2.515892   9.744377     159.737 0
212.974479   0.222965   0.055539  0.000012  16650.173     3.597509   2.517624   9.751085     222.267 1
213.638206   4.767814   0.054158  0.000012  16236.160     3.597509   2.520592   9.762581    -170.253 0
215.131895  -0.047818   0.052252  0.000007  15664.756     2.098547   2.522237   9.768951    -711.993 1
215.830665   4.374534   0.054381  0.000021  16303.014     6.295642   2.523021   9.771990    -106.870 0
216.743230   3.109840   0.039470  0.000007  11832.808     2.098547   2.528388   9.792775   -4345.008 1
215.024552  -0.088237   0.054936  0.000012  16469.398     3.597509   2.529158   9.795760      50.877 0
215.086732  -0.070219   0.038503  0.000297  11542.909    89.038360   2.529666   9.797727   -4619.857 1
213.602493   4.767657   0.053663  0.000018  16087.763     5.396264   2.530481   9.800882    -310.946 1
215.061562  -0.079337   0.052598  0.000010  15768.484     2.997925   2.531008   9.802925    -613.650 1
213.807130   4.834734   0.056048  0.000013  16802.768     3.897302   2.544971   9.857003     366.940 1
213.117457   0.096535   0.054175  0.000020  16241.256     5.995849   2.554176   9.892657    -165.421 0
212.610326   0.444082   0.052935  0.000015  15869.514     4.496887   2.562864   9.926305    -517.865 1
214.436400   4.930457   0.055913  0.000010  16762.296     2.997925   2.588300  10.024822     328.569 1
216.565405   3.657926   0.041250  0.333560  12366.439    99.990000   2.589904  10.031036   -3839.080 1
215.681525   0.132406   0.054322  0.000007  16285.326     2.098547   2.590729  10.034232    -123.640 0
211.737570   2.402017   0.068204  0.000010  20447.045     2.997925   2.592412  10.040750    3822.026 1
214.268852  -0.252345   0.043688  0.000018  13097.333     5.396264   2.597380  10.059990   -3146.130 1
215.653540   4.583947   0.054965  0.000008  16478.092     2.398340   2.600182  10.070844      59.120 0
216.661520   3.505000   0.071573  0.000014  21457.046     4.197094   2.601372  10.075451    4779.594 1
213.813662   4.899006   0.057977  0.000017  17381.067     5.096472   2.606596  10.095686     915.217 1
212.893592   0.166236   0.052948  0.000008  15873.411     2.398340   2.609219  10.105846    -514.170 1
215.868102   0.233423   0.061716  0.000012  18501.991     3.597509   2.610150  10.109450    1977.949 1
214.583980   4.943247   0.039770  0.000070  11922.746    20.985472   2.611181  10.113443   -4259.739 1
216.333475   0.665464   0.065217  0.000297  19551.565    89.038360   2.611433  10.114420    2973.035 1
213.819870   4.907827   0.056348  0.000010  16892.705     2.997925   2.614022  10.124448     452.208 1
213.063210   0.053868   0.053920  0.000021  16164.809     6.295642   2.617610  10.138344    -237.900 1
214.135970   4.954651   0.057618  0.000016  17273.442     4.796679   2.617672  10.138586     813.179 1
216.762460   1.362623   0.055848  0.000011  16742.809     3.297717   2.619786  10.146774     310.094 1
214.115290   4.961360   0.057522  0.000015  17244.662     4.496887   2.625982  10.170770     785.893 1
211.704467   2.218569   0.041699  0.000015  12501.046     4.496887   2.627853  10.178017   -3711.461 1
213.726025   4.904217   0.049096  0.000010  14718.611     2.997925   2.630452  10.188082   -1609.020 1
214.408563   4.978002   0.056006  0.000019  16790.176     5.696057   2.634847  10.205106     355.002 1
213.601325  -0.191081   0.053687  0.000010  16094.958     2.997925   2.638244  10.218264    -304.125 1
213.789896   4.926664   0.056058  0.000018  16805.766     5.396264   2.638477  10.219166     369.782 1
213.612588  -0.195264   0.053495  0.000010  16037.398     2.997925   2.639179  10.221886    -358.697 1
213.610854  -0.195272   0.053016  0.000007  15893.797     2.098547   2.639659  10.223744    -494.843 1
213.770123  -0.246205   0.038645  0.000026  11585.480     7.794604   2.650517  10.265798   -4579.497 1
214.714061  -0.280293   0.051390  0.000009  15406.334     2.698132   2.652260  10.272549    -956.999 1
213.821943   4.948186   0.056805  0.000029  17029.711     8.693981   2.653215  10.276248     582.101 1
213.819583   4.950833   0.057000  0.000333  17088.170    99.830889   2.656266  10.288065     637.525 1
211.959996   1.136916   0.049604  0.000067  14870.905    20.086095   2.659398  10.300194   -1464.632 1
216.449703   3.956103   0.056060  0.000120  16806.365    35.975095   2.660302  10.303697     370.350 1
216.579260   0.907255   0.064598  0.000297  19365.993    89.038360   2.666265  10.326791    2797.097 1
213.735590   4.944597   0.056190  0.000013  16845.338     3.897302   2.667616  10.332024     407.300 1
213.579790   4.912551   0.054431  0.000008  16318.003     2.398340   2.675846  10.363901     -92.659 0
211.677680   1.914537   0.047207  0.000016  14152.303     4.796679   2.686207  10.404030   -2145.928 1
216.928566   1.646022   0.055336  0.000011  16589.315     3.297717   2.687188  10.407829     164.569 0
216.011470   0.236546   0.065387  0.000297  19602.529    89.038360   2.694455  10.435974    3021.354 1
215.150595  -0.224033   0.052581  0.000007  15763.387     2.098547   2.695554  10.440230    -618.482 1
213.681425  -0.282221   0.038470  0.000007  11533.016     2.098547   2.705626  10.479241   -4629.237 1
213.674443  -0.284076   0.038706  0.000005  11603.767     1.498962   2.709109  10.492731   -4562.159 1
213.490117  -0.232686   0.038692  0.000010  11599.570     2.997925   2.710629  10.498621   -4566.138 1
215.031479  -0.276273   0.051250  0.000009  15364.363     2.698132   2.712275  10.504994    -996.791 1
215.137332  -0.248482   0.063520  0.000010  19042.817     2.997925   2.714899  10.515158    2490.698 1
216.558904   3.899333   0.055056  0.000039  16505.374    11.691906   2.714990  10.515512      84.984 0
215.567474  -0.074146   0.053566  0.000010  16058.683     2.997925   2.715481  10.517411    -338.517 1
216.298682   0.461428   0.052019  0.000006  15594.904     1.798755   2.721842  10.542048    -778.219 1
215.807903   0.044425   0.055062  0.000023  16507.172     6.895227   2.732293  10.582525      86.690 0
215.674475   4.724750   0.054981  0.000011  16482.889     3.297717   2.732613  10.583767      63.667 0
212.974214  -0.034190   0.053058  0.000015  15906.388     4.496887   2.737935  10.604380    -482.905 1
215.521987  -0.122082   0.054429  0.000016  16317.404     4.796679   2.738212  10.605452     -93.227 0
216.172001   0.310089   0.054542  0.000297  16351.280    89.038360   2.742202  10.620906     -61.109 0
211.669833   1.675102   0.044510  0.000010  13343.762     2.997925   2.742348  10.621470   -2912.494 1
216.962290   1.559709   0.054825  0.000009  16436.122     2.698132   2.743169  10.624650      19.328 0
215.081502  -0.294667   0.051359  0.000010  15397.041     2.997925   2.743281  10.625083    -965.810 1
215.019449  -0.314762   0.051687  0.000006  15495.373     1.798755   2.746447  10.637348    -872.583 1
212.972789  -0.050647   0.053808  0.000013  16131.233     3.897302   2.752946  10.662517    -269.733 1
212.965060  -0.050906   0.054957  0.000026  16475.694     7.794604   2.756987  10.678170      56.846 0
215.548988  -0.131276   0.054087  0.000007  16214.875     2.098547   2.758288  10.683207    -190.433 1
216.486174   0.612963   0.055418  0.000010  16613.898     2.997925   2.762656  10.700126     187.875 1
215.379187  -0.213188   0.051949  0.000016  15573.918     4.796679   2.763410  10.703046    -798.115 1
213.208730   4.873506   0.055640  0.000012  16680.452     3.597509   2.766859  10.716406     250.974 1
211.547491   2.312114   0.068166  0.000014  20435.653     4.197094   2.781875  10.774564    3811.226 1
216.923229   3.372118   0.054873  0.000022  16450.512     6.595434   2.786076  10.790836      32.971 0
215.541380   4.860085   0.055055  0.000016  16505.074     4.796679   2.791167  10.810552      84.700 0
213.040020   4.823603   0.055804  0.000016  16729.618     4.796679   2.795031  10.825519     297.588 1
214.821847  -0.412742   0.039405  0.000017  11813.322     5.096472   2.800214  10.845594   -4363.483 1
216.282982   4.361404   0.055550  0.000120  16653.471    35.975095   2.805470  10.865950     225.394 1
214.812121  -0.426010   0.051744  0.000008  15512.461     2.398340   2.811602  10.889702    -856.382 1
216.279770   4.379811   0.055622  0.000028  16675.056     8.394189   2.816514  10.908727     245.858 1
215.628090   4.847720   0.055412  0.000024  16612.100     7.195019   2.818780  10.917501     186.170 1
216.810611   0.990310   0.052384  0.000008  15704.328     2.398340   2.822923  10.933548    -674.475 1
214.099902  -0.473054   0.063210  0.000320  18949.881    95.933587   2.826822  10.948650    2402.587 1
212.877971  -0.083054   0.054440  0.000019  16320.701     5.696057   2.828638  10.955682     -90.101 0
216.819503   0.993197   0.052357  0.000005  15696.234     1.498962   2.829342  10.958411    -682.149 1
214.631447  -0.485049   0.051170  0.000010  15340.380     2.997925   2.845156  11.019661   -1019.529 1
216.288531   4.422240   0.055120  0.000010  16524.560     2.997925   2.853321  11.051284     103.175 0
216.812889   0.931085   0.052252  0.000009  15664.756     2.698132   2.853780  11.053062    -711.993 1
211.527959   1.796575   0.042545  0.000007  12754.670     2.098547   2.854247  11.054872   -3471.004 1
214.464375  -0.523806   0.050456  0.000297  15126.328    89.038360   2.871157  11.120364   -1222.469 1
217.028431   3.358774   0.054815  0.000016  16433.124     4.796679   2.879307  11.151933      16.485 0
215.787600   4.830872   0.067086  0.000010  20111.877     2.997925   2.880936  11.158239    3504.259 1
215.298559  -0.372697   0.053109  0.000020  15921.678     5.995849   2.883675  11.168850    -468.409 1
215.286418  -0.377749   0.053117  0.000120  15924.076    35.975095   2.884400  11.171658    -466.135 1
211.510372   1.720246   0.044541  0.000014  13353.056     4.197094   2.887026  11.181830   -2903.683 1
215.423110  -0.337700   0.051909  0.000013  15561.927     3.897302   2.895274  11.213775    -809.484 1
211.538670   1.570397   0.042048  0.000007  12605.673     2.098547   2.895825  11.215906   -3612.266 1
216.835463   3.818637   0.068538  0.000014  20547.175     4.197094   2.903966  11.247439    3916.959 1
211.735863   1.012135   0.048074  0.000013  14412.223     3.897302   2.915600  11.292497   -1899.502 1
212.869150   4.867878   0.049610  0.000006  14872.704     1.798755   2.916070  11.294320   -1462.926 1
217.129850   1.510796   0.054764  0.000005  16417.834     1.498962   2.917585  11.300186       1.990 0
214.544486  -0.567517   0.050360  0.000005  15097.548     1.498962   2.919562  11.307846   -1249.755 1
215.422093  -0.366009   0.051992  0.000012  15586.809     3.597509   2.921138  11.313948    -785.893 1
215.422166  -0.366357   0.053050  0.000333  15903.990    99.830889   2.921488  11.315304    -485.179 1
212.939290  -0.230613   0.047833  0.000008  14339.973     2.398340   2.926620  11.335182   -1968.001 1
215.476264  -0.350055   0.052724  0.000297  15806.258    89.038360   2.927065  11.336905    -577.837 1
217.199936   1.692939   0.048270  0.000014  14470.982     4.197094   2.939106  11.383542   -1843.793 1
212.372752   0.143629   0.054097  0.000007  16217.873     2.098547   2.945026  11.406470    -187.591 1
216.069740  -0.038446   0.066133  0.000010  19826.175     2.997925   2.948520  11.420003    3233.388 1
211.782532   0.851048   0.048145  0.000015  14433.508     4.496887   2.952314  11.434698   -1879.322 1
217.039696   3.531527   0.039606  0.000006  11873.580     1.798755   2.954921  11.444792   -4306.353 1
211.773076   0.856423   0.048691  0.000024  14597.195     7.195019   2.957761  11.455795   -1724.133 1
216.262694   4.586384   0.055944  0.000014  16771.589     4.197094   2.958084  11.457045     337.380 1
215.750699  -0.254533   0.054972  0.000008  16480.191     2.398340   2.960499  11.466400      61.109 0
212.441663   0.062258   0.054392  0.000016  16306.311     4.796679   2.961954  11.472033    -103.744 0
214.966671  -0.561383   0.055025  0.000020  16496.080     5.995849   2.974161  11.519312      76.173 0
212.275773   0.188866   0.053675  0.000012  16091.360     3.597509   2.977380  11.531782    -307.536 1
217.305480   2.152521   0.064637  0.000008  19377.685     2.398340   2.977662  11.532873    2808.182 1
217.317670   2.325532   0.054650  0.000010  16383.658     2.997925   2.983720  11.556335     -30.412 0
215.461040  -0.418453   0.052784  0.000008  15824.245     2.398340   2.984359  11.558810    -560.784 1
216.107350   4.747450   0.054725  0.000013  16406.142     3.897302   2.987232  11.569940      -9.095 0
217.274509   1.782943   0.053198  0.000008  15948.359     2.398340   2.993635  11.594739    -443.113 1
211.413954   1.645651   0.043514  0.000023  13045.169     6.895227   2.997661  11.610333   -3195.586 1
214.141871  -0.648841   0.048610  0.000006  14572.911     1.798755   2.999113  11.615954   -1747.155 1
217.076687   1.129646   0.054884  0.000014  16453.809     4.197094   2.999787  11.618567      36.097 0
211.715762   0.850144   0.047586  0.000013  14265.924     3.897302   3.010504  11.660073   -2038.206 1
211.713623   0.849524   0.048753  0.000016  14615.782     4.796679   3.012667  11.668451   -1706.511 1
212.855070   4.971997   0.055991  0.000015  16785.680     4.496887   3.013490  11.671641     350.739 1
211.711107   0.851781   0.046121  0.000019  13826.728     5.696057   3.013731  11.672574   -2454.601 1
216.708631   4.205358   0.047468  0.000008  14230.548     2.398340   3.017426  11.686885   -2071.745 1
211.658400   3.748749   0.040544  0.000015  12154.785     4.496887   3.017631  11.687677   -4039.746 1
211.394167   1.552222   0.042996  0.000500  12889.877    99.990000   3.039886  11.773873   -3342.816 1
211.394195   1.551062   0.043543  0.000008  13053.863     2.398340   3.040161  11.774940   -3187.343 1
211.305769   1.944085   0.068955  0.000008  20672.189     2.398340   3.049581  11.811426    4035.482 1
211.299806   1.920923   0.068568  0.000024  20556.169     7.195019   3.058608  11.846387    3925.486 1
212.465489  -0.083002   0.054633  0.000016  16378.561     4.796679   3.060704  11.854504     -35.244 0
211.332195   2.970604   0.067975  0.000018  20378.392     5.396264   3.061555  11.857803    3756.938 1
213.622604  -0.640451   0.071572  0.000009  21456.746     2.698132   3.067625  11.881313    4779.310 1
217.379986   1.926707   0.064216  0.000008  19251.472     2.398340   3.074414  11.907608    2688.521 1
215.414774  -0.533831   0.054240  0.000070  16260.743    20.985472   3.074902  11.909495    -146.946 1
216.966342   0.754094   0.056999  0.000006  17087.870     1.798755   3.075616  11.912263     637.241 1
213.662917  -0.658056   0.038200  0.000333  11452.072    99.830889   3.075758  11.912813   -4705.978 1
211.604602   0.892891   0.047645  0.000012  14283.612     3.597509   3.087089  11.956696   -2021.436 1
211.590229   3.777972   0.052114  0.000009  15623.384     2.698132   3.091524  11.973876    -751.217 1
214.566778  -0.739323   0.049700  0.000027  14899.685     8.094396   3.092550  11.977849   -1437.346 1
214.120592  -0.743812   0.048740  0.000010  14611.884     2.997925   3.095274  11.988401   -1710.205 1
216.407731   4.646879   0.055621  0.000011  16674.756     3.297717   3.099265  12.003857     245.574 1
212.779863  -0.342278   0.054651  0.000007  16383.958     2.098547   3.101802  12.013682     -30.128 0
212.757320  -0.332298   0.054730  0.000007  16407.641     2.098547   3.104512  12.024181      -7.674 0
216.439479   4.636798   0.053816  0.000011  16133.631     3.297717   3.113156  12.057657    -267.459 1
216.991558   0.715030   0.056669  0.000006  16988.939     1.798755   3.117446  12.074276     543.446 1
212.192442   0.072040   0.053132  0.000006  15928.573     1.798755   3.119460  12.082075    -461.872 1
215.480413  -0.556549   0.052313  0.000013  15683.043     3.897302   3.119708  12.083036    -694.656 1
216.370063  -0.022919   0.054684  0.000031  16393.851     9.293566   3.122880  12.095319     -20.749 0
216.574818   0.154332   0.054333  0.000014  16288.624     4.197094   3.133669  12.137109    -120.513 1
214.540576  -0.785050   0.049929  0.000019  14968.338     5.696057   3.136294  12.147276   -1372.257 1
211.534052   0.917403   0.071843  0.000011  21537.990     3.297717   3.138257  12.154877    4856.336 1
211.207475   1.987474   0.069194  0.000006  20743.839     1.798755   3.141747  12.168397    4103.413 1
212.328542  -0.078437   0.053500  0.000024  16038.897     7.195019   3.142408  12.170954    -357.276 1
216.286971  -0.124297   0.054577  0.000008  16361.773     2.398340   3.148222  12.193474     -51.161 0
215.495963  -0.590331   0.051098  0.000020  15318.795     5.995849   3.156838  12.226843   -1039.994 1
216.310902   4.809817   0.055935  0.000017  16768.891     5.096472   3.160745  12.241978     334.822 1
215.520917  -0.596778   0.050299  0.000297  15079.261    89.038360   3.172088  12.285911   -1267.093 1
213.785635  -0.783008   0.038042  0.000020  11404.705     5.995849   3.174494  12.295228   -4750.887 1
211.292766   1.401425   0.058121  0.000013  17424.237     3.897302   3.179228  12.313564     956.146 1
212.540109  -0.283337   0.053357  0.000011  15996.026     3.297717   3.179327  12.313947    -397.921 1
216.737150   4.430386   0.055191  0.000011  16545.846     3.297717   3.182650  12.326817     123.355 1
216.736360   4.431397   0.055340  0.000022  16590.515     6.595434   3.182717  12.327076     165.705 1
216.135592  -0.279929   0.061240  0.000070  18359.290    20.985472   3.183668  12.330759    1842.656 1
213.752636  -0.796923   0.038472  0.000011  11533.615     3.297717   3.194009  12.370811   -4628.668 1
217.001050   4.117196   0.068815  0.000008  20630.218     2.398340   3.202772  12.404755    3995.690 1
214.634311  -0.850190   0.048875  0.000297  14652.356    89.038360   3.208765  12.427965   -1671.835 1
214.632004  -0.856814   0.050279  0.000014  15073.265     4.197094   3.215144  12.452670   -1272.777 1
211.179550   1.682632   0.069163  0.000009  20734.546     2.698132   3.218075  12.464024    4094.602 1
216.720320   4.519618   0.057516  0.000009  17242.863     2.698132   3.229390  12.507849     784.188 1
213.147296  -0.661806   0.070158  0.000009  21032.839     2.698132   3.230568  12.512411    4377.410 1
211.108335   2.028685   0.045471  0.000008  13631.863     2.398340   3.235904  12.533078   -2639.350 1
214.630850  -0.878050   0.050710  0.000110  15202.476    32.977170   3.236181  12.534149   -1150.274 1
215.524634  -0.669254   0.054918  0.000018  16464.002     5.396264   3.240764  12.551901      45.761 0
215.639232  -0.631650   0.054385  0.000033  16304.213     9.893151   3.250144  12.588231    -105.733 1
214.654525  -0.890340   0.048337  0.000013  14491.068     3.897302   3.250682  12.590313   -1824.750 1
213.757321  -0.859990   0.038387  0.000027  11508.133     8.094396   3.255225  12.607909   -4652.828 1
213.603480  -0.829360   0.039612  0.000013  11875.379     3.897302   3.255938  12.610672   -4304.647 1
215.485851  -0.700818   0.050607  0.000011  15171.597     3.297717   3.256209  12.611721   -1179.550 1
216.916410   4.337268   0.056368  0.000011  16898.701     3.297717   3.262289  12.635271     457.893 1
213.302913  -0.752212   0.070095  0.000021  21013.952     6.295642   3.262592  12.636443    4359.503 1
216.652106   0.041908   0.055230  0.000014  16557.537     4.197094   3.267579  12.655759     134.440 1
215.819364  -0.566714   0.070870  0.000230  21246.291    68.952265   3.268622  12.659800    4579.781 1
215.631898  -0.655319   0.055096  0.000017  16517.365     5.096472   3.268910  12.660915      96.354 0
212.391006  -0.290847   0.070423  0.000020  21112.284     5.995849   3.271567  12.671205    4452.730 1
217.467284   1.383677   0.051329  0.000006  15388.047     1.798755   3.277100  12.692635    -974.337 1
217.187446   0.711489   0.056803  0.000015  17029.111     4.496887   3.287663  12.733548     581.532 1
214.025104  -0.935821   0.048591  0.000010  14567.215     2.997925   3.294357  12.759475   -1752.556 1
212.471516  -0.384005   0.054460  0.000007  16326.697     2.098547   3.301110  12.785630     -84.416 0
216.955620   4.350337   0.056620  0.000009  16974.249     2.698132   3.301317  12.786433     529.519 1
216.871030   4.459120   0.056715  0.000014  17002.729     4.197094   3.303168  12.793601     556.520 1
216.846270   4.492340   0.057006  0.000010  17089.969     2.997925   3.305692  12.803375     639.231 1
211.816117   4.496354   0.057108  0.000018  17120.548     5.396264   3.308782  12.815344     668.222 1
216.865150   4.475313   0.056649  0.000024  16982.943     7.195019   3.309062  12.816429     537.761 1
212.173248  -0.169439   0.052979  0.000008  15882.705     2.398340   3.311961  12.827656    -505.359 1
213.101139  -0.732072   0.054416  0.000006  16313.506     1.798755   3.312887  12.831244     -96.922 0
216.884908   4.457839   0.056452  0.000417  16923.884    99.990000   3.313014  12.831736     481.768 1
215.635410  -0.704917   0.054407  0.000010  16310.808     2.997925   3.315858  12.842749     -99.480 0
216.915633   4.426015   0.055587  0.000012  16664.563     3.597509   3.316646  12.845801     235.910 1
215.457293  -0.777421   0.054933  0.000012  16468.499     3.597509   3.318175  12.851723      50.024 0
216.889820   4.460073   0.056190  0.000007  16845.338     2.098547   3.318219  12.851896     407.300 1
217.302312   0.850456   0.054372  0.000013  16300.316     3.897302   3.323012  12.870458    -109.428 1
212.357478  -0.335236   0.071016  0.000006  21290.061     1.798755   3.327174  12.886579    4621.278 1
213.554944  -0.894348   0.037829  0.000012  11340.849     3.597509   3.330279  12.898604   -4811.427 1
216.909309   4.460340   0.056040  0.000013  16800.369     3.897302   3.333413  12.910741     364.666 1
216.914264   4.454816   0.056858  0.000025  17045.600     7.494811   3.333740  12.912008     597.165 1
215.259185  -0.861987   0.054548  0.000010  16353.079     2.997925   3.337557  12.926795     -59.404 0
215.098531  -0.912231   0.049690  0.000020  14896.687     5.995849   3.345475  12.957459   -1440.188 1
215.823652  -0.652404   0.053282  0.000297  15973.542    89.038360   3.347070  12.963638    -419.238 1
217.206179   0.625513   0.051285  0.000007  15374.856     2.098547   3.347246  12.964320    -986.843 1
216.899700   4.498736   0.056773  0.000016  17020.117     4.796679   3.350559  12.977151     573.006 1
216.905211   4.500191   0.047990  0.000011  14387.040     3.297717   3.355712  12.997112   -1923.377 1
217.624928   1.646265   0.051521  0.000008  15445.607     2.398340   3.363879  13.028740    -919.765 1
212.157639  -0.225189   0.052042  0.000009  15601.799     2.698132   3.364518  13.031215    -771.682 1
215.889727  -0.649412   0.050750  0.000297  15214.467    89.038360   3.374340  13.069258   -1138.905 1
210.975169   2.724100   0.071574  0.000006  21457.345     1.798755   3.374973  13.071709    4779.878 1
212.434236  -0.448385   0.054399  0.000010  16308.410     2.997925   3.375293  13.072950    -101.754 0
217.007850   4.409968   0.056390  0.000016  16905.297     4.796679   3.379035  13.087443     464.146 1
210.970071   2.721467   0.070850  0.000070  21240.296    20.985472   3.379739  13.090170    4574.096 1
216.495071   4.945725   0.056257  0.000005  16865.424     1.498962   3.382407  13.100505     426.343 1
216.895170   4.567473   0.054307  0.000031  16280.829     9.293566   3.391746  13.136676    -127.903 1
210.991245   1.739826   0.071635  0.000010  21475.633     2.997925   3.391765  13.136746    4797.216 1
212.609935  -0.588454   0.053687  0.000008  16094.958     2.398340   3.399969  13.168524    -304.125 1
217.508100   3.566848   0.066384  0.000015  19901.423     4.496887   3.401252  13.173491    3304.730 1
217.321442   0.697268   0.055858  0.000029  16745.807     8.693981   3.411361  13.212646     312.936 1
215.944423  -0.663930   0.052557  0.000015  15756.192     4.496887   3.412691  13.217799    -625.304 1
211.250719   0.848464   0.069561  0.000007  20853.863     2.098547   3.422405  13.255422    4207.725 1
210.937280   2.812500   0.050910  0.000009  15262.434     2.698132   3.423558  13.259887   -1093.429 1
211.250207   0.846858   0.069582  0.000007  20860.159     2.098547   3.423568  13.259924    4213.694 1
211.220490   3.785573   0.051897  0.000009  15558.329     2.698132   3.426307  13.270532    -812.895 1
211.229160   3.807835   0.051595  0.000015  15467.792     4.496887   3.427895  13.276685    -898.732 1
217.007550   4.489699   0.055426  0.000008  16616.297     2.398340   3.428124  13.277569     190.149 1
212.024272  -0.194161   0.053589  0.000014  16065.578     4.197094   3.429012  13.281010    -331.979 1
216.576323   4.942226   0.056076  0.000009  16811.162     2.698132   3.432212  13.293403     374.898 1
217.366749   0.716600   0.056118  0.000030  16823.753     8.993774   3.441890  13.330887     386.836 1
217.359781   0.679007   0.052180  0.000080  15643.170    23.983397   3.453725  13.376727    -732.458 1
217.771032   2.000293   0.051370  0.000013  15400.339     3.897302   3.453816  13.377079    -962.683 1
211.513918   0.343213   0.053645  0.000006  16082.366     1.798755   3.453956  13.377621    -316.063 1
217.772083   2.004556   0.051000  0.000333  15289.415    99.830889   3.454439  13.379493   -1067.848 1
212.006618  -0.225625   0.053289  0.000018  15975.640     5.396264   3.464172  13.417191    -417.248 1
210.866788   2.524882   0.071189  0.000016  21341.925     4.796679   3.466530  13.426323    4670.450 1
217.317601   0.565386   0.053809  0.000005  16131.532     1.498962   3.473656  13.453921    -269.449 1
216.045876  -0.678899   0.050474  0.000011  15131.725     3.297717   3.474729  13.458080   -1217.353 1
216.304259  -0.521302   0.055366  0.000008  16598.309     2.398340   3.478044  13.470916     173.095 1
211.866838   4.808032   0.068960  0.001800  20673.688    99.990000   3.483464  13.491908    4036.904 1
211.279840   4.067672   0.049026  0.000015  14697.625     4.496887   3.502455  13.565463   -1628.916 1
211.315238   0.538489   0.044808  0.000007  13433.100     2.098547   3.513340  13.607622   -2827.794 1
213.333216  -1.026757   0.070273  0.000009  21067.315     2.698132   3.515510  13.616030    4410.096 1
211.105690   3.759665   0.041010  0.000012  12294.489     3.597509   3.520202  13.634199   -3907.295 1
217.446995   0.688037   0.053969  0.000010  16179.499     2.997925   3.526067  13.656917    -223.972 1
217.353539   0.513391   0.054508  0.000025  16341.087     7.494811   3.531223  13.676886     -70.773 1
214.133413  -1.182058   0.049746  0.000007  14913.476     2.098547   3.531889  13.679464   -1424.271 1
212.939513  -0.904193   0.054444  0.000025  16321.901     7.494811   3.533694  13.686456     -88.964 1
217.379579   0.548710   0.056512  0.000034  16941.871    10.192944   3.535428  13.693174     498.822 1
212.308550  -0.560869   0.054213  0.000010  16252.649     2.997925   3.539126  13.707495    -154.621 1
216.007818  -0.773549   0.052235  0.000009  15659.659     2.698132   3.539232  13.707908    -716.825 1
217.457629   0.664872   0.053653  0.000012  16084.765     3.597509   3.546362  13.735520    -313.789 1
216.868057   4.827302   0.056923  0.000009  17065.086     2.698132   3.548056  13.742085     615.640 1
213.942634  -1.186852   0.049907  0.000006  14961.742     1.798755   3.552445  13.759082   -1378.510 1
213.154691  -1.012273   0.053708  0.000007  16101.253     2.098547   3.556548  13.774974    -298.156 1
213.100472  -0.994125   0.053962  0.000007  16177.401     2.098547   3.557790  13.779783    -225.962 1
211.972256  -0.324415   0.053116  0.000011  15923.776     3.297717   3.560716  13.791118    -466.420 1
217.388000   0.497458   0.055400  0.000333  16608.502    99.830889   3.568929  13.822926     182.759 1
217.385936   0.493877   0.055529  0.000022  16647.175     6.595434   3.569019  13.823277     219.425 1
217.908167   2.328397   0.065321  0.000023  19582.743     6.895227   3.573699  13.841402    3002.594 1
213.151777  -1.036312   0.053830  0.000014  16137.828     4.197094   3.580202  13.866587    -263.480 1
213.152297  -1.036717   0.054481  0.000500  16332.993    99.990000   3.580413  13.867406     -78.447 1
213.352262  -1.104681   0.069863  0.000023  20944.400     6.895227   3.585060  13.885404    4293.562 1
217.927952   2.322007   0.065002  0.000014  19487.109     4.197094   3.593501  13.918098    2911.925 1
217.175100   4.547548   0.054477  0.000010  16331.794     2.997925   3.595395  13.925433     -79.584 1
217.534557   0.703515   0.053767  0.000009  16118.941     2.698132   3.596450  13.929520    -281.387 1
210.930452   1.165815   0.042552  0.000008  12756.769     2.398340   3.596752  13.930687   -3469.014 1
217.359371   0.397621   0.056493  0.000012  16936.175     3.597509   3.597511  13.933628     493.421 1
217.068622   0.002410   0.053046  0.000006  15902.791     1.798755   3.600500  13.945207    -486.316 1
217.353205   0.373132   0.056927  0.000021  17066.285     6.295642   3.605661  13.965193     616.777 1
215.844447  -0.931921   0.054538  0.000009  16350.081     2.698132   3.608135  13.974779     -62.246 1
217.743230   3.548943   0.065827  0.000031  19734.438     9.293566   3.615463  14.003159    3146.414 1
211.015385   0.896276   0.043023  0.000013  12897.971     3.897302   3.615937  14.004996   -3335.142 1
214.021170  -1.259696   0.050166  0.000012  15039.388     3.597509   3.617291  14.010239   -1304.895 1
214.021824  -1.260253   0.049872  0.000006  14951.249     1.798755   3.617790  14.012171   -1388.458 1
214.252562  -1.276854   0.049213  0.000010  14753.686     2.997925   3.621993  14.028451   -1575.765 1
212.183019  -0.573775   0.054147  0.000006  16232.862     1.798755   3.622614  14.030858    -173.380 1
214.046706  -1.268442   0.050239  0.000018  15061.273     5.396264   3.623912  14.035883   -1284.146 1
217.403822   0.409987   0.055835  0.000020  16738.912     5.995849   3.628333  14.053005     306.399 1
215.683185  -1.028696   0.038766  0.000020  11621.754     5.995849   3.633309  14.072280   -4545.105 1
211.397527   0.184987   0.047675  0.000012  14292.605     3.597509   3.640934  14.101811   -2012.909 1
210.843575   3.402255   0.046420  0.000020  13916.366     5.995849   3.642066  14.106197   -2369.617 1
214.340118  -1.301638   0.049720  0.000297  14905.681    89.038360   3.645928  14.121155   -1431.661 1
210.691011   2.630002   0.071607  0.000019  21467.239     5.696057   3.648657  14.131723    4789.258 1
217.444952   0.424167   0.054282  0.000012  16273.334     3.597509   3.655699  14.158999    -135.009 1
216.420208  -0.660625   0.050022  0.000010  14996.218     2.997925   3.658526  14.169949   -1345.824 1
217.414000   0.368844   0.054600  0.000333  16368.668    99.830889   3.658988  14.171738     -44.624 1
210.926608   0.994359   0.042968  0.000011  12881.482     3.297717   3.660088  14.175999   -3350.775 1
217.458239   0.429605   0.054692  0.000020  16396.249     5.995849   3.664158  14.191763     -18.475 1
217.419282   0.366401   0.055747  0.000011  16712.530     3.297717   3.664750  14.194052     281.387 1
216.882270  -0.290160   0.053605  0.000016  16070.375     4.796679   3.665483  14.196893    -327.432 1
216.895811  -0.277523   0.052871  0.000017  15850.327     5.096472   3.665854  14.198332    -536.056 1
217.424207   0.368992   0.053746  0.000019  16112.645     5.696057   3.667497  14.204694    -287.355 1
217.402535   0.334922   0.055771  0.000015  16719.725     4.496887   3.667824  14.205961     288.208 1
210.951846   0.907460   0.070106  0.000015  21017.250     4.496887   3.669805  14.213633    4362.630 1
213.963968  -1.307566   0.040561  0.000013  12159.882     3.897302   3.670264  14.215412   -4034.914 1
217.351340   0.253826   0.055286  0.000015  16574.326     4.496887   3.670710  14.217139     150.357 1
213.955325  -1.316121   0.049795  0.000008  14928.165     2.398340   3.679649  14.251758   -1410.344 1
212.103590  -0.589126   0.052676  0.000012  15791.868     3.597509   3.682417  14.262480    -591.480 1
212.810746  -1.012705   0.049080  0.000110  14713.814    32.977170   3.684861  14.271947   -1613.568 1
