 53.527929 -38.992474   0.061132  0.000050  18326.913    14.989623   0.023321   0.100095    -185.220 0
 53.546193 -39.029687   0.063077  0.000110  18910.009    32.977170   0.038344   0.164575     363.945 0
 53.593000 -38.987000   0.061362  0.000333  18395.865    99.830889   0.071146   0.305359    -120.280 0
 53.491403 -39.084257   0.059181  0.000070  17742.017    20.985472   0.077059   0.330738    -736.078 0
 53.612619 -38.970409   0.064138  0.000183  19228.089    54.862020   0.091315   0.391925     663.515 0
 53.608451 -38.929326   0.062733  0.000150  18806.880    44.968869   0.112182   0.481487     266.818 0
 53.529538 -38.888042   0.067283  0.000083  20170.936    24.882774   0.121384   0.520982    1551.496 1
 53.643696 -38.949836   0.064985  0.000113  19482.013    33.876548   0.122108   0.524090     902.663 1
 53.624685 -39.099486   0.060000  0.000333  17987.547    99.830889   0.130185   0.558757    -504.836 0
 53.392817 -38.907780   0.062577  0.000140  18760.113    41.970944   0.133076   0.571165     222.772 0
 53.658288 -39.071192   0.060435  0.000130  18117.957    38.973020   0.134494   0.577249    -382.015 0
 53.504303 -38.867765   0.062497  0.000150  18736.129    44.968869   0.140220   0.601826     200.184 0
 53.367422 -39.111394   0.066366  0.000173  19896.026    51.864095   0.149025   0.639618    1292.584 1
 53.566797 -38.852971   0.062216  0.000103  18651.888    30.878623   0.162161   0.695995     120.844 0
 53.662520 -38.886270   0.062100  0.000333  18617.112    99.830889   0.172333   0.739653      88.092 0
 53.324405 -39.153988   0.066703  0.000093  19997.056    27.880699   0.202789   0.870372    1387.735 1
 53.759743 -38.958308   0.067453  0.000127  20221.901    38.073642   0.203700   0.874283    1599.495 1
 53.406566 -38.798336   0.064101  0.000137  19216.996    41.071567   0.223301   0.958409     653.068 0
 53.724438 -38.829988   0.059965  0.000080  17977.055    23.983397   0.246214   1.056755    -514.718 0
 53.814059 -38.936225   0.060158  0.000113  18034.915    33.876548   0.250265   1.074141    -460.225 0
 53.476995 -39.260896   0.065986  0.000217  19782.105    65.054963   0.253883   1.089668    1185.292 1
 53.743835 -38.833899   0.059041  0.000217  17700.047    65.054963   0.254165   1.090879    -775.607 1
 53.689841 -38.794459   0.062000  0.000333  18587.132    99.830889   0.257114   1.103536      59.858 0
 53.829333 -39.080572   0.062493  0.000137  18734.930    41.071567   0.261888   1.124024     199.055 0
 53.780950 -38.854483   0.059628  0.000237  17876.025    71.050813   0.263383   1.130443    -609.869 0
 53.220604 -38.845269   0.067477  0.000230  20229.096    68.952265   0.274754   1.179247    1606.271 1
 53.860575 -39.044604   0.062950  0.000207  18871.935    62.057039   0.278323   1.194565     328.087 0
 53.183320 -39.151563   0.049121  0.000150  14726.105    44.968869   0.288613   1.238729   -3576.487 1
 53.132146 -39.008595   0.064695  0.000087  19395.073    26.081944   0.290129   1.245238     820.782 1
 53.811110 -38.837947   0.060028  0.000347  17995.942    99.990000   0.292065   1.253545    -496.930 0
 53.136932 -38.893282   0.062657  0.000080  18784.096    23.983397   0.308523   1.324185     245.359 0
 53.752138 -39.258764   0.060695  0.000284  18195.903    85.141058   0.315623   1.354657    -308.605 0
 53.856925 -38.801744   0.062133  0.000107  18627.005    32.077793   0.342198   1.468718      97.410 0
 53.681553 -39.340473   0.075272  0.000150  22565.978    44.968869   0.359531   1.543110    3807.164 1
 53.724716 -38.684782   0.067927  0.000150  20364.002    44.968869   0.365337   1.568032    1733.327 1
 53.626223 -39.366701   0.059761  0.000163  17915.897    48.866171   0.370779   1.591389    -572.317 0
 53.865727 -38.739954   0.061015  0.000120  18291.837    35.975095   0.387539   1.663322    -218.254 0
 53.790682 -39.333526   0.060055  0.000203  18004.036    60.857869   0.393804   1.690212    -489.307 0
 53.817678 -38.666099   0.062366  0.000117  18696.856    35.075718   0.419194   1.799186     163.196 0
 53.749979 -39.398146   0.061299  0.000430  18376.978    99.990000   0.433952   1.862525    -138.068 0
 53.871249 -38.677567   0.062110  0.000150  18620.110    44.968869   0.435824   1.870559      90.916 0
 53.709783 -39.419580   0.075275  0.000264  22566.877    79.145209   0.441144   1.893393    3808.011 1
 53.796356 -39.395202   0.060792  0.000097  18224.983    29.079868   0.448348   1.924313    -281.217 0
 53.511073 -39.457824   0.060835  0.000213  18237.874    63.855794   0.449863   1.930815    -269.077 0
 53.827833 -38.602107   0.062783  0.000203  18821.870    60.857869   0.476933   2.047000     280.935 0
 53.720448 -39.455364   0.060528  0.000150  18145.838    44.968869   0.477541   2.049609    -355.757 0
 53.593373 -39.491424   0.061399  0.000160  18406.957    47.966793   0.488239   2.095525    -109.833 0
 53.077677 -39.372883   0.063447  0.000150  19020.932    44.968869   0.493638   2.118699     468.413 0
 53.937741 -38.644346   0.061719  0.000123  18502.891    36.874472   0.495012   2.124596     -19.482 0
 53.638338 -39.504405   0.073521  0.000143  22041.041    42.870321   0.507039   2.176216    3312.775 1
 53.506040 -38.498432   0.067623  0.000227  20272.865    68.052888   0.509550   2.186994    1647.494 1
 53.937218 -38.622999   0.061542  0.000120  18449.827    35.975095   0.510632   2.191636     -69.457 0
 53.696942 -39.498146   0.072744  0.000120  21808.103    35.975095   0.512238   2.198529    3093.392 1
 53.702280 -39.515322   0.060465  0.000137  18126.951    41.071567   0.529879   2.274246    -373.545 0
 53.883576 -38.563373   0.065088  0.000167  19512.892    50.065340   0.532899   2.287208     931.744 1
 54.015584 -38.651580   0.061689  0.000097  18493.897    29.079868   0.533028   2.287761     -27.952 0
 53.761342 -39.503944   0.071389  0.000163  21401.884    48.866171   0.534319   2.293303    2710.812 1
 53.984612 -38.623276   0.064138  0.000083  19228.089    24.882774   0.535347   2.297714     663.515 1
 53.543484 -39.552781   0.072373  0.000143  21696.880    42.870321   0.545597   2.341709    2988.641 1
 53.743861 -39.531948   0.070879  0.000107  21248.990    32.077793   0.555736   2.385225    2566.815 1
 52.774804 -38.968800   0.065018  0.000073  19491.906    21.884849   0.569155   2.442816     911.980 1
 53.661698 -39.567830   0.062533  0.000217  18746.922    65.054963   0.572852   2.458684     210.348 0
 52.733807 -38.917024   0.063600  0.000333  19066.800    99.830889   0.606520   2.603191     511.612 0
 52.750202 -38.852257   0.062703  0.000090  18797.886    26.981321   0.607229   2.606232     258.347 0
 53.420157 -38.362578   0.067627  0.000140  20274.065    41.970944   0.648803   2.784669    1648.623 1
 52.990112 -39.522670   0.061326  0.000160  18385.072    47.966793   0.652152   2.799041    -130.444 0
 52.668266 -38.923652   0.065182  0.000130  19541.072    38.973020   0.656033   2.815700     958.285 1
 54.322308 -39.206779   0.063290  0.000150  18973.865    44.968869   0.665101   2.854621     424.085 0
 54.343365 -39.156970   0.071943  0.000150  21567.969    44.968869   0.667889   2.866584    2867.232 1
 52.835641 -39.469808   0.063204  0.000240  18948.083    71.950190   0.695870   2.986680     399.803 0
 54.387597 -39.184453   0.071000  0.000333  21285.265    99.830889   0.707783   3.037809    2600.979 1
 52.849084 -39.504577   0.059004  0.000220  17688.954    65.954341   0.711894   3.055454    -786.054 1
 54.378514 -39.251866   0.063599  0.000213  19066.501    63.855794   0.720880   3.094023     511.330 0
 53.723710 -38.303905   0.059718  0.000333  17903.006    99.830889   0.724204   3.108292    -584.458 1
 54.053062 -38.414898   0.069308  0.000197  20778.016    59.059114   0.729917   3.132811    2123.248 1
 53.391806 -38.279765   0.059708  0.000163  17900.008    48.866171   0.733558   3.148437    -587.281 1
 54.338722 -39.362063   0.064931  0.000163  19465.824    48.866171   0.737947   3.167277     887.416 1
 54.469130 -39.038806   0.070521  0.000297  21141.664    89.038360   0.749420   3.216517    2465.735 1
 54.160450 -39.558105   0.071343  0.000163  21388.093    48.866171   0.749425   3.216540    2697.824 1
 54.205140 -39.532683   0.066866  0.000210  20045.922    62.956416   0.755557   3.242858    1433.757 1
 53.800053 -39.728596   0.067160  0.000107  20134.061    32.077793   0.756087   3.245133    1516.767 1
 54.055400 -39.634762   0.066362  0.000093  19894.827    27.880699   0.758573   3.255802    1291.454 1
 52.797676 -39.552556   0.062737  0.000130  18808.079    38.973020   0.774013   3.322068     267.947 0
 52.771312 -39.535296   0.049221  0.000070  14756.085    20.985472   0.776885   3.334398   -3548.252 1
 54.275788 -39.504128   0.053724  0.000294  16106.050    88.138983   0.777445   3.336800   -2276.845 1
 54.479975 -39.210250   0.063726  0.000297  19104.574    89.038360   0.783763   3.363916     547.188 1
 54.008264 -39.709343   0.068841  0.000180  20638.013    53.962642   0.802825   3.445730    1991.392 1
 54.256874 -39.566170   0.067062  0.000297  20104.682    89.038360   0.807747   3.466857    1489.097 1
 54.093106 -39.676876   0.067587  0.000100  20262.073    29.979246   0.809874   3.475988    1637.329 1
 54.072815 -39.706367   0.068834  0.000130  20635.914    38.973020   0.825875   3.544662    1989.416 1
 54.586535 -38.932359   0.061823  0.000213  18534.069    63.855794   0.843413   3.619938       9.882 0
 52.426915 -39.106622   0.062400  0.000333  18707.049    99.830889   0.843919   3.622107     172.796 0
 52.429523 -39.205129   0.063651  0.000150  19082.090    44.968869   0.859036   3.686991     526.012 1
 54.561758 -39.301031   0.063040  0.000227  18898.917    68.052888   0.871510   3.740529     353.498 0
 54.120195 -39.750896   0.063801  0.000150  19127.059    44.968869   0.883212   3.790755     568.364 1
 54.544799 -39.379817   0.063294  0.000100  18975.064    29.979246   0.889075   3.815919     425.214 0
 54.650500 -39.075518   0.063700  0.000333  19096.780    99.830889   0.892280   3.829675     539.847 1
 54.488805 -39.490870   0.073351  0.000103  21990.077    30.878623   0.903875   3.879441    3264.776 1
 54.491655 -39.532652   0.064451  0.000087  19321.924    26.081944   0.928697   3.985974     751.890 1
 53.078285 -38.138314   0.059928  0.000150  17965.962    44.968869   0.930878   3.995338    -525.165 1
 54.155828 -39.793934   0.067323  0.000090  20182.928    26.981321   0.934388   4.010401    1562.790 1
 53.076547 -38.133536   0.058800  0.000333  17627.797    99.830889   0.935824   4.016564    -843.652 1
 54.339326 -39.710042   0.063997  0.000087  19185.818    26.081944   0.955348   4.100361     623.704 1
 54.240439 -39.787244   0.067110  0.000127  20119.072    38.073642   0.966117   4.146581    1502.650 1
 52.329374 -39.359958   0.063401  0.000150  19007.142    44.968869   0.979364   4.203439     455.425 0
 54.695663 -39.434076   0.071976  0.000150  21577.862    44.968869   1.018253   4.370351    2876.549 1
 54.830518 -39.136950   0.061847  0.000297  18541.264    89.038360   1.037651   4.453608      16.658 0
 54.829025 -39.160572   0.062275  0.000297  18669.575    89.038360   1.039703   4.462416     137.503 0
 54.849286 -38.969698   0.063717  0.000150  19101.876    44.968869   1.044891   4.484680     544.647 1
 52.285725 -39.474973   0.062700  0.000333  18796.987    99.830889   1.056643   4.535122     257.500 0
 54.583482 -38.359106   0.062100  0.000333  18617.112    99.830889   1.059569   4.547681      88.092 0
 54.869075 -39.027077   0.063154  0.000297  18933.093    89.038360   1.059738   4.548407     385.686 0
 54.018737 -39.993614   0.062160  0.000340  18635.099    99.990000   1.063257   4.563508     105.033 0
 54.403125 -39.826972   0.054380  0.000297  16302.714    89.038360   1.075753   4.617143   -2091.625 1
 54.877772 -38.806104   0.064585  0.000150  19362.096    44.968869   1.085266   4.657972     789.724 1
 54.920137 -39.101036   0.063630  0.000213  19075.794    63.855794   1.103176   4.734842     520.083 1
 53.812316 -40.096077   0.060492  0.000133  18135.045    39.872397   1.113906   4.780895    -365.921 0
 52.245678 -38.455919   0.063117  0.000110  18922.001    32.977170   1.123899   4.823782     375.239 0
 53.600249 -40.167040   0.078851  0.000150  23638.935    44.968869   1.161393   4.984711    4817.684 1
 54.749931 -39.677976   0.066496  0.000304  19934.999    91.136907   1.176414   5.049181    1329.289 1
 54.863275 -39.529318   0.063136  0.000213  18927.697    63.855794   1.176835   5.050988     380.604 0
 54.982702 -39.267998   0.079048  0.000297  23697.994    89.038360   1.176942   5.051447    4873.306 1
 54.992935 -39.272874   0.063147  0.000150  18930.994    44.968869   1.185779   5.089372     383.709 0
 53.955316 -40.180256   0.060352  0.000307  18093.074    92.036285   1.223271   5.250290    -405.450 0
 55.077591 -39.250017   0.078833  0.000213  23633.539    63.855794   1.245342   5.345018    4812.601 1
 54.746144 -38.200092   0.047916  0.000150  14364.855    44.968869   1.257801   5.398492   -3916.715 1
 54.484776 -38.002573   0.060400  0.000333  18107.464    99.830889   1.260905   5.411817    -391.897 0
 52.483803 -39.990942   0.054491  0.000150  16335.991    44.968869   1.263540   5.423125   -2060.285 1
 54.872689 -39.702984   0.065911  0.000297  19759.621    89.038360   1.269515   5.448768    1164.116 1
 54.472425 -40.054321   0.064628  0.000100  19374.987    29.979246   1.288156   5.528778     801.865 1
 55.118463 -39.325770   0.062573  0.000150  18758.913    44.968869   1.293015   5.549634     221.642 0
 55.164379 -39.188753   0.071062  0.000183  21303.852    54.862020   1.301648   5.586687    2618.484 1
 54.937190 -39.694080   0.063654  0.000213  19082.989    63.855794   1.307049   5.609866     526.859 1
 55.170279 -39.322349   0.069550  0.000213  20850.565    63.855794   1.331269   5.713819    2191.576 1
 55.181884 -39.311264   0.069878  0.000297  20948.897    89.038360   1.337477   5.740461    2284.186 1
 55.196958 -39.297371   0.062428  0.000213  18715.444    63.855794   1.345832   5.776322     180.702 0
 55.032999 -39.652903   0.053314  0.000213  15983.135    63.855794   1.350837   5.797805   -2392.607 1
 54.598712 -40.067539   0.054074  0.000073  16210.977    21.884849   1.358041   5.828723   -2178.023 1
 53.304360 -40.359148   0.065045  0.000150  19500.000    44.968869   1.360177   5.837892     919.604 1
 52.236539 -38.068777   0.066299  0.000150  19875.940    44.968869   1.361776   5.844757    1273.666 1
 55.229743 -39.494786   0.066786  0.000213  20021.939    63.855794   1.425522   6.118353    1411.169 1
 55.375122 -38.738246   0.062489  0.000213  18733.731    63.855794   1.477623   6.341970     197.925 1
 52.384717 -40.209644   0.049311  0.000150  14783.066    44.968869   1.484083   6.369696   -3522.841 1
 55.448685 -38.706498   0.054264  0.000150  16267.938    44.968869   1.539761   6.608667   -2124.377 1
 55.481059 -38.868668   0.061388  0.000297  18403.659    89.038360   1.541422   6.615797    -112.939 1
 55.486149 -39.184279   0.067107  0.000297  20118.172    89.038360   1.549133   6.648893    1501.803 1
 55.219933 -39.820715   0.052858  0.000213  15846.430    63.855794   1.560545   6.697873   -2521.357 1
 51.485190 -39.157415   0.066100  0.000333  19816.281    99.830889   1.577005   6.768521    1217.479 1
 53.215563 -40.571575   0.078588  0.000150  23560.090    44.968869   1.579743   6.780270    4743.426 1
 54.474167 -40.408437   0.061466  0.000150  18427.043    44.968869   1.589915   6.823931     -90.916 1
 55.482900 -39.460056   0.064508  0.000297  19339.012    89.038360   1.601668   6.874371     767.983 1
 52.239673 -37.714030   0.058170  0.000150  17438.927    44.968869   1.625375   6.976124   -1021.531 1
 53.070734 -37.378470   0.063908  0.000150  19159.136    44.968869   1.664167   7.142619     598.575 1
 54.178801 -40.635147   0.074758  0.000150  22411.885    44.968869   1.709206   7.335929    3662.038 1
 53.555385 -37.293416   0.046832  0.000150  14039.880    44.968869   1.715004   7.360812   -4222.779 1
 55.735253 -38.877859   0.066999  0.000213  20085.795    63.855794   1.737516   7.457436    1471.309 1
 51.572905 -38.127730   0.064021  0.000150  19193.013    44.968869   1.740717   7.471173     630.480 1
 51.324144 -39.425001   0.062900  0.000333  18856.946    99.830889   1.745596   7.492113     313.970 1
 54.495748 -40.581054   0.065369  0.000150  19597.133    44.968869   1.751182   7.516089    1011.084 1
 53.176316 -40.757144   0.064631  0.000150  19375.886    44.968869   1.767768   7.587277     802.712 1
 54.114604 -37.261918   0.071399  0.000150  21404.882    44.968869   1.809075   7.764564    2713.635 1
 52.704287 -40.715942   0.052840  0.000150  15841.033    44.968869   1.817899   7.802440   -2526.439 1
 55.719609 -39.606589   0.064848  0.000297  19440.941    89.038360   1.821643   7.818509     863.981 1
 51.352423 -39.783592   0.054131  0.000150  16228.066    44.968869   1.844114   7.914955   -2161.930 1
 51.571319 -37.903996   0.064368  0.000150  19297.041    44.968869   1.864870   8.004039     728.455 1
 55.894066 -38.808271   0.063069  0.000297  18907.611    89.038360   1.866758   8.012140     361.686 1
 51.174861 -39.464398   0.061459  0.000150  18424.945    44.968869   1.867680   8.016100     -92.892 1
 53.382237 -37.135819   0.063451  0.000150  19022.131    44.968869   1.874612   8.045852     469.543 1
 53.417390 -37.115053   0.064000  0.003000  19186.717    99.990000   1.894167   8.129782     624.551 1
 54.938081 -40.597566   0.050168  0.000150  15039.988    44.968869   1.940609   8.329113   -3280.870 1
 52.366798 -37.272977   0.064051  0.000150  19202.007    44.968869   1.947614   8.359176     638.951 1
 51.021472 -38.738846   0.066669  0.000150  19986.863    44.968869   1.948918   8.364773    1378.135 1
 50.985375 -39.193278   0.048717  0.000150  14604.989    44.968869   1.967042   8.442561   -3690.555 1
 55.475645 -40.342359   0.061547  0.000297  18451.326    89.038360   2.030822   8.716305     -68.046 1
 51.798050 -37.464597   0.058611  0.000150  17571.136    44.968869   2.035297   8.735512    -897.016 1
 55.949999 -39.829261   0.061543  0.000150  18450.127    44.968869   2.069451   8.882102     -69.175 1
 56.155066 -38.633263   0.071763  0.000150  21514.006    44.968869   2.092679   8.981795    2816.409 1
 51.239965 -40.178607   0.052860  0.000150  15847.029    44.968869   2.114142   9.073915   -2520.792 1
 53.618090 -36.890321   0.079168  0.000150  23733.969    44.968869   2.119467   9.096771    4907.188 1
 53.631925 -36.872361   0.063314  0.000150  18981.060    44.968869   2.137879   9.175795     430.861 1
 55.810549 -40.200331   0.071253  0.000297  21361.112    89.038360   2.151721   9.235204    2672.413 1
 53.017415 -41.164734   0.064898  0.000150  19455.931    44.968869   2.189848   9.398846     878.099 1
 55.941748 -40.136171   0.069442  0.000297  20818.188    89.038360   2.203774   9.458620    2161.083 1
 56.120909 -38.060530   0.049291  0.000150  14777.070    44.968869   2.242313   9.624026   -3528.488 1
 51.527297 -40.646487   0.058510  0.000150  17540.857    44.968869   2.246698   9.642847    -925.533 1
 56.430846 -39.031739   0.067086  0.000150  20111.877    44.968869   2.273278   9.756927    1495.873 1
 56.429466 -39.244651   0.064447  0.000213  19320.725    63.855794   2.284374   9.804553     750.760 1
 53.020189 -41.263487   0.050075  0.000150  15012.107    44.968869   2.286816   9.815034   -3307.128 1
 56.270009 -39.809364   0.061739  0.000150  18508.887    44.968869   2.292785   9.840654     -13.835 1
 56.400142 -38.465274   0.048510  0.000150  14542.932    44.968869   2.313841   9.931024   -3749.001 1
 53.819508 -36.702698   0.078721  0.000150  23599.962    44.968869   2.318160   9.949564    4780.979 1
 56.229024 -38.048829   0.048934  0.000150  14670.044    44.968869   2.323534   9.972628   -3629.286 1
 52.068233 -41.068824   0.059928  0.000150  17965.962    44.968869   2.344019  10.060551    -525.165 1
 50.808846 -37.925641   0.055849  0.000150  16743.109    44.968869   2.358484  10.122636   -1676.858 1
 54.882411 -36.888195   0.048567  0.000183  14560.020    54.862020   2.374499  10.191371   -3732.907 1
 50.663024 -39.949086   0.053017  0.000150  15894.097    44.968869   2.400914  10.304744   -2476.464 1
 55.355167 -40.967664   0.061806  0.000150  18528.973    44.968869   2.430257  10.430686       5.082 1
 56.578242 -39.646697   0.076360  0.000333  22892.152    99.830889   2.471642  10.608309    4114.358 1
 50.633864 -40.192091   0.062226  0.000150  18654.885    44.968869   2.526150  10.842260     123.668 1
 51.083753 -40.747502   0.065959  0.000237  19774.011    71.050813   2.562672  10.999010    1177.669 1
 53.217038 -41.573479   0.049731  0.000150  14908.979    44.968869   2.575272  11.053088   -3404.256 1
 52.948805 -41.564556   0.062326  0.000150  18684.865    44.968869   2.592915  11.128815     151.903 1
 50.145071 -39.021015   0.055800  0.000333  16728.419    99.830889   2.611293  11.207691   -1690.693 1
 53.691932 -36.364311   0.069708  0.000150  20897.933    44.968869   2.647637  11.363680    2236.187 1
 50.550147 -40.331919   0.057937  0.000150  17369.076    44.968869   2.650790  11.377213   -1087.318 1
 55.312595 -41.259634   0.058817  0.000150  17632.893    44.968869   2.653627  11.389389    -838.852 1
 55.606829 -41.102510   0.058580  0.000153  17561.842    45.868246   2.655791  11.398680    -905.769 1
 50.133330 -38.536838   0.053077  0.000150  15912.084    44.968869   2.662402  11.427054   -2459.523 1
 56.415252 -40.429664   0.053741  0.000150  16111.146    44.968869   2.670854  11.463331   -2272.045 1
 54.519846 -41.567919   0.062000  0.000333  18587.132    99.830889   2.678531  11.496279      59.858 1
 50.815131 -37.329136   0.064848  0.000150  19440.941    44.968869   2.681244  11.507921     863.981 1
 55.514020 -36.811465   0.050405  0.000150  15111.039    44.968869   2.694541  11.564995   -3213.954 1
 57.000632 -38.936294   0.067123  0.000150  20122.969    44.968869   2.716856  11.660771    1506.320 1
 53.913764 -36.296897   0.048437  0.000150  14521.047    44.968869   2.729582  11.715391   -3769.612 1
 54.483968 -41.671172   0.060098  0.000150  18016.927    44.968869   2.769596  11.887130    -477.166 1
 50.024303 -39.621772   0.062877  0.000334  18850.050    99.990000   2.773865  11.905451     307.476 1
 49.993118 -38.490972   0.054900  0.000333  16458.606    99.830889   2.777873  11.922654   -1944.805 1
 55.527547 -36.638950   0.051856  0.000150  15546.038    44.968869   2.842728  12.201012   -2804.269 1
 55.648149 -41.313255   0.061779  0.000150  18520.878    44.968869   2.843651  12.204974      -2.541 1
 50.975560 -41.069950   0.058434  0.000123  17518.072    36.874472   2.848958  12.227752    -946.991 1
 55.852015 -41.236632   0.058811  0.000150  17631.094    44.968869   2.879505  12.358863    -840.546 1
 50.868754 -41.057729   0.062503  0.000127  18737.928    38.073642   2.898193  12.439068     201.878 1
 50.604815 -40.847555   0.061733  0.000333  18507.088    99.830889   2.909398  12.487164     -15.529 1
 57.147426 -38.211974   0.077787  0.000150  23319.956    44.968869   2.939796  12.617632    4517.267 1
 57.070753 -38.019686   0.049171  0.000150  14741.095    44.968869   2.941400  12.624517   -3562.370 1
 50.138047 -37.650516   0.056029  0.000150  16797.072    44.968869   2.947868  12.652277   -1626.035 1
 50.460267 -40.773492   0.061659  0.000150  18484.903    44.968869   2.952383  12.671653     -36.423 1
 52.749109 -41.910563   0.049414  0.000150  14813.945    44.968869   2.961495  12.710761   -3493.759 1
 49.798344 -38.304999   0.064044  0.000150  19199.908    44.968869   2.965222  12.726760     636.974 1
 50.268975 -37.408877   0.054000  0.000333  16188.793    99.830889   2.980312  12.791524   -2198.917 1
 49.860915 -38.017757   0.066076  0.000150  19809.086    44.968869   3.000190  12.876843    1210.703 1
 56.284948 -41.090899   0.059968  0.000150  17977.954    44.968869   3.000534  12.878317    -513.871 1
 51.730664 -41.686748   0.050325  0.000150  15087.055    44.968869   3.012951  12.931613   -3236.542 1
 50.596723 -41.009491   0.062013  0.000213  18591.030    63.855794   3.019105  12.958025      63.528 1
 55.655017 -41.523741   0.061000  0.000333  18287.340    99.830889   3.019753  12.960807    -222.489 1
 50.815486 -41.202314   0.063317  0.000213  18981.959    63.855794   3.030591  13.007324     431.708 1
 56.155591 -41.238415   0.057190  0.000150  17145.131    44.968869   3.035688  13.029199   -1298.231 1
 50.702669 -41.131363   0.064855  0.000223  19443.040    66.853718   3.041762  13.055270     865.958 1
 50.865022 -41.271311   0.062987  0.000087  18883.028    26.081944   3.054932  13.111794     338.534 1
 51.011172 -41.376732   0.066016  0.000163  19791.099    48.866171   3.060684  13.136482    1193.762 1
 55.778637 -41.519774   0.061970  0.000150  18578.139    44.968869   3.070682  13.179394      51.387 1
 50.670210 -41.171866   0.065602  0.000177  19666.985    53.063265   3.088117  13.254227    1076.871 1
 57.155081 -37.750624   0.078267  0.000150  23463.856    44.968869   3.102165  13.314519    4652.793 1
 50.841468 -41.320575   0.064678  0.000170  19389.977    50.964718   3.103785  13.321471     815.982 1
 56.355908 -41.210918   0.059000  0.000333  17687.755    99.830889   3.123909  13.407845    -787.183 1
 53.471186 -42.132016   0.049848  0.000150  14944.054    44.968869   3.124148  13.408870   -3371.221 1
 50.866637 -41.375794   0.067376  0.000097  20198.817    29.079868   3.132305  13.443881    1577.754 1
 53.210815 -42.135826   0.063354  0.000150  18993.051    44.968869   3.136216  13.460665     442.155 1
 50.702958 -41.278056   0.065612  0.000097  19669.983    29.079868   3.145764  13.501645    1079.694 1
 53.498651 -42.162762   0.049458  0.000150  14827.135    44.968869   3.154785  13.540363   -3481.336 1
 57.355858 -40.019670   0.051589  0.000150  15465.993    44.968869   3.158358  13.555702   -2879.655 1
 56.464831 -41.178150   0.057433  0.000180  17217.980    53.962642   3.161900  13.570904   -1229.620 1
 56.352051 -41.270048   0.057860  0.000150  17345.992    44.968869   3.163788  13.579007   -1109.058 1
 53.608375 -35.841732   0.048107  0.000150  14422.116    44.968869   3.167259  13.593902   -3862.787 1
 56.443115 -41.204212   0.060008  0.000133  17989.946    39.872397   3.167663  13.595636    -502.577 1
 49.473986 -38.397395   0.064995  0.000150  19485.011    44.968869   3.191681  13.698723     905.486 1
 50.550982 -41.227363   0.062937  0.000150  18868.038    44.968869   3.193204  13.705258     324.416 1
 49.461967 -39.647617   0.065275  0.000150  19568.953    44.968869   3.206516  13.762396     984.543 1
 57.485875 -38.149997   0.049301  0.000150  14780.068    44.968869   3.209769  13.776357   -3525.665 1
 56.670369 -36.945019   0.061256  0.000150  18364.087    44.968869   3.209962  13.777187    -150.209 1
 55.727326 -36.298310   0.078264  0.000150  23462.957    44.968869   3.212950  13.790009    4651.946 1
