155.099375  -6.501944   0.057520  0.000297  17244.062    89.038360   0.027114   0.103658    1001.204 1
155.079374  -6.501877   0.051305  0.000150  15380.852    44.968869   0.044123   0.168683    -766.547 0
155.182296  -6.532593   0.054268  0.000150  16269.137    44.968869   0.063222   0.241698      76.228 0
155.080397  -6.603090   0.054000  0.000333  16188.793    99.830889   0.092207   0.352507       0.000 0
155.091458  -6.422750   0.051224  0.000297  15356.569    89.038360   0.101012   0.386171    -789.586 0
155.254587  -6.528145   0.053975  0.000297  16181.298    89.038360   0.133983   0.512219      -7.111 0
155.069759  -6.663528   0.059474  0.000150  17829.857    44.968869   0.152244   0.582029    1556.987 1
155.124233  -6.353715   0.052887  0.000183  15855.124    54.862020   0.166038   0.634767    -316.574 0
155.004933  -6.399099   0.052333  0.000150  15689.039    44.968869   0.166176   0.635292    -474.150 0
154.990244  -6.409864   0.051472  0.000150  15430.917    44.968869   0.169362   0.647474    -719.047 0
155.261934  -6.667523   0.056222  0.000150  16854.932    44.968869   0.204297   0.781030     632.010 0
155.306502  -6.639228   0.052696  0.000150  15797.863    44.968869   0.220503   0.842986    -370.901 0
155.234165  -6.715318   0.057026  0.000150  17095.965    44.968869   0.226124   0.864475     860.694 0
154.936833  -6.378389   0.055386  0.000297  16604.305    89.038360   0.230405   0.880841     394.224 0
154.875381  -6.477571   0.052200  0.000297  15649.166    89.038360   0.246661   0.942990    -511.980 0
155.105283  -6.268050   0.054014  0.000150  16192.990    44.968869   0.252074   0.963684       3.982 0
155.012667  -6.287444   0.058854  0.000297  17643.985    89.038360   0.255567   0.977038    1380.638 1
154.832189  -6.657501   0.055525  0.000183  16645.976    54.862020   0.317421   1.213507     433.760 0
154.885775  -6.302225   0.061959  0.000297  18574.841    89.038360   0.318511   1.217673    2263.803 1
155.024972  -6.213960   0.055245  0.000150  16562.034    44.968869   0.319986   1.223310     354.119 0
155.368183  -6.726238   0.053794  0.000150  16127.035    44.968869   0.321650   1.229672     -58.593 0
154.829500  -6.365083   0.051810  0.000297  15532.247    89.038360   0.327427   1.251760    -622.908 0
155.186329  -6.859497   0.055515  0.000150  16642.978    44.968869   0.346128   1.323254     430.916 0
154.767333  -6.492139   0.049712  0.000297  14903.283    89.038360   0.351469   1.343669   -1219.649 1
155.261188  -6.195112   0.053277  0.000150  15972.043    44.968869   0.353602   1.351826    -205.645 0
155.225109  -6.176155   0.039491  0.000030  11839.104     8.993774   0.359066   1.372716   -4126.839 1
155.081792  -6.160167   0.039442  0.000297  11824.414    89.038360   0.361531   1.382140   -4140.777 1
155.160277  -6.889178   0.039277  0.000150  11774.948    44.968869   0.371639   1.420780   -4187.708 1
155.010349  -6.154426   0.039267  0.000150  11771.950    44.968869   0.381174   1.457233   -4190.552 1
155.075583  -6.137000   0.038607  0.000297  11574.087    89.038360   0.385236   1.472763   -4378.278 1
155.407329  -6.217328   0.068809  0.000297  20628.419    89.038360   0.415839   1.589760    4212.169 1
154.706766  -6.413318   0.049311  0.000297  14783.066    89.038360   0.424120   1.621418   -1333.707 1
154.813038  -6.815041   0.048834  0.000150  14640.065    44.968869   0.424543   1.623036   -1469.381 1
155.083228  -6.955170   0.043567  0.000150  13061.058    44.968869   0.437000   1.670657   -2967.490 1
155.256240  -6.086694   0.063584  0.000297  19062.004    89.038360   0.453670   1.734386    2726.007 1
154.917816  -6.071577   0.049854  0.000297  14945.853    89.038360   0.491086   1.877429   -1179.260 1
154.895208  -6.026861   0.056221  0.000297  16854.632    89.038360   0.541082   2.068566     631.726 1
155.088860  -7.144322   0.069962  0.000150  20974.080    44.968869   0.625388   2.390866    4540.121 1
154.712460  -6.997322   0.049568  0.000183  14860.113    54.862020   0.626155   2.393800   -1260.607 1
155.276708  -5.912139   0.053997  0.000297  16187.893    89.038360   0.627193   2.397768      -0.853 1
155.643447  -6.912226   0.037469  0.000150  11232.924    44.968869   0.651568   2.490954   -4701.963 1
155.034375  -5.866500   0.039465  0.000297  11831.309    89.038360   0.658716   2.518283   -4134.235 1
155.378375  -5.904222   0.040219  0.000297  12057.353    89.038360   0.666866   2.549438   -3919.772 1
155.461583  -5.942250   0.038897  0.000297  11661.027    89.038360   0.669793   2.560630   -4295.793 1
154.989375  -5.834917   0.051924  0.000297  15566.424    89.038360   0.696972   2.664536    -590.483 1
154.515958  -6.144667   0.045357  0.000297  13597.687    89.038360   0.707681   2.705475   -2458.355 1
155.662208  -6.992000   0.037146  0.000150  11136.091    44.968869   0.716426   2.738908   -4793.835 1
154.512529  -6.112761   0.039545  0.000297  11855.293    89.038360   0.727917   2.782836   -4111.480 1
154.748369  -5.883645   0.051517  0.000297  15444.408    89.038360   0.735456   2.811658    -706.247 1
155.615268  -5.950025   0.052936  0.000297  15869.814    89.038360   0.752767   2.877838    -302.637 1
154.378400  -6.298109   0.054224  0.000297  16255.946    89.038360   0.769404   2.941443      63.713 1
154.620773  -5.926740   0.053800  0.000333  16128.834    99.830889   0.773056   2.955405     -56.887 1
155.616952  -5.907849   0.048092  0.000297  14417.619    89.038360   0.786218   3.005723   -1680.431 1
155.219375  -5.730417   0.053436  0.000297  16019.710    89.038360   0.795434   3.040957    -160.420 1
154.700000  -5.786639   0.047351  0.000297  14195.473    89.038360   0.843507   3.224740   -1891.195 1
154.679927  -5.794975   0.055070  0.000297  16509.571    89.038360   0.846400   3.235801     304.343 1
154.283589  -6.289860   0.045300  0.000333  13580.598    99.830889   0.862201   3.296207   -2474.568 1
155.667015  -5.837974   0.068187  0.000297  20441.948    89.038360   0.871847   3.333085    4035.252 1
154.346250  -6.101167   0.045856  0.000297  13747.283    89.038360   0.875294   3.346263   -2316.423 1
155.558901  -5.755406   0.069688  0.000297  20891.937    89.038360   0.879941   3.364027    4462.186 1
154.858624  -5.675113   0.053434  0.000297  16019.110    89.038360   0.883608   3.378048    -160.989 1
154.380184  -6.024699   0.053083  0.000297  15913.883    89.038360   0.886170   3.387841    -260.825 1
154.418783  -5.971135   0.053634  0.000297  16079.069    89.038360   0.886730   3.389980    -104.103 1
155.464859  -7.344702   0.053857  0.000150  16145.922    44.968869   0.893321   3.415180     -40.674 1
154.758250  -5.700625   0.039417  0.000297  11816.919    89.038360   0.894461   3.419536   -4147.887 1
155.698216  -5.829399   0.054652  0.000297  16384.257    89.038360   0.898075   3.433354     185.450 1
155.655042  -5.791167   0.069637  0.000297  20876.647    89.038360   0.901853   3.447799    4447.680 1
155.471225  -7.352323   0.051272  0.000150  15370.959    44.968869   0.902790   3.451379    -775.933 1
154.736500  -5.697417   0.039242  0.000297  11764.456    89.038360   0.906270   3.464684   -4197.663 1
154.460165  -5.884296   0.055652  0.000297  16684.050    89.038360   0.912966   3.490283     469.883 1
154.357515  -5.988515   0.054032  0.000297  16198.386    89.038360   0.925227   3.537157       9.102 1
154.381833  -5.951028   0.053049  0.000297  15903.690    89.038360   0.928037   3.547900    -270.496 1
155.492458  -5.668611   0.053632  0.000297  16078.469    89.038360   0.928057   3.547974    -104.671 1
154.763792  -5.640861   0.053589  0.000297  16065.578    89.038360   0.947421   3.622004    -116.902 1
155.029083  -5.572667   0.047967  0.000297  14380.145    89.038360   0.951331   3.636953   -1715.985 1
154.346555  -5.932480   0.054562  0.000297  16357.276    89.038360   0.967126   3.697335     159.851 1
155.242277  -7.479993   0.039384  0.000254  11807.026    76.147284   0.967947   3.700476   -4157.274 1
154.976292  -5.555694   0.047330  0.000297  14189.177    89.038360   0.974522   3.725612   -1897.169 1
154.353757  -5.903573   0.038553  0.000150  11557.899    44.968869   0.979373   3.744157   -4393.638 1
154.855750  -5.572083   0.053396  0.000297  16007.718    89.038360   0.983314   3.759222    -171.798 1
154.161750  -6.777000   0.041500  0.000333  12441.387    99.830889   0.986209   3.770291   -3555.413 1
155.043595  -5.517674   0.051050  0.000297  15304.405    89.038360   1.004897   3.841737    -839.078 1
154.994577  -5.518279   0.048255  0.000297  14466.485    89.038360   1.009144   3.857973   -1634.068 1
155.684625  -5.661278   0.060278  0.000297  18070.890    89.038360   1.025466   3.920370    1785.671 1
154.220958  -5.944250   0.039121  0.000297  11728.181    89.038360   1.062543   4.062119   -4232.080 1
156.087866  -6.039321   0.037336  0.000033  11193.051     9.893151   1.074919   4.109432   -4739.793 1
154.667735  -5.541110   0.045271  0.000297  13571.904    89.038360   1.076822   4.116705   -2482.816 1
155.468617  -5.483409   0.039150  0.000297  11736.875    89.038360   1.092642   4.177185   -4223.831 1
155.228167  -5.431500   0.038811  0.000297  11635.245    89.038360   1.093494   4.180442   -4320.254 1
154.227161  -5.870427   0.038353  0.000150  11497.940    44.968869   1.099290   4.202603   -4450.524 1
155.489792  -5.478556   0.071168  0.000297  21335.630    89.038360   1.104067   4.220864    4883.147 1
154.454148  -7.406239   0.042226  0.000150  12659.036    44.968869   1.106162   4.228873   -3348.915 1
155.850967  -5.681528   0.063032  0.000297  18896.518    89.038360   1.109034   4.239853    2569.000 1
154.143875  -5.970278   0.054389  0.000297  16305.412    89.038360   1.114630   4.261247     110.644 1
154.286417  -5.760111   0.040085  0.000297  12017.181    89.038360   1.123778   4.296221   -3957.886 1
154.119091  -7.055659   0.054064  0.000150  16207.979    44.968869   1.129670   4.318746      18.204 1
155.891125  -5.629611   0.053947  0.000297  16172.904    89.038360   1.174404   4.489765     -15.075 1
155.855047  -5.582857   0.068511  0.000297  20539.081    89.038360   1.187857   4.541193    4127.408 1
155.418750  -7.678056   0.036519  0.000163  10948.121    48.866171   1.195780   4.571484   -4972.175 1
156.333208  -6.630639   0.048177  0.000150  14443.101    44.968869   1.210457   4.627593   -1656.254 1
155.144417  -5.309417   0.050272  0.000297  15071.166    89.038360   1.210526   4.627859   -1060.366 1
155.600625  -5.405500   0.071165  0.000297  21334.730    89.038360   1.212214   4.634313    4882.294 1
156.177814  -5.899633   0.067899  0.000297  20355.608    89.038360   1.220257   4.665060    3953.335 1
155.147849  -7.743486   0.054177  0.000130  16241.856    38.973020   1.224099   4.679747      50.345 1
154.232180  -5.668454   0.053717  0.000297  16103.951    89.038360   1.225839   4.686401     -80.495 1
154.526210  -5.428788   0.054750  0.000333  16413.637    99.830889   1.240214   4.741355     213.325 1
154.526427  -5.428531   0.054656  0.000297  16385.457    89.038360   1.240337   4.741827     186.588 1
155.338393  -7.744196   0.054398  0.000150  16308.110    44.968869   1.243572   4.754193     113.204 1
156.318832  -6.150524   0.053821  0.000297  16135.130    89.038360   1.246980   4.767224     -50.914 1
154.979356  -5.272470   0.051298  0.000297  15378.754    89.038360   1.255033   4.798010    -768.538 1
154.483059  -5.429841   0.053958  0.000297  16176.201    89.038360   1.260260   4.817993     -11.946 1
155.015878  -5.263396   0.050895  0.000150  15257.937    44.968869   1.260556   4.819124    -883.165 1
155.034646  -7.780636   0.051412  0.000190  15412.930    56.960567   1.263784   4.831466    -736.113 1
155.557317  -5.331568   0.045955  0.000150  13776.962    44.968869   1.265084   4.836435   -2288.264 1
154.821875  -5.289000   0.052487  0.000297  15735.207    89.038360   1.265842   4.839331    -430.347 1
155.267704  -7.779451   0.051612  0.000177  15472.888    53.063265   1.268270   4.848613    -679.226 1
155.075076  -7.794856   0.052346  0.000150  15692.936    44.968869   1.275937   4.877925    -470.452 1
155.077557  -7.795725   0.052139  0.000260  15630.879    77.946039   1.276722   4.880925    -529.330 1
155.813097  -5.440843   0.054158  0.000297  16236.160    89.038360   1.279892   4.893044      44.940 1
156.048747  -5.621626   0.053824  0.000013  16136.029     3.897302   1.287629   4.922623     -50.060 1
154.374024  -7.580129   0.041369  0.000150  12402.114    44.968869   1.293760   4.946064   -3592.674 1
155.476190  -5.274113   0.046722  0.000297  14006.903    89.038360   1.294883   4.950357   -2070.104 1
155.509625  -5.282861   0.052427  0.000297  15717.219    89.038360   1.296002   4.954634    -447.413 1
154.074447  -5.743429   0.038640  0.000070  11583.981    20.985472   1.296798   4.957676   -4368.892 1
155.435127  -5.259267   0.055039  0.000297  16500.277    89.038360   1.298736   4.965088     295.526 1
155.019982  -7.814773   0.062233  0.000087  18656.984    26.081944   1.298880   4.965636    2341.737 1
155.045000  -5.201639   0.050127  0.000297  15027.697    89.038360   1.320166   5.047012   -1101.609 1
155.155000  -7.848000   0.054427  0.000333  16316.804    99.830889   1.328755   5.079850     121.453 1
155.045789  -7.848179   0.053897  0.000057  16157.914    17.088170   1.330523   5.086611     -29.297 1
154.965073  -7.844799   0.053323  0.000143  15985.833    42.870321   1.334009   5.099936    -192.561 1
155.563875  -5.251417   0.055146  0.000297  16532.355    89.038360   1.342768   5.133423     325.960 1
155.546564  -7.806411   0.054558  0.000137  16356.077    41.071567   1.354709   5.179072     158.714 1
155.490458  -5.208361   0.053047  0.000297  15903.091    89.038360   1.362013   5.206996    -271.065 1
153.972000  -5.773417   0.050982  0.000297  15284.019    89.038360   1.363030   5.210884    -858.419 1
155.099465  -7.885216   0.053500  0.000333  16038.897    99.830889   1.365668   5.220970    -142.217 1
155.062772  -7.886806   0.050068  0.000180  15010.009    53.962642   1.368288   5.230984   -1118.391 1
155.570792  -5.220722   0.051570  0.000297  15460.297    89.038360   1.374022   5.252907    -691.172 1
155.080235  -7.893515   0.055125  0.000123  16526.059    36.874472   1.374383   5.254286     319.987 1
154.056282  -7.402272   0.062133  0.000183  18627.005    54.862020   1.376896   5.263892    2313.294 1
154.326675  -5.377163   0.054787  0.000297  16424.729    89.038360   1.388035   5.306478     223.849 1
153.732583  -6.293500   0.038301  0.000297  11482.351    89.038360   1.396881   5.340295   -4465.315 1
156.317298  -5.781696   0.063558  0.000297  19054.209    89.038360   1.399890   5.351798    2718.611 1
154.616837  -5.201727   0.055189  0.000297  16545.246    89.038360   1.409596   5.388907     338.191 1
155.456958  -5.139972   0.055762  0.000297  16717.027    89.038360   1.419763   5.427773     501.171 1
155.277542  -5.106833   0.040246  0.000297  12065.447    89.038360   1.421511   5.434456   -3912.092 1
155.360796  -7.921865   0.037893  0.000260  11360.036    77.946039   1.422428   5.437963   -4581.363 1
155.226290  -7.941500   0.036946  0.000150  11076.132    44.968869   1.425716   5.450534   -4850.722 1
156.352729  -5.781971   0.064114  0.000150  19220.894    44.968869   1.429781   5.466073    2876.756 1
154.861417  -5.088167   0.051829  0.000297  15537.943    89.038360   1.454404   5.560206    -617.504 1
154.851375  -5.085361   0.049294  0.000297  14777.969    89.038360   1.458958   5.577616   -1338.542 1
155.291514  -5.067962   0.039646  0.000297  11885.572    89.038360   1.461705   5.588119   -4082.752 1
154.726917  -5.109250   0.055590  0.000297  16665.463    89.038360   1.463520   5.595059     452.249 1
153.648997  -6.629939   0.040755  0.000150  12218.042    44.968869   1.465642   5.603169   -3767.316 1
155.376572  -5.074068   0.055192  0.000297  16546.145    89.038360   1.467935   5.611936     339.044 1
155.399708  -5.077389   0.052360  0.000297  15697.133    89.038360   1.468839   5.615394    -466.470 1
153.958040  -5.610770   0.053900  0.000333  16158.813    99.830889   1.469319   5.617227     -28.443 1
155.503642  -5.100076   0.055899  0.000297  16758.099    89.038360   1.469903   5.619462     540.138 1
155.686431  -5.160521   0.052099  0.000297  15618.887    89.038360   1.471080   5.623959    -540.707 1
156.082037  -5.399374   0.070646  0.000150  21179.138    44.968869   1.472655   5.629982    4734.673 1
154.975861  -5.053879   0.050495  0.000150  15138.020    44.968869   1.472800   5.630535    -996.938 1
154.944413  -5.053260   0.050610  0.000297  15172.496    89.038360   1.476780   5.645752    -964.228 1
154.971540  -5.050166   0.049875  0.000150  14952.149    44.968869   1.476918   5.646278   -1173.286 1
153.697792  -6.036750   0.053823  0.000297  16135.729    89.038360   1.493265   5.708772     -50.345 1
154.997917  -5.025139   0.049720  0.000297  14905.681    89.038360   1.499475   5.732514   -1217.374 1
155.536417  -5.073809   0.039067  0.000150  11711.992    44.968869   1.503918   5.749499   -4247.439 1
155.471500  -5.044917   0.054435  0.000297  16319.202    89.038360   1.515567   5.794036     123.728 1
154.355373  -5.207946   0.054020  0.000297  16194.789    89.038360   1.515855   5.795134       5.689 1
154.282703  -5.251681   0.054011  0.000297  16192.090    89.038360   1.516542   5.797762       3.129 1
155.090307  -5.000627   0.038607  0.000150  11574.087    44.968869   1.519359   5.808533   -4378.278 1
154.345000  -5.206472   0.053428  0.000297  16017.311    89.038360   1.522317   5.819840    -162.696 1
156.378840  -5.651059   0.038253  0.000297  11467.961    89.038360   1.522756   5.821517   -4478.968 1
153.658917  -6.055722   0.056904  0.000297  17059.390    89.038360   1.523981   5.826200     825.994 1
153.882949  -5.618580   0.053680  0.000333  16092.859    99.830889   1.524002   5.826283     -91.019 1
155.096864  -4.985791   0.040341  0.000150  12093.928    44.968869   1.534081   5.864815   -3885.071 1
155.086872  -8.055369   0.054358  0.000137  16296.118    41.071567   1.536022   5.872233     101.827 1
155.694133  -7.949550   0.052740  0.000150  15811.054    44.968869   1.539432   5.885270    -358.386 1
154.355615  -5.177823   0.055195  0.000297  16547.045    89.038360   1.541877   5.894619     339.898 1
156.182125  -5.389778   0.071216  0.000297  21350.020    89.038360   1.546056   5.910594    4896.800 1
153.871875  -5.589556   0.053782  0.000297  16123.438    89.038360   1.550129   5.926166     -62.006 1
154.942791  -4.976211   0.051379  0.000297  15403.037    89.038360   1.553498   5.939046    -745.499 1
155.261543  -4.972050   0.040121  0.000297  12027.973    89.038360   1.554026   5.941064   -3947.647 1
153.910750  -5.533611   0.054383  0.000297  16303.613    89.038360   1.554286   5.942058     108.938 1
155.645239  -5.052869   0.037166  0.000297  11142.086    89.038360   1.556892   5.952020   -4788.146 1
155.469189  -5.000623   0.054324  0.000150  16285.925    44.968869   1.558190   5.956983      92.156 1
154.941292  -4.966500   0.040637  0.000297  12182.666    89.038360   1.563315   5.976577   -3800.879 1
155.497131  -5.000657   0.054319  0.000297  16284.427    89.038360   1.564572   5.981382      90.734 1
156.357893  -7.490640   0.037489  0.000150  11238.919    44.968869   1.566955   5.990491   -4696.274 1
155.461183  -4.986485   0.055390  0.000333  16605.504    99.830889   1.570240   6.003050     395.362 1
154.461083  -5.081333   0.054789  0.000297  16425.329    89.038360   1.580340   6.041662     224.418 1
154.310302  -5.157626   0.056061  0.000297  16806.665    89.038360   1.581899   6.047622     586.217 1
155.375107  -4.957926   0.055385  0.000150  16604.005    44.968869   1.582207   6.048800     393.940 1
155.386419  -4.953633   0.054440  0.000333  16320.701    99.830889   1.588279   6.072013     125.151 1
155.386458  -4.953583   0.057494  0.000297  17236.268    89.038360   1.588335   6.072226     993.809 1
154.314764  -7.897345   0.041605  0.000150  12472.865    44.968869   1.593095   6.090425   -3525.548 1
155.170167  -4.922861   0.055203  0.000297  16549.443    89.038360   1.597617   6.107712     342.173 1
154.227956  -5.184633   0.056417  0.000297  16913.391    89.038360   1.602463   6.126239     687.475 1
155.231666  -8.118657   0.054785  0.000150  16424.130    44.968869   1.602801   6.127533     223.280 1
155.949813  -5.143489   0.054657  0.000297  16385.756    89.038360   1.604266   6.133131     186.873 1
155.337042  -8.109628   0.062053  0.000150  18603.021    44.968869   1.604485   6.133968    2290.540 1
155.480748  -4.952659   0.048800  0.000333  14629.872    99.830889   1.607507   6.145523   -1479.052 1
155.455000  -4.945000   0.054515  0.000333  16343.186    99.830889   1.609490   6.153104     146.483 1
155.534000  -4.959222   0.054984  0.000297  16483.789    89.038360   1.613778   6.169495     279.882 1
154.874583  -4.921028   0.071559  0.000297  21452.849    89.038360   1.617160   6.182425    4994.360 1
155.620583  -4.975833   0.057813  0.000297  17331.901    89.038360   1.621998   6.200922    1084.543 1
154.985114  -8.136368   0.052490  0.000203  15736.106    60.857869   1.622213   6.201744    -429.494 1
154.905708  -4.905333   0.051796  0.000297  15528.050    89.038360   1.628346   6.225189    -626.890 1
154.307325  -5.092669   0.054324  0.000297  16285.925    89.038360   1.639617   6.268279      92.156 1
155.405461  -4.903363   0.054284  0.000150  16273.934    44.968869   1.641031   6.273685      80.779 1
155.383583  -4.897056   0.056209  0.000297  16851.034    89.038360   1.643640   6.283661     628.313 1
156.014048  -5.133253   0.054731  0.000150  16407.941    44.968869   1.646588   6.294930     207.921 1
155.241000  -4.876000   0.039561  0.000333  11860.089    99.830889   1.648090   6.300673   -4106.929 1
155.057186  -4.872566   0.039161  0.000297  11740.172    89.038360   1.648316   6.301535   -4220.702 1
155.342434  -4.884201   0.054757  0.000297  16415.736    89.038360   1.650362   6.309359     215.316 1
155.693542  -4.969556   0.052708  0.000297  15801.461    89.038360   1.651562   6.313944    -367.488 1
155.521090  -4.914233   0.053058  0.000297  15906.388    89.038360   1.654184   6.323968    -267.936 1
154.299426  -7.961309   0.041462  0.000150  12429.995    44.968869   1.656169   6.331560   -3566.222 1
154.266375  -5.093361   0.056103  0.000297  16819.256    89.038360   1.659435   6.344044     598.163 1
155.487500  -4.898611   0.053000  0.000333  15889.000    99.830889   1.661699   6.352701    -284.433 1
153.450610  -6.416436   0.048177  0.000150  14443.101    44.968869   1.661805   6.353106   -1656.254 1
155.482755  -4.890170   0.054114  0.000033  16222.969     9.893151   1.668911   6.380269      32.425 1
156.541792  -5.629972   0.064587  0.000297  19362.695    89.038360   1.669445   6.382312    3011.293 1
154.760042  -4.886278   0.048686  0.000297  14595.696    89.038360   1.672114   6.392518   -1511.477 1
155.555835  -4.904301   0.053050  0.000297  15903.990    89.038360   1.672429   6.393718    -270.211 1
155.482275  -4.875463   0.054789  0.000297  16425.329    89.038360   1.683172   6.434789     224.418 1
155.534404  -4.887110   0.055164  0.000297  16537.751    89.038360   1.683706   6.436833     331.080 1
155.605307  -4.905762   0.054255  0.000297  16265.240    89.038360   1.684423   6.439575      72.530 1
155.453715  -4.862450   0.052739  0.000297  15810.754    89.038360   1.690091   6.461242    -358.670 1
155.664572  -4.914651   0.056727  0.000297  17006.327    89.038360   1.693788   6.475376     775.649 1
155.602600  -4.868208   0.052231  0.000297  15658.460    89.038360   1.719688   6.574391    -503.162 1
154.368875  -4.966056   0.056271  0.000297  16869.621    89.038360   1.723579   6.589268     645.948 1
156.783193  -6.026217   0.054798  0.000297  16428.027    89.038360   1.724550   6.592980     226.978 1
154.629800  -4.857251   0.069191  0.000297  20742.940    89.038360   1.732321   6.622687    4320.823 1
154.767903  -4.817250   0.049978  0.000297  14983.027    89.038360   1.738019   6.644472   -1143.990 1
155.453250  -4.810139   0.056156  0.000297  16835.145    89.038360   1.741328   6.657121     613.238 1
155.149695  -4.770264   0.040255  0.000297  12068.145    89.038360   1.749685   6.689070   -3909.533 1
155.829917  -4.917306   0.052552  0.000297  15754.693    89.038360   1.750757   6.693170    -411.859 1
156.873675  -6.807483   0.053857  0.000150  16145.922    44.968869   1.765941   6.751216     -40.674 1
155.121208  -4.751611   0.038753  0.000297  11617.857    89.038360   1.768089   6.759431   -4336.751 1
155.196861  -4.737581   0.038403  0.000150  11512.930    44.968869   1.783754   6.819319   -4436.303 1
153.746467  -5.365967   0.056794  0.000297  17026.413    89.038360   1.787000   6.831728     794.706 1
155.684162  -4.820206   0.045599  0.000297  13670.236    89.038360   1.789541   6.841439   -2389.522 1
155.650308  -4.799580   0.056348  0.000297  16892.705    89.038360   1.799004   6.877617     667.849 1
156.788967  -5.797045   0.053335  0.000297  15989.431    89.038360   1.808803   6.915082    -189.148 1
156.576368  -5.434265   0.064321  0.000297  19282.951    89.038360   1.808821   6.915147    2935.634 1
154.796849  -4.737125   0.039982  0.000297  11986.302    89.038360   1.811258   6.924464   -3987.183 1
154.759680  -4.742076   0.053680  0.000297  16092.859    89.038360   1.813313   6.932322     -91.019 1
153.704118  -5.369350   0.056516  0.000297  16943.071    89.038360   1.817190   6.947145     715.634 1
154.533417  -4.795694   0.054140  0.000297  16230.764    89.038360   1.819846   6.957298      39.821 1
155.648556  -4.776585   0.053996  0.000297  16187.594    89.038360   1.820500   6.959797      -1.138 1
155.595365  -4.757779   0.057140  0.000297  17130.141    89.038360   1.824123   6.973648     893.120 1
154.979306  -4.692114   0.038427  0.000297  11520.125    89.038360   1.832924   7.007295   -4429.476 1
155.902458  -4.837667   0.053254  0.000297  15965.148    89.038360   1.852993   7.084018    -212.187 1
153.918333  -5.090944   0.060546  0.000297  18151.234    89.038360   1.861916   7.118131    1861.899 1
155.626562  -4.726369   0.056364  0.000297  16897.502    89.038360   1.862615   7.120802     672.400 1
155.465792  -4.687828   0.054062  0.000297  16207.380    89.038360   1.863809   7.125370      17.635 1
155.341731  -4.657454   0.040278  0.000297  12075.041    89.038360   1.875231   7.169035   -3902.991 1
155.459593  -4.663381   0.052394  0.000297  15707.326    89.038360   1.886732   7.213003    -456.800 1
155.170708  -4.629222   0.053929  0.000297  16167.507    89.038360   1.891149   7.229891     -20.195 1
155.246290  -4.632081   0.054776  0.000297  16421.432    89.038360   1.891785   7.232320     220.720 1
153.398796  -7.329241   0.045245  0.000150  13564.110    44.968869   1.892011   7.233185   -2490.212 1
154.855708  -4.644620   0.040371  0.000297  12102.921    89.038360   1.893377   7.238406   -3876.538 1
155.146888  -4.618085   0.039104  0.000150  11723.084    44.968869   1.901803   7.270619   -4236.915 1
156.366153  -5.061166   0.070522  0.000150  21141.964    44.968869   1.913164   7.314055    4699.403 1
155.148205  -4.600124   0.041057  0.000297  12308.579    89.038360   1.919781   7.339349   -3681.417 1
156.371985  -5.049569   0.070164  0.000297  21034.638    89.038360   1.925758   7.362200    4597.576 1
155.429031  -4.608344   0.039758  0.000150  11919.149    44.968869   1.935859   7.400818   -4050.896 1
153.380889  -7.417100   0.053220  0.000150  15954.955    44.968869   1.947008   7.443440    -221.858 1
155.181691  -4.565081   0.038210  0.000150  11455.070    44.968869   1.955580   7.476210   -4491.198 1
155.179375  -4.562139   0.039716  0.000297  11906.557    89.038360   1.958450   7.487181   -4062.842 1
154.688013  -4.608350   0.054150  0.000333  16233.762    99.830889   1.958945   7.489075      42.665 1
156.126793  -4.826799   0.069477  0.000297  20828.681    89.038360   1.966336   7.517331    4402.171 1
155.353750  -4.560556   0.039487  0.000333  11837.905    99.830889   1.972861   7.542275   -4127.977 1
153.933833  -4.928472   0.055456  0.000297  16625.291    89.038360   1.980116   7.570012     414.135 1
153.241458  -5.828667   0.054347  0.000297  16292.821    89.038360   1.990214   7.608616      98.698 1
154.741316  -4.561709   0.053938  0.000297  16170.206    89.038360   1.993811   7.622368     -17.635 1
154.261708  -4.709694   0.060387  0.000297  18103.567    89.038360   2.000822   7.649172    1816.674 1
154.887080  -8.508236   0.054234  0.000150  16258.944    44.968869   2.001956   7.653507      66.557 1
154.276292  -4.699833   0.055190  0.000297  16545.546    89.038360   2.003642   7.659953     338.475 1
156.542343  -7.948201   0.063597  0.000150  19065.901    44.968869   2.009376   7.681874    2729.704 1
153.907708  -4.904167   0.055677  0.000297  16691.545    89.038360   2.015106   7.703779     476.994 1
153.178764  -7.115360   0.037059  0.000150  11110.009    44.968869   2.018570   7.717022   -4818.581 1
153.077750  -6.534444   0.042646  0.000150  12784.949    44.968869   2.029096   7.757264   -3229.453 1
155.186484  -4.484063   0.053350  0.000150  15993.928    44.968869   2.036708   7.786366    -184.881 1
154.522409  -8.476768   0.055298  0.000150  16577.923    44.968869   2.045147   7.818626     369.194 1
155.257456  -4.469812   0.054330  0.000333  16287.724    99.830889   2.054432   7.854124      93.863 1
155.163479  -8.578690   0.055245  0.000150  16562.034    44.968869   2.059443   7.873281     354.119 1
155.144142  -8.592743   0.054941  0.000080  16470.897    23.983397   2.073182   7.925804     267.652 1
154.189375  -4.661222   0.071267  0.000297  21365.309    89.038360   2.075774   7.935714    4911.306 1
153.960417  -4.790639   0.041340  0.000297  12393.420    89.038360   2.077727   7.943180   -3600.923 1
155.025836  -8.602608   0.054554  0.000090  16354.878    26.981321   2.085008   7.971016     157.576 1
155.073575  -8.607765   0.062050  0.000150  18602.122    44.968869   2.088574   7.984650    2289.686 1
156.121846  -8.360214   0.053170  0.000150  15939.965    44.968869   2.092426   7.999375    -236.079 1
156.961651  -5.470312   0.065006  0.000297  19488.309    89.038360   2.109305   8.063903    3130.470 1
153.257376  -7.534133   0.045745  0.000150  13714.006    44.968869   2.110382   8.068022   -2347.995 1
155.649541  -4.473754   0.053564  0.000150  16058.083    44.968869   2.112509   8.076152    -124.013 1
155.013639  -4.406900   0.038721  0.000297  11608.264    89.038360   2.115441   8.087362   -4345.853 1
154.645675  -8.596968   0.037129  0.000150  11130.994    44.968869   2.130053   8.143224   -4798.670 1
156.104400  -4.614973   0.053837  0.000150  16139.927    44.968869   2.141153   8.185658     -46.363 1
156.938990  -5.371171   0.053036  0.000297  15899.793    89.038360   2.141305   8.186239    -274.193 1
153.536125  -5.062417   0.056458  0.000297  16925.683    89.038360   2.144759   8.199445     699.136 1
153.480632  -7.915484   0.043583  0.000150  13065.855    44.968869   2.145016   8.200425   -2962.939 1
153.143370  -5.626433   0.064000  0.000333  19186.717    99.830889   2.157457   8.247989    2844.331 1
153.061241  -7.213429   0.040978  0.000150  12284.895    44.968869   2.159885   8.257272   -3703.887 1
153.457542  -5.123611   0.045836  0.000297  13741.287    89.038360   2.162683   8.267970   -2322.112 1
155.728636  -8.596819   0.053664  0.000147  16088.062    44.069491   2.163350   8.270520     -95.570 1
156.577839  -4.906662   0.070503  0.000297  21136.268    89.038360   2.167899   8.287909    4693.999 1
157.213027  -5.903744   0.059166  0.000297  17737.521    89.038360   2.168798   8.291346    1469.381 1
156.017074  -4.517053   0.052837  0.000297  15840.134    89.038360   2.192022   8.380133    -330.796 1
152.991758  -5.925819   0.054700  0.000333  16398.647    99.830889   2.196295   8.396469     199.103 1
156.053976  -4.526053   0.039962  0.000297  11980.306    89.038360   2.199021   8.406889   -3992.871 1
155.556518  -8.701441   0.054151  0.000150  16234.061    44.968869   2.224429   8.504025      42.949 1
154.926917  -4.292722   0.046791  0.000297  14027.589    89.038360   2.235225   8.545298   -2050.478 1
154.146613  -8.554294   0.054338  0.000150  16290.123    44.968869   2.252740   8.612259      96.138 1
153.454973  -4.969992   0.056874  0.000297  17050.396    89.038360   2.266753   8.665828     817.461 1
152.925778  -5.850752   0.054661  0.000150  16386.956    44.968869   2.280357   8.717839     188.010 1
153.975217  -4.536973   0.055522  0.000150  16645.077    44.968869   2.285791   8.738610     432.907 1
153.407713  -8.075074   0.044127  0.000150  13228.942    44.968869   2.305063   8.812289   -2808.208 1
152.880413  -5.887355   0.054850  0.000333  16443.616    99.830889   2.313211   8.843439     241.768 1
156.055417  -4.391861   0.038536  0.000297  11552.802    89.038360   2.321944   8.876825   -4398.473 1
156.060786  -4.384259   0.054598  0.000150  16368.069    44.968869   2.331046   8.911623     170.091 1
153.324558  -8.055852   0.043170  0.000130  12942.040    38.973020   2.354106   8.999781   -3080.410 1
152.907052  -7.387483   0.052450  0.000150  15724.114    44.968869   2.363694   9.036437    -440.871 1
157.300993  -5.555803   0.060633  0.000297  18177.316    89.038360   2.371603   9.066674    1886.645 1
154.491736  -4.222094   0.056574  0.000297  16960.459    89.038360   2.380886   9.102163     732.131 1
153.340278  -8.120900   0.043330  0.000150  12990.007    44.968869   2.385459   9.119646   -3034.901 1
157.400372  -5.767435   0.065432  0.000297  19616.020    89.038360   2.387249   9.126487    3251.639 1
154.818142  -4.151212   0.039331  0.000297  11791.137    89.038360   2.387400   9.127065   -4172.349 1
154.720167  -4.164417   0.045847  0.000297  13744.585    89.038360   2.388548   9.131455   -2318.983 1
155.043087  -8.908062   0.042469  0.000093  12731.886    27.880699   2.389584   9.135415   -3279.798 1
153.160180  -7.925718   0.043066  0.000150  12910.862    44.968869   2.401721   9.181813   -3109.991 1
156.329864  -4.412629   0.038140  0.000297  11434.084    89.038360   2.425829   9.273980   -4511.109 1
156.167859  -4.323799   0.038697  0.000150  11601.069    44.968869   2.430192   9.290660   -4352.679 1
153.175729  -7.997055   0.044471  0.000150  13332.070    44.968869   2.431878   9.297106   -2710.363 1
155.155901  -8.951983   0.062270  0.000150  18668.076    44.968869   2.432545   9.299653    2352.262 1
154.906083  -8.947639   0.054348  0.000150  16293.121    44.968869   2.437223   9.317541      98.983 1
154.533268  -4.150821   0.038977  0.000150  11685.011    44.968869   2.439550   9.326435   -4273.038 1
155.473971  -4.095795   0.039631  0.000150  11881.075    44.968869   2.449285   9.363651   -4087.019 1
154.535918  -4.139686   0.039611  0.000297  11875.079    89.038360   2.449739   9.365387   -4092.707 1
156.607768  -4.555157   0.054098  0.000297  16218.172    89.038360   2.458525   9.398977      27.874 1
154.682917  -4.078056   0.039654  0.000150  11887.970    44.968869   2.479960   9.480925   -4080.477 1
153.955583  -4.306250   0.055903  0.000297  16759.298    89.038360   2.497548   9.548163     541.276 1
154.985881  -4.019739   0.039263  0.000297  11770.751    89.038360   2.503510   9.570954   -4191.690 1
155.959579  -8.894208   0.053667  0.000097  16088.962    29.079868   2.516762   9.621619     -94.716 1
154.523779  -4.069923   0.039492  0.000297  11839.404    89.038360   2.520378   9.635440   -4126.555 1
156.916120  -4.662367   0.053485  0.000297  16034.400    89.038360   2.575683   9.846872    -146.483 1
154.438087  -9.013830   0.057213  0.000150  17152.026    44.968869   2.584511   9.880621     913.883 1
155.985214  -4.080125   0.037228  0.000297  11160.674    89.038360   2.586594   9.888588   -4770.511 1
156.294228  -4.195210   0.038260  0.000667  11470.059    99.990000   2.600825   9.942990   -4476.977 1
157.743647  -6.450431   0.051084  0.000297  15314.598    89.038360   2.607600   9.968892    -829.407 1
153.012953  -4.952889   0.056892  0.000297  17055.793    89.038360   2.614824   9.996511     822.580 1
154.825737  -3.917979   0.070942  0.000297  21267.877    89.038360   2.618096  10.009019    4818.865 1
154.956414  -3.903188   0.056350  0.000333  16893.305    99.830889   2.621555  10.022243     668.418 1
154.600178  -3.945803   0.057020  0.000333  17094.166    99.830889   2.625200  10.036179     858.988 1
154.764125  -3.912639   0.040570  0.000297  12162.580    89.038360   2.630928  10.058075   -3819.936 1
152.623976  -7.418199   0.053270  0.000150  15969.944    44.968869   2.637634  10.083714    -207.636 1
155.002481  -3.877645   0.070600  0.000333  21165.348    99.830889   2.644634  10.110473    4721.589 1
154.485500  -3.934556   0.041173  0.000297  12343.355    89.038360   2.660896  10.172645   -3648.423 1
156.115833  -4.039306   0.037784  0.000297  11327.358    89.038360   2.670441  10.209133   -4612.367 1
154.597199  -3.892343   0.057482  0.000297  17232.670    89.038360   2.678209  10.238831     990.396 1
153.586060  -4.311189   0.058314  0.000150  17482.097    44.968869   2.683311  10.258336    1227.044 1
154.840821  -3.846815   0.056675  0.000297  16990.738    89.038360   2.687238  10.273351     760.858 1
153.581664  -4.305351   0.058856  0.000297  17644.585    89.038360   2.690596  10.286189    1381.207 1
154.094648  -4.021131   0.039994  0.000150  11989.900    44.968869   2.698266  10.315510   -3983.770 1
152.715559  -7.793381   0.053997  0.000150  16187.893    44.968869   2.707224  10.349758      -0.853 1
155.009416  -3.814623   0.070918  0.000297  21260.682    89.038360   2.707307  10.350075    4812.039 1
153.275097  -8.520102   0.062657  0.000150  18784.096    44.968869   2.713189  10.372560    2462.337 1
154.853208  -3.819417   0.057124  0.000297  17125.344    89.038360   2.713262  10.372838     888.569 1
157.645307  -5.480400   0.046910  0.000333  14063.264    99.830889   2.715714  10.382214   -2016.630 1
153.437686  -4.364835   0.043917  0.000297  13165.985    89.038360   2.727111  10.425786   -2867.939 1
156.203477  -4.012686   0.053567  0.000150  16058.983    44.968869   2.728352  10.430531    -123.160 1
156.203299  -4.001895   0.064292  0.000297  19274.257    89.038360   2.738202  10.468185    2927.385 1
152.744342  -7.917099   0.051702  0.000150  15499.870    44.968869   2.742939  10.486295    -653.627 1
153.517351  -4.283440   0.059410  0.000297  17810.670    89.038360   2.745219  10.495013    1538.783 1
153.337046  -8.619711   0.062290  0.000150  18674.072    44.968869   2.747360  10.503197    2357.950 1
152.701148  -7.859741   0.054998  0.000163  16487.986    48.866171   2.751567  10.519282     283.864 1
154.888770  -3.774893   0.049670  0.000297  14890.691    89.038360   2.754404  10.530128   -1231.595 1
154.402914  -9.189344   0.054191  0.000150  16246.053    44.968869   2.763075  10.563275      54.327 1
154.174191  -3.918426   0.058065  0.000297  17407.449    89.038360   2.765800  10.573692    1156.220 1
157.792458  -5.742611   0.062841  0.000297  18839.258    89.038360   2.766554  10.576576    2514.673 1
152.650417  -7.801544   0.054651  0.000150  16383.958    44.968869   2.768273  10.583148     185.166 1
154.136138  -3.928878   0.057269  0.000297  17168.814    89.038360   2.769091  10.586274     929.812 1
156.447001  -4.073500   0.038853  0.000297  11647.836    89.038360   2.778871  10.623664   -4308.308 1
154.519071  -9.236342   0.049398  0.000150  14809.148    44.968869   2.781475  10.633620   -1308.961 1
154.900041  -3.745709   0.046786  0.000150  14026.090    44.968869   2.782586  10.637866   -2051.900 1
154.137988  -3.912543   0.057200  0.000333  17148.129    99.830889   2.783735  10.642260     910.186 1
152.768177  -8.053497   0.054858  0.000150  16446.015    44.968869   2.795048  10.685511     244.044 1
153.131104  -4.541095   0.056275  0.000297  16870.821    89.038360   2.796352  10.690495     647.085 1
157.089179  -4.515981   0.037928  0.000297  11370.528    89.038360   2.800458  10.706190   -4571.408 1
154.762542  -3.740028   0.057297  0.000297  17177.208    89.038360   2.802268  10.713111     937.776 1
153.734884  -4.075548   0.068941  0.000297  20667.992    89.038360   2.804940  10.723328    4249.715 1
157.005391  -8.623504   0.064728  0.000150  19404.966    44.968869   2.816889  10.769006    3051.398 1
153.191832  -8.588389   0.061786  0.000150  18522.977    44.968869   2.819463  10.778850    2214.596 1
154.679686  -3.733140   0.059861  0.000150  17945.876    44.968869   2.820690  10.783540    1667.062 1
155.615408  -3.735066   0.053767  0.000150  16118.941    44.968869   2.827800  10.810719     -66.273 1
152.742547  -4.955002   0.056284  0.000297  16873.519    89.038360   2.833318  10.831816     649.645 1
154.787582  -3.700474   0.057500  0.000333  17238.066    99.830889   2.838505  10.851647     995.516 1
156.269147  -9.118654   0.044911  0.000150  13463.979    44.968869   2.838675  10.852296   -2585.212 1
153.836396  -9.056596   0.056492  0.000150  16935.876    44.968869   2.839408  10.855098     708.807 1
152.610507  -7.889325   0.054094  0.000150  16216.973    44.968869   2.844686  10.875275      26.737 1
153.386667  -4.255222   0.057575  0.000297  17260.551    89.038360   2.844920  10.876170    1016.848 1
153.533888  -4.149726   0.059534  0.000297  17847.844    89.038360   2.846066  10.880553    1574.053 1
152.397557  -7.510654   0.054738  0.000150  16410.040    44.968869   2.880648  11.012758     209.912 1
156.149296  -3.825475   0.063918  0.000150  19162.134    44.968869   2.881777  11.017076    2821.007 1
157.133042  -4.438726   0.070066  0.000297  21005.258    89.038360   2.886269  11.034247    4569.702 1
154.740784  -3.655745   0.049277  0.000297  14772.873    89.038360   2.888631  11.043278   -1343.377 1
157.321863  -8.416622   0.053284  0.000150  15974.141    44.968869   2.895515  11.069597    -203.654 1
157.723103  -5.202730   0.062271  0.000297  18668.376    89.038360   2.902274  11.095435    2352.546 1
152.697792  -8.144639   0.043674  0.000150  13093.136    44.968869   2.903769  11.101153   -2937.056 1
158.042977  -6.676077   0.041519  0.000150  12447.083    44.968869   2.908281  11.118400   -3550.009 1
154.467182  -3.673346   0.038742  0.000297  11614.559    89.038360   2.919316  11.160589   -4339.880 1
156.909181  -8.850751   0.053060  0.000150  15906.988    44.968869   2.931501  11.207170    -267.367 1
154.016708  -3.794361   0.058263  0.000297  17466.808    89.038360   2.937521  11.230187    1212.538 1
152.658160  -4.877628   0.066193  0.000297  19844.162    89.038360   2.946001  11.262603    3468.092 1
154.259819  -3.696969   0.040300  0.000333  12081.636    99.830889   2.949268  11.275095   -3896.733 1
157.656107  -4.968802   0.066889  0.000297  20052.818    89.038360   2.958750  11.311344    3666.058 1
155.541954  -9.449138   0.065469  0.000150  19627.112    44.968869   2.959283  11.313382    3262.163 1
152.538415  -5.037628   0.056676  0.000297  16991.037    89.038360   2.962296  11.324899     761.143 1
152.560523  -4.994439   0.055842  0.000150  16741.010    44.968869   2.965280  11.336309     523.926 1
154.928944  -3.548177   0.040773  0.000297  12223.438    89.038360   2.977580  11.383330   -3762.196 1
153.381125  -4.078083   0.057501  0.000297  17238.366    89.038360   2.991019  11.434711     995.800 1
153.195828  -8.833368   0.061569  0.000150  18457.922    44.968869   3.001294  11.473989    2152.874 1
156.325977  -9.288427   0.051459  0.000150  15427.020    44.968869   3.016866  11.533522    -722.744 1
154.342639  -9.438963   0.058013  0.000150  17391.860    44.968869   3.019701  11.544362    1141.430 1
157.429782  -4.551519   0.053871  0.000297  16150.120    89.038360   3.023251  11.557933     -36.692 1
154.412327  -3.574597   0.058412  0.000297  17511.477    89.038360   3.027867  11.575578    1254.919 1
153.810728  -9.258626   0.056846  0.000150  17042.002    44.968869   3.032129  11.591875     809.497 1
152.602800  -4.783787   0.055341  0.000297  16590.814    89.038360   3.044339  11.638552     381.425 1
157.675214  -8.200264   0.054151  0.000150  16234.061    44.968869   3.044542  11.639329      42.949 1
156.525137  -3.788189   0.053123  0.000297  15925.875    89.038360   3.067590  11.727440    -249.448 1
152.818533  -4.464473   0.056723  0.000150  17005.128    44.968869   3.074479  11.753777     774.511 1
154.885672  -3.443905   0.060695  0.000297  18195.903    89.038360   3.084593  11.792445    1904.279 1
154.320982  -9.508774   0.048727  0.000150  14607.987    44.968869   3.092695  11.823418   -1499.816 1
156.583292  -3.789056   0.038815  0.000297  11636.444    89.038360   3.093547  11.826676   -4319.116 1
156.436521  -9.329438   0.052206  0.000150  15650.965    44.968869   3.099276  11.848576    -510.273 1
153.540001  -9.194423   0.042756  0.000150  12817.926    44.968869   3.101347  11.856496   -3198.165 1
156.065497  -9.480422   0.063821  0.000150  19133.054    44.968869   3.106174  11.874946    2793.417 1
153.784737  -9.334540   0.065449  0.000150  19621.117    44.968869   3.111795  11.896436    3256.474 1
152.057136  -7.178660   0.059001  0.000150  17688.055    44.968869   3.113586  11.903285    1422.450 1
156.056781  -3.548342   0.055356  0.000297  16595.311    89.038360   3.113714  11.903773     385.691 1
157.426402  -4.399922   0.054073  0.000297  16210.678    89.038360   3.121597  11.933910      20.764 1
154.331583  -3.490833   0.059386  0.000297  17803.475    89.038360   3.128518  11.960368    1531.957 1
154.813587  -3.397384   0.047126  0.000150  14128.019    44.968869   3.137122  11.993264   -1955.193 1
154.138942  -9.507934   0.065919  0.000150  19762.019    44.968869   3.143184  12.016440    3390.158 1
154.504145  -9.614259   0.056392  0.000150  16905.896    44.968869   3.154470  12.059586     680.364 1
151.970128  -6.943803   0.060502  0.000150  18138.043    44.968869   3.158107  12.073490    1849.384 1
154.494444  -9.621600   0.054888  0.000150  16455.008    44.968869   3.163552  12.094304     252.577 1
154.539846  -3.383507   0.059930  0.000297  17966.562    89.038360   3.188722  12.190529    1686.688 1
154.887208  -3.337250   0.049986  0.000213  14985.426    63.855794   3.190843  12.198640   -1141.714 1
154.882083  -3.335000   0.046800  0.000333  14030.287    99.830889   3.193460  12.208645   -2047.918 1
152.673354  -4.435452   0.054851  0.000297  16443.916    89.038360   3.202029  12.241404     242.053 1
152.048616  -7.572039   0.060075  0.000150  18010.032    44.968869   3.227878  12.340225    1727.931 1
157.165538  -9.028744   0.053944  0.000150  16172.004    44.968869   3.228867  12.344006     -15.928 1
157.415346  -4.219358   0.069059  0.000297  20703.367    89.038360   3.239176  12.383417    4283.278 1
154.640875  -3.308917   0.046940  0.000297  14072.258    89.038360   3.245879  12.409041   -2008.097 1
153.966292  -3.481917   0.041531  0.000297  12450.681    89.038360   3.246846  12.412738   -3546.596 1
158.280851  -7.356081   0.044464  0.000150  13329.972    44.968869   3.249878  12.424329   -2712.354 1
151.880808  -6.041227   0.055155  0.000150  16535.053    44.968869   3.253618  12.438628     328.520 1
158.289106  -7.351037   0.043790  0.000150  13127.912    44.968869   3.256512  12.449694   -2904.062 1
154.127292  -3.409472   0.060348  0.000297  18091.875    89.038360   3.262864  12.473977    1805.581 1
156.362665  -9.541766   0.057790  0.000150  17325.006    44.968869   3.264535  12.480366    1078.001 1
154.555420  -9.740604   0.056846  0.000150  17042.002    44.968869   3.269383  12.498898     809.497 1
155.389888  -3.251083   0.041335  0.000150  12391.921    44.968869   3.279597  12.537947   -3602.345 1
154.322859  -9.702488   0.062693  0.000150  18794.889    44.968869   3.279845  12.538894    2472.577 1
154.247750  -3.350028   0.060152  0.000297  18033.116    89.038360   3.286005  12.562446    1749.832 1
153.491914  -9.380503   0.064318  0.000150  19282.051    44.968869   3.286439  12.564106    2934.780 1
157.023058  -3.829673   0.038480  0.000297  11536.014    89.038360   3.288036  12.570211   -4414.401 1
155.747105  -9.751398   0.056759  0.000150  17015.920    44.968869   3.291210  12.582343     784.751 1
152.765322  -4.200769   0.066834  0.000297  20036.329    89.038360   3.294005  12.593028    3650.414 1
157.342390  -4.073190   0.067101  0.000297  20116.374    89.038360   3.295566  12.598995    3726.358 1
154.530656  -3.276194   0.043725  0.000297  13108.425    89.038360   3.295934  12.600403   -2922.550 1
152.238860  -4.875444   0.063817  0.000297  19131.855    89.038360   3.301140  12.620306    2792.279 1
151.938768  -5.527120   0.056182  0.000150  16842.940    44.968869   3.312850  12.665075     620.633 1
154.006708  -3.385833   0.060781  0.000297  18221.685    89.038360   3.323336  12.705162    1928.741 1
151.994477  -7.743184   0.057810  0.000150  17331.002    44.968869   3.337643  12.759858    1083.690 1
152.549177  -4.370693   0.055763  0.000297  16717.327    89.038360   3.337987  12.761171     501.456 1
154.605684  -3.219471   0.060865  0.000150  18246.868    44.968869   3.339554  12.767164    1952.633 1
153.338256  -9.365178   0.060385  0.000150  18102.968    44.968869   3.351183  12.811622    1816.105 1
151.982412  -5.258429   0.055135  0.000150  16529.057    44.968869   3.362788  12.855988     322.832 1
156.843593  -9.417607   0.053460  0.000150  16026.905    44.968869   3.366057  12.868483    -153.594 1
151.952398  -5.294890   0.056212  0.000150  16851.934    44.968869   3.377055  12.910532     629.166 1
153.163291  -3.755998   0.058701  0.000150  17598.117    44.968869   3.378964  12.917828    1337.120 1
154.133375  -3.284611   0.060099  0.000297  18017.227    89.038360   3.380337  12.923078    1734.757 1
154.228089  -9.782440   0.053240  0.000110  15960.950    32.977170   3.380935  12.925363    -216.169 1
156.634217  -3.484854   0.051073  0.000297  15311.300    89.038360   3.387268  12.949574    -832.536 1
152.355572  -4.531041   0.050760  0.000297  15217.465    89.038360   3.390915  12.963516    -921.563 1
152.635947  -4.181900   0.062870  0.000297  18847.952    89.038360   3.399452  12.996155    2522.921 1
154.119786  -3.268529   0.059000  0.000333  17687.755    99.830889   3.399653  12.996924    1422.165 1
151.697887  -6.372834   0.062123  0.000150  18624.007    44.968869   3.403152  13.010301    2310.450 1
154.197042  -3.241306   0.061523  0.000297  18444.131    89.038360   3.404223  13.014395    2139.790 1
153.513000  -3.512361   0.041836  0.000297  12542.117    89.038360   3.404885  13.016925   -3459.844 1
154.137320  -3.257577   0.061035  0.000297  18297.833    89.038360   3.405093  13.017719    2000.987 1
153.680000  -3.429722   0.040971  0.000297  12282.797    89.038360   3.405118  13.017816   -3705.878 1
156.525034  -3.413086   0.038433  0.000100  11521.924    29.979246   3.405836  13.020561   -4427.770 1
153.171856  -3.714241   0.058700  0.000333  17597.817    99.830889   3.408363  13.030219    1336.835 1
151.693466  -6.320890   0.062000  0.000333  18587.132    99.830889   3.410174  13.037146    2275.465 1
156.704592  -3.488549   0.060365  0.000297  18096.972    89.038360   3.415617  13.057951    1810.417 1
156.670331  -3.469895   0.061929  0.000297  18565.847    89.038360   3.416702  13.062099    2255.270 1
151.692807  -6.188382   0.055375  0.000150  16601.007    44.968869   3.421110  13.078953     391.095 1
157.496614  -4.040246   0.053196  0.000297  15947.760    89.038360   3.423911  13.089661    -228.684 1
154.121250  -3.242472   0.061061  0.000297  18305.627    89.038360   3.424159  13.090609    2008.382 1
156.490256  -3.373736   0.052654  0.000297  15785.272    89.038360   3.427898  13.104903    -382.847 1
153.334542  -3.584806   0.040009  0.000297  11994.396    89.038360   3.429339  13.110411   -3979.503 1
151.768859  -5.688424   0.056000  0.000333  16788.378    99.830889   3.431673  13.119337     568.866 1
154.073088  -3.248860   0.059722  0.000297  17904.205    89.038360   3.432243  13.121513    1627.526 1
153.096167  -3.737194   0.056665  0.000297  16987.740    89.038360   3.432992  13.124378     758.014 1
154.056855  -3.232625   0.060209  0.000297  18050.204    89.038360   3.452617  13.199407    1766.045 1
153.727833  -3.349194   0.045105  0.000297  13522.139    89.038360   3.459082  13.224122   -2530.032 1
151.755625  -5.624056   0.056212  0.000150  16851.934    44.968869   3.460530  13.229656     629.166 1
155.854888  -9.903271   0.062650  0.000150  18781.997    44.968869   3.461452  13.233181    2460.346 1
153.816708  -3.303167   0.038929  0.000297  11670.621    89.038360   3.467385  13.255861   -4286.691 1
152.968068  -3.789877   0.058293  0.000297  17475.802    89.038360   3.467426  13.256019    1221.071 1
153.974456  -3.241917   0.058872  0.000297  17649.382    89.038360   3.469757  13.264931    1385.758 1
156.198262  -3.217626   0.056121  0.000297  16824.653    89.038360   3.471506  13.271617     603.283 1
151.621040  -6.372490   0.041819  0.000150  12537.021    44.968869   3.479447  13.301977   -3464.679 1
153.100781  -9.364322   0.061086  0.000150  18313.122    44.968869   3.480884  13.307470    2015.493 1
154.898667  -3.042389   0.062241  0.000297  18659.382    89.038360   3.484257  13.320366    2344.013 1
151.679873  -7.198603   0.050392  0.000150  15107.142    44.968869   3.484653  13.321880   -1026.235 1
152.518847  -4.169693   0.051215  0.000297  15353.871    89.038360   3.493036  13.353927    -792.146 1
152.850958  -3.849177   0.049399  0.000297  14809.448    89.038360   3.494834  13.360802   -1308.677 1
152.770442  -3.916284   0.049675  0.000297  14892.190    89.038360   3.496716  13.367998   -1230.173 1
152.635096  -4.031806   0.050543  0.000297  15152.410    89.038360   3.504962  13.399520    -983.285 1
151.719423  -5.584717   0.057180  0.000333  17142.133    99.830889   3.505571  13.401850     904.497 1
151.584282  -6.518413   0.054700  0.000333  16398.647    99.830889   3.512852  13.429685     199.103 1
151.584586  -6.583447   0.056519  0.000150  16943.970    44.968869   3.513128  13.430741     716.487 1
154.857079  -3.015089   0.048600  0.000333  14569.913    99.830889   3.514333  13.435345   -1535.939 1
152.229452  -4.491146   0.051367  0.000297  15399.439    89.038360   3.516046  13.441895    -748.912 1
154.059552  -3.161457   0.062874  0.000297  18849.151    89.038360   3.519637  13.455625    2524.059 1
153.521661  -3.376601   0.041042  0.000297  12304.082    89.038360   3.521480  13.462670   -3685.684 1
153.369269  -3.454616   0.041046  0.000297  12305.281    89.038360   3.524242  13.473229   -3684.546 1
154.608015  -3.023191   0.044271  0.000150  13272.112    44.968869   3.533316  13.507920   -2767.249 1
151.862432  -7.944504   0.057607  0.000150  17270.144    44.968869   3.536242  13.519103    1025.950 1
152.585418  -4.032853   0.059127  0.000297  17725.829    89.038360   3.539165  13.530280    1458.288 1
152.194301  -4.498293   0.051395  0.000297  15407.833    89.038360   3.540543  13.535547    -740.948 1
157.153964  -3.608889   0.069090  0.000297  20712.661    89.038360   3.543514  13.546907    4292.095 1
152.210083  -4.466552   0.051299  0.000150  15379.053    44.968869   3.545965  13.556274    -768.254 1
151.680518  -5.544294   0.053520  0.000150  16044.892    44.968869   3.553721  13.585928    -136.528 1
152.347062  -4.264706   0.060177  0.000297  18040.611    89.038360   3.560204  13.610711    1756.943 1
151.526371  -6.480174   0.054681  0.000150  16392.951    44.968869   3.570607  13.650483     193.699 1
157.816647  -4.153389   0.055961  0.000297  16776.686    89.038360   3.574574  13.665649     557.773 1
152.900309  -9.333483   0.067360  0.000150  20194.020    44.968869   3.575036  13.667414    3800.026 1
152.105274  -4.566659   0.060357  0.000297  18094.573    89.038360   3.575719  13.670026    1808.141 1
156.060298  -3.066054   0.063137  0.000297  18927.996    89.038360   3.577769  13.677863    2598.865 1
152.797783  -3.784530   0.059249  0.000297  17762.403    89.038360   3.578313  13.679941    1492.989 1
158.243939  -4.737913   0.064182  0.000297  19241.280    89.038360   3.578819  13.681875    2896.098 1
153.177204  -3.499704   0.040595  0.000133  12170.075    39.872397   3.584155  13.702278   -3812.825 1
152.223469  -4.382406   0.060902  0.000297  18257.960    89.038360   3.584655  13.704188    1963.157 1
152.169708  -4.448853   0.060267  0.000297  18067.592    89.038360   3.588929  13.720528    1782.542 1
151.702736  -7.686933   0.055235  0.000150  16559.036    44.968869   3.590205  13.725406     351.275 1
157.272806  -9.403834   0.055071  0.000150  16509.870    44.968869   3.590690  13.727258     304.628 1
152.361272  -4.192306   0.051358  0.000297  15396.741    89.038360   3.595723  13.746501    -751.472 1
156.784419  -3.321917   0.038100  0.000333  11422.093    99.830889   3.600054  13.763060   -4522.486 1
153.318000  -3.394250   0.059782  0.000297  17922.193    89.038360   3.601913  13.770166    1644.592 1
152.720160  -3.812259   0.059406  0.000297  17809.471    89.038360   3.607661  13.792140    1537.645 1
152.842140  -9.330686   0.046472  0.000150  13931.955    44.968869   3.608794  13.796472   -2141.212 1
156.454359  -3.163029   0.061455  0.000297  18423.746    89.038360   3.608989  13.797216    2120.449 1
151.627155  -5.519788   0.066000  0.003000  19786.302    99.990000   3.611441  13.806590    3413.197 1
152.871983  -9.363864   0.065942  0.000150  19768.914    44.968869   3.616310  13.825205    3396.700 1
153.204383  -3.443618   0.040900  0.000333  12261.512    99.830889   3.617258  13.828832   -3726.073 1
152.566278  -9.107135   0.066283  0.000150  19871.143    44.968869   3.623843  13.854004    3493.691 1
151.606387  -7.507233   0.047646  0.000150  14283.911    44.968869   3.627883  13.869449   -1807.288 1
153.492708  -3.249972   0.041890  0.000297  12558.306    89.038360   3.647610  13.944867   -3444.485 1
156.975022  -3.356916   0.059958  0.000297  17974.956    89.038360   3.660594  13.994502    1694.652 1
154.433461  -2.918064   0.060534  0.000297  18147.637    89.038360   3.665657  14.013860    1858.486 1
158.481275  -8.041160   0.064381  0.000150  19300.938    44.968869   3.669789  14.029655    2952.700 1
151.872284  -4.768062   0.062497  0.000150  18736.129    44.968869   3.671500  14.036196    2416.828 1
152.481589  -9.112751   0.054611  0.000150  16371.966    44.968869   3.687191  14.096185     173.789 1
152.007282  -4.506459   0.052042  0.000297  15601.799    89.038360   3.690154  14.107513    -556.920 1
154.021627  -2.991904   0.060259  0.000297  18065.194    89.038360   3.692724  14.117339    1780.267 1
157.028369  -3.321545   0.059521  0.000130  17843.947    38.973020   3.717945  14.213758    1570.355 1
153.782912  -3.041306   0.056966  0.000297  17077.977    89.038360   3.723437  14.234752     843.628 1
156.166023  -2.941575   0.063530  0.000297  19045.815    89.038360   3.725995  14.244532    2710.647 1
152.174847  -4.205510   0.058472  0.000297  17529.465    89.038360   3.730626  14.262239    1271.985 1
153.777234  -3.034994   0.057043  0.000150  17101.061    44.968869   3.731347  14.264994     865.530 1
155.685600  -2.827056   0.061831  0.000012  18536.467     3.597509   3.735157  14.279560    2227.395 1
155.684833  -2.826861   0.061575  0.000297  18459.721    89.038360   3.735235  14.279859    2154.581 1
