194.279093 -17.416569   0.041649  0.000130  12486.056    38.973020   0.012456   0.042169   -1659.745 0
194.268719 -17.410195   0.047189  0.000244  14146.906    73.149360   0.021137   0.071557     -74.129 0
194.317796 -17.409458   0.049931  0.000123  14968.937    36.874472   0.025769   0.087239     710.665 0
194.291565 -17.381550   0.044371  0.000270  13302.091    80.943964   0.029610   0.100242    -880.675 0
194.265190 -17.430051   0.048697  0.000127  14598.993    38.073642   0.030928   0.104706     357.479 0
194.317060 -17.388328   0.047283  0.000233  14175.087    69.851643   0.033860   0.114630     -47.225 0
194.294034 -17.447985   0.047810  0.000223  14333.077    66.853718   0.036958   0.125120     103.609 0
194.271955 -17.451527   0.039187  0.000254  11747.967    76.147284   0.044217   0.149693   -2364.399 0
194.318416 -17.452561   0.048343  0.000113  14492.867    33.876548   0.049058   0.166082     256.160 0
194.275696 -17.360340   0.048510  0.000230  14542.932    68.952265   0.052829   0.178849     303.957 0
194.350442 -17.413121   0.045415  0.000167  13615.074    50.065340   0.056898   0.192623    -581.870 0
194.271566 -17.355646   0.046626  0.000110  13978.123    32.977170   0.058476   0.197966    -235.266 0
194.294540 -17.469794   0.044214  0.000080  13255.024    23.983397   0.058748   0.198887    -925.610 0
194.333725 -17.363877   0.043493  0.000100  13038.873    29.979246   0.062520   0.211658   -1131.969 0
194.358535 -17.416538   0.052356  0.000073  15695.934    21.884849   0.064810   0.219410    1404.730 0
194.347102 -17.450918   0.046229  0.000077  13859.106    23.084019   0.066802   0.226154    -348.893 0
194.312735 -17.347265   0.045662  0.000087  13689.123    26.081944   0.067214   0.227548    -511.175 0
194.291948 -17.332501   0.048253  0.000500  14465.885    99.990000   0.078658   0.266292     230.401 0
194.244570 -17.342363   0.039394  0.000023  11810.024     6.895227   0.081742   0.276734   -2305.154 0
194.236826 -17.474600   0.048270  0.000320  14470.982    95.933587   0.081748   0.276752     235.266 0
194.309107 -17.326953   0.048480  0.000203  14533.938    60.857869   0.085983   0.291089     295.371 0
194.245381 -17.331005   0.051272  0.000290  15370.959    86.939813   0.091136   0.308534    1094.476 0
194.376170 -17.457364   0.042489  0.000163  12737.882    48.866171   0.093614   0.316924   -1419.327 0
194.244926 -17.495034   0.044587  0.000160  13366.846    47.966793   0.094637   0.320388    -818.853 0
194.369814 -17.350546   0.047960  0.000170  14378.046    50.964718   0.096697   0.327363     146.541 0
194.374280 -17.475939   0.046000  0.000333  13790.453    99.830889   0.102640   0.347482    -414.435 0
194.329038 -17.512058   0.051312  0.000257  15382.951    77.046662   0.107284   0.363204    1105.924 0
194.224793 -17.500219   0.051979  0.000250  15582.912    74.948115   0.109112   0.369393    1296.828 0
194.303599 -17.519722   0.052403  0.000444  15710.024    99.990000   0.109250   0.369858    1418.182 0
194.408208 -17.414944   0.063597  0.000254  19065.901    76.147284   0.112047   0.379328    4622.042 1
194.231039 -17.510299   0.053827  0.000180  16136.929    53.962642   0.114398   0.387288    1825.748 0
194.171101 -17.382981   0.045505  0.000107  13642.056    32.077793   0.117682   0.398405    -556.110 0
194.204059 -17.327391   0.049361  0.000100  14798.056    29.979246   0.117787   0.398761     547.524 0
194.192860 -17.484405   0.050021  0.000080  14995.919    23.983397   0.118777   0.402112     736.424 0
194.365508 -17.515727   0.048347  0.000213  14494.066    63.855794   0.126534   0.428374     257.305 0
194.251901 -17.286476   0.045495  0.000157  13639.058    47.067416   0.130097   0.440434    -558.973 0
194.374063 -17.307787   0.049821  0.000207  14935.960    62.057039   0.130342   0.441265     679.182 0
194.424591 -17.377243   0.047820  0.000177  14336.075    53.063265   0.132043   0.447024     106.471 0
194.330586 -17.539553   0.046005  0.000087  13791.952    26.081944   0.133883   0.453251    -413.004 0
194.142412 -17.424586   0.047906  0.000213  14361.857    63.855794   0.142271   0.481648     131.085 0
194.197730 -17.296724   0.047389  0.000143  14206.865    42.870321   0.144874   0.490460     -16.887 0
194.347080 -17.276210   0.042876  0.000244  12853.901    73.149360   0.145218   0.491626   -1308.562 0
194.212700 -17.278925   0.049801  0.000097  14929.964    29.079868   0.151803   0.513921     673.457 0
194.251999 -17.559067   0.049387  0.000207  14805.850    62.057039   0.152489   0.516242     554.966 0
194.439792 -17.353611   0.040114  0.000630  12025.875    99.990000   0.153326   0.519077   -2099.081 0
194.425122 -17.324609   0.043690  0.000170  13097.932    50.964718   0.154612   0.523429   -1075.586 0
194.294899 -17.567389   0.045792  0.000257  13728.096    77.046662   0.156285   0.529092    -473.968 0
194.245383 -17.260832   0.039454  0.000030  11828.012     8.993774   0.156455   0.529668   -2287.981 0
194.449974 -17.451455   0.047243  0.000043  14163.095    12.891076   0.157093   0.531829     -58.674 0
194.369316 -17.268260   0.048520  0.000127  14545.930    38.073642   0.161320   0.546138     306.820 0
194.440801 -17.336587   0.046005  0.000110  13791.952    32.977170   0.161346   0.546227    -413.004 0
194.425311 -17.312322   0.048664  0.000123  14589.100    36.874472   0.161953   0.548282     348.034 0
194.259847 -17.574969   0.044261  0.000304  13269.114    91.136907   0.166466   0.563561    -912.158 0
194.336357 -17.574011   0.044447  0.000390  13324.875    99.990000   0.168549   0.570611    -858.923 0
194.120399 -17.356743   0.047750  0.000240  14315.090    71.950190   0.171499   0.580599      86.436 0
194.255364 -17.579573   0.046772  0.000304  14021.893    91.136907   0.171791   0.581586    -193.479 0
194.365974 -17.254512   0.038190  0.000334  11449.074    99.990000   0.172263   0.583187   -2649.753 1
194.298613 -17.237663   0.054664  0.000097  16387.855    29.079868   0.173647   0.587871    2065.308 0
194.327563 -17.240461   0.049124  0.000200  14727.005    59.958492   0.174249   0.589909     479.692 0
194.311381 -17.236845   0.050000  0.000333  14989.623    99.830889   0.175405   0.593821     730.414 0
194.241742 -17.239942   0.055899  0.000230  16758.099    68.952265   0.177506   0.600935    2418.780 1
194.104125 -17.414127   0.048343  0.000370  14492.867    99.990000   0.178193   0.603260     256.160 0
194.425261 -17.539338   0.044561  0.000327  13359.052    98.032134   0.181331   0.613884    -826.295 0
194.363268 -17.579827   0.048247  0.000143  14464.087    42.870321   0.182281   0.617100     228.684 0
194.375052 -17.576330   0.043190  0.000040  12948.036    11.991698   0.183682   0.621845   -1218.692 0
194.460399 -17.499433   0.042653  0.000117  12787.048    35.075718   0.184302   0.623942   -1372.388 0
194.255143 -17.226461   0.050668  0.000077  15189.884    23.084019   0.187807   0.635809     921.603 0
194.395145 -17.570700   0.043280  0.000087  12975.018    26.081944   0.188041   0.636601   -1192.933 0
194.092994 -17.424027   0.042559  0.000087  12758.867    26.081944   0.189227   0.640617   -1399.292 0
194.424508 -17.552327   0.043954  0.000210  13177.078    62.956416   0.190252   0.644086   -1000.026 0
194.252866 -17.598758   0.042413  0.000147  12715.098    44.069491   0.191075   0.646871   -1441.079 0
194.446643 -17.538664   0.046169  0.000167  13841.118    50.065340   0.195852   0.663046    -366.065 0
194.240508 -17.601448   0.050331  0.000274  15088.854    82.143133   0.196265   0.664441     825.150 0
194.148692 -17.267585   0.049658  0.000140  14887.094    41.970944   0.197511   0.668659     632.529 0
194.457208 -17.531028   0.050035  0.000504  15000.116    99.990000   0.198917   0.673420     740.431 0
194.088902 -17.351993   0.047776  0.000057  14322.884    17.088170   0.201570   0.682402      93.878 0
194.337729 -17.213351   0.047256  0.000354  14166.992    99.990000   0.202796   0.686553     -54.953 0
194.505979 -17.448461   0.043353  0.000107  12996.902    32.077793   0.208637   0.706328   -1172.039 0
194.407614 -17.233341   0.039514  0.000284  11845.999    85.141058   0.209834   0.710379   -2270.808 0
194.181000 -17.229000   0.046974  0.000333  14082.451    99.830889   0.210156   0.711470    -135.665 0
194.364654 -17.610919   0.044261  0.000377  13269.114    99.990000   0.211817   0.717093    -912.158 0
194.453581 -17.265362   0.052843  0.000113  15841.933    33.876548   0.212992   0.721071    1544.115 0
194.445907 -17.257555   0.047693  0.000227  14298.002    68.052888   0.213266   0.722000      70.122 0
194.385172 -17.609196   0.035401  0.000143  10612.953    42.870321   0.217536   0.736454   -3447.999 1
194.501137 -17.321013   0.042850  0.000107  12846.107    32.077793   0.219971   0.744696   -1316.004 0
194.142707 -17.242602   0.049834  0.000073  14939.857    21.884849   0.219977   0.744718     682.902 0
194.354079 -17.198706   0.044981  0.000137  13484.965    41.071567   0.220847   0.747664    -706.086 0
194.092690 -17.527059   0.042703  0.000097  12802.037    29.079868   0.221777   0.750813   -1358.077 0
194.249546 -17.630086   0.043924  0.000077  13168.084    23.084019   0.222453   0.753099   -1008.612 0
194.418452 -17.224046   0.038910  0.000117  11664.925    35.075718   0.223234   0.755745   -2443.680 1
194.523053 -17.444730   0.047996  0.000324  14388.839    97.132756   0.224096   0.758662     156.844 0
194.221787 -17.190887   0.052426  0.000274  15716.919    82.143133   0.229911   0.778349    1424.765 0
194.404848 -17.188573   0.053417  0.000090  16014.014    26.981321   0.247737   0.838699    1708.401 0
194.486351 -17.574550   0.049554  0.000167  14855.915    50.065340   0.247988   0.839548     602.763 0
194.155359 -17.196381   0.043550  0.000157  13055.962    47.067416   0.250679   0.848659   -1115.655 0
194.475340 -17.591511   0.045228  0.000484  13559.013    99.990000   0.252030   0.853231    -635.391 0
194.529541 -17.301298   0.049968  0.000254  14980.030    76.147284   0.252866   0.856060     721.255 0
194.356178 -17.656426   0.050128  0.000090  15027.996    26.981321   0.253072   0.856757     767.049 0
194.029007 -17.353662   0.046159  0.000120  13838.120    35.975095   0.256373   0.867934    -368.928 0
194.300565 -17.154730   0.054081  0.000147  16213.076    44.069491   0.256590   0.868668    1898.446 0
194.320794 -17.667049   0.045094  0.000177  13518.841    53.063265   0.257487   0.871707    -673.744 0
194.212531 -17.164485   0.052153  0.000097  15635.076    29.079868   0.257738   0.872556    1346.629 0
194.406516 -17.644622   0.044431  0.000117  13320.079    35.075718   0.258243   0.874265    -863.502 0
194.299541 -17.152421   0.050508  0.000123  15141.917    36.874472   0.258864   0.876367     875.810 0
194.351524 -17.663837   0.046859  0.000170  14047.975    50.964718   0.259233   0.877616    -168.579 0
194.381495 -17.166128   0.040638  0.000287  12182.966    86.040435   0.259842   0.879679   -1949.105 0
194.521189 -17.267308   0.046098  0.000180  13819.833    53.962642   0.262674   0.889265    -386.387 0
194.548586 -17.503536   0.043193  0.000050  12948.936    14.989623   0.262709   0.889384   -1217.833 0
194.563126 -17.451821   0.046869  0.000347  14050.973    99.990000   0.262967   0.890257    -165.717 0
194.094914 -17.597211   0.049367  0.000143  14799.854    42.870321   0.263763   0.892952     549.241 0
194.238082 -17.147945   0.046442  0.000210  13922.961    62.956416   0.267979   0.907227    -287.930 0
194.377433 -17.154729   0.046749  0.000203  14014.998    60.857869   0.269404   0.912050    -200.062 0
194.013809 -17.463792   0.046452  0.000470  13925.959    99.990000   0.269536   0.912497    -285.067 0
194.301866 -17.137985   0.053941  0.000123  16171.105    36.874472   0.273369   0.925474    1858.376 0
194.421142 -17.164634   0.050572  0.000167  15161.104    50.065340   0.276094   0.934697     894.127 0
194.566375 -17.313559   0.047493  0.000057  14238.043    17.088170   0.280432   0.949386      12.880 0
194.146533 -17.163006   0.047916  0.000270  14364.855    80.943964   0.283793   0.960763     133.947 0
194.554777 -17.272078   0.047012  0.000177  14093.843    53.063265   0.287686   0.973942    -124.789 0
193.992255 -17.465529   0.063023  0.000120  18893.820    35.975095   0.290055   0.981962    4457.756 1
194.500426 -17.621581   0.050141  0.000203  15031.894    60.857869   0.290294   0.982772     770.770 0
194.016429 -17.282642   0.046646  0.000080  13984.119    23.983397   0.291681   0.987468    -229.542 0
194.540888 -17.581254   0.050311  0.000274  15082.858    82.143133   0.293013   0.991978     819.426 0
194.483716 -17.181775   0.051789  0.000377  15525.952    99.990000   0.294077   0.995579    1242.447 0
194.517468 -17.211103   0.047153  0.000514  14136.114    99.990000   0.294581   0.997285     -84.433 0
194.401111 -17.130947   0.047369  0.000287  14200.869    86.040435   0.299306   1.013282     -22.611 0
194.456109 -17.665719   0.042983  0.000047  12885.979    14.090246   0.299450   1.013768   -1277.938 0
194.558788 -17.576509   0.043130  0.000250  12930.049    74.948115   0.304478   1.030790   -1235.865 0
194.578112 -17.272864   0.045852  0.000387  13746.084    99.990000   0.307011   1.039365    -456.795 0
194.490437 -17.660094   0.048137  0.000130  14431.110    38.973020   0.313434   1.061112     197.200 0
194.534465 -17.621494   0.045715  0.000374  13705.012    99.990000   0.313495   1.061317    -496.006 0
194.568424 -17.242944   0.053677  0.000117  16091.960    35.075718   0.313757   1.062206    1782.816 0
194.566433 -17.590375   0.046152  0.000213  13836.022    63.855794   0.318226   1.077335    -370.931 0
194.457517 -17.134375   0.053057  0.000123  15906.088    36.874472   0.319213   1.080675    1605.365 0
194.077514 -17.659000   0.052416  0.000257  15713.921    77.046662   0.320726   1.085797    1421.903 0
194.560093 -17.218664   0.046472  0.000150  13931.955    44.968869   0.321020   1.086792    -279.343 0
194.478131 -17.139724   0.051265  0.000187  15368.860    56.061190   0.324973   1.100176    1092.472 0
194.011201 -17.222688   0.045268  0.000077  13571.005    23.084019   0.326679   1.105951    -623.943 0
194.080133 -17.151139   0.044534  0.000627  13350.957    99.990000   0.328682   1.112733    -834.023 0
194.089625 -17.136391   0.046612  0.000207  13973.926    62.057039   0.335200   1.134797    -239.273 0
194.560626 -17.187111   0.040581  0.000150  12165.878    44.968869   0.341260   1.155312   -1965.420 0
194.547185 -17.170314   0.062660  0.000310  18784.995    92.935662   0.343261   1.162089    4353.861 1
194.505857 -17.129660   0.043930  0.000133  13169.883    39.872397   0.348321   1.179218   -1006.895 0
194.014132 -17.657981   0.040054  0.000090  12007.887    26.981321   0.361442   1.223639   -2116.253 0
193.994221 -17.166019   0.042042  0.000077  12603.875    23.084019   0.374432   1.267617   -1547.263 0
194.003302 -17.150514   0.045968  0.000200  13780.860    59.958492   0.378433   1.281162    -423.594 0
194.715000 -17.719000   0.044337  0.000333  13291.898    99.830889   0.508495   1.721478    -890.406 0
194.742604 -17.068291   0.044017  0.000150  13195.965    44.968869   0.550785   1.864648    -981.994 0
194.461297 -16.875171   0.043807  0.000150  13133.008    44.968869   0.560114   1.896229   -1042.099 0
194.744064 -17.043295   0.047279  0.000183  14173.888    54.862020   0.567743   1.922058     -48.370 0
193.685292 -17.286149   0.048240  0.000150  14461.988    44.968869   0.591178   2.001394     226.680 0
193.667526 -17.526173   0.048727  0.000150  14607.987    44.968869   0.605783   2.050838     366.065 0
194.810615 -16.927683   0.049331  0.000150  14789.062    44.968869   0.692612   2.344793     538.938 0
194.820101 -16.925861   0.046435  0.000150  13920.863    44.968869   0.700383   2.371101    -289.933 0
193.677155 -16.903129   0.041569  0.000150  12462.073    44.968869   0.775232   2.624500   -1682.642 0
194.770638 -18.127182   0.050265  0.000150  15069.068    44.968869   0.849874   2.877195     806.260 0
194.669925 -16.606343   0.044601  0.000150  13371.043    44.968869   0.882355   2.987157    -814.846 0
194.904481 -18.107730   0.046419  0.000183  13916.066    54.862020   0.909974   3.080657    -294.512 0
195.052688 -16.801208   0.045125  0.000150  13528.135    44.968869   0.948928   3.212536    -664.871 0
194.718217 -16.549647   0.058354  0.000150  17494.089    44.968869   0.953143   3.226805    3121.431 1
194.631892 -18.312427   0.050698  0.000150  15198.878    44.968869   0.958224   3.244007     930.190 0
194.967170 -16.696053   0.046099  0.000150  13820.133    44.968869   0.963236   3.260973    -386.100 0
194.272049 -18.374972   0.054027  0.000103  16196.887    30.878623   0.963987   3.263516    1882.990 0
193.501390 -16.795652   0.048740  0.000150  14611.884    44.968869   0.972770   3.293250     369.786 0
194.002250 -16.474917   0.047987  0.000150  14386.141    44.968869   0.975893   3.303824     154.268 0
194.645193 -18.334206   0.044491  0.000150  13338.066    44.968869   0.983029   3.327983    -846.330 0
194.533394 -16.453970   0.042132  0.000150  12630.856    44.968869   0.984763   3.333853   -1521.504 0
194.068359 -18.390776   0.046622  0.000150  13976.924    44.968869   1.002363   3.393437    -236.411 0
194.371955 -18.413415   0.045758  0.000150  13717.903    44.968869   1.005246   3.403198    -483.699 0
194.143000 -18.417000   0.046284  0.000333  13875.594    99.830889   1.015693   3.438563    -333.151 0
193.663472 -18.240089   0.044064  0.000150  13210.055    44.968869   1.022495   3.461591    -968.542 0
193.948843 -18.403959   0.046022  0.000150  13797.049    44.968869   1.045065   3.538000    -408.139 0
194.862386 -18.312175   0.046579  0.000150  13964.033    44.968869   1.053210   3.565574    -248.718 0
194.184989 -18.460332   0.046722  0.000150  14006.903    44.968869   1.054031   3.568355    -207.790 0
194.862538 -18.315747   0.046626  0.000150  13978.123    44.968869   1.056342   3.576178    -235.266 0
193.986208 -18.433054   0.045595  0.000150  13669.037    44.968869   1.062440   3.596824    -530.351 0
193.767309 -16.461471   0.048510  0.000150  14542.932    44.968869   1.073054   3.632757     303.957 0
193.681685 -16.500807   0.042343  0.000150  12694.112    44.968869   1.080084   3.656557   -1461.114 0
194.797543 -18.377982   0.049164  0.000150  14738.996    44.968869   1.080978   3.659580     491.140 0
195.044459 -18.247775   0.047983  0.000150  14384.942    44.968869   1.103185   3.734762     153.124 0
193.493390 -16.611050   0.048230  0.000150  14458.990    44.968869   1.104157   3.738053     223.818 0
194.851519 -18.428372   0.047730  0.000183  14309.094    54.862020   1.149323   3.890958      80.712 0
194.825335 -16.357381   0.058074  0.000150  17410.147    44.968869   1.170697   3.963319    3041.291 1
194.668949 -18.535143   0.045128  0.000150  13529.034    44.968869   1.180473   3.996415    -664.012 0
194.595931 -16.260483   0.047953  0.000150  14375.948    44.968869   1.186921   4.018245     144.537 0
194.711535 -18.534205   0.052733  0.000113  15808.956    33.876548   1.192636   4.037591    1512.632 0
194.896255 -16.356641   0.043283  0.000150  12975.917    44.968869   1.202370   4.070548   -1192.074 0
193.019766 -17.504914   0.060392  0.000150  18105.066    44.968869   1.216463   4.118256    3704.731 1
193.486988 -18.369238   0.043754  0.000150  13117.119    44.968869   1.227299   4.154941   -1057.268 0
194.897087 -18.543051   0.046399  0.000150  13910.070    44.968869   1.271147   4.303386    -300.237 0
195.503332 -16.777692   0.047019  0.000183  14095.942    54.862020   1.319000   4.465389    -122.785 0
192.965901 -16.958722   0.046409  0.000150  13913.068    44.968869   1.342757   4.545819    -297.375 0
193.769241 -18.683442   0.046082  0.000150  13815.036    44.968869   1.366175   4.625099    -390.966 0
193.850169 -16.070523   0.043570  0.000267  13061.957    80.044586   1.405025   4.756623   -1109.931 0
192.880654 -16.998573   0.045835  0.000150  13740.987    44.968869   1.407413   4.764707    -461.660 0
193.938621 -16.040183   0.044691  0.000267  13398.025    80.044586   1.411564   4.778758    -789.087 0
193.664875 -16.126472   0.049030  0.000267  14698.824    80.044586   1.416743   4.796293     452.788 0
192.861997 -17.802575   0.045852  0.000150  13746.084    44.968869   1.418460   4.802105    -456.795 0
193.655980 -16.121611   0.045518  0.000267  13645.953    80.044586   1.424740   4.823367    -552.390 0
193.674042 -16.109667   0.049518  0.000267  14845.123    80.044586   1.428373   4.835665     592.459 0
194.727822 -16.043217   0.057923  0.000150  17364.879    44.968869   1.430068   4.841405    2998.073 1
194.250167 -15.944094   0.044441  0.000150  13323.077    44.968869   1.467571   4.968369    -860.640 0
193.448449 -16.163367   0.043370  0.000267  13001.999    80.044586   1.484273   5.024910   -1167.174 0
195.504743 -16.480520   0.045365  0.000150  13600.085    44.968869   1.485827   5.030172    -596.180 0
193.779083 -18.820732   0.043757  0.000103  13118.019    30.878623   1.491767   5.050282   -1056.409 0
193.507469 -16.089534   0.045925  0.000267  13767.969    80.044586   1.518358   5.140302    -435.901 0
195.704063 -18.153870   0.045271  0.000150  13571.904    44.968869   1.539476   5.211798    -623.084 0
193.367907 -16.115989   0.044637  0.000267  13381.836    80.044586   1.566205   5.302287    -804.543 0
194.241604 -15.823499   0.049701  0.000150  14899.985    44.968869   1.588348   5.377251     644.836 0
194.340400 -15.794660   0.045421  0.000150  13616.873    44.968869   1.617183   5.474871    -580.152 0
193.432495 -16.003639   0.045101  0.000267  13520.940    80.044586   1.628464   5.513061    -671.740 0
193.410143 -16.006644   0.044944  0.000267  13473.872    80.044586   1.636715   5.540994    -716.675 0
193.455870 -15.980717   0.042573  0.000150  12763.064    44.968869   1.637348   5.543137   -1395.285 0
193.820825 -15.828155   0.047600  0.000267  14270.121    80.044586   1.645303   5.570067      43.504 0
192.867616 -16.481450   0.043940  0.000150  13172.881    44.968869   1.645774   5.571661   -1004.033 0
194.866040 -15.855142   0.058244  0.000150  17461.112    44.968869   1.649967   5.585857    3089.948 1
193.465815 -18.864528   0.055695  0.000143  16696.941    42.870321   1.652887   5.595743    2360.392 1
193.784809 -15.829000   0.043180  0.000267  12945.038    80.044586   1.654192   5.600162   -1221.554 0
194.676579 -15.798047   0.041879  0.000150  12555.008    44.968869   1.654562   5.601413   -1593.916 0
193.130066 -18.653787   0.056119  0.000150  16824.053    44.968869   1.664606   5.635418    2481.746 1
193.444970 -15.948442   0.050291  0.000267  15076.863    80.044586   1.670618   5.655772     813.701 0
193.469577 -15.932935   0.032246  0.000267   9667.108    80.044586   1.673087   5.664129   -4350.999 1
195.932500 -16.803333   0.046826  0.000150  14038.082    44.968869   1.680227   5.688301    -178.024 0
196.006125 -17.017149   0.046135  0.000150  13830.925    44.968869   1.683443   5.699190    -375.797 0
195.945223 -16.796758   0.047083  0.000150  14115.128    44.968869   1.693924   5.734672    -104.467 0
195.410819 -18.739383   0.044721  0.000150  13407.019    44.968869   1.704765   5.771373    -780.501 0
193.642194 -15.821784   0.051360  0.000820  15397.341    99.990000   1.705629   5.774298    1119.662 0
193.163989 -16.079860   0.044167  0.000267  13240.933    80.044586   1.711273   5.793405    -939.062 0
193.439932 -15.904186   0.046140  0.000210  13832.424    62.956416   1.711775   5.795106    -374.366 0
193.564329 -15.835696   0.043490  0.000130  13037.974    38.973020   1.721230   5.827113   -1132.828 0
193.433030 -15.892503   0.050605  0.000267  15170.997    80.044586   1.725184   5.840501     903.572 0
193.647340 -15.791634   0.045220  0.000140  13556.615    41.970944   1.732011   5.863614    -637.681 0
192.922654 -18.553544   0.046015  0.000113  13794.950    33.876548   1.734764   5.872932    -410.142 0
192.881914 -18.520064   0.045585  0.000150  13666.039    44.968869   1.742711   5.899837    -533.213 0
193.001708 -16.166162   0.044140  0.000267  13232.839    80.044586   1.750167   5.925077    -946.790 0
196.033537 -16.816267   0.044384  0.000150  13305.988    44.968869   1.766050   5.978850    -876.954 0
193.518195 -15.805700   0.047730  0.000680  14309.094    99.990000   1.766640   5.980846      80.712 0
195.598912 -16.151819   0.045988  0.000150  13786.856    44.968869   1.773063   6.002590    -417.870 0
196.016747 -16.732131   0.044351  0.000083  13296.095    24.882774   1.781317   6.030536    -886.399 0
196.160623 -17.305580   0.035701  0.000150  10702.891    44.968869   1.787227   6.050541   -3362.135 1
195.978821 -16.632587   0.044594  0.000150  13368.945    44.968869   1.788939   6.056340    -816.850 0
193.478210 -15.788897   0.048070  0.000267  14411.023    80.044586   1.798044   6.087164     178.024 0
193.566241 -15.739695   0.043640  0.000130  13082.943    38.973020   1.808815   6.123628   -1089.896 0
195.961125 -16.553333   0.042396  0.000090  12710.001    26.981321   1.809941   6.127440   -1445.944 0
193.259978 -15.887736   0.046260  0.000090  13868.399    26.981321   1.813378   6.139075    -340.020 0
192.981932 -16.089750   0.047843  0.000267  14342.971    80.044586   1.818231   6.155506     113.054 0
192.873899 -16.188617   0.043757  0.000267  13118.019    80.044586   1.822792   6.170945   -1056.409 0
193.628539 -15.698784   0.046969  0.000267  14080.952    80.044586   1.825262   6.179308    -137.096 0
192.961864 -16.095005   0.043483  0.000267  13035.875    80.044586   1.827649   6.187390   -1134.832 0
193.278185 -15.856345   0.045240  0.000150  13562.611    44.968869   1.830599   6.197376    -631.957 0
192.764203 -18.520777   0.046072  0.000150  13812.038    44.968869   1.831184   6.199356    -393.828 0
192.771802 -18.531620   0.046115  0.000150  13824.929    44.968869   1.832033   6.202229    -381.521 0
196.207754 -17.298854   0.036782  0.000150  11026.966    44.968869   1.832521   6.203884   -3052.740 1
192.808587 -18.579329   0.045885  0.000103  13755.977    30.878623   1.834398   6.210236    -447.350 0
192.722332 -18.487870   0.046522  0.000113  13946.945    33.876548   1.843714   6.241777    -265.033 0
193.273370 -15.840416   0.045138  0.000267  13532.032    80.044586   1.846559   6.251407    -661.150 0
192.530851 -16.633889   0.038730  0.000150  11610.962    44.968869   1.850508   6.264776   -2495.198 1
193.486165 -15.726534   0.043780  0.000240  13124.914    71.950190   1.851344   6.267608   -1049.827 0
194.329915 -15.559493   0.062830  0.000150  18835.960    44.968869   1.852034   6.269943    4402.517 1
193.085260 -15.958135   0.044534  0.000267  13350.957    80.044586   1.853258   6.274086    -834.023 0
192.832514 -16.186238   0.060992  0.000267  18284.942    80.044586   1.853842   6.276065    3876.459 1
196.127159 -18.022668   0.046942  0.000150  14072.858    44.968869   1.855820   6.282761    -144.823 0
193.928007 -19.236659   0.046586  0.000150  13966.131    44.968869   1.858048   6.290302    -246.715 0
193.020357 -16.001677   0.047776  0.000267  14322.884    80.044586   1.859097   6.293854      93.878 0
192.753723 -16.254875   0.048070  0.000150  14411.023    44.968869   1.867666   6.322864     178.024 0
193.496571 -15.703898   0.044990  0.000370  13487.663    99.990000   1.867915   6.323706    -703.510 0
193.221750 -15.843528   0.049384  0.000267  14804.951    80.044586   1.870315   6.331832     554.107 0
193.276405 -15.807170   0.046960  0.000110  14078.254    32.977170   1.873422   6.342352    -139.672 0
193.781183 -15.599938   0.058103  0.000267  17418.841    80.044586   1.875366   6.348931    3049.592 1
196.189750 -16.904361   0.036122  0.000150  10829.103    44.968869   1.881439   6.369491   -3241.640 1
192.934730 -16.042676   0.042846  0.000267  12844.908    80.044586   1.883380   6.376062   -1317.149 0
193.063368 -15.928316   0.044097  0.000267  13219.948    80.044586   1.889604   6.397134    -959.097 0
193.436791 -15.705591   0.050780  0.000260  15223.461    77.946039   1.890249   6.399318     953.659 0
193.135091 -15.874471   0.042750  0.000220  12816.128    65.954341   1.891444   6.403364   -1344.625 0
193.297173 -15.771841   0.045170  0.000180  13541.625    53.962642   1.893759   6.411200    -651.992 0
192.859243 -16.097955   0.048980  0.000267  14683.835    80.044586   1.894855   6.414910     438.477 0
192.903245 -16.049345   0.047373  0.000267  14202.068    80.044586   1.899359   6.430157     -21.466 0
193.269694 -15.777460   0.050331  0.000267  15088.854    80.044586   1.902194   6.439755     825.150 0
193.665092 -15.601063   0.048610  0.004520  14572.911    99.990000   1.906025   6.452727     332.579 0
193.452691 -15.679964   0.048770  0.000180  14620.878    53.962642   1.906992   6.456000     378.373 0
193.355216 -15.724447   0.046420  0.000100  13916.366    29.979246   1.908402   6.460775    -294.226 0
192.595691 -18.424317   0.044754  0.000113  13416.912    33.876548   1.908605   6.461459    -771.056 0
193.616546 -15.605797   0.048870  0.000170  14650.857    50.964718   1.916580   6.488459     406.994 0
195.924699 -16.293102   0.046279  0.000130  13874.095    38.973020   1.918460   6.494825    -334.582 0
193.686875 -15.574010   0.048760  0.000100  14617.880    29.979246   1.925412   6.518360     375.510 0
193.611768 -15.594278   0.045060  0.000490  13508.648    99.990000   1.928961   6.530374    -683.475 0
193.682912 -15.570054   0.048794  0.000267  14628.073    80.044586   1.930320   6.534976     385.242 0
192.793042 -16.109667   0.047092  0.000267  14117.826    80.044586   1.932982   6.543985    -101.892 0
196.317113 -17.446214   0.035768  0.000150  10722.977    44.968869   1.933744   6.546566   -3342.959 1
193.635450 -15.578543   0.046780  0.000260  14024.291    77.946039   1.936373   6.555468    -191.190 0
193.472375 -15.632830   0.046930  0.000210  14069.260    62.956416   1.942253   6.575373    -148.258 0
195.909840 -16.232124   0.045615  0.000150  13675.033    44.968869   1.943336   6.579040    -524.627 0
193.092762 -18.983552   0.056256  0.000103  16865.125    30.878623   1.944050   6.581457    2520.958 1
193.229833 -15.749620   0.046830  0.000350  14039.281    99.990000   1.945674   6.586953    -176.879 0
193.659879 -15.553420   0.047780  0.000120  14324.084    35.975095   1.952855   6.611266      95.022 0
193.089944 -15.827623   0.043570  0.000090  13061.957    26.981321   1.954637   6.617300   -1109.931 0
195.955964 -18.560076   0.046672  0.000150  13991.914    44.968869   1.960711   6.637862    -222.101 0
193.431785 -15.627958   0.042443  0.000080  12724.091    23.983397   1.962573   6.644166   -1432.492 0
194.129091 -15.453618   0.048650  0.000150  14584.903    44.968869   1.963609   6.647674     344.027 0
193.133903 -15.786675   0.046980  0.000120  14084.250    35.975095   1.964078   6.649259    -133.947 0
193.142348 -15.779601   0.044647  0.000267  13384.834    80.044586   1.965428   6.653831    -801.681 0
193.391019 -15.643181   0.049754  0.000060  14915.874    17.987547   1.965430   6.653839     660.005 0
193.435281 -15.617001   0.045020  0.000090  13496.656    26.981321   1.971150   6.673202    -694.923 0
194.657709 -15.469190   0.062727  0.000183  18805.082    54.862020   1.973259   6.680344    4373.037 1
196.130349 -16.488516   0.047289  0.000150  14176.886    44.968869   1.982940   6.713116     -45.508 0
193.460010 -15.588049   0.047626  0.000103  14277.916    30.878623   1.988012   6.730286      50.946 0
193.453493 -15.588036   0.049804  0.000040  14930.864    11.991698   1.990511   6.738749     674.316 0
194.865740 -19.327211   0.044864  0.000150  13449.889    44.968869   1.993036   6.747295    -739.572 0
193.083192 -15.784203   0.044650  0.000160  13385.733    47.966793   1.993693   6.749521    -800.822 0
193.365933 -15.622819   0.046540  0.000110  13952.341    32.977170   1.994243   6.751384    -259.881 0
193.053977 -15.800281   0.044750  0.000150  13415.712    44.968869   1.996942   6.760520    -772.201 0
193.759941 -15.476672   0.044244  0.000267  13264.018    80.044586   1.999710   6.769889    -917.024 0
193.242384 -15.676695   0.048780  0.000140  14623.876    41.970944   2.002297   6.778648     381.235 0
194.307299 -19.414530   0.038563  0.000150  11560.897    44.968869   2.003439   6.782516   -2542.996 1
194.863977 -19.340980   0.046319  0.000150  13886.087    44.968869   2.005817   6.790566    -323.134 0
193.293395 -15.645167   0.045440  0.000170  13622.569    50.964718   2.006124   6.791605    -574.714 0
193.065513 -15.780870   0.046330  0.000270  13889.385    80.943964   2.006198   6.791855    -319.985 0
192.339340 -18.158449   0.039507  0.000113  11843.901    33.876548   2.006451   6.792713   -2272.812 1
196.192756 -16.553047   0.059951  0.000150  17972.858    44.968869   2.007417   6.795981    3578.512 1
193.055067 -19.037843   0.056032  0.000150  16797.971    44.968869   2.009115   6.801730    2456.846 1
193.480667 -19.266634   0.037890  0.000150  11359.136    44.968869   2.010083   6.805009   -2735.617 1
193.235039 -15.665603   0.044377  0.000090  13303.890    26.981321   2.015407   6.823031    -878.958 0
196.173971 -16.491775   0.045408  0.000150  13612.976    44.968869   2.018390   6.833129    -583.873 0
193.440730 -15.560789   0.046210  0.000480  13853.409    99.990000   2.020355   6.839784    -354.331 0
194.748507 -19.383792   0.044854  0.000150  13446.891    44.968869   2.020398   6.839927    -742.435 0
192.980026 -18.999251   0.056926  0.000103  17065.985    30.878623   2.021501   6.843662    2712.720 1
193.416185 -15.567778   0.044110  0.000250  13223.845    74.948115   2.023503   6.850440    -955.377 0
193.460548 -15.545917   0.051720  0.000590  15505.266    99.990000   2.026518   6.860646    1222.699 0
193.445993 -15.548797   0.044908  0.000057  13463.080    17.088170   2.029344   6.870214    -726.979 0
194.282400 -19.442050   0.053887  0.000150  16154.916    44.968869   2.030914   6.875529    1842.921 1
193.161339 -15.687367   0.045920  0.000220  13766.470    65.954341   2.032977   6.882514    -437.332 0
193.337618 -15.592963   0.046490  0.000240  13937.351    71.950190   2.033003   6.882602    -274.191 0
192.826239 -15.929404   0.043500  0.000267  13040.972    80.044586   2.036810   6.895489   -1129.966 0
195.384046 -19.161088   0.043887  0.000150  13156.992    44.968869   2.037242   6.896952   -1019.202 0
192.973905 -19.026273   0.056319  0.000150  16884.011    44.968869   2.046379   6.927886    2538.989 1
193.375227 -15.559004   0.048710  0.000790  14602.891    99.990000   2.047865   6.932915     361.200 0
193.368380 -15.561912   0.043920  0.000110  13166.885    32.977170   2.048034   6.933489   -1009.757 0
193.475698 -15.507664   0.043380  0.000480  13004.997    99.990000   2.056269   6.961367   -1164.311 0
192.219417 -16.824167   0.042980  0.000150  12885.080    44.968869   2.061842   6.980234   -1278.796 0
193.390378 -15.531712   0.035080  0.000250  10516.719    74.948115   2.066529   6.996100   -3539.873 1
193.404860 -15.523817   0.044430  0.000110  13319.779    32.977170   2.068024   7.001164    -863.789 0
193.460167 -15.499560   0.050370  0.000420  15100.546    99.990000   2.069404   7.005834     836.312 0
193.351297 -15.545936   0.052050  0.000200  15604.197    59.958492   2.069480   7.006092    1317.149 0
193.590606 -15.446391   0.047250  0.000180  14165.194    53.962642   2.075264   7.025674     -56.670 0
194.801215 -19.428475   0.043870  0.000150  13151.895    44.968869   2.075270   7.025693   -1024.067 0
194.884408 -19.408867   0.045258  0.000150  13568.007    44.968869   2.076447   7.029680    -626.805 0
192.953183 -15.772803   0.043280  0.000780  12975.018    99.990000   2.076854   7.031057   -1192.933 0
193.607120 -15.439041   0.042860  0.000160  12849.105    47.966793   2.077221   7.032300   -1313.142 0
193.606792 -15.439111   0.042873  0.000294  12853.002    88.138983   2.077253   7.032408   -1309.421 0
193.248488 -15.583371   0.046038  0.000267  13801.845    80.044586   2.080869   7.044648    -403.559 0
194.937579 -19.403849   0.045682  0.000150  13695.119    44.968869   2.086062   7.062228    -505.451 0
193.328877 -15.530941   0.048090  0.000187  14417.019    56.061190   2.092302   7.083353     183.748 0
193.515146 -15.452551   0.045338  0.000267  13591.990    80.044586   2.093790   7.088392    -603.908 0
193.368579 -15.508322   0.049618  0.000067  14875.102    20.086095   2.096469   7.097463     621.081 0
193.283912 -15.546612   0.051669  0.000183  15489.977    54.862020   2.097533   7.101065    1208.102 0
193.399583 -15.492099   0.044748  0.000267  13415.113    80.044586   2.099046   7.106186    -772.773 0
193.553174 -15.427967   0.047650  0.000870  14285.111    99.990000   2.104391   7.124282      57.815 0
193.332053 -15.515108   0.048283  0.000067  14474.879    20.086095   2.105222   7.127095     238.987 0
193.109706 -15.632339   0.048340  0.000410  14491.967    99.990000   2.105792   7.129024     255.301 0
193.357094 -15.502320   0.049810  0.000300  14932.662    89.937737   2.106530   7.131523     676.033 0
193.218642 -15.568626   0.057506  0.000200  17239.865    59.958492   2.107509   7.134837    2878.723 1
193.815468 -15.351672   0.049904  0.000267  14960.843    80.044586   2.108841   7.139346     702.937 0
193.307623 -15.522322   0.047256  0.000130  14166.992    38.973020   2.108993   7.139862     -54.953 0
192.210743 -16.696996   0.043127  0.000150  12929.149    44.968869   2.109371   7.141140   -1236.723 0
193.099560 -15.632360   0.046120  0.000150  13826.428    44.968869   2.110972   7.146559    -380.090 0
193.582458 -15.410607   0.048210  0.000250  14452.994    74.948115   2.111650   7.148856     218.094 0
193.235383 -15.552681   0.049117  0.000093  14724.906    27.880699   2.113806   7.156156     477.688 0
193.288638 -19.306466   0.038443  0.000150  11524.921    44.968869   2.122901   7.186944   -2577.341 1
193.304706 -15.507459   0.046590  0.000070  13967.331    20.985472   2.123547   7.189132    -245.570 0
196.517410 -17.430424   0.046422  0.000150  13916.965    44.968869   2.124633   7.192809    -293.654 0
192.222035 -18.207828   0.039234  0.000150  11762.057    44.968869   2.128724   7.206658   -2350.947 1
193.256425 -15.524511   0.043860  0.000240  13148.897    71.950190   2.129234   7.208386   -1026.930 0
192.865235 -15.769880   0.047763  0.000267  14318.987    80.044586   2.131707   7.216758      90.157 0
193.226804 -15.535362   0.049564  0.000147  14858.913    44.069491   2.132934   7.220910     605.625 0
193.140277 -15.577136   0.044650  0.000160  13385.733    47.966793   2.137498   7.236363    -800.822 0
193.328810 -15.479993   0.049481  0.000267  14834.031    80.044586   2.138229   7.238839     581.870 0
196.532559 -17.439710   0.045775  0.000150  13723.000    44.968869   2.139191   7.242095    -478.833 0
193.297003 -15.491695   0.049738  0.000023  14911.077     6.895227   2.140936   7.248001     655.426 0
193.736161 -15.330822   0.043033  0.000267  12900.969    80.044586   2.146602   7.267185   -1263.627 0
196.256610 -16.364979   0.042633  0.000150  12781.052    44.968869   2.147722   7.270975   -1378.112 0
193.362222 -15.453550   0.050260  0.000310  15067.569    92.935662   2.148800   7.274624     804.829 0
193.198714 -15.531706   0.045301  0.000254  13580.898    76.147284   2.149018   7.275363    -614.498 0
193.620746 -15.355503   0.046780  0.000550  14024.291    99.990000   2.152795   7.288148    -191.190 0
193.468805 -15.403887   0.044710  0.000220  13403.721    65.954341   2.155078   7.295880    -783.649 0
193.169877 -15.539626   0.045008  0.000270  13493.059    80.943964   2.155615   7.297697    -698.358 0
193.400524 -15.428067   0.046510  0.000110  13943.347    32.977170   2.157389   7.303704    -268.467 0
193.110883 -15.568684   0.045350  0.000330  13595.588    98.931511   2.159246   7.309989    -600.473 0
193.169271 -15.534891   0.050755  0.000093  15215.966    27.880699   2.160014   7.312588     946.504 0
193.132455 -15.554218   0.048280  0.000140  14473.980    41.970944   2.161002   7.315935     238.129 0
192.812867 -15.772570   0.045190  0.000160  13547.621    47.966793   2.161896   7.318959    -646.267 0
193.074967 -15.584426   0.047470  0.000110  14231.148    32.977170   2.164007   7.326108       6.297 0
193.288528 -15.466036   0.049014  0.000147  14694.028    44.069491   2.167526   7.338021     448.208 0
193.270215 -15.469437   0.049951  0.000267  14974.933    80.044586   2.172252   7.354021     716.389 0
195.340361 -15.482079   0.061312  0.000150  18380.875    44.968869   2.173517   7.358304    3968.047 1
193.321531 -15.443848   0.051005  0.000173  15290.914    51.864095   2.173875   7.359516    1018.057 0
193.395653 -15.410848   0.043940  0.000190  13172.881    56.960567   2.175049   7.363489   -1004.033 0
193.241665 -15.479469   0.048470  0.000170  14530.940    50.964718   2.175689   7.365657     292.509 0
193.445674 -15.387820   0.062080  0.000300  18611.116    89.937737   2.178126   7.373907    4187.858 1
193.268037 -15.454926   0.049690  0.000070  14896.687    20.985472   2.186160   7.401104     641.688 0
193.090332 -15.547287   0.045228  0.000247  13559.013    74.048737   2.187736   7.406440    -635.391 0
193.267801 -15.450196   0.042446  0.000300  12724.991    89.937737   2.190494   7.415776   -1431.634 0
193.265770 -15.450402   0.042993  0.000077  12888.977    23.084019   2.191174   7.418078   -1275.076 0
193.146480 -15.508820   0.048290  0.000110  14476.978    32.977170   2.193443   7.425759     240.991 0
193.435609 -15.373319   0.046339  0.000217  13892.083    65.054963   2.195155   7.431558    -317.409 0
192.038896 -16.935309   0.043864  0.000150  13150.096    44.968869   2.200829   7.450766   -1025.785 0
193.626633 -15.297238   0.044710  0.000250  13403.721    74.948115   2.206878   7.471246    -783.649 0
192.797728 -15.722008   0.048674  0.000267  14592.098    80.044586   2.209751   7.480972     350.896 0
193.561461 -15.308107   0.056560  0.000250  16956.261    74.948115   2.215213   7.499463    2607.966 1
194.946788 -19.538037   0.045361  0.000150  13598.886    44.968869   2.217064   7.505729    -597.325 0
192.702625 -15.792417   0.047940  0.000267  14372.050    80.044586   2.217409   7.506897     140.816 0
194.953979 -19.537456   0.044584  0.000150  13365.947    44.968869   2.218454   7.510434    -819.712 0
192.669092 -15.820720   0.048937  0.000267  14670.944    80.044586   2.219026   7.512371     426.170 0
193.382725 -15.365500   0.042480  0.000190  12735.184    56.960567   2.221607   7.521110   -1421.903 0
193.398300 -15.356388   0.047923  0.000314  14366.954    94.134832   2.224268   7.530117     135.951 0
193.236103 -15.423759   0.044667  0.000103  13390.830    30.878623   2.227692   7.541707    -795.956 0
193.077849 -15.506939   0.046450  0.000100  13925.360    29.979246   2.228374   7.544019    -285.640 0
193.251885 -15.415047   0.047010  0.000190  14093.243    56.960567   2.228728   7.545217    -125.361 0
193.399616 -15.349044   0.048557  0.000267  14557.022    80.044586   2.230575   7.551469     317.409 0
192.877234 -15.634464   0.044380  0.000070  13304.789    20.985472   2.230696   7.551878    -878.099 0
193.476527 -15.319806   0.046670  0.000200  13991.314    59.958492   2.231025   7.552993    -222.673 0
193.256064 -15.403547   0.046270  0.000100  13871.397    29.979246   2.237271   7.574138    -337.158 0
193.420957 -15.333541   0.048990  0.000170  14686.833    50.964718   2.237281   7.574170     441.339 0
193.189516 -15.433767   0.047520  0.000310  14246.138    92.935662   2.239282   7.580944      20.607 0
193.428850 -15.328273   0.048070  0.000190  14411.023    56.960567   2.239396   7.581333     178.024 0
193.158826 -15.445143   0.045178  0.000267  13544.024    80.044586   2.243196   7.594195    -649.702 0
193.483491 -15.301583   0.045271  0.000050  13571.904    14.989623   2.245828   7.603108    -623.084 0
195.700796 -19.216272   0.039444  0.000150  11825.014    44.968869   2.251315   7.621681   -2290.843 1
193.482755 -15.295920   0.046950  0.000220  14075.256    65.954341   2.251389   7.621933    -142.534 0
193.278695 -15.374609   0.046365  0.000073  13899.877    21.884849   2.253938   7.630562    -309.968 0
193.236584 -15.392673   0.044651  0.000123  13386.033    36.874472   2.255263   7.635050    -800.536 0
193.356921 -15.338830   0.044810  0.000210  13433.700    62.956416   2.255802   7.636873    -755.028 0
193.081817 -15.470722   0.050125  0.000310  15027.097    92.935662   2.257464   7.642500     766.190 0
193.281718 -15.366352   0.045810  0.000120  13733.493    35.975095   2.260171   7.651663    -468.816 0
193.127834 -15.437265   0.050035  0.000037  15000.116    11.092321   2.264448   7.666143     740.431 0
192.934628 -15.552069   0.045718  0.000173  13705.912    51.864095   2.265135   7.668468    -495.147 0
193.028958 -19.331000   0.038016  0.000103  11396.910    30.878623   2.266188   7.672034   -2699.554 1
193.218000 -15.388016   0.047069  0.000147  14110.931    44.069491   2.267383   7.676080    -108.474 0
193.400250 -15.309008   0.048934  0.000467  14670.044    99.990000   2.267412   7.676178     425.311 0
193.638145 -19.593809   0.043607  0.000150  13073.050    44.968869   2.269773   7.684170   -1099.341 0
193.593638 -15.240579   0.057810  0.000320  17331.002    95.933587   2.270235   7.685734    2965.731 1
193.267357 -15.360550   0.049137  0.000267  14730.902    80.044586   2.271279   7.689271     483.413 0
193.243595 -15.369755   0.042330  0.000150  12690.215    44.968869   2.272849   7.694585   -1464.834 1
192.801675 -15.629941   0.044177  0.000267  13243.931    80.044586   2.278550   7.713885    -936.200 0
193.343635 -15.318666   0.045480  0.000140  13634.561    41.970944   2.279337   7.716549    -563.266 0
192.519217 -15.882157   0.045215  0.000267  13555.116    80.044586   2.279359   7.716623    -639.112 0
192.983907 -15.500047   0.045375  0.000247  13603.083    74.048737   2.281990   7.725533    -593.318 0
193.197424 -15.381571   0.045485  0.000267  13636.060    80.044586   2.282045   7.725716    -561.835 0
193.151146 -15.403347   0.042660  0.000160  12789.146    47.966793   2.283397   7.730294   -1370.384 0
192.899110 -15.543289   0.034144  0.000267  10236.114    80.044586   2.291816   7.758796   -3807.768 1
193.497308 -15.247150   0.041449  0.000267  12426.098    80.044586   2.292647   7.761609   -1716.987 1
193.280356 -15.325594   0.049130  0.000100  14728.803    29.979246   2.297656   7.778566     481.409 0
193.073191 -15.425741   0.045255  0.000033  13567.108     9.893151   2.300389   7.787821    -627.663 0
193.169385 -15.372852   0.046640  0.001750  13982.320    99.990000   2.302116   7.793666    -231.260 0
193.637556 -15.194697   0.044140  0.000170  13232.839    50.964718   2.302444   7.794778    -946.790 0
193.451759 -15.252123   0.047810  0.000190  14333.077    56.960567   2.302702   7.795650     103.609 0
193.364179 -15.282327   0.045130  0.000190  13529.634    56.960567   2.305152   7.803944    -663.440 0
193.249175 -15.330362   0.044808  0.000320  13433.100    95.933587   2.305995   7.806800    -755.600 0
196.354292 -16.206139   0.040855  0.000150  12248.021    44.968869   2.308382   7.814881   -1886.997 1
192.971122 -15.475730   0.045440  0.000200  13622.569    59.958492   2.309024   7.817053    -574.714 0
193.312726 -15.299038   0.051312  0.000267  15382.951    80.044586   2.309131   7.817416    1105.924 0
193.224845 -15.337103   0.044397  0.000330  13309.886    98.931511   2.310042   7.820501    -873.234 0
193.726288 -15.162401   0.049790  0.000050  14926.666    14.989623   2.312374   7.828393     670.309 0
192.799098 -15.587777   0.046720  0.000080  14006.304    23.983397   2.313173   7.831098    -208.363 0
192.587667 -15.757316   0.048280  0.000267  14473.980    80.044586   2.318678   7.849737     238.129 0
192.886675 -15.516527   0.045641  0.000267  13682.828    80.044586   2.320510   7.855938    -517.186 0
193.038494 -15.421428   0.045745  0.000110  13714.006    32.977170   2.320983   7.857541    -487.419 0
193.025129 -15.428620   0.047349  0.000150  14194.873    44.968869   2.321430   7.859052     -28.335 0
192.518292 -15.816061   0.046475  0.000267  13932.854    80.044586   2.324855   7.870648    -278.485 0
193.157528 -15.352782   0.043633  0.000587  13080.844    99.990000   2.325145   7.871630   -1091.900 0
193.077329 -15.394353   0.045658  0.000077  13687.924    23.084019   2.325565   7.873052    -512.320 0
193.465431 -15.219120   0.045305  0.000103  13582.097    30.878623   2.329231   7.885461    -613.353 0
192.529584 -15.797407   0.048233  0.000267  14459.890    80.044586   2.329909   7.887759     224.677 0
194.972787 -19.652858   0.064505  0.000150  19338.113    44.968869   2.334234   7.902400    4881.922 1
196.261396 -16.022697   0.031445  0.000150   9426.974    44.968869   2.337347   7.912939   -4580.255 1
195.964833 -15.701916   0.046002  0.000150  13791.053    44.968869   2.339404   7.919903    -413.863 0
193.213003 -15.309547   0.043413  0.000267  13014.890    80.044586   2.339759   7.921106   -1154.866 0
191.840022 -17.491871   0.057226  0.000150  17155.923    44.968869   2.339927   7.921673    2798.583 1
193.173359 -15.324629   0.041659  0.000077  12489.054    23.084019   2.343192   7.932726   -1656.883 1
193.241984 -15.291370   0.043840  0.000190  13142.901    56.960567   2.344161   7.936007   -1032.654 0
193.117128 -15.351651   0.047740  0.000180  14312.092    53.962642   2.344316   7.936531      83.574 0
193.304629 -15.262490   0.048930  0.000620  14668.845    99.990000   2.345696   7.941204     424.167 0
193.216113 -15.301295   0.044864  0.000093  13449.889    27.880699   2.345876   7.941812    -739.572 0
193.001281 -15.413691   0.047993  0.000147  14387.939    44.069491   2.346047   7.942391     155.986 0
193.576878 -15.166195   0.044881  0.000267  13454.985    80.044586   2.346049   7.942397    -734.707 0
193.252710 -15.283173   0.045938  0.000267  13771.866    80.044586   2.347239   7.946426    -432.181 0
193.163625 -15.324559   0.046070  0.000640  13811.439    99.990000   2.347495   7.947295    -394.400 0
192.841007 -15.510630   0.034460  0.000090  10330.848    26.981321   2.350705   7.958161   -3717.325 1
193.162126 -15.318077   0.044461  0.000267  13329.072    80.044586   2.353913   7.969021    -854.916 0
192.992747 -15.409292   0.045305  0.000267  13582.097    80.044586   2.354068   7.969546    -613.353 0
193.277583 -15.260695   0.043703  0.000294  13101.830    88.138983   2.357805   7.982197   -1071.865 0
193.396089 -15.208603   0.035470  0.000550  10633.638    99.990000   2.362231   7.997181   -3428.250 1
192.911210 -15.446542   0.045990  0.000130  13787.455    38.973020   2.364883   8.006159    -417.297 0
193.238006 -15.268886   0.041235  0.000267  12361.942    80.044586   2.366121   8.010353   -1778.237 1
193.072875 -15.346944   0.042379  0.000063  12704.905    18.886925   2.368879   8.019689   -1450.810 1
193.151166 -15.306375   0.047510  0.000090  14243.140    26.981321   2.369106   8.020458      17.745 0
192.790822 -15.522145   0.046660  0.000100  13988.316    29.979246   2.370013   8.023527    -225.535 0
195.975978 -19.159457   0.044908  0.000180  13463.080    53.962642   2.375285   8.041376    -726.979 0
193.081710 -15.332377   0.042336  0.000050  12692.014    14.989623   2.377481   8.048810   -1463.117 1
193.484151 -15.161369   0.045185  0.000210  13546.122    62.956416   2.377818   8.049950    -647.698 0
193.081900 -15.331230   0.042476  0.000047  12733.984    14.090246   2.378396   8.051908   -1423.047 0
193.138285 -15.301563   0.041439  0.000030  12423.100     8.993774   2.379039   8.054084   -1719.849 1
193.459755 -15.165824   0.041258  0.000267  12368.837    80.044586   2.381254   8.061582   -1771.654 1
193.271102 -15.236860   0.042092  0.000107  12618.864    32.077793   2.382083   8.064390   -1532.953 1
192.213115 -18.738940   0.047510  0.000103  14243.140    30.878623   2.386099   8.077986      17.745 0
193.475658 -15.150035   0.046020  0.000150  13796.449    44.968869   2.391168   8.095146    -408.711 0
193.423405 -15.167114   0.047710  0.000240  14303.098    71.950190   2.391818   8.097346      74.988 0
193.445813 -15.154041   0.045938  0.000107  13771.866    32.077793   2.396810   8.114247    -432.181 0
192.941056 -15.385461   0.046799  0.000254  14029.987    76.147284   2.400465   8.126621    -185.752 0
192.925225 -15.394848   0.045021  0.000294  13496.956    88.138983   2.400714   8.127465    -694.637 0
192.853333 -15.438131   0.045690  0.000240  13697.517    71.950190   2.402965   8.135083    -503.161 0
193.159643 -15.263072   0.049998  0.000267  14989.023    80.044586   2.404017   8.138647     729.841 0
192.825792 -15.452912   0.034340  0.000170  10294.873    50.964718   2.406016   8.145413   -3751.670 1
193.265591 -19.610695   0.046772  0.000113  14021.893    33.876548   2.407286   8.149712    -193.479 0
193.487887 -15.121126   0.045260  0.000260  13568.607    77.946039   2.414795   8.175136    -626.232 0
193.298950 -15.187971   0.045595  0.000267  13669.037    80.044586   2.416258   8.180088    -530.351 0
192.892690 -15.382803   0.044270  0.000120  13271.812    35.975095   2.427759   8.219024    -909.583 0
193.394385 -15.135946   0.047579  0.000267  14263.825    80.044586   2.430690   8.228945      37.494 0
193.150080 -15.236222   0.040805  0.000267  12233.031    80.044586   2.432109   8.233749   -1901.308 1
195.349237 -15.196687   0.040538  0.000150  12152.987    44.968869   2.433874   8.239726   -1977.727 1
193.168407 -15.224223   0.046350  0.000160  13895.380    47.966793   2.435103   8.243886    -314.261 0
193.191952 -15.203875   0.046770  0.000210  14021.293    62.956416   2.443670   8.272888    -194.052 0
193.468825 -15.092964   0.047430  0.000180  14219.156    53.962642   2.447287   8.285135      -5.152 0
193.929876 -14.983260   0.049337  0.000267  14790.861    80.044586   2.452202   8.301772     540.655 0
193.497383 -15.075911   0.045980  0.000270  13784.457    80.943964   2.454907   8.310929    -420.160 0
193.534889 -15.064386   0.044330  0.000110  13289.800    32.977170   2.455121   8.311654    -892.410 0
193.133346 -15.217771   0.047096  0.000080  14119.026    23.983397   2.455762   8.313827    -100.747 0
193.555151 -15.056104   0.048440  0.000140  14521.947    41.970944   2.457446   8.319525     283.923 0
193.012808 -15.276645   0.041635  0.000040  12481.859    11.991698   2.458304   8.322431   -1663.752 1
192.943026 -15.312872   0.044054  0.000083  13207.057    24.882774   2.461046   8.331715    -971.404 0
193.171935 -15.192994   0.052313  0.000267  15683.043    80.044586   2.461726   8.334016    1392.423 0
193.036307 -15.258722   0.045278  0.000140  13574.003    41.970944   2.462907   8.338013    -621.081 0
195.944661 -19.309161   0.045732  0.000150  13710.109    44.968869   2.468328   8.356367    -491.140 0
193.495303 -15.060430   0.044880  0.000190  13454.686    56.960567   2.470247   8.362862    -734.993 0
192.768977 -19.409683   0.046045  0.000103  13803.944    30.878623   2.470393   8.363358    -401.556 0
192.928730 -15.306694   0.047930  0.000130  14369.053    38.973020   2.473456   8.373728     137.954 0
193.155558 -15.184104   0.040370  0.000120  12102.622    35.975095   2.476535   8.384150   -2025.810 1
193.126195 -15.197255   0.047626  0.000063  14277.916    18.886925   2.477157   8.386257      50.946 0
192.860250 -15.343833   0.044140  0.000267  13232.839    80.044586   2.477332   8.386848    -946.790 0
192.959071 -15.284027   0.046515  0.000320  13944.846    95.933587   2.477799   8.388429    -267.036 0
193.131050 -15.192569   0.048510  0.000130  14542.932    38.973020   2.479275   8.393426     303.957 0
193.026023 -15.245286   0.043540  0.000300  13052.964    89.937737   2.479419   8.393915   -1118.518 0
196.177252 -19.116816   0.044467  0.000150  13330.871    44.968869   2.479756   8.395057    -853.199 0
192.920818 -15.301853   0.032776  0.000267   9825.998    80.044586   2.481545   8.401112   -4199.306 1
192.485660 -15.620263   0.048000  0.000267  14390.038    80.044586   2.484797   8.412120     157.989 0
196.664528 -16.387417   0.037229  0.000150  11160.973    44.968869   2.485540   8.414637   -2924.803 1
192.914520 -15.298708   0.049891  0.000043  14956.946    12.891076   2.487386   8.420888     699.217 0
195.951000 -19.330000   0.045501  0.000333  13640.857    99.830889   2.488234   8.423758    -557.255 0
193.601055 -15.010324   0.049441  0.000267  14822.039    80.044586   2.489415   8.427755     570.421 0
195.699975 -19.506258   0.039447  0.000150  11825.913    44.968869   2.489442   8.427846   -2289.984 1
193.074947 -15.207678   0.049650  0.000600  14884.696    99.990000   2.490249   8.430579     630.239 0
196.895083 -17.610960   0.045065  0.000150  13510.147    44.968869   2.492935   8.439671    -682.044 0
193.029349 -15.227915   0.049628  0.000050  14878.100    14.989623   2.493074   8.440142     623.943 0
193.271513 -15.111398   0.045240  0.000250  13562.611    74.948115   2.496974   8.453346    -631.957 0
193.125434 -15.174829   0.046959  0.000080  14077.954    23.983397   2.497543   8.455273    -139.958 0
192.917992 -15.283766   0.040631  0.000267  12180.867    80.044586   2.498350   8.458004   -1951.109 1
192.773130 -15.375162   0.042613  0.000267  12775.056    80.044586   2.498495   8.458496   -1383.836 0
193.679562 -14.978446   0.044240  0.000220  13262.818    65.954341   2.501654   8.469189    -918.169 0
193.097632 -15.182600   0.047099  0.000213  14119.925    63.855794   2.502545   8.472205     -99.888 0
193.176574 -15.144337   0.044844  0.000050  13443.893    14.989623   2.503775   8.476369    -745.297 0
192.688345 -15.427309   0.045061  0.000267  13508.948    80.044586   2.504739   8.479634    -683.189 0
192.507967 -15.572104   0.048153  0.000267  14435.906    80.044586   2.505226   8.481281     201.780 0
195.984155 -19.326095   0.045978  0.000150  13783.858    44.968869   2.505508   8.482236    -420.732 0
193.113105 -15.171646   0.041132  0.000457  12331.063    99.990000   2.505648   8.482711   -1807.717 1
193.052579 -15.199429   0.048824  0.000073  14637.067    21.884849   2.507537   8.489106     393.828 0
193.197265 -15.130603   0.041425  0.000217  12418.903    65.054963   2.507937   8.490461   -1723.856 1
193.114711 -15.163026   0.052169  0.000244  15639.873    73.149360   2.512671   8.506485    1351.208 0
191.706674 -17.908689   0.038967  0.000150  11682.013    44.968869   2.515468   8.515955   -2427.366 1
193.106754 -15.161316   0.051856  0.000083  15546.038    24.882774   2.517599   8.523169    1261.624 0
193.070903 -15.174778   0.047990  0.000220  14387.040    65.954341   2.521186   8.535315     155.127 0
193.513566 -15.000113   0.047670  0.000110  14291.106    32.977170   2.522535   8.539880      63.539 0
192.730090 -15.373396   0.046490  0.000110  13937.351    32.977170   2.523947   8.544660    -274.191 0
192.478207 -15.572911   0.047736  0.000267  14310.893    80.044586   2.524007   8.544863      82.429 0
193.040930 -15.185886   0.048280  0.000367  14473.980    99.990000   2.524722   8.547285     238.129 0
193.075950 -15.162585   0.046559  0.000267  13958.037    80.044586   2.529798   8.564469    -254.443 0
193.068502 -15.162161   0.050792  0.000180  15227.059    53.962642   2.533439   8.576794     957.094 0
193.421093 -15.016336   0.045114  0.000287  13524.837    86.040435   2.534539   8.580518    -668.019 0
192.681759 -15.391505   0.048050  0.000110  14405.028    32.977170   2.536990   8.588816     172.300 0
192.990546 -15.197118   0.042409  0.000093  12713.898    27.880699   2.537980   8.592170   -1442.224 1
193.203844 -19.730992   0.047083  0.000103  14115.128    30.878623   2.541150   8.602899    -104.467 0
192.525034 -15.508135   0.046816  0.000267  14035.084    80.044586   2.541730   8.604863    -180.886 0
192.797957 -15.305396   0.044180  0.000190  13244.831    56.960567   2.542318   8.606854    -935.342 0
193.451093 -14.997253   0.048430  0.000150  14518.949    44.968869   2.543414   8.610567     281.060 0
192.770041 -15.321339   0.047590  0.000120  14267.123    35.975095   2.544226   8.613315      40.642 0
193.742455 -14.920373   0.044454  0.000267  13326.974    80.044586   2.545150   8.616442    -856.920 0
192.842529 -15.268461   0.044730  0.000150  13409.717    44.968869   2.549694   8.631825    -777.925 0
193.095558 -15.130545   0.046305  0.000107  13881.890    32.077793   2.549895   8.632506    -327.141 0
193.052788 -15.151269   0.040605  0.000057  12173.073    17.088170   2.550024   8.632943   -1958.550 1
193.103840 -15.125338   0.052160  0.000100  15637.175    29.979246   2.551035   8.636365    1348.632 0
193.079701 -15.135910   0.045908  0.000093  13762.872    27.880699   2.551914   8.639341    -440.767 0
196.033911 -19.351443   0.044227  0.000150  13258.921    44.968869   2.555575   8.651734    -921.890 0
193.023747 -15.157991   0.044321  0.000170  13287.102    50.964718   2.557054   8.656742    -894.986 0
193.361122 -15.011990   0.048850  0.000110  14644.862    32.977170   2.557924   8.659687     401.270 0
192.894523 -19.597071   0.056873  0.000150  17050.096    44.968869   2.559960   8.666580    2697.551 1
193.295447 -15.033828   0.046780  0.000160  14024.291    47.966793   2.560035   8.666834    -191.190 0
193.065148 -15.133447   0.051005  0.000180  15290.914    53.962642   2.560423   8.668148    1018.057 0
192.855929 -15.239912   0.042529  0.000267  12749.873    80.044586   2.566889   8.690039   -1407.878 0
193.381119 -14.990998   0.044731  0.000267  13410.016    80.044586   2.571119   8.704358    -777.639 0
193.100039 -15.103338   0.050190  0.000490  15046.583    99.990000   2.572366   8.708580     784.794 0
192.835787 -15.245609   0.047310  0.000100  14183.181    29.979246   2.572394   8.708676     -39.497 0
193.691426 -14.902122   0.046680  0.000180  13994.312    53.962642   2.573396   8.712068    -219.811 0
192.784152 -15.273900   0.045130  0.000150  13529.634    44.968869   2.575795   8.720189    -663.440 0
193.495000 -19.874190   0.057920  0.000103  17363.979    30.878623   2.577444   8.725773    2997.215 1
192.457606 -19.304465   0.039107  0.000150  11723.984    44.968869   2.577692   8.726613   -2387.296 1
193.131341 -15.081943   0.048910  0.000110  14662.849    32.977170   2.578622   8.729761     418.442 0
193.494814 -14.946178   0.049020  0.000267  14695.826    80.044586   2.579347   8.732214     449.926 0
192.724317 -15.306250   0.049340  0.000120  14791.760    35.975095   2.581648   8.740005     541.514 0
192.760793 -15.281926   0.045640  0.000120  13682.528    35.975095   2.581678   8.740105    -517.472 0
192.865859 -15.213826   0.045130  0.000290  13529.634    86.939813   2.583994   8.747945    -663.440 0
192.802208 -15.250362   0.045780  0.000220  13724.499    65.954341   2.585855   8.754246    -477.402 0
191.845716 -16.295455   0.043937  0.000150  13171.981    44.968869   2.586144   8.755225   -1004.891 0
196.642588 -16.115440   0.057463  0.000150  17226.974    44.968869   2.591207   8.772365    2866.416 1
192.945437 -15.157873   0.045281  0.000057  13574.902    17.088170   2.593323   8.779529    -620.222 0
192.998269 -15.127105   0.050141  0.000267  15031.894    80.044586   2.595773   8.787823     770.770 0
193.893114 -14.842237   0.045185  0.000267  13546.122    80.044586   2.596797   8.791289    -647.698 0
192.804970 -15.231903   0.046150  0.000150  13835.422    44.968869   2.599861   8.801664    -371.504 0
193.415339 -14.947781   0.047530  0.000130  14249.136    38.973020   2.601169   8.806092      23.469 0
192.504839 -15.437621   0.046752  0.000267  14015.897    80.044586   2.607498   8.827518    -199.204 0
191.778291 -18.440688   0.060569  0.000150  18158.129    44.968869   2.609147   8.833100    3755.391 1
193.608989 -14.884161   0.049470  0.000210  14830.733    62.956416   2.609404   8.833969     578.721 0
195.897957 -19.522428   0.045378  0.000150  13603.982    44.968869   2.609412   8.833997    -592.459 0
192.948979 -15.135248   0.042426  0.000133  12718.995    39.872397   2.611347   8.840547   -1437.358 1
193.181528 -15.019251   0.044851  0.000360  13445.992    99.990000   2.615645   8.855099    -743.293 0
195.490344 -19.767574   0.046079  0.000150  13814.137    44.968869   2.619674   8.868738    -391.825 0
192.813165 -15.200631   0.046080  0.000130  13814.436    38.973020   2.621916   8.876329    -391.538 0
192.737821 -15.247906   0.047640  0.000120  14282.113    35.975095   2.622132   8.877058      54.953 0
193.531661 -14.889928   0.044100  0.000267  13220.847    80.044586   2.623229   8.880773    -958.239 0
197.041482 -17.347841   0.045622  0.000150  13677.132    44.968869   2.625369   8.888020    -522.624 0
192.793649 -15.206038   0.043450  0.000120  13025.982    35.975095   2.627437   8.895021   -1144.277 0
193.023427 -15.077978   0.041740  0.000130  12513.337    38.973020   2.627971   8.896826   -1633.700 1
192.871557 -15.157840   0.042323  0.000267  12688.116    80.044586   2.628962   8.900182   -1466.838 1
193.180541 -15.004586   0.042630  0.000150  12780.152    44.968869   2.629441   8.901806   -1378.971 0
193.029000 -15.072500   0.049201  0.000267  14750.089    80.044586   2.630397   8.905041     501.730 0
192.841840 -15.173138   0.046080  0.000170  13814.436    50.964718   2.630653   8.905909    -391.538 0
192.860512 -15.160546   0.047550  0.000110  14255.131    32.977170   2.632092   8.910780      29.194 0
192.761091 -15.219694   0.034510  0.000510  10345.838    99.990000   2.633081   8.914127   -3703.014 1
192.957612 -19.716935   0.045795  0.000103  13728.996    30.878623   2.633439   8.915339    -473.109 0
192.771945 -15.210575   0.045520  0.001210  13646.553    99.990000   2.634965   8.920504    -551.817 0
192.200426 -15.687669   0.045028  0.000150  13499.055    44.968869   2.636095   8.924330    -692.634 0
193.181713 -14.986533   0.046552  0.000267  13955.939    80.044586   2.645527   8.956261    -256.446 0
192.803018 -15.176955   0.049120  0.000090  14725.806    26.981321   2.647088   8.961546     478.547 0
193.077850 -15.028439   0.048420  0.000420  14515.951    99.990000   2.648952   8.967856     278.198 0
192.760364 -15.196756   0.042270  0.000240  12672.227    71.950190   2.652584   8.980154   -1482.007 1
193.372753 -14.905438   0.047130  0.000100  14129.219    29.979246   2.654436   8.986424     -91.015 0
192.789348 -15.171499   0.044708  0.000267  13403.121    80.044586   2.658700   9.000860    -784.222 0
193.302250 -14.918028   0.048343  0.000267  14492.867    80.044586   2.665612   9.024259     256.160 0
192.732148 -15.197684   0.042430  0.000210  12720.194    62.956416   2.666731   9.028047   -1436.213 1
196.998910 -18.081322   0.035865  0.000150  10752.057    44.968869   2.669476   9.037341   -3315.197 1
196.860493 -16.335281   0.045738  0.000150  13711.907    44.968869   2.677566   9.064727    -489.423 0
193.238315 -14.921578   0.046992  0.000474  14087.847    99.990000   2.684514   9.088249    -130.513 0
193.512300 -14.827919   0.046972  0.000267  14081.851    80.044586   2.687928   9.099809    -136.237 0
193.099995 -14.973468   0.046560  0.000200  13958.337    59.958492   2.689509   9.105161    -254.156 0
193.643306 -14.788702   0.047359  0.000150  14197.871    44.968869   2.694255   9.121229     -25.473 0
192.695616 -15.186963   0.045922  0.000267  13767.069    80.044586   2.695168   9.124320    -436.760 0
193.480047 -14.828639   0.048160  0.000267  14438.005    80.044586   2.695906   9.126818     203.783 0
192.769475 -15.137613   0.043140  0.000160  12933.047    47.966793   2.697465   9.132094   -1233.002 0
192.665152 -15.203644   0.033363  0.000267  10001.976    80.044586   2.698026   9.133994   -4031.300 1
196.831237 -16.225374   0.045228  0.000150  13559.013    44.968869   2.698484   9.135544    -635.391 0
193.119917 -14.952556   0.049107  0.000267  14721.908    80.044586   2.700558   9.142565     474.826 0
192.885995 -15.065862   0.046179  0.000267  13844.116    80.044586   2.701349   9.145244    -363.203 0
193.139953 -14.942936   0.048727  0.000267  14607.987    80.044586   2.701491   9.145725     366.065 0
193.597602 -14.783283   0.044721  0.000150  13407.019    44.968869   2.709844   9.174004    -780.501 0
192.943776 -15.020008   0.049990  0.000110  14986.625    32.977170   2.714719   9.190508     727.552 0
192.837000 -15.070000   0.049406  0.000333  14811.546    99.830889   2.721289   9.212751     560.404 0
192.914301 -15.025815   0.050450  0.000190  15124.530    56.960567   2.723060   9.218744     859.209 0
192.251046 -19.327307   0.037736  0.000150  11312.968    44.968869   2.731282   9.246579   -2779.693 1
192.278943 -15.466020   0.046576  0.000150  13963.134    44.968869   2.732925   9.252142    -249.577 0
192.868923 -15.037219   0.045730  0.000240  13709.509    71.950190   2.734300   9.256798    -491.713 0
192.732698 -15.112107   0.049320  0.000380  14785.764    99.990000   2.737893   9.268963     535.789 0
192.502012 -15.268759   0.049004  0.000267  14691.030    80.044586   2.739210   9.273420     445.346 0
193.375747 -14.812997   0.045985  0.000267  13785.956    80.044586   2.740956   9.279332    -418.729 0
192.390619 -19.472032   0.039744  0.000083  11914.951    24.882774   2.744958   9.292878   -2204.979 1
195.994403 -19.626558   0.040565  0.000150  12161.081    44.968869   2.747777   9.302424   -1969.999 1
192.768902 -15.075640   0.044190  0.000140  13247.829    41.970944   2.750189   9.310590    -932.480 0
192.853539 -15.027152   0.043150  0.000267  12936.045    80.044586   2.750335   9.311084   -1230.140 0
192.789834 -15.059574   0.049640  0.000140  14881.698    41.970944   2.753404   9.321472     627.377 0
193.270339 -14.835603   0.044744  0.000267  13413.914    80.044586   2.753479   9.321726    -773.918 0
193.943096 -20.144714   0.047236  0.000150  14160.997    44.968869   2.753628   9.322230     -60.677 0
192.833169 -15.032717   0.048470  0.000170  14530.940    50.964718   2.755273   9.327802     292.509 0
192.814287 -15.042355   0.048904  0.000150  14661.050    44.968869   2.756124   9.330683     416.725 0
191.430319 -16.937017   0.057163  0.000150  17137.036    44.968869   2.770340   9.378810    2780.552 1
192.652847 -15.122700   0.048620  0.000267  14575.909    80.044586   2.771250   9.381891     335.441 0
192.507385 -15.215122   0.047196  0.000150  14149.005    44.968869   2.778218   9.405480     -72.125 0
196.614950 -19.090230   0.053644  0.000150  16082.067    44.968869   2.781569   9.416824    1773.371 1
196.911503 -18.631870   0.058084  0.000150  17413.145    44.968869   2.782636   9.420436    3044.154 1
192.913911 -19.864567   0.044974  0.000150  13482.866    44.968869   2.783064   9.421884    -708.089 0
193.232691 -14.815690   0.048200  0.000267  14449.996    80.044586   2.784935   9.428221     215.232 0
192.896078 -14.956843   0.048010  0.000110  14393.036    32.977170   2.791923   9.451876     160.851 0
193.022846 -14.890846   0.050760  0.000120  15217.465    35.975095   2.795677   9.464587     947.935 0
192.885196 -19.867458   0.046916  0.000150  14065.063    44.968869   2.798640   9.474616    -152.265 0
196.124023 -19.603552   0.046839  0.000150  14041.979    44.968869   2.804685   9.495082    -174.303 0
193.529913 -14.701785   0.045258  0.000267  13568.007    80.044586   2.804968   9.496041    -626.805 0
193.459624 -14.720594   0.046042  0.000267  13803.044    80.044586   2.805026   9.496237    -402.414 0
192.700988 -15.047803   0.049050  0.000130  14704.820    38.973020   2.808337   9.507445     458.512 0
196.640714 -19.102434   0.053537  0.000150  16049.989    44.968869   2.808540   9.508132    1742.746 1
192.717399 -15.033870   0.046820  0.000130  14036.283    38.973020   2.811680   9.518761    -179.741 0
192.806628 -14.981119   0.043460  0.000140  13028.980    41.970944   2.812602   9.521883   -1141.414 0
196.741130 -15.836699   0.039751  0.000150  11917.050    44.968869   2.818726   9.542617   -2202.976 1
197.191912 -17.964026   0.045575  0.000150  13663.041    44.968869   2.822815   9.556461    -536.076 0
193.107803 -14.817381   0.049097  0.000267  14718.910    80.044586   2.828768   9.576613     471.964 0
192.005250 -15.609444   0.047516  0.000150  14244.938    44.968869   2.828847   9.576880      19.462 0
195.953338 -19.771113   0.047493  0.000150  14238.043    44.968869   2.843558   9.626683      12.880 0
192.659936 -15.025984   0.043173  0.000267  12942.940    80.044586   2.847937   9.641508   -1223.557 0
197.230859 -17.920421   0.045605  0.000150  13672.035    44.968869   2.851157   9.652409    -527.489 0
193.398184 -14.687434   0.046689  0.000290  13997.010    86.939813   2.853794   9.661338    -217.235 0
194.035787 -14.559163   0.038170  0.000150  11443.078    44.968869   2.862354   9.690318   -2655.477 1
192.807034 -14.919955   0.043740  0.000080  13112.922    23.983397   2.865420   9.700697   -1061.275 0
197.250047 -17.922042   0.045695  0.000150  13699.016    44.968869   2.869461   9.714378    -501.730 0
192.602342 -15.032206   0.042429  0.000267  12719.894    80.044586   2.873180   9.726967   -1436.499 1
192.709916 -14.952379   0.046940  0.000100  14072.258    29.979246   2.884637   9.765752    -145.396 0
191.731018 -18.964891   0.037279  0.000103  11175.963    30.878623   2.894845   9.800312   -2910.492 1
192.683886 -14.951575   0.050705  0.000267  15200.977    80.044586   2.898385   9.812296     932.193 0
192.893010 -14.837648   0.042476  0.000267  12733.984    80.044586   2.898607   9.813049   -1423.047 1
192.971344 -14.798811   0.042293  0.000150  12679.122    44.968869   2.899918   9.817487   -1475.424 1
196.064360 -15.055866   0.061262  0.000150  18365.886    44.968869   2.900189   9.818403    3953.736 1
192.902189 -19.992159   0.043420  0.000113  13016.989    33.876548   2.901260   9.822031   -1152.863 0
193.181875 -14.704750   0.046976  0.000284  14083.051    85.141058   2.905911   9.837776    -135.092 0
191.392852 -16.515352   0.035565  0.000150  10662.119    44.968869   2.906695   9.840430   -3401.060 1
193.038892 -14.756905   0.048243  0.000267  14462.888    80.044586   2.910684   9.853935     227.539 0
192.982392 -14.781557   0.042169  0.000267  12641.948    80.044586   2.910934   9.854780   -1510.915 1
195.793267 -19.952615   0.039274  0.000150  11774.049    44.968869   2.917908   9.878392   -2339.499 1
192.505922 -15.037218   0.048523  0.000267  14546.829    80.044586   2.921688   9.891189     307.678 0
192.295508 -15.193367   0.047463  0.000150  14229.049    44.968869   2.922922   9.895365       4.293 0
192.786417 -14.855395   0.046810  0.000170  14033.285    50.964718   2.931306   9.923750    -182.603 0
191.472809 -18.578904   0.037356  0.000183  11199.047    54.862020   2.931544   9.924554   -2888.454 1
192.550572 -19.829724   0.039331  0.000150  11791.137    44.968869   2.933749   9.932020   -2323.185 1
192.551059 -14.984904   0.053063  0.000267  15907.887    80.044586   2.939818   9.952566    1607.082 1
196.816740 -15.727698   0.039848  0.000150  11946.130    44.968869   2.939880   9.952775   -2175.213 1
192.652768 -14.898525   0.046542  0.000267  13952.941    80.044586   2.959112  10.017886    -259.308 0
192.766968 -19.995329   0.046465  0.000150  13929.857    44.968869   2.965174  10.038408    -281.347 0
191.386760 -18.474204   0.038230  0.000150  11461.066    44.968869   2.967942  10.047778   -2638.305 1
192.940096 -14.733430   0.042012  0.000267  12594.881    80.044586   2.971761  10.060707   -1555.850 1
192.548268 -14.932449   0.046282  0.000150  13874.995    44.968869   2.984739  10.104644    -333.723 0
191.675810 -15.767500   0.045448  0.000150  13624.968    44.968869   2.987930  10.115447    -572.425 0
192.520009 -14.940725   0.047373  0.000267  14202.068    80.044586   2.993009  10.132642     -21.466 0
192.442123 -14.989192   0.045375  0.000267  13603.083    80.044586   2.996274  10.143694    -593.318 0
192.940672 -14.702862   0.044481  0.000267  13335.068    80.044586   2.999098  10.153253    -849.192 0
192.446672 -14.978367   0.045345  0.000150  13594.089    44.968869   3.002485  10.164721    -601.904 0
195.918029 -19.985057   0.043930  0.000150  13169.883    44.968869   3.005934  10.176396   -1006.895 0
192.554290 -14.898846   0.046906  0.000267  14062.065    80.044586   3.009536  10.188591    -155.127 0
192.833549 -14.728118   0.043617  0.000267  13076.048    80.044586   3.021960  10.230652   -1096.479 0
196.441541 -19.639363   0.044924  0.000150  13467.876    44.968869   3.029233  10.255276    -722.400 0
192.639612 -14.811940   0.045018  0.000267  13496.057    80.044586   3.039466  10.289918    -695.496 0
192.746675 -14.751713   0.042679  0.000267  12794.842    80.044586   3.040327  10.292833   -1364.946 1
191.173557 -18.053401   0.045044  0.000150  13503.851    44.968869   3.043011  10.301919    -688.054 0
191.952326 -15.332311   0.043263  0.000150  12969.921    44.968869   3.049691  10.324535   -1197.798 0
192.518292 -14.871750   0.046542  0.000267  13952.941    80.044586   3.051098  10.329296    -259.308 0
192.755174 -14.728993   0.042936  0.000267  12871.889    80.044586   3.056324  10.346990   -1291.390 1
197.448885 -16.869515   0.044844  0.000150  13443.893    44.968869   3.061634  10.364966    -745.297 0
192.046880 -15.216156   0.046532  0.000150  13949.943    44.968869   3.066358  10.380957    -262.170 0
191.422867 -18.801956   0.046719  0.000083  14006.004    24.882774   3.069721  10.392343    -208.649 0
197.078750 -18.945000   0.047329  0.000233  14188.877    69.851643   3.070696  10.395645     -34.059 0
192.624927 -14.762509   0.048890  0.000267  14656.853    80.044586   3.089031  10.457717     412.718 0
191.901679 -19.502228   0.050505  0.000150  15141.018    44.968869   3.093484  10.472791     874.951 0
191.055302 -17.189861   0.037663  0.000150  11291.083    44.968869   3.095221  10.478672   -2800.587 1
196.137355 -19.959448   0.039811  0.000150  11935.038    44.968869   3.098083  10.488362   -2185.803 1
192.665121 -14.727415   0.046419  0.000267  13916.066    80.044586   3.099805  10.494190    -294.512 0
191.109294 -18.119292   0.037416  0.000150  11217.035    44.968869   3.117280  10.553352   -2871.281 1
197.352039 -18.539583   0.044101  0.000150  13221.147    44.968869   3.131327  10.600908    -957.952 0
197.569570 -17.224181   0.055722  0.000150  16705.035    44.968869   3.134080  10.610227    2368.120 1
197.417918 -16.416163   0.032000  0.000333   9593.359    99.830889   3.145319  10.648276   -4421.407 1
191.968569 -15.176367   0.033913  0.000150  10166.862    44.968869   3.147122  10.654379   -3873.883 1
191.301987 -16.066735   0.042122  0.000150  12627.858    44.968869   3.152918  10.674002   -1524.366 1
193.453315 -20.474892   0.063290  0.000150  18973.865    44.968869   3.166253  10.719147    4534.175 1
196.060010 -20.100879   0.051422  0.000150  15415.928    44.968869   3.175582  10.750730    1137.408 0
190.969824 -17.169438   0.038166  0.000133  11441.879    39.872397   3.178067  10.759143   -2656.622 1
197.636993 -17.425587   0.044284  0.000150  13276.009    44.968869   3.192864  10.809238    -905.576 0
190.958919 -17.087530   0.038216  0.000150  11456.869    44.968869   3.195696  10.818823   -2642.312 1
192.891699 -14.504603   0.042499  0.000150  12740.880    44.968869   3.198494  10.828298   -1416.464 1
195.994215 -14.588292   0.047023  0.000150  14097.141    44.968869   3.257332  11.027489    -121.640 0
197.688887 -17.771234   0.033443  0.000150  10025.959    44.968869   3.262281  11.044245   -4008.403 1
191.061107 -16.309568   0.042553  0.000130  12757.068    38.973020   3.272726  11.079606   -1401.009 1
192.902804 -14.409492   0.043794  0.000150  13129.111    44.968869   3.280872  11.107183   -1045.820 0
191.305992 -15.683860   0.044027  0.000150  13198.963    44.968869   3.330944  11.276699    -979.132 0
196.670615 -19.852954   0.049768  0.000150  14920.071    44.968869   3.334459  11.288598     664.012 0
190.795984 -17.243282   0.038367  0.000150  11502.137    44.968869   3.338959  11.303833   -2599.094 1
195.898364 -20.385318   0.044711  0.000107  13404.021    32.077793   3.346401  11.329026    -783.363 0
192.476035 -14.540811   0.042733  0.000150  12811.031    44.968869   3.352240  11.348793   -1349.491 1
192.916958 -14.325083   0.042666  0.000150  12790.945    44.968869   3.352967  11.351256   -1368.667 1
192.876656 -14.338346   0.044871  0.000150  13451.987    44.968869   3.356041  11.361661    -737.569 0
192.572477 -14.469083   0.045125  0.000150  13528.135    44.968869   3.368113  11.402531    -664.871 0
196.273333 -20.204167   0.036955  0.001037  11078.830    99.990000   3.373319  11.420155   -3003.225 1
196.987750 -19.614000   0.046445  0.000150  13923.861    44.968869   3.387417  11.467884    -287.071 0
190.802858 -18.143774   0.044864  0.000150  13449.889    44.968869   3.407859  11.537088    -739.572 0
192.755293 -14.334276   0.042316  0.000150  12686.018    44.968869   3.407928  11.537323   -1468.841 1
197.704072 -18.426312   0.044978  0.000150  13484.065    44.968869   3.411384  11.549021    -706.944 0
193.696617 -14.046908   0.048270  0.000150  14470.982    44.968869   3.411690  11.550060     235.266 0
193.989374 -20.811909   0.048517  0.000150  14545.031    44.968869   3.412902  11.554160     305.961 0
190.941908 -16.190438   0.034611  0.000150  10376.117    44.968869   3.420724  11.580643   -3674.107 1
192.591485 -14.388865   0.041065  0.000150  12310.977    44.968869   3.429794  11.611348   -1826.893 1
191.006856 -15.965911   0.042496  0.000150  12739.980    44.968869   3.450755  11.682310   -1417.323 1
191.116630 -15.717576   0.044354  0.000150  13296.995    44.968869   3.470118  11.747863    -885.541 0
193.039749 -14.149974   0.046516  0.000150  13945.146    44.968869   3.472806  11.756964    -266.750 0
193.958801 -20.875084   0.048440  0.000150  14521.947    44.968869   3.478392  11.775872     283.923 0
197.519262 -15.768868   0.041245  0.000150  12364.940    44.968869   3.490923  11.818297   -1775.375 1
193.838712 -20.890837   0.048927  0.000150  14667.946    44.968869   3.506327  11.870447     423.308 0
196.389297 -20.306349   0.045231  0.000150  13559.913    44.968869   3.520139  11.917206    -634.533 0
193.722781 -20.893032   0.042046  0.000150  12605.074    44.968869   3.523818  11.929661   -1546.119 1
193.321327 -20.824171   0.041772  0.000113  12522.931    33.876548   3.536171  11.971482   -1624.541 1
192.084292 -14.554398   0.031619  0.000150   9479.138    44.968869   3.548801  12.014239   -4530.454 1
196.898333 -14.877111   0.061699  0.000150  18496.895    44.968869   3.551279  12.022629    4078.811 1
196.893003 -14.862639   0.060352  0.000150  18093.074    44.968869   3.558069  12.045617    3693.283 1
196.548572 -20.268824   0.050672  0.000150  15191.083    44.968869   3.578716  12.115515     922.748 0
190.535176 -17.349259   0.034544  0.000150  10356.031    44.968869   3.584129  12.133841   -3693.283 1
197.908775 -16.396038   0.041612  0.000150  12474.964    44.968869   3.598315  12.181866   -1670.335 1
192.162053 -20.417759   0.037556  0.000183  11259.006    54.862020   3.628456  12.283907   -2831.212 1
190.583102 -18.329273   0.036365  0.000150  10901.953    44.968869   3.655056  12.373958   -3172.090 1
190.750667 -15.976661   0.034771  0.000150  10424.084    44.968869   3.669945  12.424364   -3628.313 1
196.744491 -20.250426   0.047389  0.000333  14206.865    99.830889   3.680054  12.458588     -16.887 0
194.619800 -21.079864   0.047930  0.000150  14369.053    44.968869   3.682115  12.465564     137.954 0
190.481094 -16.779600   0.035091  0.000150  10520.017    44.968869   3.689652  12.491080   -3536.725 1
195.596191 -13.932377   0.061439  0.000150  18418.949    44.968869   3.695028  12.509281    4004.396 1
191.053186 -19.472875   0.063297  0.000083  18975.963    24.882774   3.714107  12.573873    4536.178 1
196.104802 -20.714756   0.043724  0.000150  13108.125    44.968869   3.729560  12.626185   -1065.854 1
198.200301 -17.627147   0.045935  0.000150  13770.967    44.968869   3.736578  12.649946    -433.039 0
191.075799 -15.253008   0.044054  0.000150  13207.057    44.968869   3.750817  12.698151    -971.404 1
197.407207 -15.104838   0.046506  0.000150  13942.148    44.968869   3.763141  12.739871    -269.612 0
197.906038 -15.838186   0.039878  0.000150  11955.124    44.968869   3.791255  12.835051   -2166.627 1
197.756265 -15.542149   0.040184  0.000150  12046.860    44.968869   3.798293  12.858879   -2079.046 1
196.825856 -20.354393   0.045818  0.000150  13735.891    44.968869   3.809665  12.897377    -466.526 0
195.468086 -21.061294   0.046239  0.000150  13862.103    44.968869   3.819076  12.929236    -346.031 0
191.916850 -20.500760   0.047056  0.000150  14107.034    44.968869   3.831048  12.969768    -112.195 0
197.791041 -19.295052   0.052886  0.000257  15854.824    77.046662   3.834513  12.981497    1556.422 1
190.301131 -16.944496   0.035558  0.000150  10660.020    44.968869   3.835412  12.984540   -3403.064 1
197.988270 -18.919206   0.062093  0.000150  18615.013    44.968869   3.836810  12.989274    4191.579 1
193.055125 -21.065972   0.045568  0.000150  13660.943    44.968869   3.840312  13.001131    -538.079 0
196.801565 -20.425923   0.044467  0.000150  13330.871    44.968869   3.850731  13.036405    -853.199 0
192.296030 -20.763167   0.037826  0.000150  11339.950    44.968869   3.854739  13.049971   -2753.934 1
194.123621 -21.263201   0.047289  0.000103  14176.886    30.878623   3.855352  13.052049     -45.508 0
190.366515 -16.489528   0.038647  0.000150  11586.079    44.968869   3.856278  13.055184   -2518.954 1
197.329849 -19.956105   0.057363  0.000150  17196.995    44.968869   3.858160  13.061553    2837.795 1
196.555357 -20.638519   0.044381  0.000150  13305.089    44.968869   3.883910  13.148728    -877.813 0
193.900163 -21.278009   0.050495  0.000150  15138.020    44.968869   3.884785  13.151690     872.089 0
190.318944 -16.554562   0.037306  0.000150  11184.057    44.968869   3.885516  13.154167   -2902.765 1
192.517196 -13.910583   0.043407  0.000150  13013.091    44.968869   3.888207  13.163278   -1156.584 1
193.471593 -21.223459   0.046439  0.000150  13922.062    44.968869   3.891628  13.174858    -288.788 0
192.147816 -20.725819   0.062527  0.000150  18745.123    44.968869   3.894663  13.185132    4315.795 1
197.949476 -19.171342   0.061783  0.000150  18522.077    44.968869   3.909646  13.235856    4102.853 1
192.369621 -20.870040   0.039337  0.000183  11792.936    54.862020   3.914656  13.252817   -2321.468 1
190.536567 -15.821350   0.040818  0.000150  12236.929    44.968869   3.919198  13.268194   -1897.587 1
198.423223 -17.901434   0.034160  0.000150  10240.910    44.968869   3.973402  13.451700   -3803.188 1
196.425414 -20.828205   0.044537  0.000150  13351.857    44.968869   3.978022  13.467340    -833.164 0
196.774167 -20.629722   0.046199  0.001628  13850.112    99.990000   3.996737  13.530697    -357.479 0
195.842614 -13.692650   0.046679  0.000150  13994.012    44.968869   4.002453  13.550050    -220.097 0
190.431559 -18.983461   0.063978  0.000083  19180.122    24.882774   4.004085  13.555575    4731.089 1
193.193124 -21.286766   0.046762  0.000103  14018.895    30.878623   4.014659  13.591373    -196.342 0
194.481388 -13.396185   0.047213  0.000150  14154.101    44.968869   4.019081  13.606343     -67.260 0
192.937760 -13.601816   0.048567  0.000150  14560.020    44.968869   4.022184  13.616845     320.272 0
190.313675 -16.029638   0.035775  0.000183  10725.075    54.862020   4.038590  13.672387   -3340.956 1
195.473500 -13.533222   0.046279  0.000183  13874.095    54.862020   4.038784  13.673044    -334.582 0
197.341833 -20.212472   0.056262  0.000150  16866.923    44.968869   4.040105  13.677518    2522.675 1
191.235516 -20.213680   0.060282  0.000150  18072.089    44.968869   4.043932  13.690474    3673.248 1
196.421105 -20.916008   0.045191  0.000150  13547.921    44.968869   4.051629  13.716529    -645.981 0
190.857288 -15.021111   0.043794  0.000150  13129.111    44.968869   4.055374  13.729208   -1045.820 1
196.556341 -13.936754   0.046679  0.000150  13994.012    44.968869   4.091987  13.853160    -220.097 0
196.540136 -20.916306   0.046589  0.000150  13967.031    44.968869   4.110038  13.914269    -245.856 0
196.507949 -13.852571   0.046689  0.000150  13997.010    44.968869   4.139917  14.015425    -217.235 0
196.055232 -21.194840   0.064241  0.000150  19258.967    44.968869   4.141330  14.020208    4806.362 1
198.251324 -19.107131   0.035168  0.000150  10543.101    44.968869   4.142137  14.022941   -3514.687 1
193.961586 -21.542298   0.037312  0.000103  11185.856    30.878623   4.143075  14.026117   -2901.047 1
197.776667 -19.893333   0.043787  0.000600  13127.012    99.990000   4.150205  14.050255   -1047.823 1
196.540838 -13.845083   0.046999  0.000150  14089.946    44.968869   4.162455  14.091724    -128.509 0
197.901933 -19.746803   0.052920  0.000150  15865.017    44.968869   4.162649  14.092383    1566.153 1
198.262202 -19.146792   0.035234  0.000150  10562.887    44.968869   4.167968  14.110390   -3495.797 1
193.141781 -21.434681   0.046359  0.000150  13898.079    44.968869   4.170242  14.118088    -311.685 0
197.020063 -20.693407   0.040431  0.000150  12120.909    44.968869   4.189856  14.184488   -2008.351 1
198.686022 -17.356927   0.039394  0.000150  11810.024    44.968869   4.194147  14.199016   -2305.154 1
195.897387 -21.327177   0.063471  0.000150  19028.127    44.968869   4.205369  14.237008    4585.979 1
