324.281473   0.452571   0.050102  0.000014  15020.202     4.197094   0.006192   0.022435    -256.150 0
324.284919   0.446459   0.050722  0.000009  15206.073     2.698132   0.007076   0.025638     -79.298 0
324.259802   0.428292   0.050925  0.000014  15266.931     4.197094   0.026404   0.095671     -21.393 0
324.270697   0.479003   0.050208  0.000014  15051.980     4.197094   0.032320   0.117106    -225.914 0
324.303975   0.410908   0.051270  0.000014  15370.359     4.197094   0.044920   0.162758      77.016 0
324.228976   0.452470   0.051449  0.000052  15424.022    15.589208   0.049194   0.178245     128.075 0
324.257438   0.400747   0.049092  0.000024  14717.411     7.195019   0.051042   0.184942    -544.247 0
324.298426   0.395224   0.051261  0.000031  15367.661     9.293566   0.056154   0.203462      74.449 0
324.334533   0.404746   0.053098  0.000033  15918.380     9.893151   0.070942   0.257043     598.444 0
324.341982   0.396287   0.050269  0.000008  15070.267     2.398340   0.082015   0.297165    -208.514 0
324.346060   0.494474   0.050950  0.000030  15274.426     8.993774   0.082761   0.299867     -14.262 0
324.385622   0.466704   0.052850  0.000016  15844.031     4.796679   0.109397   0.396380     527.703 0
324.205635   0.539349   0.051823  0.000014  15536.145     4.197094   0.116880   0.423493     234.757 0
324.164209   0.398206   0.049439  0.000010  14821.439     2.997925   0.123933   0.449045    -445.267 0
324.387311   0.384479   0.051512  0.000031  15442.909     9.293566   0.126243   0.457416     146.045 0
324.151129   0.479672   0.053173  0.000007  15940.864     2.098547   0.130805   0.473947     619.837 1
324.409611   0.507646   0.062194  0.000017  18645.292     5.096472   0.144772   0.524553    3193.032 1
324.415110   0.381113   0.049629  0.000037  14878.400    11.092321   0.152405   0.552208    -391.071 0
324.139435   0.371195   0.050620  0.000013  15175.494     3.897302   0.158112   0.572887    -108.393 0
324.353261   0.597389   0.036747  0.000129  11016.473    38.673227   0.167758   0.607836   -4065.596 1
324.432107   0.523794   0.052396  0.000008  15707.926     2.398340   0.172026   0.623302     398.202 0
324.193091   0.263039   0.050997  0.000015  15288.516     4.496887   0.203030   0.735640      -0.856 0
324.149287   0.271666   0.050847  0.000145  15243.547    43.469906   0.217860   0.789372     -43.642 0
324.501839   0.443714   0.050404  0.000052  15110.739    15.589208   0.223944   0.811417    -170.006 0
324.428052   0.270880   0.049094  0.000013  14718.011     3.897302   0.231804   0.839893    -543.677 0
324.374468   0.230378   0.064225  0.000010  19254.171     2.997925   0.237619   0.860966    3772.365 1
324.442569   0.632464   0.066008  0.000008  19788.701     2.398340   0.247627   0.897228    4280.956 1
324.532991   0.505999   0.048887  0.000029  14655.954     8.693981   0.261686   0.948165    -602.723 1
324.555804   0.446701   0.050547  0.000013  15153.609     3.897302   0.277877   1.006830    -129.216 0
324.000601   0.406154   0.050369  0.000026  15100.246     7.794604   0.280376   1.015886    -179.990 0
324.555029   0.397260   0.064793  0.000047  19424.453    14.090246   0.281618   1.020387    3934.384 1
324.150699   0.183650   0.051463  0.000038  15428.219    11.392113   0.292918   1.061330     132.068 0
324.483077   0.224913   0.065137  0.000007  19527.581     2.098547   0.302707   1.096800    4032.508 1
324.572817   0.518464   0.041264  0.000006  12370.636     1.798755   0.303306   1.098970   -2777.145 1
324.514662   0.637253   0.065524  0.000006  19643.601     1.798755   0.303397   1.099297    4142.898 1
324.573374   0.521000   0.041805  0.000005  12532.824     1.498962   0.304450   1.103115   -2622.827 1
324.244554   0.139600   0.056868  0.000013  17048.598     3.897302   0.309702   1.122145    1673.817 1
324.030384   0.634136   0.051939  0.000010  15570.920     2.997925   0.310005   1.123242     267.845 0
324.482471   0.198239   0.051126  0.000018  15327.189     5.396264   0.322443   1.168308      35.941 0
324.456506   0.178298   0.058305  0.000006  17479.399     1.798755   0.323049   1.170504    2083.714 1
324.599729   0.493437   0.062110  0.000010  18620.110     2.997925   0.325061   1.177795    3169.072 1
324.195862   0.132271   0.056905  0.000006  17059.690     1.798755   0.325734   1.180231    1684.372 1
324.032996   0.227408   0.051194  0.000024  15347.575     7.195019   0.329279   1.193076      55.338 0
324.555492   0.262519   0.065071  0.000015  19507.795     4.496887   0.333556   1.208573    4013.682 1
324.085706   0.720649   0.062355  0.000014  18693.559     4.197094   0.333998   1.210173    3238.957 1
324.493041   0.189481   0.061766  0.000009  18516.981     2.698132   0.335929   1.217170    3070.947 1
324.099145   0.748698   0.050777  0.000037  15222.562    11.092321   0.350255   1.269080     -63.610 0
323.945567   0.325006   0.050643  0.000025  15182.389     7.494811   0.354198   1.283367    -101.832 0
324.596387   0.625182   0.051668  0.000006  15489.677     1.798755   0.364672   1.321317     190.544 0
323.922697   0.561674   0.050222  0.000009  15056.177     2.698132   0.373110   1.351891    -221.921 0
324.594720   0.226269   0.049113  0.000010  14723.707     2.997925   0.386393   1.400016    -538.257 0
323.893365   0.523489   0.065083  0.000016  19511.393     4.796679   0.391979   1.420259    4017.105 1
324.555845   0.735633   0.064977  0.000024  19479.615     7.195019   0.400323   1.450489    3986.869 1
323.899167   0.602071   0.051398  0.000025  15408.733     7.494811   0.409069   1.482179     113.527 0
324.688768   0.365870   0.061842  0.000012  18539.765     3.597509   0.418867   1.517679    3092.626 1
324.627793   0.683865   0.065743  0.000005  19709.256     1.498962   0.422223   1.529839    4205.367 1
324.028109   0.802157   0.050767  0.000021  15219.564     6.295642   0.433801   1.571791     -66.462 0
324.703301   0.537593   0.058699  0.000008  17597.517     2.398340   0.434804   1.575426    2196.101 1
324.713819   0.402120   0.062587  0.000012  18763.111     3.597509   0.438242   1.587880    3305.133 1
324.315730  -0.001643   0.057416  0.000006  17212.884     1.798755   0.450732   1.633135    1830.132 1
324.674527   0.228031   0.064717  0.000014  19401.669     4.197094   0.453271   1.642335    3912.705 1
324.422696   0.888084   0.040943  0.000011  12274.403     3.297717   0.463760   1.680340   -2868.709 1
323.790880   0.559987   0.049242  0.000018  14762.380     5.396264   0.499847   1.811094    -501.461 0
323.826320   0.664886   0.068286  0.000007  20471.628     2.098547   0.501185   1.815945    4930.744 1
324.756686   0.626539   0.050569  0.000033  15160.205     9.893151   0.511134   1.851991    -122.941 0
324.686056   0.755439   0.058747  0.000008  17611.908     2.398340   0.511264   1.852464    2209.793 1
324.756740   0.626960   0.050569  0.000033  15160.205     9.893151   0.511332   1.852709    -122.941 0
323.761488   0.420958   0.062650  0.000014  18781.997     4.197094   0.517098   1.873600    3323.104 1
324.041871  -0.015606   0.055380  0.000030  16602.506     8.993774   0.519791   1.883359    1249.373 1
323.826939   0.706652   0.049903  0.000015  14960.543     4.496887   0.520126   1.884573    -312.914 0
324.781987   0.602268   0.036083  0.000006  10817.411     1.798755   0.527277   1.910483   -4254.999 1
324.797455   0.332983   0.062692  0.000010  18794.589     2.997925   0.531991   1.927562    3335.084 1
323.746381   0.472844   0.056324  0.000012  16885.510     3.597509   0.532127   1.928054    1518.644 1
323.766160   0.596310   0.062585  0.000007  18762.511     2.098547   0.532942   1.931007    3304.563 1
323.746421   0.493251   0.055963  0.000025  16777.285     7.494811   0.533448   1.932843    1415.671 1
324.801013   0.622655   0.065848  0.000011  19740.734     3.297717   0.551624   1.998698    4235.317 1
323.847530   0.811869   0.062056  0.000022  18603.921     6.595434   0.563905   2.043197    3153.668 1
323.778098   0.721235   0.051003  0.000014  15290.315     4.197094   0.569858   2.064764       0.856 0
324.638772  -0.016213   0.061275  0.000023  18369.783     6.895227   0.587568   2.128934    2930.892 1
324.645195  -0.011405   0.060623  0.000020  18174.318     5.995849   0.587772   2.129676    2744.912 1
323.742661   0.700468   0.062105  0.000010  18618.611     2.997925   0.592011   2.145035    3167.645 1
323.730139   0.684588   0.061832  0.000006  18536.767     1.798755   0.596872   2.162647    3089.773 1
324.294237   1.045359   0.064757  0.000007  19413.660     2.098547   0.598082   2.167029    3924.115 1
323.679006   0.476162   0.065383  0.000007  19601.330     2.098547   0.599581   2.172462    4102.678 1
323.915510   0.926084   0.062187  0.000007  18643.194     2.098547   0.600313   2.175113    3191.035 1
323.898213   0.921306   0.062436  0.000007  18717.842     2.098547   0.607174   2.199974    3262.061 1
323.906698   0.933673   0.062640  0.000020  18779.000     5.995849   0.611687   2.216327    3320.251 1
323.918247   0.943179   0.049970  0.000011  14980.629     3.297717   0.612417   2.218970    -293.802 0
324.772675   0.064950   0.052491  0.000006  15736.406     1.798755   0.625390   2.265973     425.300 0
323.836460   0.894004   0.062285  0.000009  18672.573     2.698132   0.627886   2.275019    3218.989 1
324.550368  -0.125148   0.060092  0.000014  18015.128     4.197094   0.634152   2.297723    2593.447 1
324.395463  -0.177114   0.059537  0.000008  17848.744     2.398340   0.635577   2.302886    2435.136 1
324.402083  -0.177750   0.059000  0.000333  17687.755    99.830889   0.637458   2.309702    2281.960 1
324.381176  -0.182238   0.059637  0.000009  17878.723     2.698132   0.638147   2.312196    2463.661 1
323.647565   0.555265   0.049191  0.000005  14747.091     1.498962   0.639481   2.317032    -516.008 0
324.434456  -0.174129   0.059932  0.000009  17967.162     2.698132   0.641034   2.322658    2547.808 1
323.640276   0.536245   0.049217  0.000008  14754.885     2.398340   0.643771   2.332574    -508.592 0
324.404259  -0.183770   0.059012  0.000014  17691.353     4.197094   0.643788   2.332635    2285.383 1
324.356253  -0.197203   0.059146  0.000005  17731.525     1.498962   0.649444   2.353130    2323.605 1
323.677300   0.717515   0.056344  0.000011  16891.506     3.297717   0.658506   2.385965    1524.349 1
323.614079   0.374490   0.049124  0.000005  14727.005     1.498962   0.667824   2.419725    -535.120 1
323.736854   0.043891   0.054748  0.000021  16413.037     6.295642   0.675007   2.445753    1069.098 1
324.850081   0.059486   0.051647  0.000021  15483.381     6.295642   0.691305   2.504806     184.553 0
323.771905   0.925703   0.061573  0.000008  18459.121     2.398340   0.696214   2.522591    3015.895 1
324.917483   0.165323   0.063400  0.000007  19006.842     2.098547   0.699028   2.532787    3537.038 1
324.918281   0.165438   0.063123  0.000006  18923.799     1.798755   0.699711   2.535264    3458.025 1
324.206925   1.150882   0.041391  0.000098  12408.710    29.379661   0.706956   2.561512   -2740.919 1
323.755523   0.928946   0.061980  0.000120  18581.137    35.975095   0.710403   2.574002    3131.990 1
324.985615   0.324729   0.049585  0.000008  14865.209     2.398340   0.718244   2.602413    -403.622 0
324.985446   0.322710   0.049831  0.000006  14938.958     1.798755   0.718425   2.603070    -333.451 0
324.986390   0.323237   0.049877  0.000006  14952.748     1.798755   0.719264   2.606108    -320.330 0
323.615681   0.740972   0.068266  0.000007  20465.632     2.098547   0.724334   2.624478    4925.040 1
324.806906   0.944350   0.053979  0.000007  16182.497     2.098547   0.725720   2.629499     849.745 1
323.551139   0.414752   0.062850  0.000007  18841.956     2.098547   0.727496   2.635937    3380.153 1
324.943538   0.772969   0.054144  0.000006  16231.963     1.798755   0.740912   2.684545     896.810 1
323.726542   0.948933   0.062547  0.000009  18751.119     2.698132   0.745275   2.700353    3293.724 1
323.739485   0.965404   0.062319  0.000016  18682.766     4.796679   0.747074   2.706872    3228.688 1
324.656645   1.100120   0.051538  0.000023  15450.704     6.895227   0.754544   2.733939     153.462 0
325.026654   0.554665   0.062240  0.000007  18659.083     2.098547   0.756342   2.740452    3206.153 1
324.639339  -0.222985   0.055510  0.000040  16641.479    11.991698   0.761686   2.759817    1286.455 1
324.398298  -0.305520   0.063567  0.000014  19056.907     4.197094   0.762581   2.763057    3584.673 1
324.636494   1.123162   0.051342  0.000014  15391.944     4.197094   0.764910   2.771496      97.554 0
324.110386   1.193939   0.041295  0.000019  12379.930     5.696057   0.765008   2.771853   -2768.302 1
324.101590   1.196146   0.052056  0.000319  15605.996    95.633794   0.769130   2.786789     301.219 0
323.712097   0.972063   0.062360  0.000009  18695.058     2.698132   0.771558   2.795587    3240.383 1
324.694370  -0.220022   0.054658  0.000010  16386.056     2.997925   0.786769   2.850700    1043.426 1
324.214621   1.235137   0.041495  0.000008  12439.888     2.398340   0.790176   2.863045   -2711.253 1
324.095667   1.222905   0.049892  0.000016  14957.245     4.796679   0.796534   2.886082    -316.051 0
323.585852   0.846692   0.056450  0.000005  16923.284     1.498962   0.798926   2.894749    1554.585 1
323.761814  -0.170823   0.050899  0.000015  15259.136     4.496887   0.805402   2.918213     -28.810 0
324.190782   1.249065   0.040514  0.000010  12145.792     2.997925   0.806287   2.921420   -2991.079 1
325.095053   0.421574   0.041650  0.000011  12486.356     3.297717   0.817519   2.962117   -2667.040 1
325.095610   0.421955   0.041534  0.000013  12451.580     3.897302   0.818064   2.964091   -2700.129 1
325.008231   0.050583   0.060870  0.000015  18248.367     4.496887   0.831183   3.011624    2815.368 1
324.101160  -0.365426   0.050911  0.000005  15262.734     1.498962   0.831920   3.014295     -25.387 0
325.097824   0.254796   0.033731  0.000008  10112.299     2.398340   0.842221   3.051619   -4925.895 1
325.017321   0.042652   0.061260  0.000024  18365.286     7.195019   0.842960   3.054298    2926.613 1
323.450203   0.251869   0.054574  0.000013  16360.874     3.897302   0.850497   3.081605    1019.466 1
323.422950   0.435851   0.065360  0.000007  19594.435     2.098547   0.855023   3.098005    4096.118 1
324.943311  -0.090173   0.061199  0.000024  18346.999     7.195019   0.855459   3.099585    2909.213 1
324.969625  -0.056556   0.061407  0.000007  18409.355     2.098547   0.855862   3.101043    2968.544 1
323.703654   1.088039   0.050120  0.000027  15025.598     8.094396   0.860262   3.116988    -251.016 0
323.412292   0.434778   0.065364  0.000005  19595.634     1.498962   0.865695   3.136672    4097.259 1
324.944613  -0.113016   0.067915  0.000020  20360.405     5.995849   0.870994   3.155872    4824.919 1
324.593981   1.260466   0.059137  0.025226  17728.827    99.990000   0.872240   3.160386    2321.038 1
324.973884   0.973767   0.060901  0.000009  18257.660     2.698132   0.872521   3.161405    2824.210 1
324.507238  -0.402615   0.063547  0.000009  19050.911     2.698132   0.880499   3.190312    3578.969 1
325.156377   0.384728   0.066416  0.000028  19911.016     8.394189   0.880670   3.190932    4397.336 1
325.054698   0.031099   0.062352  0.000014  18692.659     4.197094   0.881327   3.193311    3238.101 1
325.043021  -0.007736   0.062517  0.000031  18742.125     9.293566   0.890272   3.225721    3285.166 1
324.724942  -0.331720   0.055268  0.000010  16568.930     2.997925   0.898332   3.254925    1217.426 1
324.374520  -0.449991   0.058538  0.000024  17549.251     7.195019   0.902674   3.270659    2150.177 1
323.380543   0.557889   0.050378  0.000014  15102.944     4.197094   0.904114   3.275875    -177.422 0
323.650404   1.121470   0.049933  0.000019  14969.537     5.696057   0.920863   3.336561    -304.356 0
323.572038   1.046543   0.062249  0.000007  18661.781     2.098547   0.925792   3.354423    3208.721 1
324.816815  -0.308389   0.062382  0.000007  18701.653     2.098547   0.928309   3.363543    3246.658 1
323.762514  -0.329375   0.063646  0.000007  19080.591     2.098547   0.932289   3.377960    3607.208 1
324.899640  -0.254555   0.065897  0.000006  19755.424     1.798755   0.937760   3.397784    4249.294 1
325.137649   0.068131   0.050791  0.000015  15226.759     4.496887   0.939686   3.404763     -59.616 0
324.806181   1.231591   0.049780  0.000018  14923.669     5.396264   0.945432   3.425582    -347.999 0
323.383880   0.763753   0.051025  0.000014  15296.910     4.197094   0.948301   3.435978       7.131 0
324.804167   1.236917   0.050000  0.000333  14989.623    99.830889   0.948735   3.437551    -285.245 0
324.811261   1.232423   0.050101  0.000006  15019.902     1.798755   0.948968   3.438393    -256.435 0
323.551571  -0.163901   0.058076  0.000008  17410.747     2.398340   0.949401   3.439963    2018.393 1
324.400540  -0.495371   0.050956  0.000029  15276.224     8.693981   0.950810   3.445071     -12.551 0
323.747154  -0.350294   0.050911  0.000014  15262.734     4.197094   0.958212   3.471889     -25.387 0
323.543603   1.063821   0.062306  0.000028  18678.869     8.394189   0.958666   3.473533    3224.980 1
323.440420   0.916744   0.050944  0.000012  15272.627     3.597509   0.959976   3.478279     -15.974 0
323.670420   1.202620   0.064291  0.000021  19273.957     6.295642   0.969144   3.511498    3791.191 1
324.909005  -0.289446   0.065634  0.000016  19676.578     4.796679   0.970223   3.515410    4174.275 1
323.555666  -0.207008   0.063579  0.000006  19060.505     1.798755   0.974679   3.531555    3588.096 1
324.659768  -0.452124   0.063969  0.000008  19177.424     2.398340   0.977304   3.541063    3699.342 1
324.233597  -0.535292   0.051372  0.000007  15400.938     2.098547   0.983791   3.564569     106.111 0
323.471523   1.019693   0.051826  0.000019  15537.044     5.696057   0.988757   3.582564     235.612 0
323.485176  -0.148186   0.050664  0.000006  15188.685     1.798755   0.991588   3.592820     -95.842 0
324.985748  -0.249777   0.064802  0.000017  19427.151     5.096472   0.993572   3.600008    3936.951 1
325.119228  -0.114682   0.063649  0.000007  19081.490     2.098547   1.011832   3.666171    3608.064 1
323.265464   0.467242   0.064990  0.000005  19483.512     1.498962   1.012618   3.669016    3990.577 1
323.617624   1.221272   0.064245  0.000013  19260.166     3.897302   1.017196   3.685605    3778.070 1
325.161482  -0.059607   0.067366  0.000008  20195.819     2.398340   1.018721   3.691130    4668.319 1
324.437468  -0.566298   0.064414  0.000008  19310.831     2.398340   1.026275   3.718501    3826.276 1
324.268244  -0.583304   0.050851  0.000008  15244.746     2.398340   1.030849   3.735076     -42.501 0
324.828317  -0.431901   0.054794  0.000006  16426.828     1.798755   1.037432   3.758925    1082.219 1
323.236554   0.509004   0.065149  0.000006  19531.179     1.798755   1.043149   3.779641    4035.931 1
324.796473  -0.463241   0.050634  0.000010  15179.691     2.997925   1.048012   3.797262    -104.400 0
324.376849  -0.601412   0.050479  0.000034  15133.223    10.192944   1.053567   3.817387    -148.613 0
325.168860  -0.117348   0.067720  0.000070  20301.945    20.985472   1.054883   3.822158    4769.296 1
325.009712   1.207713   0.050881  0.000015  15253.740     4.496887   1.055183   3.823243     -33.944 0
324.826717  -0.457105   0.061410  0.000010  18410.255     2.997925   1.058050   3.833632    2969.400 1
325.056628  -0.269068   0.067929  0.000017  20364.602     5.096472   1.058215   3.834229    4828.912 1
324.686713  -0.532328   0.062875  0.000009  18849.451     2.698132   1.061680   3.846784    3387.284 1
325.033625  -0.299520   0.067532  0.000011  20245.584     3.297717   1.062588   3.850076    4715.670 1
325.012261   1.217331   0.050732  0.000233  15209.071    69.851643   1.063891   3.854795     -76.446 0
323.254840   0.152220   0.053980  0.000120  16182.797    35.975095   1.064809   3.858123     850.030 1
324.752048  -0.514319   0.061225  0.000017  18354.793     5.096472   1.072324   3.885352    2916.630 1
323.213953   0.297859   0.043367  0.000009  13001.100     2.698132   1.074406   3.892896   -2177.275 1
323.520005   1.212136   0.064249  0.000024  19261.366     7.195019   1.076600   3.900845    3779.211 1
324.938256  -0.416512   0.049910  0.000080  14962.642    23.983397   1.087444   3.940134    -310.917 0
324.755291  -0.529986   0.061313  0.000009  18381.175     2.698132   1.087818   3.941490    2941.731 1
323.192492   0.356935   0.064856  0.000016  19443.340     4.796679   1.089167   3.946377    3952.354 1
325.181171   1.057607   0.052110  0.000011  15622.185     3.297717   1.089974   3.949302     316.622 0
324.804569  -0.508473   0.063727  0.000013  19104.874     3.897302   1.091433   3.954589    3630.313 1
324.809012  -0.507578   0.064769  0.000010  19417.258     2.997925   1.092802   3.959547    3927.538 1
323.496362   1.212072   0.062327  0.000011  18685.165     3.297717   1.093328   3.961454    3230.970 1
324.954470  -0.415382   0.063722  0.000023  19103.375     6.895227   1.096475   3.972857    3628.886 1
323.296250   0.939639   0.050003  0.000006  14990.522     1.798755   1.098097   3.978736    -284.389 0
324.731086  -0.553747   0.051979  0.000007  15582.912     2.098547   1.099019   3.982074     279.255 0
324.859172  -0.487460   0.050120  0.000011  15025.598     3.297717   1.100901   3.988894    -251.016 0
323.295438   0.944291   0.049953  0.000006  14975.533     1.798755   1.100915   3.988944    -298.651 0
324.747470  -0.548996   0.061817  0.000006  18532.270     1.798755   1.101575   3.991337    3085.495 1
325.369211   0.608253   0.055060  0.000012  16506.573     3.597509   1.103034   3.996624    1158.095 1
324.779433  -0.546927   0.064313  0.000011  19280.552     3.297717   1.113726   4.035362    3797.466 1
324.529365  -0.638705   0.060166  0.000011  18037.313     3.297717   1.114927   4.039714    2614.555 1
323.329528  -0.140854   0.050955  0.000005  15275.925     1.498962   1.116043   4.043759     -12.836 0
323.329530  -0.141179   0.050955  0.000005  15275.925     1.498962   1.116213   4.044374     -12.836 0
325.382503   0.660589   0.049680  0.000007  14893.689     2.098547   1.124916   4.075907    -376.523 1
325.403305   0.399363   0.062060  0.000005  18605.120     1.498962   1.126380   4.081211    3154.809 1
323.361431  -0.215989   0.060863  0.000013  18246.268     3.897302   1.131423   4.099485    2813.371 1
323.745250   1.455528   0.041148  0.000038  12335.860    11.392113   1.140105   4.130943   -2810.233 1
323.169861   0.154009   0.049949  0.000006  14974.333     1.798755   1.146236   4.153156    -299.792 0
323.295786  -0.168667   0.049787  0.000006  14925.767     1.798755   1.159392   4.200825    -346.002 1
325.439932   0.564465   0.048055  0.000009  14406.527     2.698132   1.167849   4.231465    -840.046 1
325.433750   0.251165   0.054658  0.000007  16386.056     2.098547   1.172352   4.247782    1043.426 1
325.176983   1.201833   0.051217  0.000007  15354.470     2.098547   1.173577   4.252221      61.898 0
325.344516   0.960922   0.062960  0.000120  18874.933    35.975095   1.183706   4.288921    3411.530 1
324.610277  -0.694605   0.050540  0.000014  15151.511     4.197094   1.189478   4.309835    -131.213 0
324.946563  -0.541114   0.064109  0.000019  19219.395     5.696057   1.193488   4.324364    3739.276 1
325.201815  -0.325998   0.052317  0.000017  15684.242     5.096472   1.204919   4.365781     375.668 1
323.078020   0.558673   0.064864  0.000009  19445.738     2.698132   1.205003   4.366085    3954.636 1
325.097753  -0.459183   0.065031  0.000010  19495.803     2.997925   1.222358   4.428969    4002.272 1
323.075555   0.177496   0.063297  0.000008  18975.963     2.398340   1.232273   4.464892    3507.657 1
324.017613  -0.760385   0.050442  0.000044  15122.131    13.190868   1.235614   4.476999    -159.167 0
323.173923  -0.127770   0.050027  0.000016  14997.717     4.796679   1.244858   4.510492    -277.543 0
324.885735  -0.643761   0.059117  0.000019  17722.831     5.696057   1.249107   4.525887    2315.333 1
325.511720   0.243096   0.036150  0.000038  10837.497    11.392113   1.250580   4.531226   -4235.888 1
325.519680   0.284034   0.063749  0.000005  19111.469     1.498962   1.252436   4.537949    3636.588 1
323.033873   0.609713   0.049749  0.000007  14914.375     2.098547   1.254540   4.545575    -356.841 1
325.517442   0.241686   0.036139  0.000009  10834.200     2.698132   1.256456   4.552514   -4239.025 1
325.314831  -0.263202   0.042432  0.000031  12720.794     9.293566   1.257066   4.554728   -2443.979 1
325.493703   0.114995   0.055112  0.000029  16522.162     8.693981   1.260396   4.566791    1172.927 1
325.285705  -0.315228   0.062198  0.000008  18646.491     2.398340   1.263852   4.579315    3194.173 1
323.214094   1.131247   0.067619  0.000007  20271.666     2.098547   1.264582   4.581958    4740.486 1
325.532590   0.156141   0.050402  0.000009  15110.139     2.698132   1.288018   4.666875    -170.576 0
325.077071  -0.568032   0.054895  0.000006  16457.107     1.798755   1.292249   4.682206    1111.029 1
322.994033   0.215792   0.053874  0.000056  16151.019    16.788378   1.304590   4.726918     819.794 1
322.978979   0.603179   0.049627  0.000010  14877.800     2.997925   1.308198   4.739991    -391.641 1
323.153129  -0.222891   0.067761  0.000009  20314.237     2.698132   1.309390   4.744311    4780.991 1
322.980560   0.213741   0.053988  0.000016  16185.195     4.796679   1.318212   4.776277     852.312 1
322.979679   0.211980   0.054571  0.000143  16359.974    42.870321   1.319392   4.780554    1018.610 1
323.066958   0.979830   0.050425  0.000006  15117.035     1.798755   1.322768   4.792784    -164.016 0
325.234072  -0.477519   0.068121  0.000007  20422.162     2.098547   1.330350   4.820256    4883.679 1
325.493537  -0.106697   0.042410  0.000008  12714.198     2.398340   1.335952   4.840555   -2450.254 1
322.960425   0.222555   0.063172  0.000006  18938.489     1.798755   1.336521   4.842614    3472.002 1
325.576754   0.800106   0.047751  0.000005  14315.390     1.498962   1.345808   4.876263    -926.761 1
325.620981   0.251690   0.050610  0.000870  15172.496    99.990000   1.357219   4.917612    -111.246 0
324.326388  -0.914821   0.064078  0.000009  19210.101     2.698132   1.363183   4.939219    3730.434 1
323.179644  -0.391436   0.050756  0.000013  15216.266     3.897302   1.382009   5.007434     -69.600 0
323.147246   1.258457   0.067360  0.000007  20194.020     2.098547   1.391401   5.041462    4666.608 1
324.570728  -0.912927   0.051544  0.000010  15452.502     2.997925   1.391579   5.042108     155.173 0
325.113498  -0.669328   0.063484  0.000010  19032.024     2.997925   1.394795   5.053759    3560.998 1
324.558457  -0.919781   0.058110  0.000070  17420.940    20.985472   1.395763   5.057266    2028.092 1
325.408346  -0.389907   0.064931  0.000007  19465.824     2.098547   1.406782   5.097192    3973.748 1
325.616896   0.011726   0.050884  0.000010  15254.639     2.997925   1.408065   5.101840     -33.088 0
322.876540   0.296651   0.064715  0.000012  19401.069     3.597509   1.409433   5.106798    3912.135 1
322.921304   0.036072   0.050233  0.000016  15059.475     4.796679   1.417592   5.136361    -218.783 0
325.074664  -0.728846   0.063850  0.000014  19141.748     4.197094   1.420758   5.147830    3665.398 1
325.354113  -0.487745   0.065769  0.000006  19717.050     1.798755   1.425764   5.165971    4212.783 1
323.017549   1.120355   0.065973  0.000019  19778.208     5.696057   1.428696   5.176593    4270.973 1
325.736910   0.547115   0.050830  0.000120  15238.451    35.975095   1.462342   5.298504     -48.492 0
324.704851  -0.951516   0.060623  0.000009  18174.318     2.698132   1.462705   5.299816    2744.912 1
325.180324  -0.707219   0.064201  0.000015  19246.976     4.496887   1.465489   5.309907    3765.519 1
322.897204  -0.052605   0.049380  0.000020  14803.752     5.995849   1.468457   5.320658    -462.097 1
322.825023   0.229368   0.053430  0.000060  16017.911    17.987547   1.469137   5.323122     693.145 1
322.906568   1.004469   0.065372  0.000013  19598.033     3.897302   1.480103   5.362857    4099.541 1
323.915802  -1.000225   0.060530  0.000080  18146.437    23.983397   1.492323   5.407134    2718.385 1
325.354868  -0.586472   0.064978  0.000010  19479.914     2.997925   1.492931   5.409337    3987.154 1
322.838369   0.042866   0.049988  0.000007  14986.025     2.098547   1.495296   5.417904    -288.668 0
324.616646  -1.010604   0.058033  0.000007  17397.856     2.098547   1.496929   5.423821    2006.128 1
325.301580   1.548255   0.049570  0.000030  14860.712     8.993774   1.503156   5.446383    -407.900 1
322.918664   1.097315   0.049585  0.000011  14865.209     3.297717   1.506560   5.458718    -403.622 1
325.789103   0.425756   0.062273  0.000012  18668.976     3.597509   1.511293   5.475868    3215.566 1
322.849115  -0.078561   0.050544  0.000007  15152.710     2.098547   1.522531   5.516584    -130.072 0
324.107849  -1.067441   0.064339  0.000009  19288.347     2.698132   1.524457   5.523563    3804.883 1
325.793073   0.263476   0.042332  0.000010  12690.814     2.997925   1.526242   5.530030   -2472.503 1
325.418483  -0.600974   0.064651  0.000015  19381.882     4.496887   1.549226   5.613311    3893.879 1
324.752689  -1.027340   0.034782  0.000009  10427.381     2.698132   1.549369   5.613828   -4626.103 1
323.668165  -0.979465   0.048951  0.000007  14675.141     2.098547   1.551776   5.622547    -584.467 1
324.553246  -1.083888   0.060302  0.000010  18078.085     2.997925   1.555940   5.637636    2653.349 1
322.816121   0.987407   0.050721  0.000024  15205.773     7.195019   1.558276   5.646102     -79.583 0
325.465160  -0.572717   0.051987  0.000009  15585.311     2.698132   1.565342   5.671702     281.537 0
325.465480  -0.573373   0.052412  0.000012  15712.722     3.597509   1.566012   5.674131     402.766 1
325.759306   0.956732   0.050802  0.000007  15230.056     2.098547   1.566425   5.675627     -56.479 0
325.619229  -0.378649   0.052174  0.000008  15641.372     2.398340   1.575285   5.707728     334.878 1
325.435510  -0.622205   0.065298  0.000006  19575.848     1.798755   1.576135   5.710809    4078.433 1
324.711100  -1.077522   0.061156  0.000026  18334.108     7.794604   1.585347   5.744187    2896.948 1
322.772650   0.954502   0.049505  0.000012  14841.226     3.597509   1.588317   5.754947    -426.441 1
322.772202   0.953920   0.049326  0.000008  14787.563     2.398340   1.588556   5.755813    -477.500 1
323.105256  -0.632070   0.050996  0.000007  15288.216     2.098547   1.593903   5.775189      -1.141 0
325.170813  -0.874515   0.063791  0.000035  19124.061    10.492736   1.595285   5.780193    3648.568 1
325.215154  -0.845724   0.063769  0.000007  19117.465     2.098547   1.597117   5.786832    3642.293 1
322.807670   1.078676   0.049865  0.000006  14949.151     1.798755   1.599964   5.797150    -323.753 1
322.807377   1.079284   0.049894  0.000008  14957.845     2.398340   1.600474   5.798995    -315.481 1
325.851734   0.151905   0.061410  0.000012  18410.255     3.597509   1.601286   5.801937    2969.400 1
325.569941  -0.505330   0.064780  0.000280  19420.555    83.941888   1.605335   5.816610    3930.676 1
322.715562   0.839303   0.049129  0.000013  14728.504     3.897302   1.610690   5.836013    -533.693 1
322.675342   0.262674   0.062930  0.000050  18865.939    14.989623   1.613152   5.844933    3402.972 1
324.927292  -1.038049   0.051727  0.000017  15507.364     5.096472   1.621269   5.874344     207.373 0
325.464514  -0.657461   0.065345  0.000016  19589.938     4.796679   1.621375   5.874728    4091.839 1
322.799498  -0.221291   0.058640  0.000089  17579.830    26.681529   1.622615   5.879220    2179.272 1
323.074620  -0.642741   0.051110  0.000011  15322.393     3.297717   1.623720   5.883225      31.377 0
325.547810  -0.568838   0.065002  0.000005  19487.109     1.498962   1.626489   5.893255    3994.000 1
322.669390   0.203375   0.053339  0.000009  15990.630     2.698132   1.626901   5.894750     667.188 1
322.660330   0.254061   0.063430  0.000007  19015.836     2.098547   1.629066   5.902594    3545.595 1
322.784881  -0.210019   0.058565  0.000007  17557.345     2.098547   1.631368   5.910933    2157.878 1
322.652921   0.598751   0.050228  0.000005  15057.976     1.498962   1.631974   5.913128    -220.209 0
325.462623  -0.682669   0.055284  0.000009  16573.726     2.698132   1.637290   5.932390    1221.989 1
324.729494  -1.126622   0.051594  0.000015  15467.492     4.496887   1.637610   5.933551     169.436 0
322.736109  -0.129245   0.058851  0.000057  17643.086    17.088170   1.646108   5.964341    2239.458 1
322.853178  -0.377277   0.050530  0.000009  15148.513     2.698132   1.646215   5.964729    -134.065 0
322.737079  -0.132488   0.058159  0.000030  17435.630     8.993774   1.646339   5.965179    2042.069 1
325.563969  -0.590273   0.065261  0.000009  19564.756     2.698132   1.652511   5.987543    4067.878 1
322.727732  -0.133858   0.058450  0.000100  17522.869    29.979246   1.655570   5.998627    2125.075 1
322.725845  -0.134645   0.057524  0.000006  17245.261     1.798755   1.657614   6.006030    1860.938 1
325.715120  -0.390582   0.054867  0.000010  16448.713     2.997925   1.663670   6.027976    1103.042 1
322.838800  -0.415129   0.054352  0.000006  16294.320     1.798755   1.677817   6.079232     956.141 1
325.760980   1.242724   0.068490  0.000015  20532.785     4.496887   1.682770   6.097178    4988.934 1
322.603286   0.243642   0.049270  0.000050  14770.774    14.989623   1.686946   6.112309    -493.474 1
322.591515   0.362175   0.064460  0.000020  19324.622     5.995849   1.688511   6.117980    3839.397 1
325.974271   0.359751   0.043039  0.000006  12902.768     1.798755   1.698567   6.154418   -2270.835 1
325.517174  -0.714929   0.055271  0.000018  16569.829     5.396264   1.699087   6.156302    1218.281 1
323.305793  -0.946163   0.051146  0.000009  15333.185     2.698132   1.699197   6.156698      41.646 0
325.974865   0.545025   0.051110  0.000007  15322.393     2.098547   1.699693   6.158498      31.377 0
322.672582   1.006092   0.035792  0.000015  10730.172     4.496887   1.699699   6.158519   -4338.005 1
325.403406  -0.843042   0.064882  0.000017  19451.134     5.096472   1.712349   6.204354    3959.771 1
322.620275   0.906707   0.049851  0.000010  14944.954     2.997925   1.720026   6.232170    -327.746 1
322.562112   0.686138   0.050081  0.000015  15013.906     4.496887   1.732272   6.276539    -262.140 0
325.997638   0.190530   0.051798  0.000012  15528.650     3.597509   1.738759   6.300044     227.625 0
322.546677   0.276687   0.063376  0.000016  18999.647     4.796679   1.739597   6.303079    3530.192 1
322.913581  -0.636440   0.050615  0.000020  15173.995     5.995849   1.742479   6.313523    -109.819 0
325.709259   1.454545   0.059770  0.001580  17918.595    99.990000   1.750070   6.341028    2501.598 1
322.527138   0.366616   0.049792  0.000008  14927.266     2.398340   1.752596   6.350180    -344.576 1
322.526447   0.367554   0.049428  0.000005  14818.142     1.498962   1.753243   6.352525    -448.405 1
322.606218  -0.105914   0.057955  0.000018  17374.472     5.396264   1.760876   6.380180    1983.879 1
322.562827   0.863178   0.049925  0.000008  14967.138     2.398340   1.764696   6.394022    -306.638 1
322.511089   0.374709   0.049962  0.000007  14978.231     2.098547   1.768276   6.406993    -296.084 1
322.548653   0.827499   0.049940  0.000005  14971.635     1.498962   1.770475   6.414960    -302.360 1
326.051597   0.342706   0.042358  0.000011  12698.609     3.297717   1.776716   6.437574   -2465.087 1
325.741619  -0.597415   0.052319  0.000008  15684.842     2.398340   1.798369   6.516029     376.238 1
322.482546   0.669477   0.049786  0.000024  14925.467     7.195019   1.808990   6.554512    -346.287 1
325.519430  -0.874647   0.064553  0.000010  19352.503     2.997925   1.813650   6.571396    3865.925 1
325.426467  -0.960358   0.067847  0.000018  20340.019     5.396264   1.816905   6.583191    4805.522 1
325.429903  -0.959066   0.067738  0.000013  20307.342     3.897302   1.818079   6.587445    4774.430 1
325.593831  -0.811299   0.065527  0.000012  19644.500     3.597509   1.821014   6.598078    4143.754 1
325.599033  -0.812401   0.065578  0.000018  19659.790     5.396264   1.825537   6.614465    4158.301 1
322.813755  -0.680779   0.050933  0.000006  15269.329     1.798755   1.848421   6.697384     -19.111 1
322.604642   1.233348   0.050972  0.000006  15281.021     1.798755   1.848579   6.697956      -7.987 1
325.604995  -0.863217   0.065693  0.000012  19694.266     3.597509   1.865208   6.758205    4191.104 1
326.006171   1.162519   0.063791  0.000005  19124.061     1.498962   1.870273   6.776559    3648.568 1
322.468921   0.952343   0.049975  0.000017  14982.128     5.096472   1.878069   6.804807    -292.376 1
322.398000   0.438212   0.050029  0.000006  14998.317     1.798755   1.879886   6.811388    -276.973 1
322.782896  -0.695053   0.050643  0.000007  15182.389     2.098547   1.881592   6.817570    -101.832 1
322.507226  -0.220537   0.052548  0.000006  15753.494     1.798755   1.892469   6.856982     441.559 1
322.500924  -0.205066   0.064800  0.000007  19426.551     2.098547   1.892978   6.858825    3936.381 1
322.520694  -0.259621   0.064780  0.000120  19420.555    35.975095   1.894116   6.862949    3930.676 1
322.583171   1.304046   0.065760  0.000050  19714.352    14.989623   1.898860   6.880139    4210.216 1
322.501252  -0.223997   0.050330  0.000080  15088.554    23.983397   1.899280   6.881660    -191.114 1
322.369320   0.456835   0.049710  0.000006  14902.683     1.798755   1.908565   6.915301    -367.966 1
322.626197  -0.522198   0.064905  0.000020  19458.029     5.995849   1.915290   6.939670    3966.331 1
326.159085   0.072406   0.051535  0.000006  15449.804     1.798755   1.918140   6.949995     152.606 1
322.394528   0.851776   0.049630  0.000010  14878.700     2.997925   1.926237   6.979332    -390.786 1
322.389398   0.049438   0.052235  0.000006  15659.659     1.798755   1.929961   6.992828     352.278 1
322.391626   0.026732   0.052260  0.000010  15667.154     2.997925   1.932598   7.002380     359.409 1
325.763496  -0.788772   0.052219  0.000012  15654.862     3.597509   1.932659   7.002601     347.714 1
322.343799   0.467850   0.050147  0.000005  15033.692     1.498962   1.934169   7.008073    -243.314 1
322.341198   0.464504   0.050320  0.000056  15085.556    16.788378   1.936738   7.017380    -193.967 1
326.205654   0.637915   0.061475  0.000007  18429.741     2.098547   1.937057   7.018537    2987.941 1
326.202738   0.225900   0.061615  0.000009  18471.712     2.698132   1.937474   7.020047    3027.875 1
326.215466   0.474152   0.063652  0.000010  19082.390     2.997925   1.937670   7.020759    3608.919 1
325.564592  -1.016851   0.065030  0.000008  19495.504     2.398340   1.949294   7.062876    4001.987 1
322.364590   0.032899   0.052382  0.000007  15703.729     2.098547   1.957678   7.093252     394.209 1
322.487633  -0.345948   0.049475  0.000019  14832.232     5.696057   1.958186   7.095093    -434.999 1
325.722525  -0.897121   0.050336  0.000006  15090.353     1.798755   1.973515   7.150636    -189.403 1
325.994070  -0.554139   0.061460  0.000010  18425.244     2.997925   1.987026   7.199589    2983.662 1
325.193791  -1.318056   0.043460  0.000040  13028.980    11.991698   1.988959   7.206592   -2150.747 1
322.901527  -0.988645   0.049660  0.000013  14887.693     3.897302   1.989184   7.207410    -382.228 1
322.334957   0.017983   0.052812  0.000056  15832.639    16.788378   1.989814   7.209691     516.864 1
325.903825  -0.700142   0.052348  0.000006  15693.536     1.798755   1.990097   7.210719     384.510 1
322.340440  -0.013380   0.050267  0.000006  15069.667     1.798755   1.991484   7.215744    -209.085 1
322.949479  -1.039079   0.051547  0.000020  15453.402     5.995849   1.993631   7.223522     156.029 1
326.160008   1.111136   0.050411  0.000010  15112.838     2.997925   1.995608   7.230685    -168.009 1
322.898327  -0.997041   0.049370  0.000007  14800.754     2.098547   1.997463   7.237407    -464.949 1
326.235328   0.022189   0.062110  0.000006  18620.110     1.798755   2.003023   7.257552    3169.072 1
326.150701   1.170208   0.059805  0.000006  17929.088     1.798755   2.007337   7.273182    2511.582 1
323.112198  -1.189717   0.049930  0.000009  14968.637     2.698132   2.009802   7.282114    -305.212 1
322.402918  -0.282624   0.058910  0.000190  17660.774    56.960567   2.012088   7.290398    2256.288 1
322.397570  -0.270751   0.058379  0.000013  17501.584     3.897302   2.012805   7.292996    2104.823 1
322.935256   1.948622   0.062350  0.000030  18692.060     8.993774   2.013952   7.297152    3237.530 1
325.222014  -1.332238   0.043290  0.000300  12978.016    89.937737   2.014628   7.299600   -2199.239 1
322.370730  -0.219618   0.049822  0.000011  14936.260     3.297717   2.020445   7.320677    -336.019 1
325.747540  -0.941698   0.050158  0.000007  15036.990     2.098547   2.022257   7.327241    -240.176 1
322.949399  -1.097405   0.066183  0.000007  19841.164     2.098547   2.037546   7.382637    4330.874 1
322.914890  -1.080110   0.051292  0.000014  15376.955     4.197094   2.047274   7.417885      83.292 1
326.199897   1.158795   0.050347  0.000010  15093.651     2.997925   2.049320   7.425298    -186.265 1
326.195557   1.183516   0.050518  0.000008  15144.915     2.398340   2.053978   7.442178    -137.488 1
326.128326  -0.454771   0.041230  0.000004  12360.443     1.199170   2.058613   7.458970   -2786.843 1
326.319479   0.810277   0.064930  0.000090  19465.524    26.981321   2.073479   7.512836    3973.462 1
326.280519  -0.102629   0.051895  0.000049  15557.730    14.689830   2.076728   7.524608     255.294 1
322.709367  -0.927463   0.049566  0.000014  14859.513     4.197094   2.085841   7.557625    -409.041 1
322.191005   0.353789   0.050946  0.000007  15273.227     2.098547   2.088954   7.568907     -15.403 1
326.276814   1.071206   0.050532  0.000010  15149.112     2.997925   2.093882   7.586762    -133.495 1
322.325054  -0.311583   0.058258  0.000005  17465.309     1.498962   2.095152   7.591361    2070.308 1
326.278905   1.072297   0.050040  0.000200  15001.615    59.958492   2.096203   7.595171    -273.835 1
326.288878   1.087886   0.050039  0.000006  15001.315     1.798755   2.110403   7.646620    -274.120 1
326.328288  -0.068702   0.051493  0.000011  15437.213     3.297717   2.114289   7.660701     140.626 1
322.163839   0.382251   0.050551  0.000007  15154.809     2.098547   2.115023   7.663362    -128.075 1
325.872913  -0.943219   0.065592  0.000037  19663.987    11.092321   2.116116   7.667321    4162.295 1
322.199252   0.050479   0.049510  0.000010  14842.725     2.997925   2.116181   7.667558    -425.015 1
326.347703  -0.036264   0.051770  0.000020  15520.256     5.995849   2.125504   7.701337     219.639 1
322.140509   0.370874   0.054570  0.000120  16359.674    35.975095   2.138719   7.749219    1018.325 1
322.435360  -0.645004   0.065009  0.000008  19489.208     2.398340   2.142052   7.761294    3995.997 1
322.140583   0.302113   0.050820  0.000120  15235.453    35.975095   2.142211   7.761872     -51.344 1
322.133414   0.613516   0.049836  0.000056  14940.457    16.788378   2.150857   7.793199    -332.025 1
322.170963  -0.019634   0.049700  0.000004  14899.685     1.199170   2.158057   7.819287    -370.818 1
322.212222  -0.180831   0.050237  0.000007  15060.674     2.098547   2.159085   7.823011    -217.642 1
322.174553  -0.067019   0.050043  0.000066  15002.514    19.786302   2.165320   7.845604    -272.979 1
322.092656   0.312808   0.051850  0.000015  15544.239     4.496887   2.189345   7.932650     242.458 1
322.096030   0.677871   0.067181  0.000338  20140.357    99.990000   2.193952   7.949344    4615.549 1
322.204063   1.168532   0.048384  0.000012  14505.158     3.597509   2.195565   7.955190    -746.201 1
325.126004  -1.589733   0.067983  0.000016  20380.791     4.796679   2.206699   7.995531    4844.315 1
322.076356   0.265224   0.051350  0.000109  15394.343    32.677378   2.209030   8.003976      99.836 1
325.328720  -1.497533   0.051392  0.000150  15406.934    44.968869   2.210716   8.010087     111.816 1
325.969458  -0.982728   0.050406  0.000010  15111.339     2.997925   2.215102   8.025979    -169.436 1
322.216386  -0.365381   0.052350  0.000011  15694.135     3.297717   2.215951   8.029053     385.081 1
322.212324   1.258298   0.049609  0.000010  14872.404     2.997925   2.218968   8.039986    -396.776 1
322.057919   0.469696   0.052570  0.000120  15760.090    35.975095   2.220044   8.043885     447.835 1
322.092326   0.039478   0.052047  0.000015  15603.298     4.496887   2.223288   8.055639     298.651 1
325.824442  -1.155885   0.066100  0.000010  19816.281     2.997925   2.227651   8.071445    4307.199 1
322.048570   0.299889   0.052495  0.000010  15737.605     2.997925   2.234164   8.095043     426.441 1
322.045479   0.281837   0.052328  0.000019  15687.540     5.696057   2.238511   8.110796     378.805 1
322.337624  -0.684805   0.052218  0.000007  15654.563     2.098547   2.246471   8.139638     347.428 1
326.038906  -0.948175   0.055293  0.000007  16576.424     2.098547   2.246952   8.141378    1224.557 1
322.522991  -0.955809   0.050834  0.000016  15239.650     4.796679   2.246968   8.141436     -47.351 1
322.464578  -0.880382   0.065289  0.000007  19573.150     2.098547   2.247505   8.143383    4075.865 1
322.031608   0.350044   0.053254  0.000013  15965.148     3.897302   2.248357   8.146469     642.942 1
322.095284  -0.097320   0.050040  0.000030  15001.615     8.993774   2.249542   8.150763    -273.835 1
322.056373   0.089250   0.051354  0.000005  15395.542     1.498962   2.250181   8.153078     100.977 1
322.092578  -0.097576   0.050284  0.000009  15074.764     2.698132   2.252229   8.160500    -204.235 1
322.091950  -0.097016   0.050359  0.000010  15097.248     2.997925   2.252703   8.162217    -182.842 1
322.032574   0.259210   0.068360  0.001650  20493.812    99.990000   2.253159   8.163868    4951.853 1
325.817472  -1.199638   0.066640  0.000060  19978.169    17.987547   2.254582   8.169025    4461.231 1
322.163089   1.230779   0.049961  0.000033  14977.931     9.893151   2.255164   8.171133    -296.370 1
326.391042   1.239670   0.063969  0.000011  19177.424     3.297717   2.256667   8.176579    3699.342 1
322.156676   1.230158   0.049408  0.000015  14812.146     4.496887   2.260963   8.192147    -454.110 1
322.048692   0.066389   0.051618  0.000012  15474.687     3.597509   2.261504   8.194105     176.281 1
322.190800  -0.430321   0.052770  0.000012  15820.048     3.597509   2.264150   8.203692     504.884 1
322.222518   1.411452   0.049780  0.000010  14923.669     2.997925   2.270159   8.225466    -347.999 1
322.119163   1.164334   0.049685  0.000013  14895.188     3.897302   2.274599   8.241551    -375.097 1
322.017510   0.163864   0.052253  0.000015  15665.055     4.496887   2.278067   8.254120     357.412 1
326.184205   1.704245   0.064090  0.000120  19213.699    35.975095   2.283223   8.272801    3733.857 1
322.129625   1.221402   0.049351  0.000057  14795.058    17.088170   2.283378   8.273361    -470.369 1
322.779417   2.173172   0.062520  0.000120  18743.024    35.975095   2.285458   8.280898    3286.022 1
321.992633   0.355536   0.054389  0.000007  16305.412     2.098547   2.287067   8.286728     966.695 1
321.981007   0.309764   0.050670  0.000008  15190.484     2.398340   2.300969   8.337099     -94.131 1
322.075779  -0.225535   0.068190  0.000040  20442.848    11.991698   2.302630   8.343118    4903.361 1
322.111221   1.227754   0.049268  0.000019  14770.175     5.696057   2.302845   8.343896    -494.044 1
321.993267   0.152963   0.052155  0.000015  15635.676     4.496887   2.303491   8.346239     329.458 1
322.111933   1.242559   0.048915  0.000016  14664.348     4.796679   2.307235   8.359802    -594.736 1
326.486900   1.116551   0.066690  0.000007  19993.159     2.098547   2.308013   8.362622    4475.493 1
322.009755   0.019991   0.051971  0.000006  15580.514     1.798755   2.308034   8.362699     276.973 1
325.415204  -1.561712   0.052490  0.000010  15736.106     2.997925   2.308738   8.365247     425.015 1
322.001229   0.871412   0.048576  0.000008  14562.718     2.398340   2.315752   8.390662    -691.434 1
321.957217   0.416629   0.051429  0.000023  15418.026     6.895227   2.320838   8.409089     122.370 1
321.951744   0.253088   0.051590  0.000080  15466.293    23.983397   2.334215   8.457560     168.295 1
322.012984  -0.139843   0.065430  0.000050  19615.421    14.989623   2.339785   8.477741    4116.085 1
321.935201   0.462037   0.053345  0.000007  15992.429     2.098547   2.342693   8.488276     668.899 1
322.352507  -0.887678   0.051818  0.000009  15534.646     2.698132   2.343009   8.489421     233.330 1
321.949251   0.120166   0.049310  0.000050  14782.766    14.989623   2.351492   8.520160    -482.064 1
321.946013   0.122198   0.052317  0.000008  15684.242     2.398340   2.354417   8.530758     375.668 1
326.538818  -0.217606   0.048494  0.000007  14538.135     2.098547   2.356632   8.538782    -714.824 1
322.490189  -1.093619   0.050731  0.000015  15208.771     4.496887   2.360262   8.551934     -76.731 1
326.595649   0.907753   0.049348  0.000017  14794.158     5.096472   2.362916   8.561552    -471.225 1
322.983150   2.432622   0.047890  0.000030  14357.061     8.993774   2.370029   8.587323    -887.112 1
322.479978  -1.100136   0.050341  0.000006  15091.852     1.798755   2.372251   8.595376    -187.976 1
322.744785  -1.363475   0.060022  0.000150  17994.143    44.968869   2.372760   8.597219    2573.480 1
322.532881   2.071381   0.038043  0.000090  11405.004    26.981321   2.383687   8.636812   -3695.919 1
322.228150  -0.770332   0.052474  0.000010  15731.309     2.997925   2.384201   8.638674     420.451 1
322.175644  -0.683418   0.050688  0.000017  15195.880     5.096472   2.387105   8.649196     -88.996 1
321.917374   0.806629   0.052073  0.000005  15611.093     1.498962   2.387637   8.651124     306.068 1
321.991292   1.141900   0.048340  0.000013  14491.967     3.897302   2.389674   8.658502    -758.752 1
321.952608   1.070716   0.047864  0.000018  14349.266     5.396264   2.407311   8.722406    -894.528 1
321.904272   0.858293   0.049888  0.000008  14956.046     2.398340   2.408861   8.728025    -317.192 1
325.890272  -1.345334   0.066035  0.000014  19796.795     4.197094   2.411177   8.736415    4288.658 1
321.890713   0.798659   0.060403  0.000017  18108.364     5.096472   2.412825   8.742385    2682.158 1
326.524674  -0.450717   0.052062  0.000005  15607.795     1.498962   2.419585   8.766879     302.930 1
321.913431   0.975202   0.048116  0.000011  14424.814     3.297717   2.422589   8.777764    -822.646 1
326.699875   0.661027   0.042190  0.000120  12648.244    35.975095   2.431276   8.809240   -2513.008 1
322.242909  -0.884496   0.051854  0.000005  15545.438     1.498962   2.432125   8.812315     243.599 1
323.177184  -1.722084   0.067610  0.000120  20268.968    35.975095   2.432826   8.814855    4737.919 1
322.386410  -1.094131   0.065378  0.000019  19599.831     5.696057   2.440127   8.841309    4101.252 1
322.506446  -1.230953   0.052171  0.000009  15640.472     2.698132   2.440314   8.841988     334.022 1
321.911040  -0.184114   0.050590  0.000120  15166.500    35.975095   2.449636   8.875763    -116.950 1
321.833261   0.289219   0.049834  0.000110  14939.857    32.977170   2.449703   8.876008    -332.596 1
321.822260   0.461003   0.063519  0.000006  19042.517     1.798755   2.455622   8.897454    3570.982 1
321.822167   0.461384   0.063397  0.000055  19005.942    16.488585   2.455717   8.897799    3536.182 1
326.231900  -1.042061   0.066880  0.000120  20050.120    35.975095   2.456949   8.902260    4529.690 1
321.818521   0.461164   0.063351  0.000005  18992.152     1.498962   2.459362   8.911004    3523.061 1
326.739781   0.559182   0.036738  0.000008  11013.775     2.398340   2.464318   8.928961   -4068.164 1
326.067767  -1.256127   0.034351  0.000006  10298.171     1.798755   2.470972   8.953070   -4749.043 1
321.838272   0.869592   0.052020  0.000010  15595.204     2.997925   2.475819   8.970634     290.950 1
326.692972   0.995656   0.045837  0.000008  13741.587     2.398340   2.476408   8.972766   -1472.720 1
321.810291   0.235944   0.050305  0.000007  15081.060     2.098547   2.476606   8.973485    -198.245 1
322.431150  -1.217236   0.047205  0.000006  14151.703     1.798755   2.486302   9.008616   -1082.505 1
326.296580  -1.009401   0.063728  0.000007  19105.174     2.098547   2.489438   9.019978    3630.598 1
326.595103   1.379493   0.058370  0.000070  17498.886    20.985472   2.497523   9.049273    2102.255 1
321.837151   0.998508   0.052026  0.000018  15597.002     5.396264   2.502119   9.065926     292.661 1
321.931220  -0.441097   0.051169  0.000055  15340.080    16.488585   2.509237   9.091716      48.206 1
321.799380   0.855884   0.048170  0.000011  14441.003     3.297717   2.511884   9.101309    -807.243 1
321.762135   0.450557   0.051325  0.000005  15386.848     1.498962   2.515710   9.115170      92.705 1
322.274216  -1.088486   0.051352  0.000010  15394.942     2.997925   2.524646   9.147548     100.406 1
321.759525   0.162878   0.065525  0.000057  19643.901    17.088170   2.534351   9.182713    4143.183 1
321.816803  -0.190904   0.050194  0.000008  15047.783     2.398340   2.542496   9.212224    -229.907 1
321.951703  -0.607829   0.065449  0.000021  19621.117     6.295642   2.554344   9.255154    4121.504 1
321.745230   0.798437   0.060599  0.000006  18167.123     1.798755   2.556811   9.264092    2738.066 1
323.678790   2.933538   0.058345  0.000010  17491.391     2.997925   2.557209   9.265535    2095.124 1
321.726305   0.261849   0.064311  0.000010  19279.953     2.997925   2.558282   9.269422    3796.896 1
321.774161   0.974183   0.049781  0.000005  14923.968     1.498962   2.558480   9.270140    -347.714 1
321.753170   0.026050   0.051847  0.000011  15543.340     3.297717   2.559608   9.274226     241.602 1
322.758206  -1.615046   0.066139  0.000150  19827.973    44.968869   2.561930   9.282639    4318.324 1
322.212710  -1.068922   0.052276  0.000017  15671.951     5.096472   2.562102   9.283263     363.973 1
322.213257  -1.070027   0.051544  0.000068  15452.502    20.385887   2.562316   9.284036     155.173 1
326.194699  -1.256244   0.055252  0.000007  16564.133     2.098547   2.564481   9.291881    1212.862 1
321.707375   0.451896   0.063060  0.000053  18904.912    15.889000   2.570470   9.313583    3440.054 1
321.780437   1.062809   0.048508  0.000010  14542.333     2.997925   2.572090   9.319451    -710.830 1
321.750877  -0.115423   0.050662  0.000015  15188.086     4.496887   2.588907   9.380384     -96.413 1
321.689495   0.354433   0.063051  0.000056  18902.214    16.788378   2.590019   9.384413    3437.487 1
321.688628   0.355285   0.062671  0.000007  18788.293     2.098547   2.590855   9.387441    3329.094 1
326.677750  -0.531988   0.051924  0.000013  15566.424     3.897302   2.591955   9.391428     263.566 1
321.694164   0.211548   0.063093  0.000015  18914.806     4.496887   2.594429   9.400392    3449.467 1
322.504292  -1.447028   0.058470  0.000150  17528.865    44.968869   2.595149   9.403003    2130.780 1
321.879703  -0.547249   0.050924  0.000023  15266.631     6.895227   2.596270   9.407064     -21.679 1
321.843038  -0.467715   0.051184  0.000007  15344.577     2.098547   2.601136   9.424693      52.485 1
321.854496  -0.514216   0.051079  0.000063  15313.099    18.886925   2.607206   9.446687      22.534 1
326.698607  -0.531508   0.051655  0.000005  15485.779     1.498962   2.611096   9.460784     186.835 1
321.666144   0.308372   0.063006  0.000015  18888.724     4.496887   2.615399   9.476375    3424.651 1
321.665581   0.294399   0.063619  0.000027  19072.496     8.094396   2.616742   9.481239    3599.506 1
326.497275  -0.941118   0.065386  0.000006  19602.230     1.798755   2.617918   9.485501    4103.534 1
322.279555  -1.247813   0.047053  0.000010  14106.135     2.997925   2.620554   9.495053   -1125.862 1
321.745244   1.131128   0.048113  0.000006  14423.915     1.798755   2.623243   9.504794    -823.502 1
326.784099  -0.333335   0.048579  0.000011  14563.618     3.297717   2.624929   9.510904    -690.578 1
321.655579   0.274797   0.063764  0.000013  19115.966     3.897302   2.627942   9.521820    3640.867 1
321.651560   0.296468   0.062900  0.000034  18856.946    10.192944   2.630619   9.531520    3394.415 1
321.649867   0.305077   0.062111  0.000009  18620.409     2.698132   2.631829   9.535905    3169.357 1
326.531442  -0.914256   0.052145  0.000008  15632.678     2.398340   2.632951   9.539969     326.605 1
326.870484   0.956761   0.049429  0.000007  14818.441     2.098547   2.642030   9.572867    -448.120 1
326.899653   0.046948   0.061318  0.000007  18382.674     2.098547   2.652076   9.609264    2943.158 1
326.202840   2.276490   0.060323  0.000009  18084.380     2.698132   2.655239   9.620726    2659.339 1
321.873724  -0.690749   0.051547  0.000009  15453.402     2.698132   2.659966   9.637851     156.029 1
321.873689  -0.691582   0.051558  0.000007  15456.700     2.098547   2.660354   9.639257     159.167 1
321.821909  -0.581952   0.066330  0.000120  19885.234    35.975095   2.662967   9.648726    4372.805 1
326.940180   0.343609   0.061331  0.000022  18386.571     6.595434   2.664205   9.653212    2946.866 1
322.734634  -1.739177   0.066590  0.001710  19963.180    99.990000   2.676405   9.697415    4446.969 1
321.600375   0.197333   0.063003  0.000036  18887.824    10.792528   2.689125   9.743505    3423.795 1
321.590735   0.319614   0.063374  0.000120  18999.047    35.975095   2.690145   9.747198    3529.621 1
321.593559   0.691383   0.050820  0.000120  15235.453    35.975095   2.695335   9.766007     -51.344 1
322.020091  -1.026492   0.050694  0.000009  15197.679     2.698132   2.696318   9.769568     -87.285 1
322.942958  -1.900361   0.050592  0.000150  15167.100    44.968869   2.700827   9.785904    -116.380 1
321.823839  -0.708508   0.047729  0.000007  14308.794     2.098547   2.712656   9.828763    -933.036 1
322.391167  -1.505889   0.051462  0.000150  15427.919    44.968869   2.715759   9.840008     131.783 1
326.312787  -1.356597   0.055452  0.000012  16624.091     3.597509   2.719411   9.853240    1269.911 1
321.814193  -0.728228   0.060678  0.000017  18190.807     5.096472   2.729820   9.890954    2760.601 1
325.906926  -1.743972   0.066306  0.000150  19878.039    44.968869   2.730577   9.893696    4365.959 1
321.985587  -1.037139   0.050395  0.000011  15108.041     3.297717   2.731048   9.895404    -172.573 1
321.751967  -0.606874   0.052136  0.000012  15629.980     3.597509   2.737107   9.917357     324.038 1
321.806887  -0.733475   0.060507  0.000014  18139.542     4.197094   2.738674   9.923034    2711.824 1
322.580118   2.599221   0.058450  0.000100  17522.869    29.979246   2.740850   9.930920    2125.075 1
323.888042  -2.266222   0.056623  0.000150  16975.148    44.968869   2.741584   9.933579    1603.932 1
326.202527  -1.505843   0.050770  0.000070  15220.463    20.985472   2.742159   9.935662     -65.606 1
326.253120  -1.470524   0.063534  0.000150  19047.014    44.968869   2.753179   9.975590    3575.260 1
326.028797  -1.688350   0.067635  0.000011  20276.463     3.297717   2.761746  10.006630    4745.050 1
322.014994   2.044089   0.037816  0.000087  11336.952    26.081944   2.769408  10.034392   -3760.670 1
321.501667   0.390687   0.050570  0.000120  15160.505    35.975095   2.776750  10.060995    -122.655 1
321.682296  -0.543872   0.051082  0.000008  15313.998     2.398340   2.778430  10.067082      23.390 1
321.872310  -0.945464   0.051213  0.000007  15353.271     2.098547   2.779740  10.071830      60.757 1
321.871552  -0.944836   0.051117  0.000006  15324.491     1.798755   2.780082  10.073067      33.374 1
321.485660   0.469614   0.050060  0.000010  15007.610     2.997925   2.792262  10.117202    -268.130 1
321.484661   0.467618   0.049905  0.000009  14961.143     2.698132   2.793246  10.120767    -312.343 1
321.804017  -0.859226   0.061037  0.000031  18298.432     9.293566   2.797741  10.137053    2863.004 1
321.467024   0.285281   0.050729  0.000007  15208.172     2.098547   2.815487  10.201353     -77.301 1
327.027929  -0.173096   0.064740  0.000020  19408.564     5.995849   2.819083  10.214380    3919.266 1
321.506808   0.975720   0.060500  0.000007  18137.444     2.098547   2.820924  10.221050    2709.827 1
321.663486  -0.615596   0.048161  0.000010  14438.305     2.997925   2.822237  10.225809    -809.810 1
326.302846  -1.535243   0.064712  0.000013  19400.170     3.897302   2.833963  10.268295    3911.279 1
327.080170  -0.007930   0.061556  0.000011  18454.025     3.297717   2.838933  10.286305    3011.046 1
326.292175  -1.562444   0.066190  0.000012  19843.263     3.597509   2.845497  10.310085    4332.871 1
324.936220  -2.324902   0.052293  0.000150  15677.047    44.968869   2.849482  10.324524     368.822 1
321.438541   0.199185   0.063524  0.000011  19044.016     3.297717   2.850130  10.326874    3572.408 1
325.422346  -2.165676   0.056670  0.000120  16989.239    35.975095   2.852774  10.336454    1617.339 1
321.426883   0.558375   0.049788  0.000025  14926.067     7.494811   2.853105  10.337654    -345.717 1
321.804150  -0.980194   0.061086  0.000005  18313.122     1.498962   2.856129  10.348611    2876.981 1
323.002630  -2.108448   0.053344  0.000013  15992.129     3.897302   2.856420  10.349664     668.614 1
325.430142  -2.167798   0.057406  0.000013  17209.886     3.897302   2.857852  10.354853    1827.279 1
323.402493  -2.286473   0.051792  0.000150  15526.851    44.968869   2.870703  10.401415     225.914 1
321.439974   1.013130   0.050128  0.000010  15027.996     2.997925   2.893680  10.484668    -248.734 1
327.171781   0.339208   0.061863  0.000005  18546.061     1.498962   2.895798  10.492344    3098.616 1
327.139792   0.901444   0.049570  0.000007  14860.712     2.098547   2.897564  10.498741    -407.900 1
321.387233   0.084500   0.063328  0.000017  18985.257     5.096472   2.913302  10.555766    3516.500 1
326.659496  -1.243776   0.052060  0.000090  15607.195    26.981321   2.920954  10.583491     302.360 1
321.849841  -1.203328   0.060410  0.000010  18110.462     2.997925   2.936059  10.638219    2684.155 1
321.679980  -0.931520   0.051647  0.000006  15483.381     1.798755   2.941186  10.656798     184.553 1
327.167064  -0.123695   0.067558  0.000009  20253.379     2.698132   2.944980  10.670544    4723.086 1
321.583021  -0.754646   0.051449  0.000012  15424.022     3.597509   2.950795  10.691614     128.075 1
327.176783  -0.110903   0.051830  0.000025  15538.243     7.494811   2.952068  10.696227     236.753 1
321.532062  -0.641914   0.061525  0.000005  18444.731     1.498962   2.953997  10.703215    3002.203 1
321.579535  -0.764024   0.051597  0.000046  15468.391    13.790453   2.957808  10.717023     170.291 1
327.073721  -0.521410   0.048847  0.000007  14643.962     2.098547   2.958853  10.720811    -614.132 1
321.325965   0.184825   0.062621  0.000012  18773.304     3.597509   2.963529  10.737753    3314.832 1
327.239710   0.215527   0.052533  0.000009  15748.997     2.698132   2.970770  10.763990     437.281 1
327.239724   0.213641   0.052223  0.000009  15656.062     2.698132   2.970932  10.764576     348.855 1
325.102303  -2.407381   0.051836  0.000150  15540.042    44.968869   2.971517  10.766694     238.465 1
321.394790   1.204585   0.050090  0.000027  15016.604     8.094396   2.980790  10.800294    -259.573 1
321.556759  -0.771085   0.051073  0.000016  15311.300     4.796679   2.981479  10.802789      20.823 1
321.312913   0.129790   0.062870  0.000120  18847.952    35.975095   2.981890  10.804281    3385.858 1
321.390570   1.205186   0.049628  0.000007  14878.100     2.098547   2.985024  10.815636    -391.356 1
321.307458   0.744899   0.049556  0.000012  14856.515     3.597509   2.985222  10.816354    -411.894 1
327.159159  -0.370557   0.061062  0.000006  18305.927     1.798755   2.995037  10.851917    2870.135 1
321.516485  -0.727775   0.065116  0.000022  19521.286     6.595434   3.001055  10.873719    4026.518 1
327.120432  -0.527883   0.048576  0.000013  14562.718     3.897302   3.005121  10.888453    -691.434 1
327.214719  -0.238664   0.060840  0.000120  18239.373    35.975095   3.015806  10.927166    2806.810 1
324.453731  -2.564482   0.057390  0.000080  17205.089    23.983397   3.017108  10.931886    1822.715 1
321.447054  -0.596635   0.048108  0.000006  14422.416     1.798755   3.017206  10.932240    -824.928 1
327.245665   0.992895   0.049510  0.000020  14842.725     5.995849   3.017355  10.932778    -425.015 1
327.189359  -0.349580   0.052267  0.000010  15669.252     2.997925   3.018492  10.936901     361.405 1
322.455590  -1.961860   0.065950  0.000012  19771.313     3.597509   3.020877  10.945542    4264.412 1
321.287942   0.896789   0.049043  0.000013  14702.722     3.897302   3.023456  10.954884    -558.224 1
322.708083  -2.137417   0.052483  0.000150  15734.008    44.968869   3.024241  10.957730     423.018 1
321.277134   0.862175   0.063310  0.000120  18979.861    35.975095   3.029212  10.975740    3511.366 1
327.177240   1.335296   0.049806  0.000275  14931.463    82.442926   3.032116  10.986262    -340.582 1
327.293345   0.116564   0.062109  0.000008  18619.810     2.398340   3.033439  10.991057    3168.786 1
327.229777   1.164872   0.050076  0.000008  15012.407     2.398340   3.037688  11.006454    -263.566 1
327.319056   0.356485   0.062182  0.000017  18641.695     5.096472   3.042405  11.023543    3189.609 1
321.242989   0.177082   0.062217  0.000012  18652.187     3.597509   3.046862  11.039694    3199.593 1
327.320888   0.646186   0.052404  0.000007  15710.324     2.098547   3.049355  11.048725     400.484 1
321.353676  -0.417876   0.067456  0.000009  20222.800     2.698132   3.049517  11.049314    4693.991 1
321.230316   0.328075   0.049319  0.000006  14785.464     1.798755   3.049850  11.050520    -479.497 1
321.236044   0.696239   0.049799  0.000006  14929.365     1.798755   3.051936  11.058079    -342.579 1
321.338258  -0.388180   0.064757  0.000005  19413.660     1.498962   3.056051  11.072986    3924.115 1
327.339807   0.434772   0.049868  0.000011  14950.050     3.297717   3.061820  11.093890    -322.897 1
321.238601   0.909313   0.049560  0.000027  14857.714     8.094396   3.074113  11.138429    -410.753 1
327.002141  -0.977348   0.052237  0.000012  15660.259     3.597509   3.074267  11.138990     352.848 1
326.770154  -1.356165   0.050388  0.000013  15105.942     3.897302   3.076371  11.146613    -174.570 1
322.284250   2.797872   0.043081  0.000019  12915.359     5.696057   3.082000  11.167009   -2258.855 1
322.284833   2.799889   0.042269  0.000033  12671.927     9.893151   3.083162  11.171218   -2490.474 1
327.362889   0.398557   0.061188  0.000015  18343.701     4.496887   3.085263  11.178831    2906.076 1
324.861372  -2.582525   0.060185  0.000150  18043.009    44.968869   3.085684  11.180357    2619.975 1
327.364767   0.280147   0.062391  0.000007  18704.351     2.098547   3.091286  11.200655    3249.225 1
327.382635   0.660731   0.052612  0.000012  15772.681     3.597509   3.111934  11.275469     459.815 1
327.306567  -0.284018   0.050035  0.000007  15000.116     2.098547   3.115648  11.288924    -275.261 1
321.287141  -0.433961   0.061961  0.000006  18575.440     1.798755   3.117882  11.297019    3126.570 1
321.221917   1.072109   0.049499  0.000013  14839.427     3.897302   3.119090  11.301395    -428.153 1
327.181490  -0.700824   0.062718  0.000008  18802.383     2.398340   3.122315  11.313082    3342.500 1
321.178709   0.844436   0.048756  0.000011  14616.681     3.297717   3.124433  11.320755    -640.090 1
321.158426   0.020363   0.062821  0.000006  18833.262     1.798755   3.148507  11.407982    3371.881 1
327.363339  -0.189311   0.062002  0.000017  18587.732     5.096472   3.150358  11.414691    3138.265 1
327.356870   1.125869   0.050254  0.000015  15065.770     4.496887   3.152703  11.423188    -212.793 1
321.292711  -0.580857   0.061859  0.000010  18544.862     2.997925   3.157285  11.439787    3097.475 1
321.292460  -0.580620   0.062016  0.000068  18591.929    20.385887   3.157445  11.440368    3142.259 1
321.180697   1.119546   0.048537  0.000006  14551.027     1.798755   3.169204  11.482973    -702.558 1
327.420320   0.016369   0.049772  0.000011  14921.270     3.297717   3.171742  11.492171    -350.281 1
321.144319   0.979089   0.049494  0.000010  14837.928     2.997925   3.178277  11.515848    -429.579 1
321.173083   1.134969   0.050301  0.000022  15079.860     6.595434   3.179943  11.521885    -199.386 1
321.129237  -0.004869   0.062991  0.000006  18884.227     1.798755   3.180918  11.525417    3420.372 1
327.459342   0.480004   0.062409  0.000011  18709.748     3.297717   3.181491  11.527494    3254.360 1
321.150489  -0.149568   0.062308  0.000009  18679.468     2.698132   3.183821  11.535937    3225.550 1
327.019164  -1.173469   0.062957  0.000010  18874.034     2.997925   3.184572  11.538658    3410.674 1
321.158187   1.117699   0.050064  0.000018  15008.810     5.396264   3.190816  11.561281    -266.989 1
321.144792   1.054413   0.050433  0.000025  15119.433     7.494811   3.191275  11.562944    -161.734 1
327.203933  -0.833067   0.060274  0.000015  18069.691     4.496887   3.193882  11.572390    2645.362 1
321.704787   2.340015   0.050390  0.000120  15106.542    35.975095   3.194092  11.573150    -173.999 1
327.473784   0.606903   0.052854  0.000011  15845.231     3.297717   3.199740  11.593614     528.844 1
327.476072   0.339360   0.064462  0.000013  19325.221     3.897302   3.199882  11.594131    3839.968 1
321.133676  -0.155454   0.067238  0.000012  20157.445     3.597509   3.201440  11.599776    4631.808 1
323.349770  -2.616800   0.052570  0.000150  15760.090    44.968869   3.201772  11.600978     447.835 1
327.476997   0.604740   0.052583  0.000014  15763.987     4.197094   3.202842  11.604853     451.543 1
327.245723  -0.762876   0.060247  0.000009  18061.596     2.698132   3.205047  11.612845    2637.660 1
321.155329   1.200331   0.048891  0.000022  14657.153     6.595434   3.211967  11.637919    -601.582 1
325.194250   3.529571   0.060078  0.000013  18010.931     3.897302   3.215396  11.650341    2589.454 1
327.493317   0.545353   0.049539  0.000010  14851.419     2.997925   3.216788  11.655384    -416.743 1
321.099547   0.948527   0.049066  0.000008  14709.617     2.398340   3.217525  11.658055    -551.664 1
321.168210  -0.379628   0.062466  0.000005  18726.836     1.498962   3.217739  11.658833    3270.619 1
327.426884  -0.227243   0.061225  0.000006  18354.793     1.798755   3.220349  11.668288    2916.630 1
321.104845   0.999322   0.049748  0.000010  14914.075     2.997925   3.220605  11.669216    -357.127 1
327.498570   0.530541   0.052209  0.000018  15651.864     5.396264   3.221622  11.672901     344.861 1
321.053290   0.329044   0.062880  0.000011  18850.950     3.297717   3.226707  11.691324    3388.710 1
321.236121  -0.645931   0.048000  0.000009  14390.038     2.698132   3.232270  11.711481    -855.735 1
323.384350   3.555330   0.053130  0.000120  15927.973    35.975095   3.233733  11.716780     607.572 1
321.112679   1.136885   0.051619  0.000019  15474.987     5.696057   3.239350  11.737136     176.567 1
327.515346   0.328653   0.060708  0.000010  18199.801     2.997925   3.239508  11.737707    2769.158 1
327.256842  -0.827344   0.062633  0.000006  18776.901     1.798755   3.240164  11.740083    3318.255 1
327.520961   0.399262   0.061786  0.000011  18522.977     3.297717   3.243301  11.751449    3076.652 1
321.036958   0.321338   0.062635  0.000012  18777.501     3.597509   3.243318  11.751511    3318.825 1
327.522020   0.364622   0.062424  0.000009  18714.244     2.698132   3.245060  11.757822    3258.638 1
321.061175   0.012141   0.063077  0.000005  18910.009     1.498962   3.245975  11.761139    3444.903 1
321.028064   0.326097   0.061983  0.000011  18582.036     3.297717   3.252024  11.783055    3132.845 1
321.208974  -0.629827   0.062096  0.000014  18615.912     4.197094   3.252459  11.784631    3165.078 1
321.344796  -0.958928   0.065400  0.000010  19606.427     2.997925   3.252804  11.785881    4107.527 1
322.994664  -2.556184   0.052113  0.000183  15623.084    54.862020   3.266307  11.834808     317.478 1
327.242420  -0.928289   0.062941  0.000014  18869.237     4.197094   3.268106  11.841327    3406.110 1
321.072422   1.167155   0.042824  0.000024  12838.312     7.195019   3.285193  11.903238   -2332.163 1
327.469794   1.238770   0.050330  0.000006  15088.554     1.798755   3.288396  11.914841    -191.114 1
321.054369   1.118425   0.049447  0.000080  14823.838    23.983397   3.292535  11.929840    -442.985 1
327.573020   0.460526   0.062238  0.000009  18658.483     2.698132   3.295025  11.938862    3205.583 1
327.342388  -0.771561   0.060063  0.000009  18006.434     2.698132   3.297954  11.949474    2585.175 1
327.287717  -0.908088   0.063190  0.000009  18943.885     2.698132   3.300901  11.960150    3477.136 1
327.301709  -0.879845   0.060571  0.000023  18158.729     6.895227   3.302209  11.964893    2730.080 1
321.043303   1.123961   0.048277  0.000019  14473.080     5.696057   3.304498  11.973186    -776.722 1
321.061143   1.226788   0.049994  0.000013  14987.824     3.897302   3.309730  11.992142    -286.956 1
320.970314   0.621831   0.062686  0.000009  18792.790     2.698132   3.312096  12.000716    3333.373 1
327.215345  -1.089953   0.059862  0.000007  17946.176     2.098547   3.315373  12.012590    2527.841 1
321.018808   1.057461   0.050406  0.000020  15111.339     5.995849   3.315602  12.013417    -169.436 1
327.593960   0.384767   0.062426  0.000014  18714.844     4.197094   3.316532  12.016788    3259.209 1
327.452567  -0.517935   0.060654  0.000018  18183.612     5.396264   3.318107  12.022494    2753.755 1
321.018388   1.082348   0.050870  0.000013  15250.442     3.897302   3.320683  12.031826     -37.082 1
326.383946  -2.125572   0.060140  0.000120  18029.518    35.975095   3.325022  12.047551    2607.139 1
326.280550   3.101977   0.049143  0.000018  14732.701     5.396264   3.325136  12.047963    -529.700 1
327.196453  -1.171033   0.059418  0.000012  17813.068     3.597509   3.337209  12.091707    2401.192 1
327.210713  -1.150042   0.059998  0.000007  17986.948     2.098547   3.339594  12.100350    2566.634 1
321.036864   1.258329   0.049145  0.000016  14733.300     4.796679   3.340845  12.104882    -529.129 1
321.390036  -1.235487   0.060649  0.000024  18182.113     7.195019   3.342426  12.110609    2752.329 1
320.992823   1.071778   0.049610  0.000006  14872.704     1.798755   3.343789  12.115549    -396.491 1
321.012500   1.172333   0.050000  0.000333  14989.623    99.830889   3.344802  12.119218    -285.245 1
327.624479   0.533823   0.064451  0.000006  19321.924     1.798755   3.347570  12.129248    3836.830 1
321.010925   1.183697   0.049742  0.000017  14912.276     5.096472   3.348819  12.133775    -358.838 1
321.777990   2.687826   0.051882  0.000012  15553.832     3.597509   3.356833  12.162811     251.586 1
321.778200   2.688400   0.051883  0.000012  15554.132     3.597509   3.357060  12.163633     251.871 1
327.634706   0.549853   0.064411  0.000004  19309.932     1.199170   3.358244  12.167922    3825.420 1
320.938350   0.858171   0.050917  0.000008  15264.533     2.398340   3.364625  12.191041     -23.675 1
327.628481   0.131338   0.040298  0.000006  12081.036     1.798755   3.365343  12.193644   -3052.692 1
320.949585   0.964374   0.049832  0.000019  14939.258     5.696057   3.368130  12.203741    -333.166 1
321.007933  -0.366298   0.061798  0.000017  18526.574     5.096472   3.369633  12.209190    3080.075 1
327.649521   0.385111   0.052847  0.000008  15843.132     2.398340   3.372075  12.218038     526.847 1
327.401404  -0.826879   0.060232  0.000016  18057.099     4.796679   3.373366  12.222715    2633.382 1
320.999046   1.252875   0.050226  0.000012  15057.376     3.597509   3.376239  12.233123    -220.780 1
327.329129  -1.001470   0.059304  0.000010  17778.892     2.997925   3.377695  12.238399    2368.674 1
327.328341  -1.007181   0.060299  0.000012  18077.185     3.597509   3.379437  12.244713    2652.493 1
320.925264   0.905174   0.050718  0.000017  15204.874     5.096472   3.383649  12.259973     -80.439 1
327.661978   0.425768   0.062804  0.000022  18828.166     6.595434   3.384025  12.261333    3367.032 1
327.600463   1.116343   0.050370  0.000010  15100.546     2.997925   3.389096  12.279708    -179.704 1
327.342083  -1.005399   0.059879  0.000034  17951.273    10.192944   3.391082  12.286905    2532.690 1
327.423572  -0.840788   0.060295  0.000007  18075.986     2.098547   3.399148  12.316131    2651.352 1
321.710350   2.676848   0.042764  0.000018  12820.325     5.396264   3.400295  12.320286   -2349.278 1
320.966039  -0.341331   0.050970  0.000120  15280.422    35.975095   3.404430  12.335267      -8.557 1
327.650560  -0.017986   0.049833  0.000007  14939.558     2.098547   3.404509  12.335556    -332.881 1
327.282712  -1.155453   0.060043  0.000010  18000.439     2.997925   3.405537  12.339280    2579.470 1
320.920156   1.034864   0.049449  0.000016  14824.437     4.796679   3.408649  12.350555    -442.415 1
327.695200   0.469274   0.061343  0.000066  18390.169    19.786302   3.417245  12.381702    2950.289 1
327.696349   0.573587   0.061513  0.000028  18441.133     8.394189   3.420649  12.394036    2998.780 1
323.601331  -2.915678   0.066890  0.000020  20053.118     5.995849   3.430555  12.429929    4532.542 1
325.142403  -2.872626   0.060395  0.000017  18105.966     5.096472   3.430819  12.430885    2679.876 1
327.684798   0.867605   0.052709  0.000017  15801.761     5.096472   3.432579  12.437260     487.484 1
320.948118   1.353935   0.060680  0.000120  18191.406    35.975095   3.450874  12.503548    2761.171 1
320.913124  -0.376441   0.062238  0.000013  18658.483     3.897302   3.464107  12.551498    3205.583 1
327.743726   0.308192   0.040005  0.000005  11993.197     1.498962   3.468499  12.567410   -3136.268 1
327.256349  -1.331720   0.052280  0.000080  15673.150    23.983397   3.469311  12.570353     365.114 1
320.938744  -0.500952   0.051170  0.000008  15340.380     2.398340   3.471164  12.577065      48.492 1
320.849324   1.031268   0.063583  0.000010  19061.704     2.997925   3.477835  12.601238    3589.237 1
323.968671  -3.016893   0.053139  0.000008  15930.671     2.398340   3.478167  12.602441     610.139 1
320.846278   1.047310   0.062818  0.000011  18832.363     3.297717   3.483564  12.621996    3371.025 1
325.736270  -2.731635   0.053260  0.000070  15966.946    20.985472   3.497650  12.673032     644.654 1
327.342648  -1.252531   0.059549  0.000018  17852.341     5.396264   3.504581  12.698147    2438.559 1
320.913261  -0.548793   0.050923  0.000010  15266.331     2.997925   3.508966  12.714032     -21.964 1
320.912290  -0.547927   0.051490  0.000009  15436.314     2.698132   3.509651  12.716515     139.770 1
327.719991  -0.238876   0.049780  0.000070  14923.669    20.985472   3.509735  12.716821    -347.999 1
321.020701  -0.863773   0.062184  0.000012  18642.294     3.597509   3.511163  12.721994    3190.180 1
326.963747  -1.816891   0.062479  0.000004  18730.733     1.199170   3.512932  12.728405    3274.327 1
321.107230   2.006791   0.047530  0.000011  14249.136     3.297717   3.533278  12.802122    -989.800 1
320.825095   1.222507   0.062827  0.000010  18835.061     2.997925   3.538631  12.821519    3373.592 1
320.947980  -0.757340   0.061958  0.000025  18574.541     7.494811   3.541110  12.830503    3125.714 1
327.819210   0.407728   0.041154  0.000005  12337.659     1.498962   3.541405  12.831571   -2808.522 1
326.009518  -2.647359   0.068324  0.000150  20483.020    44.968869   3.546322  12.849386    4941.584 1
326.934012  -1.915801   0.056676  0.000183  16991.037    54.862020   3.555220  12.881624    1619.050 1
326.066850  -2.630547   0.052613  0.000012  15772.981     3.597509   3.560119  12.899377     460.100 1
320.961699  -0.860990   0.062697  0.000052  18796.088    15.589208   3.564940  12.916844    3336.510 1
320.926671  -0.784858   0.062622  0.000022  18773.603     6.595434   3.570559  12.937203    3315.117 1
326.050681  -2.652144   0.052510  0.000130  15742.102    38.973020   3.570754  12.937909     430.720 1
320.911480  -0.744010   0.062471  0.000007  18728.335     2.098547   3.570983  12.938742    3272.045 1
327.426138  -1.248701   0.060107  0.000013  18019.625     3.897302   3.575999  12.956915    2597.726 1
320.822578  -0.498251   0.050637  0.000007  15180.591     2.098547   3.582332  12.979862    -103.544 1
320.846687  -0.588322   0.050948  0.000019  15273.826     5.696057   3.584072  12.986164     -14.833 1
320.928983  -0.842988   0.062551  0.000010  18752.318     2.997925   3.588879  13.003583    3294.865 1
326.782686  -2.130928   0.050708  0.000150  15201.876    44.968869   3.594685  13.024620     -83.292 1
323.181162  -2.979175   0.057730  0.000030  17307.019     8.993774   3.597903  13.036279    1919.699 1
320.903950  -0.808610   0.063229  0.000009  18955.577     2.698132   3.600110  13.044275    3488.261 1
320.885885  -0.780091   0.063030  0.000005  18895.919     1.498962   3.607240  13.070109    3431.497 1
320.885648  -0.780932   0.063046  0.000006  18900.715     1.798755   3.607749  13.071954    3436.061 1
321.080402  -1.229425   0.060498  0.000026  18136.844     7.794604   3.610481  13.081854    2709.257 1
320.754814  -0.357152   0.062164  0.000007  18636.298     2.098547   3.613722  13.093594    3184.475 1
327.887636   0.650840   0.061789  0.000011  18523.876     3.297717   3.615329  13.099418    3077.508 1
321.070901  -1.231292   0.060684  0.000012  18192.606     3.597509   3.619763  13.115485    2762.312 1
321.056472  -1.217270   0.060806  0.000007  18229.180     2.098547   3.626093  13.138421    2797.112 1
323.822638  -3.190169   0.051813  0.000150  15533.147    44.968869   3.666048  13.283187     231.904 1
327.266522  -1.686639   0.052813  0.000150  15832.939    44.968869   3.672294  13.305821     517.149 1
320.620200   0.104972   0.062440  0.000007  18719.041     2.098547   3.673612  13.310595    3263.202 1
320.618444   0.100289   0.062215  0.000008  18651.588     2.398340   3.675800  13.318522    3199.022 1
320.681954  -0.358790   0.062117  0.000030  18622.208     8.993774   3.685144  13.352379    3171.068 1
324.383763   4.145159   0.062880  0.000070  18850.950    20.985472   3.699173  13.403212    3388.710 1
327.967243   0.791705   0.062145  0.000008  18630.602     2.398340   3.705233  13.425167    3179.055 1
320.885448   2.002072   0.044240  0.000120  13262.818    35.975095   3.731603  13.520713   -1928.256 1
325.227048  -3.194016   0.060145  0.000150  18031.017    44.968869   3.763167  13.635081    2608.565 1
320.917375  -1.256072   0.060557  0.000005  18154.532     1.498962   3.767590  13.651104    2726.086 1
320.592388  -0.345439   0.058319  0.000017  17483.596     5.096472   3.769757  13.658958    2087.708 1
320.540169   1.024974   0.037972  0.000007  11383.719     2.098547   3.781984  13.703261   -3716.171 1
320.862821  -1.191902   0.058196  0.000016  17446.722     4.796679   3.788117  13.725480    2052.623 1
320.491958   0.813715   0.067813  0.000007  20329.826     2.098547   3.803518  13.781283    4795.824 1
328.056712   0.922143   0.064551  0.000005  19351.903     1.498962   3.808370  13.798865    3865.355 1
324.074887   4.268184   0.064010  0.000070  19189.715    20.985472   3.826075  13.863013    3711.037 1
320.470127   0.030529   0.062255  0.000009  18663.579     2.698132   3.830440  13.878829    3210.432 1
321.505250   3.097389   0.042536  0.000083  12751.972    24.882774   3.835250  13.896258   -2414.313 1
320.507845   1.161447   0.048534  0.000013  14550.127     3.897302   3.836967  13.902481    -703.414 1
320.502702   1.148315   0.036586  0.000009  10968.207     2.698132   3.839602  13.912027   -4111.521 1
320.482540  -0.224011   0.050911  0.000014  15262.734     4.197094   3.854213  13.964967     -25.387 1
320.445032   0.902458   0.035452  0.000007  10628.242     2.098547   3.859679  13.984771   -4434.989 1
328.133551   0.166435   0.052795  0.000012  15827.543     3.597509   3.865745  14.006749     512.015 1
325.824893  -3.102158   0.056180  0.000070  16842.340    20.985472   3.872086  14.029727    1477.569 1
328.100110  -0.206136   0.058153  0.000008  17433.831     2.398340   3.877562  14.049566    2040.357 1
327.463657  -1.768086   0.053127  0.000150  15927.074    44.968869   3.880351  14.059672     606.716 1
320.426979  -0.039345   0.050735  0.000013  15209.970     3.897302   3.881477  14.063751     -75.590 1
320.444168  -0.160660   0.050273  0.000014  15071.466     4.197094   3.881574  14.064104    -207.373 1
328.155084   0.136468   0.052845  0.000010  15842.532     2.997925   3.889502  14.092829     526.277 1
320.372709   0.609328   0.034619  0.000006  10378.515     1.798755   3.908444  14.161460   -4672.598 1
320.413363   1.106611   0.036841  0.000009  11044.654     2.698132   3.920245  14.204219   -4038.783 1
328.121802   1.250393   0.040013  0.000096  11995.596    28.780076   3.926724  14.227697   -3133.986 1
320.382599   0.994887   0.034119  0.000022  10228.619     6.595434   3.933476  14.252160   -4815.220 1
322.047394   3.687704   0.068320  0.000120  20481.821    35.975095   3.933683  14.252912    4940.443 1
326.728145  -2.635730   0.059920  0.000120  17963.564    35.975095   3.938216  14.269334    2544.385 1
