 16.929944 -46.916526   0.023700  0.000333   7105.081    99.830889   0.008677   0.015097      -0.586 0
 16.993583 -46.979405   0.023529  0.000297   7053.817    89.038360   0.084502   0.147020     -50.663 0
 16.851898 -46.993363   0.031792  0.000027   9531.002     8.094396   0.099704   0.173469    2369.167 1
 17.029937 -46.981879   0.023708  0.000213   7107.480    63.855794   0.101801   0.177117       1.757 0
 16.810863 -46.844042   0.031355  0.000150   9399.993    44.968869   0.102127   0.177685    2241.191 1
 16.993698 -46.797508   0.024490  0.000150   7341.917    44.968869   0.119447   0.207819     230.767 0
 16.780432 -47.055330   0.022315  0.000150   6689.869    44.968869   0.178257   0.310139    -406.185 1
 16.797003 -47.066148   0.022672  0.000213   6796.895    63.855794   0.181479   0.315745    -301.637 0
 17.077698 -47.072109   0.024113  0.000147   7228.896    44.069491   0.193569   0.336780     120.362 0
 17.057500 -47.103333   0.024494  0.000333   7343.116    99.830889   0.214585   0.373344     231.938 0
 17.016550 -47.121449   0.023289  0.000150   6981.867    44.968869   0.221946   0.386151    -120.948 0
 17.154000 -47.081000   0.023726  0.000333   7112.876    99.830889   0.232142   0.403890       7.028 0
 17.047479 -47.135712   0.023913  0.000120   7168.937    35.975095   0.242018   0.421072      61.792 0
 16.941099 -47.162736   0.022731  0.000297   6814.582    89.038360   0.254881   0.443452    -284.359 0
 16.753747 -47.146991   0.020148  0.000213   6040.218    63.855794   0.266784   0.464161   -1040.794 1
 16.904644 -47.179387   0.023349  0.000297   6999.854    89.038360   0.271803   0.472894    -103.377 0
 16.533292 -46.831167   0.020584  0.000150   6170.928    44.968869   0.279983   0.487126    -913.110 1
 17.187125 -46.686944   0.024207  0.000150   7257.076    44.968869   0.283492   0.493232     147.890 0
 16.756250 -46.596111   0.020024  0.000333   6003.044    99.830889   0.333106   0.579552   -1077.107 1
 16.453095 -47.073931   0.022181  0.000213   6649.697    63.855794   0.364018   0.633334    -445.427 1
 16.570206 -47.181185   0.020177  0.000213   6048.912    63.855794   0.366271   0.637254   -1032.301 1
 16.475417 -46.695000   0.030435  0.000065   9124.183    19.486510   0.375122   0.652653    1971.768 1
 16.779167 -46.540833   0.022319  0.000333   6691.068    99.830889   0.380899   0.662704    -405.013 0
 17.480773 -46.991763   0.023349  0.000150   6999.854    44.968869   0.387228   0.673715    -103.377 0
 16.408348 -47.071563   0.019330  0.000027   5794.988     8.094396   0.390479   0.679372   -1280.346 1
 17.102500 -46.526389   0.022205  0.000333   6656.892    99.830889   0.399953   0.695854    -438.398 1
 16.688298 -47.337832   0.020698  0.000150   6205.104    44.968869   0.459792   0.799965    -879.725 1
 16.807000 -46.454000   0.020498  0.000333   6145.146    99.830889   0.461416   0.802790    -938.296 1
 17.186985 -46.475982   0.030968  0.000150   9283.973    44.968869   0.467033   0.812563    2127.858 1
 16.243075 -46.844135   0.019977  0.000150   5988.954    44.968869   0.471840   0.820927   -1090.871 1
 16.244423 -47.030076   0.021698  0.000213   6504.897    63.855794   0.482272   0.839077    -586.874 1
 16.334607 -47.200923   0.021929  0.000150   6574.149    44.968869   0.499782   0.869541    -519.225 1
 16.627602 -46.443524   0.031145  0.000150   9337.036    44.968869   0.507647   0.883226    2179.692 1
 16.183642 -46.936172   0.022345  0.000150   6698.862    44.968869   0.508876   0.885364    -397.399 0
 16.283244 -47.170365   0.030703  0.000297   9204.528    89.038360   0.512315   0.891347    2050.252 1
 16.452000 -46.507000   0.030670  0.000333   9194.635    99.830889   0.516037   0.897823    2040.588 1
 16.155000 -47.040000   0.022253  0.000333   6671.282    99.830889   0.543918   0.946331    -424.342 1
 17.670259 -46.673366   0.023910  0.000150   7168.038    44.968869   0.559142   0.972819      60.913 0
 16.099975 -46.962925   0.020347  0.000150   6099.877    44.968869   0.567916   0.988083    -982.516 1
 17.603083 -46.571333   0.022345  0.000033   6698.862     9.893151   0.571367   0.994089    -397.399 0
 16.510179 -46.395525   0.029320  0.000334   8789.915    99.990000   0.586424   1.020286    1645.239 1
 16.411950 -47.381335   0.026761  0.000213   8022.746    63.855794   0.589924   1.026375     895.832 1
 17.691083 -46.544139   0.030431  0.000033   9122.984     9.893151   0.636107   1.106725    1970.596 1
 16.445235 -47.454775   0.021398  0.000150   6414.959    44.968869   0.638300   1.110540    -674.729 1
 17.155723 -46.283509   0.023173  0.000333   6947.091    99.830889   0.643708   1.119950    -154.918 0
 16.005516 -47.066653   0.021450  0.000213   6430.548    63.855794   0.649457   1.129953    -659.501 1
 17.316743 -46.305710   0.030081  0.000027   9018.057     8.094396   0.658442   1.145585    1868.098 1
 16.393333 -46.358056   0.030191  0.000333   9051.034    99.830889   0.659984   1.148268    1900.312 1
 15.933582 -46.997139   0.030919  0.000213   9269.283    63.855794   0.684754   1.191364    2113.508 1
 16.302848 -46.368237   0.022882  0.000334   6859.851    99.990000   0.688050   1.197097    -240.138 0
 16.103672 -46.502035   0.030621  0.000080   9179.945    23.983397   0.693899   1.207274    2026.238 1
 16.261012 -46.384027   0.030521  0.000334   9149.966    99.990000   0.694133   1.207682    1996.953 1
 16.281667 -46.369444   0.030191  0.000333   9051.034    99.830889   0.696181   1.211245    1900.312 1
 17.121250 -46.217500   0.024470  0.000333   7335.921    99.830889   0.703116   1.223310     224.910 0
 15.881936 -47.024177   0.022529  0.000150   6754.024    44.968869   0.723597   1.258944    -343.515 0
 15.992097 -47.285947   0.020734  0.000213   6215.897    63.855794   0.742352   1.291575    -869.183 1
 15.876694 -47.125682   0.022998  0.000213   6894.627    63.855794   0.750069   1.305001    -206.167 0
 18.039063 -46.933575   0.020441  0.000150   6128.058    44.968869   0.759903   1.322111    -954.988 1
 17.463906 -46.237164   0.022816  0.000027   6840.065     8.094396   0.764468   1.330054    -259.466 0
 16.307994 -46.258063   0.030558  0.000150   9161.058    44.968869   0.775567   1.349365    2007.788 1
 17.790650 -47.460342   0.023920  0.000150   7171.036    44.968869   0.808006   1.405802      63.842 0
 17.249655 -46.087786   0.023636  0.000150   7085.895    44.968869   0.849278   1.477609     -19.328 0
 15.704637 -47.186218   0.021475  0.000133   6438.043    39.872397   0.880444   1.531834    -652.180 1
 15.652417 -47.085056   0.029928  0.000297   8972.189    89.038360   0.888823   1.546411    1823.292 1
 15.614375 -47.057361   0.025568  0.000150   7665.094    44.968869   0.909350   1.582124     546.461 1
 16.017552 -46.226231   0.022499  0.000033   6745.031     9.893151   0.922600   1.605178    -352.300 0
 16.249612 -46.075744   0.029887  0.000097   8959.897    29.079868   0.952414   1.657049    1811.285 1
 17.415305 -45.991877   0.023726  0.000150   7112.876    44.968869   0.974909   1.696188       7.028 0
 17.340000 -45.916000   0.023892  0.000333   7162.641    99.830889   1.031302   1.794302      55.642 0
 16.651619 -47.927642   0.032573  0.000213   9765.140    63.855794   1.036872   1.803993    2597.884 1
 17.481350 -45.931155   0.024250  0.000044   7269.967    13.190868   1.047622   1.822697     160.483 0
 15.394051 -46.781758   0.031615  0.000150   9477.939    44.968869   1.055106   1.835718    2317.332 1
 17.455409 -45.900603   0.030791  0.000160   9230.910    47.966793   1.070064   1.861742    2076.023 1
 15.524289 -47.404539   0.021955  0.000150   6581.943    44.968869   1.079508   1.878174    -511.611 1
 17.678829 -47.867686   0.022593  0.000297   6773.211    89.038360   1.088345   1.893548    -324.772 0
 17.216061 -45.832584   0.024040  0.000123   7207.011    36.874472   1.093378   1.902305      98.984 0
 17.703000 -45.931000   0.021890  0.000333   6562.457    99.830889   1.111468   1.933779    -530.647 1
 17.241667 -45.803056   0.025344  0.000333   7597.940    99.830889   1.125640   1.958436     480.862 1
 17.830366 -45.932205   0.021645  0.000083   6489.008    24.882774   1.154467   2.008589    -602.395 1
 17.268808 -45.773543   0.025838  0.000090   7746.038    26.981321   1.158216   2.015113     625.530 1
 17.886667 -45.933889   0.027386  0.000333   8210.116    99.830889   1.174072   2.042699    1078.864 1
 18.157546 -46.069309   0.026562  0.000077   7963.087    23.084019   1.187330   2.065766     837.555 1
 17.158333 -45.723611   0.024127  0.000333   7233.093    99.830889   1.194880   2.078903     124.462 0
 18.521883 -46.253349   0.030951  0.000150   9278.876    44.968869   1.270916   2.211193    2122.879 1
 16.372159 -48.132942   0.022854  0.000213   6851.457    63.855794   1.282298   2.230996    -248.338 0
 18.079556 -45.888474   0.026632  0.000027   7984.073     8.094396   1.288051   2.241005     858.054 1
 18.744542 -46.525139   0.029560  0.000150   8861.865    44.968869   1.299142   2.260301    1715.523 1
 17.417007 -45.652293   0.023663  0.000023   7093.989     6.895227   1.299524   2.260966     -11.421 0
 18.825275 -46.512926   0.029854  0.000333   8950.004    99.830889   1.355453   2.358275    1801.621 1
 15.621542 -47.982528   0.032154  0.000297   9639.527    89.038360   1.396570   2.429810    2475.179 1
 14.932721 -47.380679   0.022539  0.000150   6757.022    44.968869   1.442333   2.509431    -340.586 0
 16.129903 -45.545668   0.024477  0.000150   7338.020    44.968869   1.467257   2.552795     226.960 0
 19.121560 -46.523738   0.029741  0.000150   8916.127    44.968869   1.547480   2.692370    1768.529 1
 18.562716 -45.806909   0.024514  0.000150   7349.112    44.968869   1.568643   2.729190     237.795 0
 17.249957 -45.348223   0.031035  0.000150   9304.059    44.968869   1.575296   2.740766    2147.479 1
 15.658232 -45.548864   0.025764  0.000150   7723.853    44.968869   1.612169   2.804919     603.859 1
 17.228770 -45.304742   0.023516  0.000097   7049.919    29.079868   1.616454   2.812374     -54.470 0
 17.061608 -45.272864   0.021842  0.000150   6548.067    44.968869   1.637733   2.849397    -544.703 1
 19.140737 -46.234819   0.028863  0.000150   8652.910    44.968869   1.655196   2.879779    1511.406 1
 19.263437 -46.409107   0.030000  0.001000   8993.774    99.990000   1.672100   2.909189    1844.377 1
 14.513250 -46.617250   0.023103  0.000133   6926.105    39.872397   1.674698   2.913710    -175.418 0
 19.044272 -45.973093   0.025895  0.000150   7763.126    44.968869   1.722094   2.996171     642.223 1
 14.410958 -46.446139   0.029383  0.000038   8808.802    11.392113   1.780112   3.097113    1663.688 1
 18.354226 -45.381507   0.030000  0.000333   8993.774    99.830889   1.811207   3.151213    1844.377 1
 14.229167 -46.974944   0.029174  0.000150   8746.145    44.968869   1.844553   3.209230    1602.482 1
 14.626564 -45.862331   0.029107  0.000150   8726.059    44.968869   1.887906   3.284658    1582.861 1
 14.206000 -47.365917   0.028677  0.000150   8597.148    44.968869   1.914722   3.331313    1456.935 1
 19.702957 -46.606983   0.029857  0.000150   8950.903    44.968869   1.919947   3.340404    1802.500 1
 18.624437 -48.473775   0.023133  0.000150   6935.099    44.968869   1.948265   3.389673    -166.632 1
 14.062500 -47.064361   0.028253  0.000150   8470.036    44.968869   1.963434   3.416065    1332.766 1
 17.798708 -48.789111   0.030408  0.000150   9116.089    44.968869   1.973023   3.432748    1963.861 1
 14.027875 -47.256806   0.024417  0.000150   7320.032    44.968869   2.011327   3.499390     209.389 1
 17.880603 -45.003132   0.023433  0.000150   7025.037    44.968869   2.013135   3.502537     -78.777 1
 19.020542 -48.348167   0.024394  0.000150   7313.137    44.968869   2.029502   3.531012     202.653 1
 14.457590 -45.750408   0.028556  0.000150   8560.873    44.968869   2.046221   3.560101    1421.500 1
 14.298622 -45.873314   0.024664  0.000150   7394.081    44.968869   2.072643   3.606072     281.723 1
 14.010458 -47.505667   0.031905  0.000150   9564.878    44.968869   2.080443   3.619642    2402.259 1
 16.753996 -44.817638   0.030254  0.000150   9069.921    44.968869   2.093743   3.642782    1918.762 1
 13.893708 -47.262083   0.028293  0.000150   8482.028    44.968869   2.102539   3.658086    1344.480 1
 20.116865 -46.662587   0.030358  0.000150   9101.099    44.968869   2.192748   3.815035    1949.218 1
 13.812125 -47.513833   0.032402  0.000150   9713.875    44.968869   2.212792   3.849908    2547.806 1
 19.943833 -47.793278   0.023303  0.000150   6986.064    44.968869   2.242853   3.902210    -116.848 1
 13.672958 -46.382139   0.023326  0.000150   6992.959    44.968869   2.284673   3.974970    -110.112 1
 13.567083 -46.962667   0.032035  0.000150   9603.851    44.968869   2.296306   3.995209    2440.330 1
 14.668565 -45.200986   0.024247  0.000150   7269.068    44.968869   2.301156   4.003647     159.604 1
 13.523458 -46.616639   0.029237  0.000150   8765.032    44.968869   2.343644   4.077570    1620.932 1
 18.828341 -44.919620   0.031505  0.000150   9444.961    44.968869   2.374942   4.132024    2285.119 1
 16.847708 -49.307972   0.030778  0.000150   9227.012    44.968869   2.400561   4.176597    2072.216 1
 13.515083 -47.532250   0.032266  0.000150   9673.103    44.968869   2.413308   4.198774    2507.979 1
 13.585792 -47.777417   0.029344  0.000150   8797.110    44.968869   2.442816   4.250114    1652.267 1
 13.581208 -47.795361   0.028867  0.000150   8654.109    44.968869   2.452179   4.266404    1512.577 1
 13.375458 -47.373722   0.029087  0.000150   8720.063    44.968869   2.470851   4.298890    1577.004 1
 13.361875 -47.380806   0.028703  0.000100   8604.943    29.979246   2.481305   4.317078    1464.549 1
 13.438875 -47.647472   0.027746  0.000150   8318.042    44.968869   2.495321   4.341464    1184.291 1
 13.421005 -47.612133   0.030000  0.000333   8993.774    99.830889   2.496789   4.344017    1844.377 1
 15.547887 -44.595810   0.024720  0.000150   7410.870    44.968869   2.496902   4.344215     298.123 1
 17.261366 -49.399944   0.030798  0.000150   9233.008    44.968869   2.502341   4.353677    2078.073 1
 18.866889 -44.769404   0.031262  0.000150   9372.112    44.968869   2.515828   4.377143    2213.956 1
 13.611000 -48.022861   0.031635  0.000150   9483.934    44.968869   2.525081   4.393242    2323.189 1
 15.973917 -49.370611   0.030638  0.000150   9185.041    44.968869   2.547274   4.431854    2031.217 1
 13.129917 -46.777667   0.026255  0.000150   7871.051    44.968869   2.597588   4.519392     747.649 1
 19.622361 -44.988741   0.031465  0.000150   9432.970    44.968869   2.659596   4.627276    2273.405 1
 18.765307 -44.561493   0.029474  0.000150   8836.083    44.968869   2.661356   4.630338    1690.338 1
 18.307078 -44.395595   0.032152  0.000150   9638.927    44.968869   2.683424   4.668733    2474.593 1
 20.275341 -45.473064   0.031225  0.000150   9361.020    44.968869   2.700105   4.697755    2203.120 1
 13.296458 -48.028778   0.025197  0.000150   7553.871    44.968869   2.721976   4.735808     437.813 1
 19.324583 -49.104778   0.018032  0.000150   5405.858    44.968869   2.740034   4.767225   -1660.467 1
 18.790714 -44.481261   0.031065  0.000150   9313.053    44.968869   2.740379   4.767826    2156.264 1
 13.825375 -48.688639   0.024714  0.000150   7409.071    44.968869   2.767955   4.815804     296.366 1
 20.768833 -45.781556   0.017789  0.000150   5333.008    44.968869   2.855920   4.968849   -1731.630 1
 15.670792 -49.661333   0.030484  0.000150   9138.873    44.968869   2.884033   5.017761    1986.117 1
 21.117583 -47.361222   0.029599  0.000213   8873.557    63.855794   2.898282   5.042552    1726.944 1
 13.444500 -45.190778   0.024183  0.000150   7249.881    44.968869   2.934365   5.105330     140.861 1
 12.788500 -46.109389   0.033069  0.000083   9913.837    24.882774   2.938184   5.111976    2743.138 1
 13.006542 -48.204944   0.024527  0.000150   7353.010    44.968869   2.976054   5.177863     241.602 1
 12.994583 -48.214444   0.024917  0.000187   7469.929    56.061190   2.987551   5.197867     355.814 1
 12.982792 -48.207472   0.024487  0.000150   7341.018    44.968869   2.991763   5.205194     229.888 1
 21.158833 -47.703806   0.022949  0.000297   6879.937    89.038360   2.998342   5.216640    -220.517 1
 17.734708 -43.956306   0.024851  0.000150   7450.142    44.968869   3.002810   5.224414     336.486 1
 14.659542 -49.495361   0.025177  0.000150   7547.875    44.968869   3.015739   5.246909     431.956 1
 19.533273 -44.466707   0.021145  0.000060   6339.112    17.987547   3.021494   5.256922    -748.821 1
 19.534657 -44.461709   0.020928  0.000027   6274.057     8.094396   3.026090   5.264919    -812.369 1
 12.482208 -47.381139   0.028353  0.001201   8500.016    99.990000   3.073444   5.347306    1362.051 1
 12.603292 -46.050917   0.028343  0.000150   8497.018    44.968869   3.075921   5.351615    1359.123 1
 12.393875 -46.874389   0.029637  0.000034   8884.949    10.192944   3.097340   5.388882    1738.072 1
 12.931458 -48.376306   0.028697  0.000150   8603.144    44.968869   3.099706   5.392997    1462.792 1
 21.254167 -47.895917   0.023530  0.000150   7054.117    44.968869   3.116650   5.422479     -50.370 1
 12.402042 -47.417361   0.032412  0.000150   9716.873    44.968869   3.133253   5.451365    2550.735 1
 14.332750 -49.509667   0.030608  0.000150   9176.048    44.968869   3.148101   5.477199    2022.431 1
 19.709792 -44.391500   0.023103  0.000150   6926.105    44.968869   3.153762   5.487046    -175.418 1
 18.115917 -49.968722   0.030625  0.000150   9181.144    44.968869   3.166568   5.509328    2027.410 1
 15.475083 -43.877556   0.027909  0.000150   8366.908    44.968869   3.188754   5.547927    1232.025 1
 15.687458 -50.038222   0.024387  0.000150   7311.039    44.968869   3.242785   5.641932     200.603 1
 21.028625 -45.105694   0.022479  0.000150   6739.035    44.968869   3.331488   5.796262    -358.157 1
 19.929583 -44.253056   0.023480  0.000333   7039.127    99.830889   3.354932   5.837052     -65.013 1
 20.313375 -44.432278   0.024227  0.000077   7263.072    23.084019   3.388262   5.895040     153.747 1
 14.832250 -49.985444   0.021278  0.000307   6378.984    92.036285   3.393994   5.905012    -709.872 1
 15.925000 -50.239750   0.024117  0.000087   7230.095    26.081944   3.401369   5.917845     121.533 1
 20.358875 -44.432361   0.027572  0.000150   8265.878    44.968869   3.409499   5.931989    1133.335 1
 20.708250 -44.578500   0.023780  0.000150   7129.065    44.968869   3.478292   6.051678      22.842 1
 20.048958 -44.132861   0.023049  0.000133   6909.916    39.872397   3.499919   6.089306    -191.232 1
 12.083167 -45.743472   0.034290  0.000150  10279.883    44.968869   3.508345   6.103965    3100.710 1
 20.081772 -44.128490   0.023500  0.000050   7045.123    14.989623   3.517077   6.119158     -59.156 1
 19.042083 -50.143056   0.024534  0.000333   7355.108    99.830889   3.542963   6.164195     243.652 1
 14.240000 -43.838778   0.023159  0.000150   6942.894    44.968869   3.576446   6.222450    -159.018 1
 17.439917 -43.325556   0.032386  0.000150   9709.079    44.968869   3.599544   6.262636    2543.121 1
 20.055875 -49.829861   0.024430  0.000150   7323.930    44.968869   3.620106   6.298412     213.196 1
 18.367253 -43.410412   0.032376  0.000150   9706.081    44.968869   3.633311   6.321387    2540.192 1
 14.291708 -43.727083   0.023770  0.000103   7126.067    30.878623   3.655218   6.359501      19.914 1
 16.046211 -43.291759   0.029534  0.000314   8854.070    94.134832   3.666032   6.378315    1707.909 1
 16.091833 -43.276750   0.029450  0.000130   8828.888    38.973020   3.675869   6.395431    1683.309 1
 11.585000 -47.430278   0.032686  0.000173   9799.016    51.864095   3.686934   6.414681    2630.976 1
 11.576333 -47.432889   0.032893  0.000150   9861.073    44.968869   3.693165   6.425523    2691.596 1
 11.580417 -47.504806   0.031762  0.000150   9522.008    44.968869   3.701316   6.439705    2360.381 1
 21.130542 -44.534333   0.016668  0.000150   4996.941    44.968869   3.725567   6.481897   -2059.916 1
 20.072375 -43.827278   0.031378  0.000150   9406.888    44.968869   3.755981   6.534813    2247.927 1
 13.692792 -49.956194   0.025518  0.000150   7650.104    44.968869   3.764893   6.550319     531.818 1
 20.136667 -43.816944   0.023353  0.000333   7001.053    99.830889   3.789702   6.593482    -102.205 1
 14.730447 -50.430437   0.025047  0.000200   7508.902    59.958492   3.828838   6.661573     393.885 1
 19.937417 -43.571500   0.022492  0.000093   6742.932    27.880699   3.919323   6.819003    -354.350 1
 16.416125 -42.990361   0.026365  0.000150   7904.028    44.968869   3.933205   6.843155     779.863 1
 19.935167 -43.537389   0.031255  0.000150   9370.013    44.968869   3.947602   6.868204    2211.906 1
 11.766500 -48.718583   0.027662  0.000150   8292.859    44.968869   3.963472   6.895814    1159.691 1
 20.768333 -43.914306   0.022185  0.000150   6650.896    44.968869   3.980945   6.926214    -444.255 1
 20.576250 -43.772083   0.023356  0.000150   7001.953    44.968869   4.006025   6.969850    -101.327 1
 21.708750 -44.558694   0.037549  0.000150  11256.907    44.968869   4.023603   7.000434    4055.112 1
 11.782760 -48.896712   0.010611  0.000150   3181.098    44.968869   4.038274   7.025958   -3833.716 1
 12.327542 -49.477833   0.030334  0.000150   9093.904    44.968869   4.059439   7.062782    1942.190 1
 11.117125 -47.843278   0.032859  0.000150   9850.880    44.968869   4.078088   7.095229    2681.639 1
 15.874042 -42.892111   0.023056  0.000150   6912.015    44.968869   4.079880   7.098347    -189.182 1
 13.924083 -50.440000   0.015391  0.000277   4614.106    83.042511   4.084674   7.106686   -2433.887 1
 15.454485 -42.920745   0.022976  0.000150   6888.032    44.968869   4.112291   7.154736    -212.610 1
 16.070000 -51.032806   0.025441  0.000070   7627.020    20.985472   4.166159   7.248457     509.268 1
 12.441958 -49.865028   0.027182  0.000150   8148.959    44.968869   4.258384   7.408915    1019.123 1
 12.164917 -49.662111   0.027496  0.000150   8243.093    44.968869   4.262713   7.416447    1111.078 1
 12.987708 -43.476500   0.013051  0.000028   3912.591     8.394189   4.361122   7.587662   -3119.159 1
 12.614125 -50.124306   0.024684  0.000183   7400.077    54.862020   4.362043   7.589265     287.580 1
 19.703833 -42.970556   0.017849  0.000150   5350.996    44.968869   4.370529   7.604029   -1714.059 1
 11.492833 -44.577361   0.029534  0.000150   8854.070    44.968869   4.383643   7.626846    1707.909 1
 18.590542 -42.597000   0.017262  0.000150   5175.017    44.968869   4.458248   7.756647   -1885.962 1
 14.436750 -42.738389   0.013209  0.000037   3959.959    11.092321   4.503451   7.835293   -3072.889 1
 20.541625 -43.140472   0.022582  0.000150   6769.913    44.968869   4.504575   7.837247    -327.993 1
 10.842255 -45.162693   0.012535  0.000150   3757.898    44.968869   4.508696   7.844418   -3270.270 1
 19.826833 -50.963583   0.023676  0.000150   7097.886    44.968869   4.513447   7.852684      -7.614 1
 11.171083 -49.278139   0.032172  0.000150   9644.923    44.968869   4.591541   7.988556    2480.450 1
 23.673792 -47.182972   0.022062  0.000150   6614.021    44.968869   4.617153   8.033116    -480.276 1
 23.707958 -47.284444   0.021505  0.000150   6447.037    44.968869   4.647569   8.086035    -643.394 1
 18.845208 -51.368889   0.018499  0.000150   5545.861    44.968869   4.649293   8.089035   -1523.705 1
 23.504833 -45.544639   0.030548  0.000150   9158.060    44.968869   4.695812   8.169971    2004.860 1
 18.917583 -51.405556   0.024227  0.000150   7263.072    44.968869   4.698555   8.174742     153.747 1
 10.365625 -48.345306   0.029791  0.000150   8931.117    44.968869   4.707575   8.190437    1783.172 1
 16.361750 -42.216194   0.029884  0.000103   8958.998    30.878623   4.707720   8.190688    1810.407 1
 11.577083 -49.912333   0.029604  0.000150   8875.056    44.968869   4.731394   8.231878    1728.408 1
 10.131042 -45.985417   0.012322  0.000150   3694.043    44.968869   4.733838   8.236130   -3332.648 1
 23.865000 -47.228000   0.021883  0.000333   6560.358    99.830889   4.750376   8.264902    -532.697 1
 23.900208 -47.107111   0.021992  0.000150   6593.036    44.968869   4.767799   8.295216    -500.776 1
 23.911667 -47.216833   0.021231  0.000150   6364.894    44.968869   4.781451   8.318969    -723.636 1
 23.918818 -46.596333   0.021915  0.000334   6569.952    99.990000   4.786514   8.327777    -523.325 1
 23.947500 -47.191583   0.021685  0.000083   6500.999    24.882774   4.804324   8.358764    -590.681 1
  9.897375 -47.291333   0.033737  0.000150  10114.098    44.968869   4.817967   8.382500    2938.763 1
 23.941542 -47.432361   0.021865  0.000150   6554.962    44.968869   4.820480   8.386872    -537.968 1
 11.426374 -49.943427   0.028300  0.000333   8484.127    99.830889   4.830855   8.404924    1346.530 1
 22.049583 -43.576028   0.032602  0.000227   9773.834    68.052888   4.831940   8.406812    2606.377 1
 13.007833 -42.880806   0.023596  0.000103   7073.903    30.878623   4.836186   8.414199     -31.042 1
 13.999625 -42.504000   0.023129  0.000103   6933.900    30.878623   4.836950   8.415528    -167.804 1
 22.095583 -43.539167   0.033376  0.000150  10005.873    44.968869   4.880121   8.490638    2833.043 1
 10.049792 -45.548028   0.010684  0.000213   3202.983    63.855794   4.891436   8.510325   -3812.338 1
 24.099000 -46.738611   0.021695  0.000150   6503.997    44.968869   4.902378   8.529362    -587.753 1
 22.256792 -43.623028   0.031949  0.000150   9578.069    44.968869   4.903817   8.531865    2415.145 1
 10.075917 -45.386444   0.036669  0.000297  10993.090    89.038360   4.921825   8.563197    3797.403 1
 11.291583 -50.040222   0.028453  0.000150   8529.995    44.968869   4.963343   8.635432    1391.337 1
 24.192125 -46.826083   0.021752  0.000133   6521.086    39.872397   4.963746   8.636133    -571.060 1
 15.639125 -42.017167   0.023806  0.000150   7136.859    44.968869   4.969415   8.645997      30.457 1
 16.796292 -41.916611   0.023006  0.000150   6897.025    44.968869   4.992220   8.685674    -203.825 1
 16.822750 -41.890722   0.023533  0.000150   7055.016    44.968869   5.017815   8.730205     -49.492 1
  9.743302 -45.818571   0.021578  0.000213   6468.922    63.855794   5.027417   8.746911    -622.016 1
 15.199958 -51.815583   0.024847  0.000090   7448.943    26.981321   5.047453   8.781770     335.315 1
 16.904248 -41.855289   0.023947  0.000150   7179.130    44.968869   5.052764   8.791010      71.749 1
  9.510083 -46.517583   0.011219  0.000019   3363.372     5.696057   5.082302   8.842402   -3655.663 1
 20.458958 -42.418083   0.031142  0.000150   9336.137    44.968869   5.097118   8.868180    2178.814 1
 13.693583 -51.510306   0.024934  0.000150   7475.025    44.968869   5.105064   8.882004     360.793 1
 21.984167 -50.685694   0.031005  0.000150   9295.065    44.968869   5.119122   8.906462    2138.693 1
 10.886125 -43.804222   0.020317  0.000150   6090.883    44.968869   5.164056   8.984640    -991.302 1
 10.147833 -49.207750   0.029717  0.000150   8908.932    44.968869   5.171107   8.996907    1761.501 1
 20.088792 -42.203444   0.018119  0.000150   5431.940    44.968869   5.176659   9.006569   -1634.989 1
  9.275750 -46.644083   0.011815  0.000024   3542.048     7.195019   5.234031   9.106386   -3481.123 1
 12.751875 -51.327361   0.015614  0.000150   4680.959    44.968869   5.260012   9.151590   -2368.581 1
 10.863669 -50.156799   0.028526  0.000333   8551.880    99.830889   5.264527   9.159444    1412.715 1
 19.868500 -51.779917   0.031225  0.000150   9361.020    44.968869   5.269968   9.168910    2203.120 1
 10.338458 -44.165389   0.029801  0.000150   8934.115    44.968869   5.271082   9.170850    1786.100 1
 10.857292 -50.182833   0.028706  0.000026   8605.842     7.794604   5.284050   9.193412    1465.428 1
 10.849583 -50.178611   0.029351  0.000067   8799.208    20.086095   5.285571   9.196058    1654.317 1
 24.666667 -46.608694   0.022452  0.000150   6730.940    44.968869   5.295730   9.213732    -366.064 1
 14.417625 -41.874722   0.024517  0.000150   7350.012    44.968869   5.317329   9.251311     238.674 1
 18.817292 -52.070333   0.029891  0.000150   8961.096    44.968869   5.321318   9.258252    1812.457 1
 24.726125 -46.835583   0.022375  0.000087   6707.856    26.081944   5.328376   9.270531    -388.614 1
 19.860583 -51.853917   0.031041  0.000150   9305.858    44.968869   5.336419   9.284525    2149.236 1
 22.164833 -42.932444   0.023683  0.000334   7099.985    99.990000   5.348639   9.305786      -5.564 1
 24.743667 -46.573306   0.022049  0.000063   6610.124    18.886925   5.350348   9.308759    -484.083 1
 24.761000 -46.827000   0.022331  0.000333   6694.665    99.830889   5.352322   9.312194    -401.499 1
 19.530125 -41.856167   0.021311  0.000150   6388.877    44.968869   5.355654   9.317990    -700.207 1
 24.775000 -47.041667   0.022372  0.000333   6706.957    99.830889   5.362939   9.330665    -389.492 1
 24.724292 -46.243167   0.040691  0.000150  12198.855    44.968869   5.367964   9.339409    4975.251 1
 24.787458 -47.127500   0.022125  0.000150   6632.908    44.968869   5.374267   9.350375    -461.826 1
 10.750458 -50.242250   0.028003  0.000150   8395.088    44.968869   5.378154   9.357137    1259.553 1
 23.910542 -44.404333   0.021638  0.000150   6486.909    44.968869   5.387770   9.373868    -604.445 1
 20.835875 -51.622028   0.023553  0.000150   7061.012    44.968869   5.417715   9.425967     -43.635 1
 21.098500 -51.526444   0.029844  0.000150   8947.006    44.968869   5.426781   9.441740    1798.693 1
 24.880500 -46.985500   0.022862  0.000150   6853.855    44.968869   5.433900   9.454127    -245.995 1
 11.679840 -51.005379   0.031689  0.000834   9500.123    99.990000   5.444288   9.472199    2339.003 1
 13.043750 -51.669333   0.011684  0.000034   3502.775    10.192944   5.450633   9.483239   -3519.487 1
 12.661875 -42.290167   0.023460  0.000150   7033.131    44.968869   5.460442   9.500306     -70.870 1
 24.916500 -47.108278   0.020991  0.000150   6292.943    44.968869   5.461614   9.502345    -793.920 1
 11.008333 -50.627333   0.028203  0.000150   8455.047    44.968869   5.494079   9.558829    1318.124 1
 19.992208 -41.824694   0.023339  0.000150   6996.856    44.968869   5.497664   9.565066    -106.305 1
  9.045708 -45.655639   0.038492  0.000213  11539.611    63.855794   5.528258   9.618295    4331.271 1
 24.463708 -48.934250   0.030258  0.000150   9071.120    44.968869   5.532968   9.626489    1919.933 1
 10.321751 -43.633684   0.013212  0.000103   3960.858    30.878623   5.575523   9.700528   -3072.010 1
 12.230708 -42.341111   0.023730  0.000150   7114.075    44.968869   5.581400   9.710754       8.200 1
  8.950386 -45.672269   0.036379  0.000213  10906.150    63.855794   5.588005   9.722245    3712.476 1
  8.949667 -45.672528   0.036799  0.000150  11032.063    44.968869   5.588427   9.722978    3835.473 1
 19.705924 -41.621537   0.027000  0.000333   8094.396    99.830889   5.616961   9.772623     965.824 1
 11.912292 -42.455056   0.036939  0.000150  11074.034    44.968869   5.618500   9.775301    3876.473 1
 10.569000 -50.509278   0.028920  0.000150   8669.998    44.968869   5.642528   9.817106    1528.098 1
  9.015417 -48.576556   0.032596  0.000150   9772.035    44.968869   5.656892   9.842098    2604.619 1
 17.641958 -52.556556   0.024677  0.000150   7397.978    44.968869   5.669585   9.864181     285.530 1
 14.512083 -52.338889   0.025698  0.000333   7704.067    99.830889   5.675997   9.875337     584.531 1
 24.379917 -49.423639   0.030514  0.000150   9147.867    44.968869   5.678933   9.880446    1994.903 1
 19.190167 -52.395722   0.029911  0.000150   8967.092    44.968869   5.701273   9.919313    1818.314 1
 24.402000 -44.336917   0.021081  0.000150   6319.925    44.968869   5.717206   9.947035    -767.563 1
 24.693667 -49.043028   0.030524  0.000150   9150.865    44.968869   5.719158   9.950431    1997.832 1
 24.773667 -48.956889   0.012339  0.000034   3699.139    10.192944   5.738582   9.984224   -3327.669 1
  8.584061 -47.623005   0.011958  0.000150   3584.918    44.968869   5.744581   9.994662   -3439.246 1
 22.176625 -51.415944   0.030248  0.000150   9068.122    44.968869   5.760355  10.022107    1917.005 1
 10.893042 -50.936111   0.027743  0.000150   8317.142    44.968869   5.763708  10.027940    1183.412 1
 25.308500 -47.572556   0.022686  0.000150   6801.092    44.968869   5.764179  10.028759    -297.537 1
  9.270333 -44.483944   0.032232  0.000213   9662.911    63.855794   5.765440  10.030954    2498.022 1
 22.682583 -51.141917   0.012123  0.000030   3634.384     8.993774   5.777960  10.052736   -3390.925 1
 16.158250 -41.148167   0.030398  0.000183   9113.091    54.862020   5.783778  10.062859    1960.932 1
 10.142125 -50.399111   0.028890  0.000150   8661.004    44.968869   5.803053  10.096394    1519.313 1
 25.379125 -46.214528   0.030498  0.000150   9143.070    44.968869   5.815492  10.118037    1990.217 1
  9.619230 -43.869120   0.025337  0.000333   7595.842    99.830889   5.844842  10.169100     478.812 1
 22.166750 -42.211306   0.021441  0.000150   6427.850    44.968869   5.905188  10.274092    -662.137 1
 18.197333 -52.751222   0.023980  0.000150   7189.023    44.968869   5.907254  10.277687      81.413 1
 14.170167 -52.519611   0.027336  0.000150   8195.127    44.968869   5.919289  10.298627    1064.222 1
 14.382792 -52.567944   0.025221  0.000150   7561.066    44.968869   5.920865  10.301368     444.841 1
 22.240292 -51.598667   0.012018  0.000150   3602.906    44.968869   5.930964  10.318939   -3421.675 1
  9.709720 -43.600650   0.025034  0.000333   7505.004    99.830889   5.937380  10.330102     390.078 1
 25.570792 -47.530028   0.022416  0.000150   6720.148    44.968869   5.937605  10.330493    -376.607 1
 22.463458 -42.326472   0.025598  0.000150   7674.087    44.968869   5.940950  10.336314     555.246 1
 14.531625 -52.631833   0.025301  0.000150   7585.049    44.968869   5.953214  10.357651     468.269 1
 25.253667 -45.066278   0.039017  0.000150  11697.002    44.968869   5.979016  10.402542    4485.018 1
  8.609575 -45.003023   0.020631  0.000150   6185.018    44.968869   5.993301  10.427397    -899.346 1
 22.037177 -42.034225   0.016662  0.000150   4995.142    44.968869   5.995009  10.430368   -2061.673 1
  9.577820 -43.622220   0.040079  0.000333  12015.382    99.830889   6.000586  10.440071    4796.026 1
 18.141292 -40.945889   0.032749  0.000150   9817.903    44.968869   6.019540  10.473048    2649.426 1
 12.529833 -52.124833   0.025618  0.000334   7680.083    99.990000   6.020027  10.473895     561.103 1
  9.519380 -43.640390   0.027322  0.000333   8190.930    99.830889   6.024158  10.481082    1060.122 1
  9.947250 -50.611222   0.028960  0.000150   8681.990    44.968869   6.037665  10.504583    1539.812 1
 22.930812 -51.343041   0.040000  0.000333  11991.698    99.830889   6.040748  10.509945    4772.890 1
 19.988750 -41.239444   0.016850  0.000120   5051.503    35.975095   6.042101  10.512300   -2006.617 1
 19.986667 -41.236667   0.017337  0.000040   5197.502    11.991698   6.044214  10.515976   -1863.999 1
 19.987500 -41.234944   0.017539  0.000150   5258.060    44.968869   6.046028  10.519132   -1804.843 1
 19.985000 -41.233611   0.017569  0.000177   5267.054    53.063265   6.046688  10.520281   -1796.057 1
 24.720417 -49.785694   0.029851  0.000210   8949.105    62.956416   6.051922  10.529388    1800.743 1
 12.674417 -52.219944   0.026061  0.000093   7812.891    27.880699   6.054616  10.534075     690.836 1
  9.404460 -43.698680   0.029369  0.000333   8804.605    99.830889   6.059189  10.542030    1659.588 1
 19.998628 -41.214986   0.017502  0.000060   5246.968    17.987547   6.067383  10.556287   -1815.678 1
 22.436378 -42.134165   0.021625  0.000150   6483.012    44.968869   6.079013  10.576522    -608.252 1
 13.274875 -52.454944   0.027025  0.000150   8101.891    44.968869   6.082328  10.582289     973.145 1
 16.392500 -53.001500   0.031949  0.000150   9578.069    44.968869   6.104419  10.620723    2415.145 1
  9.404620 -43.602000   0.020469  0.000333   6136.452    99.830889   6.110855  10.631921    -946.788 1
 22.912833 -42.366250   0.022222  0.000133   6661.988    39.872397   6.111337  10.632759    -433.420 1
 10.704750 -42.495194   0.019870  0.000103   5956.876    30.878623   6.127407  10.660720   -1122.206 1
 14.297667 -52.772611   0.027526  0.000150   8252.087    44.968869   6.133587  10.671472    1119.863 1
 18.659083 -40.875694   0.033486  0.000150  10038.850    44.968869   6.147249  10.695241    2865.257 1
 14.876875 -52.906000   0.027272  0.000150   8175.940    44.968869   6.159385  10.716357    1045.479 1
 14.149000 -52.780000   0.027428  0.000333   8222.708    99.830889   6.171131  10.736793    1091.164 1
  9.771741 -43.083383   0.011445  0.000123   3431.125    36.874472   6.206898  10.799021   -3589.478 1
  9.772083 -43.080556   0.011275  0.000043   3380.160    12.891076   6.208457  10.801732   -3639.263 1
 24.480833 -50.360833   0.030104  0.000150   9024.952    44.968869   6.208915  10.802531    1874.834 1
  8.827167 -44.080389   0.025023  0.000033   7501.707     9.893151   6.214405  10.812081     386.857 1
  8.158667 -45.232056   0.021208  0.000150   6357.998    44.968869   6.220558  10.822787    -730.371 1
 22.109958 -52.031528   0.022973  0.000150   6887.132    44.968869   6.227845  10.835465    -213.489 1
 11.773362 -52.049871   0.027456  0.000083   8231.102    24.882774   6.231895  10.842512    1099.364 1
 11.774125 -52.050361   0.026989  0.000100   8091.099    29.979246   6.232005  10.842703     962.602 1
 11.756542 -52.051000   0.027326  0.000093   8192.129    27.880699   6.239325  10.855439    1061.293 1
 14.034375 -52.829278   0.027566  0.000083   8264.079    24.882774   6.242389  10.860769    1131.577 1
  9.333892 -43.386223   0.035021  0.000333  10499.032    99.830889   6.270154  10.909076    3314.784 1
  9.311839 -43.400427   0.030876  0.000333   9256.392    99.830889   6.274673  10.916939    2100.915 1
 14.181833 -52.897000   0.024454  0.000093   7331.125    27.880699   6.275822  10.918938     220.224 1
  8.797042 -43.985222   0.025351  0.000127   7600.039    38.073642   6.276486  10.920093     482.912 1
 26.068375 -46.278028   0.023183  0.000150   6950.089    44.968869   6.276568  10.920235    -151.990 1
 14.239875 -52.923917   0.024490  0.000097   7341.917    29.079868   6.289825  10.943301     230.767 1
  9.463039 -43.203989   0.037917  0.000333  11367.231    99.830889   6.302698  10.965698    4162.881 1
 14.175000 -52.944444   0.025221  0.000333   7561.066    99.830889   6.322500  11.000151     444.841 1
 11.667875 -52.110611   0.027342  0.000150   8196.925    44.968869   6.322778  11.000634    1065.979 1
  8.002208 -45.173000   0.011074  0.000213   3319.902    63.855794   6.339467  11.029670   -3698.126 1
 10.633313 -42.241703   0.019524  0.000150   5853.148    44.968869   6.345387  11.039969   -1223.533 1
 14.173542 -52.975917   0.025948  0.000103   7779.015    30.878623   6.352851  11.052956     657.744 1
  9.241604 -43.319083   0.028437  0.000333   8525.198    99.830889   6.360060  11.065499    1386.651 1
 14.175708 -52.992056   0.027996  0.000150   8392.990    44.968869   6.367831  11.079019    1257.503 1
 15.398792 -53.200556   0.024874  0.000080   7457.038    23.983397   6.378592  11.097742     343.222 1
 22.027708 -41.561778   0.016992  0.000150   5094.073    44.968869   6.381492  11.102788   -1965.032 1
 14.719833 -53.110222   0.024257  0.000150   7272.066    44.968869   6.382920  11.105271     162.532 1
 24.273547 -42.958129   0.021878  0.000150   6558.859    44.968869   6.386627  11.111720    -534.161 1
 14.047917 -52.986944   0.025915  0.000333   7769.122    99.830889   6.389284  11.116344     648.080 1
 10.415958 -42.320972   0.019997  0.000087   5994.950    26.081944   6.389794  11.117231   -1085.014 1
 20.067000 -40.875028   0.022656  0.000103   6792.098    30.878623   6.402944  11.140110    -306.322 1
 24.294406 -42.939031   0.021265  0.000150   6375.087    44.968869   6.409639  11.151758    -713.679 1
 24.778583 -43.360056   0.021248  0.000057   6369.990    17.088170   6.430988  11.188902    -718.657 1
 23.474333 -42.280500   0.022070  0.000297   6616.420    89.038360   6.435761  11.197205    -477.933 1
 10.225542 -51.435889   0.031982  0.000150   9587.962    44.968869   6.439270  11.203311    2424.809 1
  8.980710 -43.437760   0.037134  0.000333  11132.493    99.830889   6.443298  11.210320    3933.579 1
 15.216708 -53.244500   0.029477  0.000150   8836.982    44.968869   6.443344  11.210400    1691.216 1
 25.921792 -44.948556   0.020731  0.000150   6214.997    44.968869   6.449591  11.221268    -870.061 1
  8.658250 -43.781920   0.037007  0.000333  11094.419    99.830889   6.456497  11.233283    3896.387 1
 14.196708 -53.097361   0.024394  0.000100   7313.137    29.979246   6.464363  11.246969     202.653 1
 25.192333 -43.744556   0.021295  0.000150   6384.080    44.968869   6.472187  11.260581    -704.893 1
 10.192708 -51.468750   0.032139  0.000150   9635.030    44.968869   6.478330  11.271270    2470.786 1
 22.522998 -41.651074   0.016722  0.000150   5013.129    44.968869   6.499933  11.308856   -2044.102 1
  8.729300 -43.575340   0.036865  0.000333  11051.849    99.830889   6.517250  11.338984    3854.802 1
 13.727083 -40.768333   0.023766  0.000333   7124.868    99.830889   6.517359  11.339174      18.742 1
 13.730208 -53.054528   0.025207  0.000150   7556.868    44.968869   6.523055  11.349084     440.741 1
  8.711230 -43.572910   0.023784  0.000333   7130.264    99.830889   6.529103  11.359606      24.014 1
  8.635598 -43.656067   0.019814  0.000047   5940.088    14.090246   6.531779  11.364262   -1138.606 1
 24.106542 -42.593861   0.020881  0.000100   6259.966    29.979246   6.532010  11.364665    -826.134 1
  9.816042 -51.283750   0.028610  0.000150   8577.062    44.968869   6.538320  11.375643    1437.314 1
  9.039740 -43.203798   0.024457  0.000333   7332.024    99.830889   6.538991  11.376810     221.103 1
 23.627333 -42.188028   0.032909  0.000150   9865.870    44.968869   6.574902  11.439290    2696.282 1
 14.031042 -53.189417   0.025308  0.000150   7587.148    44.968869   6.585672  11.458027     470.319 1
 13.634667 -40.716056   0.024260  0.000083   7272.965    24.882774   6.587920  11.461940     163.411 1
  8.343510 -43.867040   0.030535  0.000333   9154.163    99.830889   6.605835  11.493108    2001.053 1
  7.601261 -48.685379   0.011265  0.000029   3377.162     8.693981   6.614596  11.508351   -3642.192 1
 26.448792 -48.115806   0.029977  0.000150   8986.879    44.968869   6.615938  11.510685    1837.642 1
 24.391458 -42.673944   0.022082  0.000150   6620.017    44.968869   6.627956  11.531595    -474.419 1
 26.599583 -47.464000   0.012549  0.000150   3762.096    44.968869   6.631125  11.537108   -3266.171 1
  9.006600 -43.072740   0.020448  0.000333   6130.156    99.830889   6.632574  11.539629    -952.938 1
  8.796060 -43.273720   0.027762  0.000333   8322.838    99.830889   6.638308  11.549606    1188.976 1
 24.860833 -43.073333   0.021375  0.000333   6408.064    99.830889   6.639302  11.551335    -681.465 1
 26.293208 -48.691806   0.030278  0.000150   9077.116    44.968869   6.642460  11.556830    1925.790 1
  8.723330 -43.336125   0.037170  0.000333  11143.286    99.830889   6.646197  11.563331    3944.121 1
  8.236740 -43.904030   0.027288  0.000333   8180.737    99.830889   6.653892  11.576719    1050.165 1
 23.007691 -41.689967   0.027506  0.000150   8246.091    44.968869   6.669560  11.603980    1114.006 1
  8.657995 -43.348414   0.020652  0.000333   6191.314    99.830889   6.677321  11.617483    -893.196 1
 24.417000 -42.608000   0.021523  0.000333   6452.433    99.830889   6.683625  11.628450    -638.123 1
  7.975417 -44.159111   0.033593  0.000150  10070.928    44.968869   6.705118  11.665844    2896.592 1
 14.944080 -40.333540   0.023076  0.000073   6918.011    21.884849   6.712654  11.678957    -183.325 1
  8.730656 -43.175582   0.030488  0.000333   9140.072    99.830889   6.729674  11.708569    1987.289 1
 23.223968 -41.728766   0.026935  0.000150   8074.910    44.968869   6.732679  11.713797     946.788 1
  8.695345 -43.205885   0.024961  0.000150   7483.120    44.968869   6.733051  11.714444     368.700 1
 12.596333 -52.978250   0.029013  0.000150   8697.879    44.968869   6.752952  11.749068    1555.333 1
  7.855345 -49.589702   0.021912  0.000150   6569.052    44.968869   6.753037  11.749216    -524.204 1
  8.627915 -43.238456   0.034676  0.000333  10395.603    99.830889   6.753824  11.750585    3213.750 1
 22.912554 -41.528986   0.018296  0.000150   5485.003    44.968869   6.756717  11.755619   -1583.154 1
 24.712042 -42.724056   0.021850  0.000213   6550.465    63.855794   6.766796  11.773156    -542.361 1
 13.007167 -40.686444   0.024317  0.000150   7290.053    44.968869   6.773531  11.784873     180.104 1
  8.455490 -43.385380   0.037586  0.000333  11267.999    99.830889   6.775478  11.788260    4065.947 1
 14.914173 -40.273597   0.022369  0.000333   6706.057    99.830889   6.775492  11.788285    -390.371 1
  8.473181 -43.357701   0.023669  0.000333   7095.788    99.830889   6.779610  11.795450      -9.664 1
 24.592083 -42.595556   0.021318  0.000333   6390.976    99.830889   6.783535  11.802279    -698.157 1
  7.741417 -44.273028   0.020204  0.000150   6057.007    44.968869   6.806334  11.841945   -1024.394 1
 11.229208 -41.310083   0.011685  0.000150   3503.075    44.968869   6.818436  11.863001   -3519.194 1
  8.423480 -43.321480   0.040448  0.000333  12126.005    99.830889   6.827517  11.878800    4904.088 1
 20.937875 -40.653583   0.031262  0.000103   9372.112    30.878623   6.828244  11.880064    2213.956 1
 22.590061 -41.249477   0.021892  0.000150   6563.056    44.968869   6.854572  11.925871    -530.061 1
 22.247250 -41.074000   0.016888  0.000150   5062.895    44.968869   6.873474  11.958758   -1995.489 1
 24.506667 -42.382389   0.021685  0.000150   6500.999    44.968869   6.876964  11.964830    -590.681 1
  6.847000 -46.978889   0.025785  0.000150   7730.149    44.968869   6.886989  11.982271     610.009 1
  7.740833 -44.057917   0.019967  0.000150   5985.956    44.968869   6.892829  11.992433   -1093.800 1
 14.628000 -53.619917   0.029357  0.000103   8801.007    30.878623   6.893263  11.993188    1656.074 1
 22.201500 -41.024472   0.016788  0.000103   5032.916    30.878623   6.899188  12.003495   -2024.774 1
  6.834792 -47.336361   0.011435  0.000150   3428.127    44.968869   6.908256  12.019273   -3592.407 1
 24.683958 -42.451750   0.021431  0.000213   6424.852    63.855794   6.923772  12.046268    -665.065 1
 20.592250 -40.446083   0.030785  0.000297   9229.111    89.038360   6.930039  12.057171    2074.266 1
  8.429980 -43.107735   0.025622  0.000333   7681.282    99.830889   6.938466  12.071834     562.274 1
  8.450734 -43.052359   0.031676  0.000333   9496.226    99.830889   6.957144  12.104330    2335.196 1
  8.410583 -50.729444   0.032969  0.000150   9883.858    44.968869   6.961130  12.111266    2713.853 1
  7.064829 -48.667385   0.031615  0.000150   9477.939    44.968869   6.963722  12.115774    2317.332 1
 24.638219 -42.293327   0.018836  0.000150   5646.891    44.968869   7.003248  12.184544   -1425.014 1
 12.175542 -40.672250   0.033126  0.000150   9930.925    44.968869   7.030185  12.231410    2759.831 1
 22.265292 -40.888889   0.021325  0.000150   6393.074    44.968869   7.037652  12.244401    -696.108 1
 13.228000 -53.493472   0.026842  0.000150   8047.029    44.968869   7.053748  12.272405     919.553 1
 25.538208 -42.961972   0.029098  0.000297   8723.361    89.038360   7.083588  12.324324    1580.226 1
 19.325000 -40.002639   0.033825  0.000297  10140.480    89.038360   7.097000  12.347657    2964.534 1
 10.411583 -41.376639   0.032322  0.000183   9689.892    54.862020   7.100088  12.353031    2524.378 1
 19.442792 -40.003336   0.032422  0.000333   9719.871    99.830889   7.115327  12.379544    2553.663 1
  8.536208 -51.125028   0.025171  0.000150   7546.076    44.968869   7.116590  12.381742     430.199 1
  8.535708 -51.125722   0.025170  0.000333   7545.776    99.830889   7.117277  12.382936     429.906 1
 14.282425 -39.977575   0.023486  0.000150   7040.926    44.968869   7.162141  12.460992     -63.256 1
 19.288167 -39.908389   0.034107  0.000213  10225.021    63.855794   7.183046  12.497364    3047.118 1
 27.200458 -48.526972   0.034167  0.000150  10243.009    44.968869   7.202582  12.531354    3064.689 1
 27.174958 -48.648500   0.021181  0.000030   6349.904     8.993774   7.213961  12.551151    -738.278 1
 23.237833 -52.718889   0.022532  0.000150   6754.924    44.968869   7.235461  12.588559    -342.636 1
 12.370333 -53.456194   0.026432  0.000150   7924.114    44.968869   7.250569  12.614843     799.484 1
 14.884167 -54.025028   0.027269  0.000150   8175.041    44.968869   7.252594  12.618366    1044.601 1
  8.850625 -51.627222   0.032709  0.000150   9805.912    44.968869   7.260645  12.632374    2637.712 1
  8.057292 -50.965806   0.029557  0.000150   8860.966    44.968869   7.292913  12.688516    1714.644 1
 27.571130 -47.630214   0.021018  0.000150   6301.038    44.968869   7.307284  12.713519    -786.013 1
 22.627083 -40.712694   0.021331  0.000150   6394.873    44.968869   7.317407  12.731131    -694.350 1
  6.823625 -44.462917   0.020578  0.000150   6169.129    44.968869   7.322866  12.740628    -914.867 1
  6.729750 -44.638556   0.020738  0.000150   6217.096    44.968869   7.327058  12.747922    -868.011 1
 23.911931 -41.287479   0.024477  0.000150   7338.020    44.968869   7.372870  12.827627     226.960 1
 20.404500 -39.912577   0.021314  0.000213   6389.776    63.855794   7.387774  12.853558    -699.329 1
 20.403667 -39.912306   0.021802  0.000103   6536.075    30.878623   7.387848  12.853686    -556.417 1
 27.744167 -47.198611   0.020678  0.000034   6199.108    10.192944   7.395434  12.866886    -885.582 1
 24.731083 -41.759472   0.021331  0.000150   6394.873    44.968869   7.411483  12.894807    -694.350 1
  7.622375 -43.090306   0.033126  0.000150   9930.925    44.968869   7.415208  12.901289    2759.831 1
  6.348333 -45.192000   0.034427  0.000150  10320.955    44.968869   7.428231  12.923946    3140.830 1
 11.872211 -40.319407   0.022392  0.000333   6712.953    99.830889   7.438877  12.942469    -383.635 1
 11.171917 -40.586667   0.023925  0.000297   7172.535    89.038360   7.444458  12.952179      65.306 1
  7.889667 -42.745306   0.026392  0.000150   7912.123    44.968869   7.446495  12.955723     787.770 1
  8.418784 -42.227023   0.030254  0.000103   9069.921    30.878623   7.463294  12.984951    1918.762 1
  5.997667 -46.903889   0.025554  0.000150   7660.896    44.968869   7.466866  12.991165     542.361 1
  8.121750 -42.457333   0.033233  0.000103   9963.003    30.878623   7.483178  13.019546    2791.166 1
 12.135226 -40.173695   0.011835  0.000027   3548.044     8.094396   7.487950  13.027849   -3475.266 1
 23.745570 -40.991985   0.029167  0.000150   8744.047    44.968869   7.529707  13.100500    1600.432 1
  6.091292 -45.507500   0.018796  0.000020   5634.899     5.995849   7.534218  13.108348   -1436.728 1
 23.568120 -40.877941   0.028580  0.000150   8568.068    44.968869   7.546139  13.129088    1428.529 1
 19.835250 -39.615417   0.030845  0.000297   9247.098    89.038360   7.558351  13.150335    2091.837 1
 18.067917 -54.459306   0.018296  0.000150   5485.003    44.968869   7.591372  13.207787   -1583.154 1
 24.086090 -41.084781   0.024537  0.000150   7356.008    44.968869   7.604503  13.230632     244.531 1
  6.340333 -49.266056   0.027069  0.000150   8115.082    44.968869   7.607443  13.235747     986.030 1
 23.319875 -40.666972   0.020794  0.000103   6233.884    30.878623   7.617282  13.252866    -851.612 1
 21.674292 -39.981472   0.019760  0.000113   5923.899    33.876548   7.648134  13.306544   -1154.420 1
 18.869689 -54.448018   0.017882  0.000090   5360.889    26.981321   7.655861  13.319987   -1704.395 1
 24.147699 -41.050822   0.033113  0.000150   9927.028    44.968869   7.657583  13.322984    2756.024 1
  6.032833 -48.792500   0.032219  0.000150   9659.013    44.968869   7.677702  13.357986    2494.214 1
  6.015375 -45.043583   0.033767  0.000150  10123.092    44.968869   7.684380  13.369607    2947.548 1
  7.253083 -50.899583   0.033190  0.000150   9950.112    44.968869   7.721013  13.433341    2778.573 1
  6.969792 -50.584872   0.030611  0.000150   9176.947    44.968869   7.732813  13.453872    2023.310 1
 20.227250 -39.495944   0.030804  0.000213   9234.807    63.855794   7.747336  13.479140    2079.830 1
 28.008792 -48.559889   0.025768  0.000085   7725.052    25.482359   7.748628  13.481387     605.031 1
 27.808750 -49.145000   0.020981  0.000333   6289.946    99.830889   7.763124  13.506608    -796.848 1
  6.239754 -44.237479   0.025588  0.000150   7671.089    44.968869   7.774536  13.526463     552.318 1
  8.381083 -52.050500   0.029417  0.000150   8818.995    44.968869   7.780364  13.536603    1673.645 1
 28.213375 -45.798278   0.019987  0.000150   5991.952    44.968869   7.789727  13.552894   -1087.943 1
 17.950166 -54.694789   0.018209  0.000150   5458.921    44.968869   7.818049  13.602168   -1608.632 1
  9.845042 -40.752472   0.033076  0.000150   9915.935    44.968869   7.829524  13.622133    2745.188 1
  5.706417 -45.269000   0.020599  0.000042   6175.425    12.591283   7.839100  13.638794    -908.718 1
 17.633208 -39.073611   0.030284  0.000150   9078.915    44.968869   7.849243  13.656441    1927.547 1
 27.342792 -50.252056   0.030314  0.000097   9087.909    29.079868   7.862130  13.678862    1936.333 1
  8.204917 -41.764806   0.030431  0.000150   9122.984    44.968869   7.871571  13.695289    1970.596 1
  6.392098 -43.715060   0.013139  0.000150   3938.973    44.968869   7.873857  13.699265   -3093.388 1
