154.346612 -10.671289   0.064695  0.000080  19395.073    23.983397   0.009298   0.038879    1486.168 0
154.337456 -10.669808   0.062977  0.000087  18880.030    26.081944   0.009512   0.039772    1000.022 0
154.330240 -10.689301   0.059318  0.000087  17783.089    26.081944   0.014901   0.062308     -35.371 0
154.354801 -10.684702   0.056983  0.000123  17083.074    36.874472   0.014925   0.062405    -696.111 0
154.343608 -10.663306   0.065275  0.000087  19568.953    26.081944   0.015622   0.065320    1650.291 0
154.341639 -10.662296   0.056616  0.000090  16973.050    26.981321   0.016419   0.068654    -799.961 0
154.357099 -10.689015   0.058674  0.000110  17590.023    32.977170   0.018972   0.079328    -217.605 0
154.338234 -10.700085   0.064144  0.000170  19229.887    50.964718   0.021545   0.090088    1330.250 0
154.349183 -10.704014   0.055008  0.000103  16490.984    30.878623   0.026593   0.111192   -1254.980 0
154.367730 -10.682583   0.061502  0.000113  18437.836    33.876548   0.026654   0.111448     582.639 0
154.330324 -10.653453   0.054671  0.000267  16389.953    80.044586   0.027300   0.114150   -1350.341 0
154.363585 -10.697066   0.060869  0.000093  18248.067    27.880699   0.028887   0.120786     403.518 0
154.373732 -10.675103   0.054558  0.000103  16356.077    30.878623   0.032467   0.135755   -1382.317 0
154.366656 -10.656989   0.056739  0.000090  17009.924    26.981321   0.033348   0.139440    -765.156 0
154.348564 -10.645118   0.061870  0.000250  18548.159    74.948115   0.034416   0.143904     686.772 0
154.340074 -10.715289   0.055472  0.000103  16630.087    30.878623   0.036599   0.153031   -1123.681 0
154.309913 -10.654189   0.062673  0.000173  18788.893    51.864095   0.039086   0.163431     913.999 0
154.326139 -10.715227   0.061466  0.000203  18427.043    60.857869   0.039301   0.164330     572.452 0
154.372509 -10.704282   0.058504  0.000110  17539.058    32.977170   0.040244   0.168271    -265.710 0
154.320014 -10.714176   0.056786  0.000143  17024.015    42.870321   0.040984   0.171367    -751.856 0
154.340999 -10.719743   0.059848  0.000100  17941.979    29.979246   0.041044   0.171618     114.604 0
154.330396 -10.719306   0.059160  0.000380  17735.722    99.990000   0.041897   0.175186     -80.081 0
154.382021 -10.697999   0.058190  0.000230  17444.923    68.952265   0.044785   0.187259    -354.564 0
154.351246 -10.724220   0.059020  0.000100  17693.751    29.979246   0.046643   0.195030    -119.697 0
154.367218 -10.638435   0.059801  0.000217  17927.889    65.054963   0.047857   0.200103     101.304 0
154.373340 -10.714464   0.057873  0.000143  17349.889    42.870321   0.047912   0.200337    -444.266 0
154.389956 -10.677907   0.060462  0.000170  18126.052    50.964718   0.048217   0.201609     288.348 0
154.303869 -10.712591   0.065372  0.000083  19598.033    24.882774   0.049725   0.207916    1677.740 0
154.314781 -10.724134   0.064915  0.000180  19461.027    53.962642   0.052182   0.218187    1548.422 0
154.375077 -10.718776   0.057790  0.000100  17325.006    29.979246   0.052291   0.218646    -467.752 0
154.382382 -10.715950   0.059731  0.000160  17906.903    47.966793   0.055223   0.230906      81.496 0
154.398069 -10.665035   0.063444  0.000070  19020.033    20.985472   0.057821   0.241765    1132.170 0
154.390057 -10.645886   0.060058  0.000037  18004.935    11.092321   0.058400   0.244187     174.028 0
154.391828 -10.645035   0.055705  0.000137  16699.939    41.071567   0.060318   0.252208   -1057.748 0
154.386173 -10.724488   0.055068  0.000274  16508.971    82.143133   0.063846   0.266958   -1238.001 0
154.274146 -10.696268   0.061986  0.000083  18582.935    24.882774   0.067906   0.283936     719.597 0
154.368842 -10.615604   0.061673  0.000140  18489.100    41.970944   0.068812   0.287726     631.027 0
154.329175 -10.748521   0.064130  0.000080  19225.690    23.983397   0.070766   0.295893    1326.289 0
154.372549 -10.742586   0.063367  0.000090  18996.949    26.981321   0.071057   0.297110    1110.381 0
154.411714 -10.715392   0.058914  0.000227  17661.973    68.052888   0.078672   0.328954    -149.692 0
154.377859 -10.606276   0.055942  0.000053  16770.990    15.889000   0.081021   0.338775    -990.684 0
154.391637 -10.745364   0.058774  0.000280  17620.002    83.941888   0.083249   0.348091    -189.308 0
154.267445 -10.636659   0.057620  0.000110  17274.041    32.977170   0.083529   0.349262    -515.858 0
154.266104 -10.626935   0.059131  0.000110  17727.028    32.977170   0.089896   0.375882     -88.287 0
154.286115 -10.603772   0.055315  0.000107  16583.020    32.077793   0.092260   0.385769   -1168.107 0
154.404238 -10.747935   0.060779  0.000364  18221.086    99.990000   0.093102   0.389290     378.050 0
154.291578 -10.762722   0.063650  0.000130  19081.790    38.973020   0.096998   0.405578    1190.462 0
154.248852 -10.641248   0.057126  0.000150  17125.944    44.968869   0.097897   0.409336    -655.646 0
154.365935 -10.774187   0.058970  0.000280  17678.761    83.941888   0.098607   0.412307    -133.846 0
154.239178 -10.670522   0.060235  0.000097  18057.999    29.079868   0.100290   0.419344     224.114 0
154.281590 -10.762499   0.057273  0.000043  17170.013    12.891076   0.102073   0.426798    -614.049 0
154.312565 -10.779474   0.054570  0.000170  16359.674    50.964718   0.104550   0.437155   -1378.921 0
154.239687 -10.642867   0.061182  0.000103  18341.902    30.878623   0.105714   0.442023     492.088 0
154.292349 -10.773518   0.058410  0.000130  17510.877    38.973020   0.106144   0.443820    -292.310 0
154.384725 -10.573605   0.060038  0.000220  17998.940    65.954341   0.113577   0.474901     168.368 0
154.225202 -10.718944   0.057993  0.000113  17385.864    33.876548   0.120603   0.504279    -410.309 0
154.228862 -10.624925   0.053850  0.000210  16143.824    62.956416   0.122525   0.512313   -1582.661 0
154.429930 -10.592062   0.055582  0.000037  16663.064    11.092321   0.123129   0.514841   -1092.554 0
154.390691 -10.793293   0.056406  0.000207  16910.093    62.057039   0.124604   0.521008    -859.385 0
154.240554 -10.598779   0.057580  0.000240  17262.050    71.950190   0.126925   0.530713    -527.176 0
154.221527 -10.728146   0.058150  0.000087  17432.931    26.081944   0.127298   0.532271    -365.882 0
154.214763 -10.648200   0.061342  0.000347  18389.869    99.990000   0.127646   0.533726     537.363 0
154.445690 -10.754820   0.057350  0.000180  17193.097    53.962642   0.128059   0.535454    -592.260 0
154.203461 -10.652331   0.061786  0.000110  18522.977    32.977170   0.137605   0.575368     663.003 0
154.422010 -10.792860   0.057907  0.000067  17360.082    20.086095   0.139235   0.582183    -434.645 0
154.252054 -10.787742   0.071773  0.000193  21517.004    57.859944   0.139686   0.584071    3489.042 1
154.314003 -10.816473   0.059501  0.000157  17837.951    47.067416   0.140286   0.586577      16.412 0
154.477239 -10.729290   0.056242  0.000143  16860.927    42.870321   0.143215   0.598826    -905.793 0
154.227836 -10.587236   0.074201  0.000090  22244.900    26.981321   0.143907   0.601718    4176.097 1
154.368441 -10.821132   0.055368  0.000037  16598.909    11.092321   0.144982   0.606215   -1153.110 0
154.434822 -10.564640   0.060860  0.000210  18245.369    62.956416   0.146726   0.613508     400.971 0
154.338097 -10.530864   0.059260  0.000270  17765.701    80.943964   0.147861   0.618250     -51.784 0
154.393948 -10.534411   0.059368  0.000254  17798.079    76.147284   0.153417   0.641485     -21.223 0
154.190525 -10.732490   0.059144  0.000157  17730.925    47.067416   0.157253   0.657523     -84.609 0
154.373843 -10.522855   0.061406  0.000060  18409.056    17.987547   0.159172   0.665545     555.474 0
154.481969 -10.757606   0.058697  0.000370  17596.918    99.990000   0.159513   0.666975    -211.097 0
154.192284 -10.743507   0.058710  0.000080  17600.815    23.983397   0.159773   0.668058    -207.418 0
154.184378 -10.632577   0.061276  0.000153  18370.083    45.868246   0.160574   0.671408     518.687 0
154.340083 -10.513642   0.059180  0.000100  17741.718    29.979246   0.165059   0.690162     -74.422 0
154.483813 -10.766837   0.061610  0.000170  18470.213    50.964718   0.165808   0.693293     613.200 0
154.246214 -10.817251   0.052119  0.000040  15624.883    11.991698   0.166894   0.697834   -2072.485 1
154.231222 -10.808032   0.058677  0.000120  17590.922    35.975095   0.168352   0.703931    -216.756 0
154.351847 -10.509946   0.056460  0.000220  16926.282    65.954341   0.169096   0.707041    -844.105 0
154.205665 -10.784501   0.058540  0.000130  17549.850    38.973020   0.169863   0.710251    -255.524 0
154.207621 -10.789049   0.058424  0.000090  17515.075    26.981321   0.171258   0.716084    -288.348 0
154.340798 -10.850889   0.060405  0.000250  18108.963    74.948115   0.172190   0.719979     272.219 0
154.320489 -10.854040   0.057310  0.000100  17181.106    29.979246   0.176484   0.737934    -603.579 0
154.268060 -10.516476   0.059230  0.000880  17756.707    99.990000   0.177311   0.741392     -60.273 0
154.176080 -10.753873   0.060950  0.000180  18272.350    53.962642   0.178557   0.746603     426.438 0
154.399757 -10.508620   0.059271  0.000103  17768.999    30.878623   0.179646   0.751153     -48.671 0
154.528800 -10.711361   0.064550  0.000130  19351.603    38.973020   0.187516   0.784063    1445.137 0
154.253598 -10.508832   0.058850  0.000100  17642.786    29.979246   0.190300   0.795702    -167.802 0
154.147798 -10.709113   0.057860  0.000320  17345.992    95.933587   0.192176   0.803546    -447.944 0
154.488212 -10.808924   0.057920  0.000090  17363.979    26.981321   0.194719   0.814178    -430.966 0
154.308928 -10.485120   0.063334  0.000030  18987.056     8.993774   0.196111   0.820002    1101.043 0
154.334467 -10.481310   0.054611  0.000027  16371.966     8.094396   0.197490   0.825766   -1367.320 0
154.230280 -10.513155   0.057190  0.000160  17145.131    47.966793   0.198042   0.828073    -637.535 0
154.174737 -10.793807   0.059220  0.000190  17753.709    56.960567   0.199777   0.835327     -63.103 0
154.325237 -10.882120   0.055612  0.000027  16672.058     8.094396   0.204002   0.852995   -1084.065 0
154.212671 -10.513767   0.058260  0.000200  17465.909    59.958492   0.207556   0.867857    -334.756 0
154.307702 -10.889579   0.056986  0.000130  17083.973    38.973020   0.213388   0.892240    -695.262 0
154.367521 -10.894105   0.055215  0.000033  16553.041     9.893151   0.216989   0.907298   -1196.405 0
154.200881 -10.846689   0.058720  0.000160  17603.813    47.966793   0.217144   0.907947    -204.589 0
154.556335 -10.628510   0.056320  0.000160  16884.311    47.966793   0.217576   0.909751    -883.721 0
154.410993 -10.887434   0.065118  0.000254  19521.885    76.147284   0.219807   0.919081    1605.865 0
154.117290 -10.715751   0.061220  0.000200  18353.294    59.958492   0.222836   0.931743     502.841 0
154.121862 -10.619441   0.058914  0.000113  17661.973    33.876548   0.223249   0.933472    -149.692 0
154.244045 -10.476011   0.055610  0.000370  16671.459    99.990000   0.223921   0.936281   -1084.631 0
154.110950 -10.646710   0.062330  0.000120  18686.064    35.975095   0.228217   0.954244     816.939 0
154.354864 -10.449568   0.062080  0.000043  18611.116    12.891076   0.229542   0.959784     746.197 0
154.302458 -10.451194   0.074521  0.000097  22340.834    29.079868   0.230619   0.964290    4266.648 1
154.489330 -10.857916   0.061909  0.000310  18559.851    92.935662   0.231073   0.966188     697.808 0
154.318169 -10.446822   0.062973  0.000037  18878.830    11.092321   0.232950   0.974035     998.890 0
154.103913 -10.716854   0.061346  0.000030  18391.068     8.993774   0.235984   0.986720     538.495 0
154.113296 -10.763037   0.055090  0.000150  16515.567    44.968869   0.239031   0.999463   -1231.776 0
154.547306 -10.549482   0.072613  0.000103  21768.830    30.878623   0.240498   1.005595    3726.738 1
154.151098 -10.845876   0.074625  0.000047  22372.012    14.090246   0.250469   1.047286    4296.077 1
154.218259 -10.458578   0.065380  0.000110  19600.431    32.977170   0.250952   1.049305    1680.003 1
154.241117 -10.914922   0.072090  0.000200  21612.038    59.958492   0.255764   1.069428    3578.744 1
154.171856 -10.876658   0.058924  0.000093  17664.971    27.880699   0.258420   1.080535    -146.862 0
154.523071 -10.490701   0.064730  0.000090  19405.566    26.981321   0.259599   1.085461    1496.072 0
154.142468 -10.866994   0.059530  0.000150  17846.645    44.968869   0.271066   1.133409      24.619 0
154.366434 -10.953270   0.059845  0.000080  17941.080    23.983397   0.275715   1.152851     113.755 0
154.270773 -10.946777   0.059408  0.000277  17810.070    83.042511   0.276793   1.157355      -9.904 0
154.419600 -10.409146   0.055538  0.000050  16649.874    14.989623   0.280429   1.172559   -1105.005 0
154.585274 -10.523630   0.055730  0.000090  16707.434    26.981321   0.285861   1.195271   -1050.674 0
154.586748 -10.524557   0.056082  0.000017  16812.961     5.096472   0.286579   1.198274    -951.068 0
154.323950 -10.972487   0.059220  0.000140  17753.709    41.970944   0.294260   1.230389     -63.103 0
154.596141 -10.847554   0.059450  0.000130  17822.662    38.973020   0.302366   1.264283       1.981 0
154.587647 -10.862609   0.071786  0.000047  21520.901    14.090246   0.304333   1.272507    3492.721 1
154.134418 -10.912130   0.059604  0.000484  17868.830    99.990000   0.309288   1.293229      45.558 0
154.645023 -10.597379   0.056356  0.000087  16895.104    26.081944   0.309726   1.295059    -873.534 0
154.150176 -10.935428   0.060255  0.000030  18063.995     8.993774   0.317860   1.329069     229.773 0
154.437407 -10.370943   0.059248  0.000150  17762.104    44.968869   0.322038   1.346538     -55.179 0
154.089494 -10.886509   0.056490  0.000250  16935.276    74.948115   0.322828   1.349842    -835.616 0
154.647606 -10.803705   0.060282  0.000060  18072.089    17.987547   0.326293   1.364333     237.413 0
154.519057 -10.395750   0.064194  0.000100  19244.877    29.979246   0.332734   1.391260    1344.399 1
154.345154 -11.019508   0.058670  0.000240  17588.824    71.950190   0.340835   1.425134    -218.737 0
154.542683 -10.398615   0.063970  0.000270  19177.724    80.943964   0.343172   1.434906    1281.013 1
154.171991 -10.984002   0.051170  0.000070  15340.380    20.985472   0.347504   1.453022   -2341.025 1
154.048868 -10.886657   0.042620  0.000070  12777.155    20.985472   0.354399   1.481850   -4760.434 1
154.497399 -10.357127   0.064050  0.000310  19201.707    92.935662   0.356456   1.490450    1303.651 1
154.621420 -10.915566   0.059871  0.000247  17948.874    74.048737   0.363452   1.519705     121.112 0
154.043809 -10.900289   0.056820  0.000190  17034.207    56.960567   0.366514   1.532505    -742.235 0
154.642592 -10.451980   0.060498  0.000187  18136.844    56.061190   0.373225   1.560566     298.535 0
154.684453 -10.518322   0.059990  0.000270  17984.550    80.943964   0.373764   1.562821     154.786 0
154.199619 -10.326081   0.060530  0.000070  18146.437    20.985472   0.378963   1.584562     307.590 0
154.104709 -10.981907   0.052310  0.000150  15682.143    44.968869   0.381843   1.596601   -2018.438 1
154.527111 -11.023541   0.057650  0.000150  17283.035    44.968869   0.390386   1.632324    -507.368 0
154.060941 -10.963769   0.056810  0.000240  17031.210    71.950190   0.396167   1.656497    -745.065 0
154.357053 -10.275404   0.075070  0.000180  22505.420    53.962642   0.403607   1.687606    4422.000 1
154.724789 -10.823392   0.063954  0.000057  19172.927    17.088170   0.404042   1.689421    1276.486 1
153.991849 -10.893751   0.057750  0.000200  17313.014    59.958492   0.404843   1.692772    -479.071 0
154.022083 -10.961111   0.057610  0.000190  17271.044    56.960567   0.421792   1.763640    -518.687 0
154.029592 -10.970508   0.053730  0.000100  16107.849    29.979246   0.422771   1.767734   -1616.618 1
154.287864 -10.256726   0.059620  0.000110  17873.626    32.977170   0.425179   1.777802      50.086 0
154.049513 -10.996842   0.057970  0.000300  17378.969    89.937737   0.428023   1.789695    -416.817 0
154.096974 -11.038183   0.060090  0.000180  18014.529    53.962642   0.432069   1.806613     183.083 0
154.272386 -10.250463   0.059320  0.000060  17783.689    17.987547   0.433496   1.812578     -34.806 0
154.323399 -11.130151   0.059110  0.000150  17720.732    44.968869   0.451779   1.889027     -94.230 0
153.928827 -10.900244   0.056562  0.000150  16956.861    44.968869   0.461576   1.929991    -815.242 0
153.933507 -10.910452   0.052770  0.000230  15820.048    68.952265   0.462576   1.934171   -1888.271 1
153.908582 -10.873351   0.056490  0.000110  16935.276    32.977170   0.467298   1.953916    -835.616 0
154.121687 -11.109947   0.054730  0.000220  16407.641    65.954341   0.482055   2.015621   -1333.646 1
154.053115 -10.283749   0.071150  0.000070  21330.233    20.985472   0.485757   2.031098    3312.750 1
154.798602 -10.872525   0.051920  0.000280  15565.224    83.941888   0.489765   2.047858   -2128.797 1
153.899260 -10.906894   0.055190  0.000230  16545.546    68.952265   0.490325   2.050197   -1203.479 1
153.921555 -10.967593   0.059170  0.000240  17738.720    71.950190   0.503258   2.104275     -77.251 0
154.077375 -11.112165   0.060162  0.000150  18036.114    44.968869   0.504927   2.111255     203.457 0
154.790000 -10.977500   0.064725  0.000107  19404.067    32.077793   0.532964   2.228486    1494.657 1
154.598971 -11.152661   0.058380  0.000140  17501.884    41.970944   0.537546   2.247644    -300.799 0
153.946929 -11.075929   0.054290  0.000080  16275.733    23.983397   0.554682   2.319295   -1458.154 1
154.089417 -11.175944   0.073310  0.000070  21977.785    20.985472   0.555268   2.321746    3923.969 1
154.552498 -10.144915   0.074862  0.000150  22443.063    44.968869   0.572855   2.395283    4363.142 1
153.926955 -11.099446   0.058830  0.000200  17636.790    59.958492   0.585228   2.447017    -173.462 0
153.973716 -11.139981   0.056990  0.000200  17085.172    59.958492   0.585639   2.448735    -694.130 0
154.709802 -10.185240   0.076070  0.000070  22805.212    20.985472   0.612308   2.560245    4704.972 1
153.995000 -11.210889   0.072487  0.000150  21731.056    44.968869   0.631476   2.640394    3691.084 1
153.671205 -10.801636   0.042726  0.000150  12808.933    44.968869   0.669477   2.799290   -4730.439 1
154.926051 -11.031104   0.052216  0.000150  15653.963    44.968869   0.674417   2.819944   -2045.037 1
153.740758 -11.021231   0.057410  0.000150  17211.085    44.968869   0.682002   2.851659    -575.282 1
155.030863 -10.875768   0.052833  0.000150  15838.935    44.968869   0.706077   2.952323   -1870.443 1
153.591291 -10.520821   0.041966  0.000150  12581.090    44.968869   0.753352   3.149994   -4945.498 1
154.568909  -9.957434   0.075609  0.000150  22667.008    44.968869   0.755267   3.158001    4574.522 1
153.819370 -10.074226   0.041856  0.000150  12548.113    44.968869   0.792488   3.313636   -4976.624 1
153.648694 -11.139756   0.042219  0.000150  12656.938    44.968869   0.821745   3.435967   -4873.906 1
154.402898  -9.843526   0.074505  0.000150  22336.037    44.968869   0.837392   3.501394    4262.121 1
155.201795 -10.730231   0.052473  0.000150  15731.010    44.968869   0.847558   3.543898   -1972.313 1
154.228089  -9.782440   0.053240  0.000110  15960.950    32.977170   0.903088   3.776088   -1755.274 1
153.694289 -11.320923   0.057023  0.000183  17095.065    54.862020   0.903436   3.777541    -684.792 1
153.713970 -11.343032   0.056693  0.000150  16996.134    44.968869   0.906024   3.788362    -778.172 1
154.693920 -11.520924   0.053314  0.000150  15983.135    44.968869   0.910873   3.808638   -1734.334 1
155.251184 -10.485761   0.053023  0.000150  15895.896    44.968869   0.915094   3.826288   -1816.679 1
153.610704 -10.100831   0.058454  0.000150  17524.068    44.968869   0.921306   3.852260    -279.859 1
155.298152 -10.560079   0.066760  0.000150  20014.144    44.968869   0.948128   3.964411    2070.504 1
154.555420  -9.740604   0.056846  0.000150  17042.002    44.968869   0.961490   4.020282    -734.878 1
154.322859  -9.702488   0.062693  0.000150  18794.889    44.968869   0.976372   4.082509     919.658 1
153.594707 -11.429048   0.057093  0.000150  17116.051    44.968869   1.049144   4.386791    -664.984 1
154.494444  -9.621600   0.054888  0.000150  16455.008    44.968869   1.067814   4.464854   -1288.936 1
154.504145  -9.614259   0.056392  0.000150  16905.896    44.968869   1.076461   4.501011    -863.347 1
154.142968 -11.740624   0.058777  0.000150  17620.901    44.968869   1.079590   4.514096    -188.459 1
154.320982  -9.508774   0.048727  0.000150  14607.987    44.968869   1.170089   4.892498   -3032.325 1
154.138942  -9.507934   0.065919  0.000150  19762.019    44.968869   1.187466   4.965158    1832.525 1
155.545594 -10.500291   0.075365  0.000150  22593.859    44.968869   1.197203   5.005870    4505.476 1
153.116770 -10.447949   0.058037  0.000150  17399.055    44.968869   1.224858   5.121505    -397.858 1
154.342639  -9.438963   0.058013  0.000150  17391.860    44.968869   1.239737   5.183720    -404.650 1
153.285071  -9.959563   0.057753  0.000150  17313.914    44.968869   1.262397   5.278466    -478.222 1
153.519593 -11.680974   0.057400  0.000333  17208.087    99.830889   1.286830   5.380631    -578.111 1
154.639114 -11.938267   0.051900  0.000333  15559.229    99.830889   1.293210   5.407305   -2134.456 1
153.031574 -10.084548   0.058130  0.000150  17426.936    44.968869   1.417207   5.925775    -371.542 1
153.647594 -11.940047   0.058420  0.000150  17513.875    44.968869   1.433584   5.994251    -289.480 1
153.784737  -9.334540   0.065449  0.000150  19621.117    44.968869   1.451019   6.067152    1699.528 1
154.519071  -9.236342   0.049398  0.000150  14809.148    44.968869   1.452945   6.075208   -2842.451 1
153.580721 -11.941442   0.058400  0.000333  17507.880    99.830889   1.467155   6.134623    -295.140 1
155.772982 -10.215171   0.052159  0.000150  15636.875    44.968869   1.481657   6.195262   -2061.166 1
154.402914  -9.189344   0.054191  0.000150  16246.053    44.968869   1.490601   6.232659   -1486.168 1
153.810728  -9.258626   0.056846  0.000150  17042.002    44.968869   1.512625   6.324746    -734.878 1
153.491914  -9.380503   0.064318  0.000150  19282.051    44.968869   1.543157   6.452412    1379.487 1
152.823556 -10.126862   0.046135  0.000150  13830.925    44.968869   1.589903   6.647869   -3765.788 1
152.972714  -9.787842   0.057420  0.000150  17214.083    44.968869   1.612846   6.743802    -572.452 1
153.338256  -9.365178   0.060385  0.000150  18102.968    44.968869   1.641982   6.865630     266.559 1
155.747105  -9.751398   0.056759  0.000150  17015.920    44.968869   1.664155   6.958341    -759.496 1
154.438087  -9.013830   0.057213  0.000150  17152.026    44.968869   1.667606   6.972771    -631.027 1
155.854888  -9.903271   0.062650  0.000150  18781.997    44.968869   1.677723   7.015073     907.490 1
153.540001  -9.194423   0.042756  0.000150  12817.926    44.968869   1.680025   7.024697   -4721.950 1
153.836396  -9.056596   0.056492  0.000150  16935.876    44.968869   1.696172   7.092212    -835.050 1
155.541954  -9.449138   0.065469  0.000150  19627.112    44.968869   1.704356   7.126432    1705.188 1
153.805945 -12.301129   0.051052  0.000150  15305.005    44.968869   1.705469   7.131088   -2374.416 1
152.939578  -9.641387   0.065078  0.000150  19509.894    44.968869   1.724031   7.208699    1594.546 1
153.275538 -12.061571   0.051873  0.000150  15551.134    44.968869   1.734460   7.252306   -2142.096 1
153.100781  -9.364322   0.061086  0.000150  18313.122    44.968869   1.792391   7.494535     464.923 1
154.906083  -8.947639   0.054348  0.000150  16293.121    44.968869   1.817976   7.601512   -1441.741 1
152.607614 -10.034793   0.046766  0.000150  14020.094    44.968869   1.820913   7.613794   -3587.233 1
152.583464 -10.041013   0.046682  0.000150  13994.912    44.968869   1.840967   7.697645   -3611.003 1
155.043087  -8.908062   0.042469  0.000093  12731.886    27.880699   1.900341   7.945907   -4803.163 1
155.155901  -8.951983   0.062270  0.000150  18668.076    44.968869   1.903411   7.958743     799.961 1
152.753989  -9.555294   0.055495  0.000150  16636.982    44.968869   1.921937   8.036207   -1117.173 1
152.747992  -9.553086   0.056339  0.000150  16890.007    44.968869   1.928010   8.061600    -878.344 1
156.299039 -10.972404   0.074685  0.000150  22390.000    44.968869   1.946517   8.138982    4313.056 1
152.871983  -9.363864   0.065942  0.000150  19768.914    44.968869   1.952539   8.164161    1839.034 1
152.900309  -9.333483   0.067360  0.000150  20194.020    44.968869   1.952854   8.165478    2240.287 1
152.842140  -9.330686   0.046472  0.000150  13931.955    44.968869   1.996567   8.348256   -3670.427 1
156.427654 -10.648519   0.055572  0.000150  16660.066    44.968869   2.050841   8.575193   -1095.384 1
152.242472 -10.906403   0.046879  0.000150  14053.971    44.968869   2.074617   8.674606   -3555.257 1
156.065497  -9.480422   0.063821  0.000150  19133.054    44.968869   2.075570   8.678592    1238.850 1
156.404084 -10.160221   0.053440  0.000333  16020.909    99.830889   2.092702   8.750226   -1698.680 1
152.276910 -10.031485   0.058744  0.000150  17611.008    44.968869   2.129002   8.902007    -197.797 1
154.146613  -8.554294   0.054338  0.000150  16290.123    44.968869   2.132967   8.918584   -1444.571 1
153.547917 -12.678611   0.068020  0.000150  20391.883    44.968869   2.146363   8.974597    2427.049 1
153.195828  -8.833368   0.061569  0.000150  18457.922    44.968869   2.161344   9.037237     601.598 1
155.025836  -8.602608   0.054554  0.000090  16354.878    26.981321   2.182473   9.125585   -1383.449 1
155.073575  -8.607765   0.062050  0.000150  18602.122    44.968869   2.192522   9.167605     737.707 1
152.200278 -10.004789   0.058801  0.000150  17628.096    44.968869   2.208860   9.235917    -181.668 1
154.522409  -8.476768   0.055298  0.000150  16577.923    44.968869   2.209144   9.237104   -1172.918 1
155.144142  -8.592743   0.054941  0.000080  16470.897    23.983397   2.230305   9.325588   -1273.939 1
154.887080  -8.508236   0.054234  0.000150  16258.944    44.968869   2.235841   9.348732   -1474.000 1
152.202492  -9.914204   0.057253  0.000150  17164.018    44.968869   2.236115   9.349880    -619.708 1
155.163479  -8.578690   0.055245  0.000150  16562.034    44.968869   2.250210   9.408817   -1187.915 1
156.593940 -10.142428   0.056519  0.000150  16943.970    44.968869   2.278046   9.525206    -827.409 1
153.337046  -8.619711   0.062290  0.000150  18674.072    44.968869   2.283100   9.546337     805.621 1
152.425210  -9.383242   0.055608  0.000103  16670.859    30.878623   2.285181   9.555039   -1085.197 1
156.362665  -9.541766   0.057790  0.000150  17325.006    44.968869   2.289064   9.571275    -467.752 1
155.556518  -8.701441   0.054151  0.000150  16234.061    44.968869   2.310096   9.659218   -1497.487 1
152.683500 -12.317611   0.051552  0.000150  15454.901    44.968869   2.310557   9.661143   -2232.930 1
156.706676 -10.954310   0.058744  0.000150  17611.008    44.968869   2.341089   9.788807    -197.797 1
152.566278  -9.107135   0.066283  0.000150  19871.143    44.968869   2.347541   9.815784    1935.527 1
153.191832  -8.588389   0.061786  0.000150  18522.977    44.968869   2.375796   9.933929     663.003 1
155.959579  -8.894208   0.053667  0.000097  16088.962    29.079868   2.390518   9.995485   -1634.445 1
156.325977  -9.288427   0.051459  0.000150  15427.020    44.968869   2.395433  10.016035   -2259.247 1
153.275097  -8.520102   0.062657  0.000150  18784.096    44.968869   2.399263  10.032052     909.471 1
155.781815 -12.618966   0.059274  0.000150  17769.898    44.968869   2.401998  10.043485     -47.822 1
152.481589  -9.112751   0.054611  0.000150  16371.966    44.968869   2.406349  10.061678   -1367.320 1
156.269147  -9.118654   0.044911  0.000150  13463.979    44.968869   2.454429  10.262718   -4112.146 1
156.436521  -9.329438   0.052206  0.000150  15650.965    44.968869   2.461982  10.294298   -2047.867 1
155.728636  -8.596819   0.053664  0.000147  16088.062    44.069491   2.488759  10.406260   -1635.294 1
156.893586 -10.653491   0.063771  0.000150  19118.065    44.968869   2.508609  10.489258    1224.702 1
156.694574 -11.665152   0.075676  0.000150  22687.094    44.968869   2.514492  10.513860    4593.481 1
156.468631 -12.172368   0.064811  0.000150  19429.849    44.968869   2.569602  10.744289    1518.992 1
154.611583 -13.262472   0.068020  0.000150  20391.883    44.968869   2.597429  10.860644    2427.049 1
154.985114  -8.136368   0.052490  0.000203  15736.106    60.857869   2.619964  10.954871   -1967.503 1
152.661878 -12.718961   0.060270  0.000450  18068.491    99.990000   2.623923  10.971423     234.018 1
151.771945  -9.910622   0.056943  0.000150  17071.082    44.968869   2.638721  11.033297    -707.429 1
153.311859  -8.213773   0.074035  0.000150  22195.135    44.968869   2.664286  11.140191    4129.124 1
151.846602 -11.758281   0.047810  0.000150  14333.077    44.968869   2.678316  11.198855   -3291.811 1
153.529207 -13.236780   0.058657  0.000183  17584.926    54.862020   2.679551  11.204022    -222.416 1
155.231666  -8.118657   0.054785  0.000150  16424.130    44.968869   2.705557  11.312761   -1318.082 1
155.086872  -8.055369   0.054358  0.000137  16296.118    41.071567   2.723827  11.389152   -1438.911 1
153.340278  -8.120900   0.043330  0.000150  12990.007    44.968869   2.740291  11.457992   -4559.524 1
155.337042  -8.109628   0.062053  0.000150  18603.021    44.968869   2.749247  11.495442     738.556 1
151.746878  -9.623917   0.041789  0.000150  12528.027    44.968869   2.758704  11.534982   -4995.584 1
153.407713  -8.075074   0.044127  0.000150  13228.942    44.968869   2.760397  11.542063   -4333.996 1
151.637849 -11.431066   0.047620  0.000150  14276.117    44.968869   2.760732  11.543462   -3345.575 1
156.843593  -9.417607   0.053460  0.000150  16026.905    44.968869   2.763834  11.556434   -1693.020 1
156.434455 -12.550195   0.064801  0.000150  19426.851    44.968869   2.781185  11.628983    1516.163 1
156.676301 -12.282167   0.063140  0.000150  18928.896    44.968869   2.799634  11.706124    1046.147 1
153.324558  -8.055852   0.043170  0.000130  12942.040    38.973020   2.806564  11.735101   -4604.800 1
155.415302 -13.296580   0.064608  0.000150  19368.991    44.968869   2.822767  11.802850    1461.549 1
151.960053  -9.079082   0.066780  0.000150  20020.140    44.968869   2.834176  11.850555    2076.164 1
151.516226  -9.957959   0.056676  0.000150  16991.037    44.968869   2.867798  11.991137    -782.983 1
155.080235  -7.893515   0.055125  0.000123  16526.059    36.874472   2.878385  12.035408   -1221.872 1
155.062772  -7.886806   0.050068  0.000180  15010.009    53.962642   2.880604  12.044684   -2652.860 1
153.480632  -7.915484   0.043583  0.000150  13065.855    44.968869   2.889637  12.082453   -4487.932 1
152.171335 -12.630318   0.051300  0.000333  15379.353    99.830889   2.890361  12.085484   -2304.239 1
156.509495 -12.631536   0.064865  0.000150  19446.038    44.968869   2.890487  12.086008    1534.273 1
155.099465  -7.885216   0.053500  0.000333  16038.897    99.830889   2.891231  12.089119   -1681.701 1
154.965073  -7.844799   0.053323  0.000143  15985.833    42.870321   2.899519  12.123773   -1731.787 1
156.121846  -8.360214   0.053170  0.000150  15939.965    44.968869   2.904866  12.146132   -1775.082 1
157.301607 -10.723668   0.058611  0.000150  17571.136    44.968869   2.909784  12.166696    -235.433 1
155.045789  -7.848179   0.053897  0.000057  16157.914    17.088170   2.914045  12.184510   -1569.361 1
153.175729  -7.997055   0.044471  0.000150  13332.070    44.968869   2.915855  12.192081   -4236.653 1
152.216509 -12.738735   0.050728  0.000150  15207.872    44.968869   2.932884  12.263282   -2466.099 1
155.019982  -7.814773   0.062233  0.000087  18656.984    26.081944   2.940645  12.295736     789.491 1
155.155000  -7.848000   0.054427  0.000333  16316.804    99.830889   2.941575  12.299624   -1419.386 1
155.077557  -7.795725   0.052139  0.000260  15630.879    77.946039   2.972470  12.428802   -2066.826 1
155.075076  -7.794856   0.052346  0.000150  15692.936    44.968869   2.972720  12.429848   -2008.251 1
155.034646  -7.780636   0.051412  0.000190  15412.930    56.960567   2.977169  12.448450   -2272.546 1
153.160180  -7.925718   0.043066  0.000150  12910.862    44.968869   2.987495  12.491628   -4634.229 1
152.697792  -8.144639   0.043674  0.000150  13093.136    44.968869   3.004754  12.563795   -4462.182 1
151.284160 -11.075278   0.069588  0.000150  20861.958    44.968869   3.029865  12.668790    2870.749 1
155.694133  -7.949550   0.052740  0.000150  15811.054    44.968869   3.035890  12.693981   -1896.760 1
155.267704  -7.779451   0.051612  0.000177  15472.888    53.063265   3.038934  12.706709   -2215.952 1
155.147849  -7.743486   0.054177  0.000130  16241.856    38.973020   3.040442  12.713017   -1490.129 1
152.768177  -8.053497   0.054858  0.000150  16446.015    44.968869   3.046342  12.737687   -1297.426 1
155.780570 -13.381746   0.064385  0.000150  19302.137    44.968869   3.050894  12.756720    1398.446 1
154.412417 -13.737611   0.053884  0.000150  16154.017    44.968869   3.059719  12.793620   -1573.040 1
156.984870 -12.333742   0.070200  0.000333  21045.431    99.830889   3.080541  12.880682    3043.927 1
155.711080 -13.455347   0.064304  0.000183  19277.854    54.862020   3.085890  12.903046    1375.526 1
155.338393  -7.744196   0.054398  0.000150  16308.110    44.968869   3.093888  12.936490   -1427.593 1
155.546564  -7.806411   0.054558  0.000137  16356.077    41.071567   3.107050  12.991525   -1382.317 1
157.503500 -10.621765   0.063991  0.000150  19184.019    44.968869   3.108355  12.996980    1286.956 1
156.909181  -8.850751   0.053060  0.000150  15906.988    44.968869   3.116247  13.029979   -1806.209 1
157.372727  -9.684079   0.052813  0.000150  15832.939    44.968869   3.140963  13.133324   -1876.103 1
157.272806  -9.403834   0.055071  0.000150  16509.870    44.968869   3.150590  13.173578   -1237.153 1
152.744342  -7.917099   0.051702  0.000150  15499.870    44.968869   3.176145  13.280431   -2190.484 1
153.698500 -13.796499   0.058124  0.000150  17425.137    44.968869   3.181066  13.301007    -373.240 1
153.524656  -7.586780   0.075983  0.000150  22779.130    44.968869   3.194266  13.356200    4680.353 1
157.613719 -10.639054   0.052550  0.000150  15754.094    44.968869   3.216388  13.448699   -1950.524 1
157.165538  -9.028744   0.053944  0.000150  16172.004    44.968869   3.229086  13.501794   -1556.062 1
152.701148  -7.859741   0.054998  0.000163  16487.986    48.866171   3.246995  13.576676   -1257.810 1
151.111509  -9.982040   0.055362  0.000150  16597.110    44.968869   3.249028  13.585176   -1154.808 1
151.022599 -10.657725   0.057343  0.000150  17190.999    44.968869   3.260897  13.634807    -594.241 1
152.610507  -7.889325   0.054094  0.000150  16216.973    44.968869   3.266809  13.659526   -1513.616 1
154.454148  -7.406239   0.042226  0.000150  12659.036    44.968869   3.274352  13.691064   -4871.925 1
152.117150 -13.134146   0.051209  0.000150  15352.072    44.968869   3.287015  13.744015   -2329.990 1
154.056282  -7.402272   0.062133  0.000183  18627.005    54.862020   3.288343  13.749564     761.194 1
151.193486  -9.535237   0.065735  0.000150  19706.857    44.968869   3.297507  13.787882    1780.458 1
152.715559  -7.793381   0.053997  0.000150  16187.893    44.968869   3.297889  13.789481   -1541.064 1
157.307650 -12.224442   0.074300  0.000333  22274.580    99.830889   3.299808  13.797504    4204.112 1
151.356757 -12.194086   0.047947  0.000150  14374.149    44.968869   3.300866  13.801926   -3253.043 1
152.139288 -13.172996   0.050992  0.000150  15287.017    44.968869   3.301842  13.806011   -2391.394 1
157.690138 -11.015740   0.063170  0.000183  18937.890    54.862020   3.308451  13.833645    1054.636 1
153.257376  -7.534133   0.045745  0.000150  13714.006    44.968869   3.319940  13.881681   -3876.147 1
152.650417  -7.801544   0.054651  0.000150  16383.958    44.968869   3.322291  13.891512   -1356.001 1
157.634812  -9.918830   0.064942  0.000150  19469.122    44.968869   3.324866  13.902281    1556.062 1
157.005391  -8.623504   0.064728  0.000150  19404.966    44.968869   3.328601  13.917898    1495.506 1
151.087766  -9.738575   0.056569  0.000150  16958.960    44.968869   3.332163  13.932790    -813.261 1
157.353804 -12.240973   0.073331  0.000150  21984.081    44.968869   3.347629  13.997459    3929.912 1
151.067984  -9.733072   0.055222  0.000150  16555.139    44.968869   3.352365  14.017262   -1194.424 1
157.556770  -9.466222   0.054314  0.000150  16282.928    44.968869   3.384796  14.152864   -1451.362 1
157.410837 -12.227480   0.060112  0.000150  18021.124    44.968869   3.391114  14.179283     189.308 1
151.215843  -9.238179   0.045391  0.000150  13607.879    44.968869   3.392009  14.183025   -3976.319 1
151.705362  -8.486736   0.067280  0.000150  20170.037    44.968869   3.392969  14.187039    2217.650 1
153.380889  -7.417100   0.053220  0.000150  15954.955    44.968869   3.395290  14.196745   -1760.933 1
151.160378  -9.339822   0.047026  0.000083  14098.040    24.882774   3.400139  14.217021   -3513.660 1
