326.995040 -45.991881   0.058087  0.000150  17414.045    44.968869   0.016467   0.068347    -428.073 0
326.964183 -46.030111   0.060000  0.000333  17987.547    99.830889   0.027519   0.114220     113.172 0
327.040032 -46.070950   0.063527  0.000133  19044.915    39.872397   0.077324   0.320945    1111.065 1
327.034375 -46.088722   0.061389  0.000360  18403.959    99.990000   0.091234   0.378680     506.161 0
327.119000 -46.048000   0.062302  0.000333  18677.670    99.830889   0.104778   0.434894     764.476 0
327.109192 -46.062334   0.063627  0.000183  19074.895    54.862020   0.105600   0.438307    1139.358 1
327.043292 -46.110111   0.060298  0.000150  18076.886    44.968869   0.113340   0.470434     197.485 0
327.178509 -45.963031   0.061936  0.000133  18567.946    39.872397   0.143374   0.595093     660.924 0
327.194347 -46.057109   0.065048  0.000150  19500.900    44.968869   0.156821   0.650906    1541.402 1
327.060416 -45.839269   0.060168  0.000150  18037.913    44.968869   0.174879   0.725858     160.704 0
327.221083 -46.067965   0.063250  0.000133  18961.873    39.872397   0.177983   0.738744    1032.694 0
327.054976 -45.831077   0.058480  0.000150  17531.863    44.968869   0.181572   0.753639    -316.881 0
326.962000 -45.712000   0.058978  0.000333  17681.160    99.830889   0.293585   1.218565    -175.982 1
327.222718 -45.749159   0.061950  0.000183  18572.143    54.862020   0.306147   1.270707     664.885 1
326.864403 -45.607863   0.059044  0.000150  17700.946    44.968869   0.405621   1.683586    -157.309 1
326.841611 -45.588475   0.059761  0.000150  17915.897    44.968869   0.427943   1.776236      45.552 1
327.427656 -45.673087   0.057056  0.000150  17104.958    44.968869   0.454413   1.886104    -719.774 1
327.054280 -45.546679   0.059501  0.000150  17837.951    44.968869   0.461397   1.915092     -28.010 1
326.398750 -46.273500   0.058591  0.000150  17565.140    44.968869   0.485437   2.014871    -285.476 1
327.622333 -46.318194   0.057720  0.000150  17304.021    44.968869   0.544236   2.258928    -531.908 1
326.423582 -45.600005   0.057023  0.000150  17095.065    44.968869   0.560620   2.326930    -729.110 1
326.084000 -46.280611   0.061019  0.000150  18293.036    44.968869   0.681339   2.827990     401.477 1
327.601917 -46.598694   0.061112  0.000150  18320.917    44.968869   0.733478   3.044402     427.790 1
328.017937 -45.710038   0.060285  0.000150  18072.988    44.968869   0.778245   3.230213     193.807 1
328.038648 -45.729122   0.062997  0.000150  18886.025    44.968869   0.784656   3.256822     961.113 1
328.106167 -46.214417   0.062240  0.000150  18659.083    44.968869   0.808856   3.357269     746.935 1
328.115950 -45.792360   0.060742  0.000150  18209.993    44.968869   0.816401   3.388583     323.106 1
325.912994 -45.633603   0.048060  0.000150  14408.026    44.968869   0.829892   3.444582   -3265.010 1
327.820542 -46.636083   0.059858  0.000150  17944.977    44.968869   0.858926   3.565089      72.996 1
327.386628 -45.190394   0.059901  0.000150  17957.868    44.968869   0.862159   3.578510      85.162 1
327.928958 -46.566972   0.059708  0.000150  17900.008    44.968869   0.865337   3.591702      30.556 1
326.988367 -45.130113   0.060695  0.000150  18195.903    44.968869   0.875181   3.632559     309.808 1
325.844370 -45.571383   0.046479  0.000183  13934.054    54.862020   0.901029   3.739844   -3712.322 1
328.227375 -46.310972   0.057670  0.000150  17289.031    44.968869   0.917938   3.810027    -546.055 1
326.663187 -45.065938   0.062503  0.000150  18737.928    44.968869   0.964974   4.005255     821.345 1
325.816640 -45.470177   0.057100  0.000333  17118.149    99.830889   0.969903   4.025717    -707.325 1
325.803208 -45.468778   0.058227  0.000150  17456.015    44.968869   0.978465   4.061252    -388.463 1
326.110054 -45.171883   0.064441  0.000150  19318.926    44.968869   1.029920   4.274826    1369.663 1
325.497794 -45.964666   0.059795  0.000150  17926.090    44.968869   1.031204   4.280153      55.171 1
325.491403 -46.010754   0.058897  0.000150  17656.876    44.968869   1.034857   4.295317    -198.900 1
326.062714 -45.175943   0.071443  0.000150  21418.073    44.968869   1.046357   4.343048    3350.738 1
328.513417 -46.117389   0.057803  0.000150  17328.903    44.968869   1.070113   4.441650    -508.425 1
327.077208 -47.104611   0.059078  0.000150  17711.139    44.968869   1.101349   4.571301    -147.689 1
328.413625 -46.509361   0.059161  0.000133  17736.022    39.872397   1.115322   4.629295    -124.206 1
327.679672 -45.000648   0.048127  0.000150  14428.112    44.968869   1.115625   4.630554   -3246.054 1
327.031125 -47.162333   0.059478  0.000183  17831.056    54.862020   1.157571   4.804659     -34.517 1
325.716792 -46.764111   0.050478  0.000183  15132.924    54.862020   1.160697   4.817631   -2580.886 1
328.648425 -45.884631   0.057543  0.000150  17250.957    44.968869   1.164268   4.832453    -581.987 1
325.344500 -46.275806   0.058067  0.000183  17408.049    54.862020   1.168624   4.850534    -433.731 1
325.748333 -46.820694   0.058430  0.000150  17516.873    44.968869   1.182493   4.908098    -331.028 1
328.620583 -46.423333   0.059327  0.000297  17785.787    89.038360   1.212978   5.034633     -77.240 1
325.802458 -46.982639   0.049287  0.000150  14775.871    44.968869   1.275007   5.292090   -2917.855 1
328.808083 -46.256000   0.058584  0.000213  17563.041    63.855794   1.293429   5.368556    -287.457 1
327.443261 -44.724434   0.073928  0.000300  22163.057    89.937737   1.320434   5.480641    4053.819 1
328.763498 -45.411632   0.053714  0.000150  16103.052    44.968869   1.372911   5.698456   -1665.325 1
326.216710 -44.737375   0.071200  0.000333  21345.223    99.830889   1.374626   5.705575    3281.986 1
328.708543 -45.309124   0.061583  0.000150  18462.119    44.968869   1.387101   5.757355     561.050 1
328.472948 -45.082866   0.061893  0.000150  18555.055    44.968869   1.387221   5.757850     648.758 1
328.588958 -46.941778   0.054041  0.000150  16201.084    44.968869   1.457407   6.049167   -1572.807 1
324.881783 -45.914402   0.066926  0.000150  20063.910    44.968869   1.461109   6.064534    2072.744 1
325.510792 -47.067694   0.072754  0.000133  21811.100    39.872397   1.473747   6.116991    3721.659 1
326.718345 -44.517845   0.072944  0.000187  21868.061    56.061190   1.498604   6.220160    3775.416 1
328.030417 -47.355028   0.063050  0.000150  18901.914    44.968869   1.533909   6.366699     976.108 1
328.897333 -46.782583   0.053963  0.000297  16177.700    89.038360   1.541255   6.397189   -1594.876 1
326.970019 -44.437456   0.063460  0.000070  19024.829    20.985472   1.567843   6.507549    1092.109 1
329.245833 -46.157111   0.062760  0.000150  18814.975    44.968869   1.580265   6.559108     894.058 1
326.781653 -44.430431   0.045180  0.001120  13544.623    99.990000   1.580940   6.561909   -4079.848 1
327.253653 -44.433850   0.061680  0.000030  18491.199     8.993774   1.582779   6.569542     588.494 1
326.900247 -47.587086   0.057490  0.000150  17235.068    44.968869   1.582807   6.569656    -596.982 1
326.798742 -44.421527   0.059220  0.000020  17753.709     5.995849   1.588819   6.594611    -107.513 1
327.310244 -44.425064   0.075050  0.000040  22499.424    11.991698   1.596653   6.627126    4371.266 1
329.266417 -46.210694   0.060327  0.000297  18085.580    89.038360   1.600489   6.643047     205.690 1
329.188118 -45.542737   0.058200  0.000834  17447.921    99.990000   1.601132   6.645719    -396.102 1
328.772250 -47.025778   0.053032  0.000297  15898.594    89.038360   1.609028   6.678491   -1858.283 1
328.552208 -47.198222   0.053874  0.000297  16151.019    89.038360   1.616712   6.710386   -1620.056 1
328.647583 -47.146056   0.056012  0.000297  16791.975    89.038360   1.625109   6.745237   -1015.152 1
327.103781 -44.379235   0.061090  0.000030  18314.321     8.993774   1.628270   6.758360     421.565 1
329.308381 -45.804676   0.060158  0.000150  18034.915    44.968869   1.628800   6.760559     157.875 1
326.419659 -44.394129   0.065710  0.000230  19699.362    68.952265   1.657701   6.880516    1728.701 1
327.692072 -44.418399   0.061039  0.000150  18299.032    44.968869   1.661913   6.897998     407.136 1
327.195833 -47.664194   0.059798  0.000183  17926.989    54.862020   1.665596   6.913283      56.020 1
327.206995 -44.346776   0.061620  0.000020  18473.211     5.995849   1.665899   6.914543     571.518 1
326.909986 -44.329588   0.061560  0.000020  18455.224     5.995849   1.676423   6.958224     554.542 1
326.820887 -44.327753   0.048430  0.000090  14518.949    26.981321   1.681221   6.978140   -3160.326 1
327.808917 -44.421389   0.064164  0.000150  19235.883    44.968869   1.684993   6.993796    1291.292 1
326.772042 -44.317751   0.062870  0.000050  18847.952    14.989623   1.693775   7.030244     925.181 1
326.749633 -44.317361   0.060880  0.000050  18251.365    14.989623   1.695569   7.037693     362.150 1
326.458284 -44.345754   0.063550  0.000160  19051.811    47.966793   1.698817   7.051175    1117.573 1
327.194032 -44.306263   0.063050  0.000050  18901.914    14.989623   1.705433   7.078632     976.108 1
326.380429 -44.344253   0.070405  0.000100  21106.888    29.979246   1.712652   7.108598    3057.057 1
326.399668 -44.334699   0.056330  0.000130  16887.309    38.973020   1.718730   7.133824    -925.181 1
326.431391 -44.315857   0.071360  0.000050  21393.190    14.989623   1.732058   7.189144    3327.255 1
326.502061 -44.295274   0.055580  0.000040  16662.465    11.991698   1.742099   7.230820   -1137.378 1
328.328356 -44.514246   0.061320  0.000090  18383.274    26.981321   1.760308   7.306399     486.639 1
329.299250 -46.717194   0.074079  0.000297  22208.325    89.038360   1.760428   7.306898    4096.541 1
327.060688 -44.235398   0.060990  0.000020  18284.342     5.995849   1.770742   7.349706     393.272 1
326.691592 -44.244518   0.058490  0.000030  17534.861     8.993774   1.772220   7.355844    -314.052 1
327.224202 -44.239247   0.061230  0.000110  18356.292    32.977170   1.774077   7.363548     461.176 1
329.400573 -45.413704   0.061242  0.000150  18359.890    44.968869   1.781524   7.394458     464.571 1
327.021756 -44.222581   0.063150  0.000040  18931.894    11.991698   1.782921   7.400258    1004.401 1
327.298937 -44.226323   0.066470  0.000030  19927.205     8.993774   1.792589   7.440389    1943.728 1
327.022177 -44.207775   0.061700  0.000333  18497.195    99.830889   1.797730   7.461724     594.153 1
326.609967 -44.221400   0.062623  0.000163  18773.903    48.866171   1.802426   7.481216     855.297 1
327.081871 -44.202750   0.059850  0.000080  17942.579    23.983397   1.803884   7.487269      70.732 1
326.365784 -44.248995   0.063290  0.000060  18973.865    17.987547   1.807567   7.502554    1044.011 1
326.843816 -44.197874   0.063190  0.000030  18943.885     8.993774   1.809926   7.512345    1015.718 1
327.263069 -44.196132   0.060110  0.000160  18020.525    47.966793   1.819706   7.552941     144.294 1
327.052235 -44.181953   0.062510  0.000070  18740.027    20.985472   1.823993   7.570735     823.326 1
327.328868 -44.188897   0.062830  0.000060  18835.960    17.987547   1.832360   7.605462     913.863 1
328.463890 -44.478269   0.071490  0.000210  21432.163    62.956416   1.841819   7.644724    3364.036 1
327.020745 -44.161749   0.062120  0.000070  18623.107    20.985472   1.843735   7.652675     712.983 1
327.129413 -44.161905   0.062550  0.000170  18752.018    50.964718   1.846245   7.663094     834.643 1
328.438029 -44.452579   0.071710  0.000070  21498.117    20.985472   1.853306   7.692399    3426.280 1
325.098964 -44.690562   0.066052  0.000150  19801.891    44.968869   1.854144   7.695880    1825.463 1
325.186919 -44.625829   0.065439  0.000150  19618.119    44.968869   1.859095   7.716431    1652.027 1
327.090903 -44.147623   0.065152  0.000057  19532.078    17.088170   1.859217   7.716937    1570.826 1
326.894110 -44.146751   0.060595  0.000103  18165.924    30.878623   1.859515   7.718170     281.515 1
325.176651 -44.620092   0.065800  0.000333  19726.344    99.830889   1.868134   7.753948    1754.165 1
326.918681 -44.134918   0.061410  0.000080  18410.255    23.983397   1.870867   7.765290     512.103 1
327.144757 -44.133698   0.060050  0.000170  18002.537    50.964718   1.875024   7.782546     127.318 1
326.044401 -44.246492   0.065110  0.000060  19519.487    17.987547   1.875311   7.783735    1558.943 1
326.358421 -44.179514   0.062090  0.000040  18614.114    11.991698   1.876321   7.787928     704.495 1
326.254154 -44.197492   0.062590  0.000150  18764.010    44.968869   1.877010   7.790786     845.960 1
325.099208 -47.352356   0.073037  0.000183  21895.942    54.862020   1.877109   7.791199    3801.728 1
326.918722 -44.125622   0.062150  0.000160  18632.101    47.966793   1.880160   7.803862     721.471 1
327.086702 -44.121365   0.061836  0.000070  18537.966    20.985472   1.885338   7.825355     632.631 1
326.265921 -44.186560   0.071790  0.000150  21522.101    44.968869   1.885370   7.825488    3448.915 1
324.638239 -45.053332   0.066409  0.000150  19908.917    44.968869   1.885412   7.825661    1926.469 1
324.819036 -44.862989   0.066259  0.000150  19863.948    44.968869   1.886908   7.831872    1884.030 1
326.432159 -44.153762   0.067730  0.000053  20304.943    15.889000   1.890393   7.846336    2300.220 1
325.832225 -44.290235   0.065400  0.000333  19606.427    99.830889   1.891655   7.851575    1640.993 1
327.099124 -44.114481   0.062643  0.000053  18779.899    15.889000   1.892571   7.855374     860.956 1
327.339903 -44.128516   0.062750  0.000010  18811.977     2.997925   1.893225   7.858088     891.229 1
325.801166 -44.295293   0.066282  0.000354  19870.844    99.990000   1.896296   7.870836    1890.537 1
325.276686 -44.516977   0.056322  0.000150  16884.911    44.968869   1.901805   7.893704    -927.444 1
326.955349 -44.101578   0.065489  0.000030  19633.108     8.993774   1.903787   7.901930    1666.174 1
328.353175 -44.350130   0.062270  0.000210  18668.076    62.956416   1.909864   7.927153     755.423 1
326.764654 -44.101022   0.060932  0.000147  18266.954    44.069491   1.910192   7.928515     376.863 1
327.125161 -44.092617   0.060990  0.000060  18284.342    17.987547   1.915273   7.949603     393.272 1
325.732601 -44.295871   0.066072  0.000097  19807.887    29.079868   1.916847   7.956138    1831.122 1
325.292303 -44.489290   0.055000  0.000333  16488.585    99.830889   1.916892   7.956322   -1301.477 1
329.662250 -46.460556   0.053708  0.000213  16101.253    63.855794   1.917040   7.956940   -1667.023 1
327.278774 -44.097259   0.062040  0.000060  18599.124    17.987547   1.919179   7.965817     690.349 1
326.435433 -44.120808   0.066412  0.000043  19909.817    12.891076   1.922231   7.978484    1927.318 1
327.075607 -44.083663   0.061332  0.000073  18386.871    21.884849   1.922734   7.980572     490.034 1
327.031956 -44.076863   0.062693  0.000297  18794.889    89.038360   1.928738   8.005494     875.102 1
326.494889 -44.105346   0.065368  0.000107  19596.833    32.077793   1.929735   8.009631    1631.939 1
326.696895 -44.084272   0.062350  0.000070  18692.060    20.985472   1.931136   8.015444     778.057 1
326.635451 -44.087040   0.061690  0.000050  18494.197    14.989623   1.933220   8.024094     591.323 1
326.120880 -44.165324   0.065420  0.000530  19612.423    99.990000   1.934575   8.029718    1646.652 1
325.134279 -44.557124   0.064892  0.000150  19454.132    44.968869   1.934679   8.030152    1497.265 1
327.201473 -44.073816   0.060950  0.000070  18272.350    20.985472   1.937511   8.041906     381.955 1
326.391590 -44.111465   0.063970  0.000060  19177.724    17.987547   1.937599   8.042272    1236.403 1
327.217310 -44.070826   0.061606  0.000077  18469.014    23.084019   1.941390   8.058005     567.557 1
325.136415 -44.534149   0.053000  0.000333  15889.000    99.830889   1.950961   8.097733   -1867.337 1
326.935887 -44.051947   0.060670  0.000100  18188.408    29.979246   1.953587   8.108632     302.735 1
325.176144 -47.504084   0.075112  0.000150  22518.011    44.968869   1.954092   8.110728    4388.808 1
327.112205 -44.050142   0.064530  0.000030  19345.607     8.993774   1.957252   8.123845    1394.844 1
326.817585 -44.048356   0.066290  0.000050  19873.242    14.989623   1.960224   8.136177    1892.801 1
327.253536 -44.051293   0.063030  0.000020  18895.919     5.995849   1.963118   8.148190     970.449 1
326.438405 -44.077808   0.061530  0.000050  18446.230    14.989623   1.964007   8.151882     546.055 1
326.436517 -44.065935   0.063731  0.000030  19106.073     8.993774   1.975911   8.201292    1168.783 1
326.103129 -44.125478   0.071590  0.000040  21462.142    11.991698   1.976281   8.202825    3392.329 1
327.432674 -44.053768   0.052120  0.000070  15625.183    20.985472   1.976540   8.203902   -2116.315 1
326.463240 -44.061216   0.063060  0.000070  18904.912    20.985472   1.977081   8.206147     978.937 1
329.634699 -45.286799   0.053881  0.000150  16153.117    44.968869   1.978150   8.210582   -1618.076 1
326.997371 -44.024364   0.056160  0.000030  16836.344     8.993774   1.980948   8.222195    -973.279 1
326.845278 -44.026063   0.061640  0.000030  18479.207     8.993774   1.981469   8.224361     577.177 1
326.568445 -47.966444   0.059284  0.000183  17772.896    54.862020   1.982015   8.226625     -89.406 1
328.402698 -44.283208   0.071610  0.000210  21468.138    62.956416   1.985027   8.239127    3397.987 1
326.943375 -44.019306   0.062483  0.000100  18731.932    29.979246   1.986148   8.243781     815.687 1
326.447711 -44.053281   0.062690  0.000137  18793.989    41.071567   1.986868   8.246768     874.253 1
329.598562 -45.198242   0.062363  0.000150  18695.957    44.968869   1.989040   8.255782     781.735 1
326.850103 -44.017763   0.061796  0.000050  18525.975    14.989623   1.989604   8.258124     621.314 1
326.914375 -44.015528   0.061940  0.000070  18569.145    20.985472   1.990294   8.260990     662.056 1
326.827598 -44.015827   0.060420  0.000140  18113.460    41.970944   1.992314   8.269373     232.002 1
326.657416 -44.025645   0.060920  0.000060  18263.357    17.987547   1.992374   8.269620     373.467 1
327.006042 -44.012192   0.064310  0.000070  19279.653    20.985472   1.993162   8.272894    1332.600 1
327.075064 -44.011994   0.063520  0.000130  19042.817    38.973020   1.994351   8.277826    1109.085 1
329.546814 -45.103736   0.049017  0.000150  14694.927    44.968869   1.997086   8.289181   -2994.246 1
326.649119 -44.020325   0.063310  0.000140  18979.861    41.970944   1.998317   8.294288    1049.670 1
327.156599 -44.004344   0.064290  0.000140  19273.657    41.970944   2.004639   8.320529    1326.941 1
326.750554 -44.005849   0.062290  0.000130  18674.072    38.973020   2.005842   8.325524     761.081 1
326.683631 -44.008399   0.063884  0.000097  19151.941    29.079868   2.007554   8.332627    1212.071 1
326.670966 -44.006640   0.061669  0.000077  18487.901    23.084019   2.010227   8.343725     585.382 1
326.928417 -43.994750   0.062860  0.000070  18844.954    20.985472   2.010865   8.346371     922.351 1
326.434188 -44.028431   0.063674  0.000043  19088.985    12.891076   2.013039   8.355395    1152.656 1
326.557093 -44.012862   0.071230  0.000030  21354.217     8.993774   2.014083   8.359730    3290.474 1
325.316160 -47.655922   0.056202  0.000150  16848.936    44.968869   2.015505   8.365632    -961.396 1
327.076557 -43.986307   0.060880  0.000150  18251.365    44.968869   2.020058   8.384527     362.150 1
326.316764 -44.038505   0.071750  0.000040  21510.109    11.991698   2.020207   8.385146    3437.598 1
327.135561 -43.985495   0.061520  0.000120  18443.232    35.975095   2.022627   8.395189     543.225 1
326.813455 -43.985683   0.063720  0.000170  19102.775    50.964718   2.022958   8.396563    1165.671 1
326.941625 -43.981333   0.058887  0.000097  17653.878    29.079868   2.024134   8.401447    -201.729 1
328.677750 -44.359164   0.075150  0.000210  22529.403    62.956416   2.024414   8.402606    4399.559 1
326.885133 -43.981633   0.059067  0.000057  17707.841    17.088170   2.024748   8.403995    -150.802 1
326.531043 -44.003480   0.065330  0.000040  19585.441    11.991698   2.026079   8.409518    1621.188 1
326.392071 -44.019485   0.064278  0.000077  19270.060    23.084019   2.027527   8.415528    1323.546 1
327.247858 -43.982677   0.059720  0.000060  17903.606    17.987547   2.031062   8.430202      33.952 1
327.274328 -43.984163   0.060770  0.000050  18218.388    14.989623   2.031342   8.431365     331.028 1
326.308803 -44.026945   0.071830  0.000140  21534.092    41.970944   2.032726   8.437110    3460.232 1
326.639673 -43.986163   0.061890  0.000110  18554.155    32.977170   2.033009   8.438285     647.909 1
326.744239 -43.976747   0.057513  0.000020  17241.964     5.995849   2.035203   8.447388    -590.475 1
326.761974 -43.975193   0.061990  0.000090  18584.134    26.981321   2.035793   8.449838     676.202 1
326.814857 -43.972756   0.061770  0.000080  18518.180    23.983397   2.035808   8.449899     613.958 1
327.185920 -43.969332   0.059630  0.000060  17876.624    17.987547   2.040905   8.471056       8.488 1
328.809872 -44.405644   0.062220  0.000050  18653.087    14.989623   2.042569   8.477964     741.276 1
326.743527 -43.966911   0.060699  0.000190  18197.102    56.960567   2.045047   8.488246     310.940 1
326.427658 -43.996001   0.063720  0.000020  19102.775     5.995849   2.045743   8.491136    1165.671 1
326.442145 -43.993898   0.063827  0.000130  19134.853    38.973020   2.045943   8.491966    1195.944 1
326.444477 -43.993451   0.064440  0.000030  19318.626     8.993774   2.046086   8.492562    1369.380 1
327.097505 -43.959452   0.064088  0.000077  19213.099    23.084019   2.047421   8.498101    1269.789 1
326.312566 -44.008709   0.064690  0.000040  19393.574    11.991698   2.049885   8.508328    1440.113 1
327.233173 -43.961847   0.071040  0.000020  21297.256     5.995849   2.050911   8.512587    3236.717 1
325.474147 -44.241481   0.055000  0.000333  16488.585    99.830889   2.051058   8.513196   -1301.477 1
326.844121 -43.952517   0.062470  0.000260  18728.035    77.946039   2.054972   8.529443     812.009 1
327.095794 -43.951214   0.063960  0.000130  19174.726    38.973020   2.055606   8.532075    1233.574 1
326.795475 -43.951474   0.060528  0.000130  18145.838    38.973020   2.057856   8.541414     262.559 1
326.686471 -43.956866   0.062030  0.000210  18596.126    62.956416   2.058622   8.544595     687.520 1
327.046146 -43.946245   0.062697  0.000090  18796.088    26.981321   2.059528   8.548355     876.234 1
326.688445 -43.948952   0.066509  0.000107  19938.897    32.077793   2.066362   8.576718    1954.762 1
326.703032 -43.947268   0.065760  0.000190  19714.352    56.960567   2.067066   8.579640    1742.848 1
326.490150 -43.966280   0.060689  0.000050  18194.104    14.989623   2.067338   8.580768     308.111 1
326.269327 -43.997511   0.064350  0.000010  19291.645     2.997925   2.067769   8.582560    1343.917 1
326.666207 -43.948190   0.060675  0.000123  18189.907    36.874472   2.068697   8.586411     304.150 1
326.464843 -43.967890   0.064110  0.000150  19219.694    44.968869   2.068725   8.586527    1276.014 1
327.109092 -43.936899   0.067193  0.000153  20143.955    45.868246   2.070286   8.593006    2148.286 1
326.845406 -43.935299   0.059631  0.000067  17876.924    20.086095   2.072131   8.600663       8.771 1
326.118872 -44.018943   0.064610  0.000070  19369.591    20.985472   2.074692   8.611292    1417.478 1
326.988719 -43.929689   0.061860  0.000190  18545.161    56.960567   2.075597   8.615052     639.421 1
326.949942 -43.929034   0.061502  0.000027  18437.836     8.094396   2.076360   8.618217     538.133 1
326.554532 -43.949741   0.064490  0.000070  19333.616    20.985472   2.076799   8.620040    1383.527 1
329.973472 -45.983755   0.073767  0.000297  22114.790    89.038360   2.078478   8.627009    4008.267 1
326.875416 -43.926624   0.066230  0.000140  19855.254    41.970944   2.079956   8.633142    1875.825 1
326.600251 -43.940260   0.060080  0.000160  18011.531    47.966793   2.081909   8.641249     135.806 1
326.565061 -43.938956   0.065148  0.000110  19530.879    32.977170   2.086448   8.660091    1569.695 1
326.643617 -43.929825   0.062820  0.000050  18832.962    14.989623   2.088663   8.669284     911.034 1
328.708329 -44.294428   0.062010  0.000080  18590.130    23.983397   2.089515   8.672821     681.861 1
328.064552 -44.055286   0.050992  0.000150  15287.017    44.968869   2.090132   8.675380   -2435.460 1
326.661276 -43.926734   0.063570  0.000050  19057.807    14.989623   2.090395   8.676472    1123.231 1
327.374358 -43.931049   0.056550  0.000020  16953.263     5.995849   2.092125   8.683652    -862.936 1
326.826355 -43.915351   0.058514  0.000093  17542.056    27.880699   2.092697   8.686026    -307.262 1
326.809536 -43.915948   0.062170  0.000010  18638.097     2.997925   2.092734   8.686180     727.130 1
326.695949 -43.920685   0.062867  0.000027  18847.052     8.094396   2.093994   8.691408     924.332 1
326.432439 -43.944633   0.065910  0.000050  19759.321    14.989623   2.095611   8.698120    1785.287 1
326.974242 -43.907446   0.063464  0.000083  19026.029    24.882774   2.097840   8.707372    1093.241 1
326.681000 -43.916000   0.063191  0.000333  18944.185    99.830889   2.099664   8.714942    1016.001 1
326.211845 -43.974711   0.055720  0.000080  16704.436    23.983397   2.099720   8.715177   -1097.768 1
326.980652 -43.904850   0.062440  0.000200  18719.041    59.958492   2.100430   8.718123     803.521 1
326.821339 -43.907388   0.063150  0.000050  18931.894    14.989623   2.100831   8.719786    1004.401 1
326.740833 -43.910000   0.062310  0.000233  18680.068    69.851643   2.101925   8.724326     766.740 1
326.559915 -43.923573   0.060920  0.000060  18263.357    17.987547   2.102179   8.725382     373.467 1
326.683358 -43.913295   0.060595  0.000300  18165.924    89.937737   2.102193   8.725443     281.515 1
328.717836 -44.279190   0.061980  0.000090  18581.137    26.981321   2.105786   8.740353     673.373 1
326.685955 -43.909249   0.061770  0.000060  18518.180    17.987547   2.106043   8.741422     613.958 1
326.929031 -43.898617   0.062630  0.000147  18776.002    44.069491   2.106975   8.745290     857.277 1
326.793969 -43.902284   0.064598  0.000080  19365.993    23.983397   2.107016   8.745459    1414.083 1
326.895658 -43.897448   0.062150  0.000060  18632.101    17.987547   2.108670   8.752326     721.471 1
326.770774 -43.900001   0.062236  0.000063  18657.883    18.886925   2.110349   8.759295     745.803 1
326.935150 -43.895105   0.060612  0.000083  18171.020    24.882774   2.110418   8.759580     286.325 1
326.759000 -43.900111   0.062210  0.000170  18650.089    50.964718   2.110822   8.761257     738.447 1
326.719428 -43.901425   0.064738  0.000107  19407.964    32.077793   2.111701   8.764905    1453.694 1
326.581774 -43.911167   0.063190  0.000040  18943.885    11.991698   2.112417   8.767876    1015.718 1
326.746067 -43.898926   0.062607  0.000087  18769.106    26.081944   2.112680   8.768966     850.770 1
326.685101 -43.901919   0.067580  0.000090  20259.974    26.981321   2.113396   8.771942    2257.780 1
326.129731 -43.975082   0.070380  0.000130  21099.393    38.973020   2.114600   8.776940    3049.984 1
326.870437 -43.889868   0.061810  0.000080  18530.172    23.983397   2.116812   8.786119     625.275 1
328.116725 -44.040621   0.050672  0.000150  15191.083    44.968869   2.117052   8.787115   -2525.998 1
326.595716 -43.903734   0.060110  0.000030  18020.525     8.993774   2.118540   8.793290     144.294 1
326.959301 -43.886084   0.064601  0.000133  19366.893    39.872397   2.119251   8.796242    1414.932 1
330.031506 -45.955532   0.073224  0.000150  21952.003    44.968869   2.119261   8.796282    3854.636 1
327.236176 -43.890133   0.064030  0.000200  19195.711    59.958492   2.122545   8.809915    1253.379 1
326.959803 -43.882587   0.063037  0.000254  18898.017    76.147284   2.122745   8.810746     972.430 1
326.601983 -43.897509   0.067960  0.000150  20373.895    44.968869   2.124171   8.816662    2365.293 1
326.508292 -43.905824   0.063990  0.000110  19183.719    32.977170   2.125004   8.820120    1242.062 1
326.844057 -43.877067   0.062760  0.000060  18814.975    17.987547   2.130346   8.842292     894.058 1
326.829620 -43.875381   0.062717  0.000150  18802.084    44.968869   2.132502   8.851241     881.892 1
327.145803 -43.871540   0.062660  0.000140  18784.995    41.970944   2.136799   8.869076     865.765 1
326.469662 -43.894658   0.064540  0.000070  19348.605    20.985472   2.140327   8.883722    1397.673 1
326.611898 -43.880231   0.064070  0.000040  19207.703    11.991698   2.140480   8.884356    1264.696 1
328.813092 -44.277976   0.062270  0.000070  18668.076    20.985472   2.145348   8.904563     755.423 1
326.319428 -43.904541   0.062530  0.000120  18746.022    35.975095   2.150449   8.925734     828.984 1
326.317703 -43.903165   0.062140  0.000180  18629.103    53.962642   2.152050   8.932377     718.642 1
326.932475 -43.853339   0.066879  0.000083  20049.820    24.882774   2.152208   8.933034    2059.446 1
329.894332 -45.270396   0.062840  0.000150  18838.958    44.968869   2.152717   8.935146     916.693 1
326.376088 -43.893713   0.063697  0.000100  19095.880    29.979246   2.153000   8.936321    1159.164 1
326.903531 -43.847359   0.060912  0.000040  18260.958    11.991698   2.158596   8.959550     371.204 1
326.843651 -43.846110   0.067580  0.000080  20259.974    23.983397   2.161285   8.970708    2257.780 1
326.759562 -43.846547   0.060690  0.000100  18194.404    29.979246   2.164218   8.982885     308.394 1
326.797897 -43.844387   0.061160  0.000100  18335.307    29.979246   2.164643   8.984648     441.371 1
326.737898 -43.844899   0.065078  0.000324  19509.894    97.132756   2.166984   8.994365    1549.890 1
330.066077 -46.358050   0.053568  0.000297  16059.282    89.038360   2.171535   9.013254   -1706.633 1
326.458727 -43.862002   0.064778  0.000093  19419.956    27.880699   2.173792   9.022622    1465.011 1
326.616724 -43.845430   0.060570  0.000130  18158.429    38.973020   2.174641   9.026147     274.442 1
326.610340 -43.845704   0.064120  0.000020  19222.692     5.995849   2.174890   9.027179    1278.843 1
326.583379 -43.847060   0.062340  0.000233  18689.062    69.851643   2.175843   9.031134     775.228 1
326.638062 -43.841921   0.058090  0.000070  17414.944    20.985472   2.176453   9.033668    -427.224 1
326.684699 -43.833984   0.061590  0.000120  18464.217    35.975095   2.181045   9.052727     563.030 1
326.650278 -43.834547   0.061330  0.000260  18386.271    77.946039   2.182873   9.060314     489.469 1
326.867788 -43.823669   0.051130  0.000080  15328.388    23.983397   2.183034   9.060984   -2396.416 1
324.103333 -46.886111   0.050291  0.000150  15076.863    44.968869   2.184446   9.066844   -2633.794 1
326.350072 -43.864409   0.064320  0.000060  19282.651    17.987547   2.185301   9.070391    1335.429 1
329.815642 -46.966840   0.064658  0.000297  19383.981    89.038360   2.191012   9.094094    1431.059 1
329.724570 -47.089325   0.060249  0.000297  18062.196    89.038360   2.192262   9.099285     183.621 1
326.746744 -43.815627   0.065890  0.000110  19753.325    32.977170   2.195704   9.113569    1779.629 1
326.586426 -43.824359   0.063350  0.000040  18991.852    11.991698   2.198097   9.123502    1060.987 1
324.074083 -46.880361   0.049351  0.000150  14795.058    44.968869   2.200761   9.134559   -2899.748 1
326.860934 -43.803654   0.060920  0.000110  18263.357    32.977170   2.203212   9.144733     373.467 1
326.986670 -43.801004   0.061986  0.000030  18582.935     8.993774   2.204279   9.149164     675.071 1
326.692595 -43.809874   0.062453  0.000047  18722.938    14.090246   2.204543   9.150258     807.199 1
326.296513 -43.852367   0.063560  0.000060  19054.809    17.987547   2.204824   9.151425    1120.402 1
327.087710 -43.795704   0.060640  0.000050  18179.415    14.989623   2.210813   9.176282     294.247 1
323.798458 -46.083333   0.068070  0.000150  20406.873    44.968869   2.212126   9.181735    2396.416 1
325.587561 -44.013339   0.067707  0.000150  20298.048    44.968869   2.214713   9.192471    2293.712 1
326.499208 -43.814691   0.062190  0.000130  18644.093    38.973020   2.216030   9.197939     732.788 1
326.653226 -43.792666   0.065120  0.000140  19522.485    41.970944   2.224315   9.232324    1561.773 1
329.588421 -47.297877   0.054640  0.000333  16380.660    99.830889   2.224908   9.234785   -1403.332 1
329.589606 -47.299375   0.054641  0.000150  16380.960    44.968869   2.226448   9.241178   -1403.049 1
326.098127 -43.864897   0.064140  0.000160  19228.688    47.966793   2.226549   9.241597    1284.501 1
326.750520 -48.226392   0.055198  0.000834  16547.944    99.990000   2.226887   9.243000   -1245.457 1
326.506157 -43.797030   0.062480  0.000080  18731.033    23.983397   2.232772   9.267426     814.838 1
325.058766 -44.207696   0.071293  0.000150  21373.104    44.968869   2.239300   9.294523    3308.299 1
328.708218 -44.103090   0.075190  0.000050  22541.395    14.989623   2.248822   9.334046    4410.876 1
326.252707 -43.811105   0.057770  0.000320  17319.010    95.933587   2.251774   9.346299    -517.762 1
326.634720 -43.753552   0.060845  0.000030  18240.872     8.993774   2.264557   9.399354     352.248 1
326.710007 -43.747044   0.059580  0.000170  17861.635    50.964718   2.266082   9.405685      -5.659 1
326.503934 -43.758167   0.062840  0.000050  18838.958    14.989623   2.271440   9.427924     916.693 1
326.218315 -43.792643   0.064840  0.000110  19438.543    32.977170   2.275213   9.443584    1482.552 1
326.182898 -43.795245   0.062340  0.000080  18689.062    23.983397   2.278544   9.457412     775.228 1
324.598427 -44.437470   0.071259  0.000150  21362.911    44.968869   2.279775   9.462519    3298.679 1
328.842208 -47.884861   0.050768  0.000150  15219.864    44.968869   2.281149   9.468220   -2498.836 1
326.711390 -43.731424   0.062070  0.000270  18608.118    80.943964   2.281569   9.469967     698.837 1
327.444331 -43.741605   0.061582  0.000170  18461.819    50.964718   2.286412   9.490067     560.767 1
328.877748 -44.135326   0.055650  0.000330  16683.450    98.931511   2.287350   9.493959   -1117.573 1
326.865487 -43.716838   0.064920  0.000040  19462.526    11.991698   2.289854   9.504355    1505.187 1
327.325733 -43.727627   0.061970  0.000040  18578.139    11.991698   2.290186   9.505732     670.544 1
326.284347 -43.763696   0.062110  0.000100  18620.110    29.979246   2.293256   9.518474     710.154 1
327.445750 -43.729907   0.067336  0.000100  20186.825    29.979246   2.298133   9.538715    2188.745 1
326.451019 -43.735117   0.062863  0.000087  18845.853    26.081944   2.299845   9.545821     923.200 1
326.779833 -43.705222   0.061820  0.000070  18533.170    20.985472   2.304309   9.564352     628.104 1
327.113164 -43.702736   0.061260  0.000120  18365.286    35.975095   2.304366   9.564588     469.664 1
330.298458 -45.910944   0.060286  0.000213  18073.288    63.855794   2.306030   9.571493     194.090 1
324.131328 -44.818095   0.047000  0.000100  14090.246    29.979246   2.308243   9.580681   -3564.916 1
327.066505 -43.691751   0.071190  0.000030  21342.225     8.993774   2.314287   9.605764    3279.157 1
328.672159 -44.000921   0.062290  0.000050  18674.072    14.989623   2.323116   9.642414     761.081 1
326.423088 -43.712022   0.068104  0.000447  20417.066    99.990000   2.325800   9.653552    2406.035 1
328.881336 -44.088095   0.062670  0.000210  18787.993    62.956416   2.327533   9.660747     868.595 1
326.044987 -43.768766   0.069180  0.000060  20739.642    17.987547   2.329146   9.667440    2710.468 1
327.392042 -43.692806   0.056520  0.000050  16944.270    14.989623   2.330010   9.671027    -871.424 1
326.729809 -43.681792   0.064628  0.000100  19374.987    29.979246   2.330043   9.671164    1422.571 1
326.781747 -43.677912   0.059390  0.000070  17804.674    20.985472   2.331490   9.677170     -59.415 1
326.358370 -43.710547   0.069450  0.000080  20820.586    23.983397   2.335164   9.692418    2786.859 1
326.917327 -43.665321   0.060910  0.000020  18260.359     5.995849   2.340380   9.714070     370.638 1
326.415149 -43.689440   0.064410  0.000160  19309.632    47.966793   2.348986   9.749788    1360.893 1
327.102649 -43.648382   0.062316  0.000090  18681.867    26.981321   2.358406   9.788887     768.437 1
327.095012 -43.646609   0.062620  0.000110  18773.004    32.977170   2.359994   9.795479     854.448 1
326.820913 -43.647095   0.061390  0.000180  18404.259    53.962642   2.360814   9.798881     506.444 1
327.050059 -43.636073   0.066009  0.000043  19789.000    12.891076   2.369689   9.835719    1813.297 1
326.916496 -43.634971   0.054270  0.000010  16269.737     2.997925   2.370736   9.840065   -1508.016 1
326.214151 -43.687464   0.061540  0.000100  18449.228    29.979246   2.378272   9.871343     548.884 1
323.744375 -46.781361   0.049861  0.000150  14947.952    44.968869   2.378491   9.872254   -2755.454 1
326.397035 -43.656066   0.063560  0.000100  19054.809    29.979246   2.384005   9.895139    1120.402 1
326.968359 -43.617226   0.061959  0.000083  18574.841    24.882774   2.388071   9.912016     667.431 1
326.614165 -43.630241   0.062660  0.000070  18784.995    20.985472   2.388687   9.914573     865.765 1
330.420583 -46.007944   0.073422  0.000213  22011.362    63.855794   2.388928   9.915573    3910.656 1
326.164954 -43.682885   0.069670  0.000060  20886.541    17.987547   2.390608   9.922547    2849.103 1
323.916420 -44.904860   0.071259  0.000150  21362.911    44.968869   2.396408   9.946620    3298.679 1
327.047619 -43.603990   0.061450  0.000030  18422.247     8.993774   2.401732   9.968720     523.420 1
326.427605 -43.632135   0.069575  0.000033  20858.060     9.893151   2.404102   9.978556    2822.225 1
327.158701 -43.600999   0.061270  0.000070  18368.284    20.985472   2.407438   9.992402     472.493 1
327.095005 -43.599058   0.063550  0.000040  19051.811    11.991698   2.407519   9.992737    1117.573 1
325.036680 -44.001762   0.055108  0.000150  16520.963    44.968869   2.416288  10.029135   -1270.921 1
323.699708 -45.179550   0.066216  0.000150  19851.057    44.968869   2.424298  10.062382    1871.864 1
326.151096 -48.375768   0.067824  0.000150  20333.124    44.968869   2.439613  10.125948    2326.815 1
324.117417 -47.422472   0.069621  0.000150  20871.851    44.968869   2.442409  10.137553    2835.240 1
330.155988 -47.056277   0.058149  0.000297  17432.632    89.038360   2.442794  10.139151    -410.531 1
326.954409 -43.550883   0.061930  0.000070  18566.147    20.985472   2.454468  10.187606     659.227 1
329.409847 -44.186093   0.049064  0.000150  14709.017    44.968869   2.480926  10.297426   -2980.949 1
326.659576 -43.526664   0.071010  0.000090  21288.262    26.981321   2.488667  10.329553    3228.229 1
326.768972 -43.519234   0.071460  0.000130  21423.169    38.973020   2.490415  10.336810    3355.548 1
323.703786 -44.995468   0.067447  0.000150  20220.102    44.968869   2.490423  10.336842    2220.150 1
326.401263 -43.537332   0.070870  0.000080  21246.291    23.983397   2.500613  10.379137    3188.619 1
327.010348 -43.504125   0.058480  0.000110  17531.863    32.977170   2.501237  10.381726    -316.881 1
326.541826 -43.518038   0.065080  0.000540  19510.493    99.990000   2.505900  10.401083    1550.456 1
326.355297 -43.520001   0.070240  0.000050  21057.422    14.989623   2.523025  10.472160    3010.373 1
323.553625 -45.164611   0.066266  0.000150  19866.047    44.968869   2.524871  10.479822    1886.010 1
323.644894 -44.998933   0.064755  0.000150  19413.061    44.968869   2.526487  10.486533    1458.503 1
330.603190 -45.761113   0.062370  0.000150  18698.056    44.968869   2.527585  10.491088     783.716 1
323.621427 -45.001409   0.066759  0.000133  20013.845    39.872397   2.540467  10.544559    2025.495 1
323.674035 -44.906711   0.067080  0.000150  20110.078    44.968869   2.546341  10.568939    2116.315 1
330.551060 -45.404693   0.060100  0.000333  18017.527    99.830889   2.551254  10.589330     141.465 1
325.585851 -43.645057   0.069855  0.000497  20942.002    99.990000   2.551486  10.590291    2901.446 1
325.095585 -43.800319   0.066192  0.000150  19843.862    44.968869   2.564637  10.644878    1865.074 1
326.669251 -43.446186   0.071830  0.000060  21534.092    17.987547   2.568254  10.659891    3460.232 1
326.255924 -43.486536   0.055420  0.000050  16614.498    14.989623   2.568637  10.661483   -1182.647 1
330.679346 -45.871715   0.072954  0.000150  21871.059    44.968869   2.572131  10.675985    3778.245 1
326.654428 -43.440499   0.062350  0.000090  18692.060    26.981321   2.574808  10.687095     778.057 1
326.642757 -43.439473   0.071970  0.000060  21576.063    17.987547   2.576557  10.694355    3499.842 1
327.481126 -43.451532   0.064528  0.000197  19345.008    59.059114   2.577242  10.697199    1394.278 1
323.302708 -46.377889   0.072493  0.000150  21732.855    44.968869   2.582119  10.717439    3647.814 1
329.657333 -47.801722   0.057458  0.000297  17225.475    89.038360   2.585007  10.729428    -606.036 1
326.329427 -48.565791   0.060058  0.000150  18004.935    44.968869   2.600232  10.792620     129.582 1
327.090993 -43.401281   0.070520  0.000130  21141.364    38.973020   2.605114  10.812884    3089.594 1
326.800650 -43.398976   0.061660  0.000050  18485.203    14.989623   2.609321  10.830347     582.835 1
327.173154 -43.393823   0.073840  0.000030  22136.675     8.993774   2.614856  10.853320    4028.921 1
329.871333 -47.697306   0.057399  0.000297  17207.787    89.038360   2.625394  10.897059    -622.729 1
327.160948 -43.379843   0.073890  0.000020  22151.665     5.995849   2.628402  10.909543    4043.067 1
323.594042 -47.179194   0.049861  0.000150  14947.952    44.968869   2.629341  10.913441   -2755.454 1
323.634422 -44.759956   0.066239  0.000150  19857.953    44.968869   2.637234  10.946201    1878.371 1
329.842833 -47.739528   0.057600  0.000297  17268.046    89.038360   2.637854  10.948775    -565.860 1
329.748000 -47.815444   0.058033  0.000133  17397.856    39.872397   2.640045  10.957870    -443.351 1
326.898559 -43.362140   0.072680  0.000040  21788.916    11.991698   2.643764  10.973306    3700.722 1
323.335718 -45.219138   0.067176  0.000150  20138.858    44.968869   2.651391  11.004964    2143.476 1
326.878982 -43.343598   0.072620  0.000020  21770.928     5.995849   2.662630  11.051611    3683.747 1
329.748792 -47.853083   0.055485  0.000297  16633.985    89.038360   2.666390  11.067218   -1164.256 1
327.020728 -43.334277   0.073270  0.000020  21965.793     5.995849   2.671144  11.086949    3867.651 1
323.290623 -45.241950   0.066082  0.000150  19810.885    44.968869   2.674722  11.101802    1833.951 1
326.215296 -43.382049   0.070090  0.000050  21012.453    14.989623   2.676640  11.109760    2967.934 1
330.832709 -45.824433   0.065000  0.000333  19486.510    99.830889   2.681292  11.129069    1527.821 1
330.172544 -44.488001   0.061980  0.000150  18581.137    44.968869   2.686193  11.149411     673.373 1
323.610292 -47.326111   0.050562  0.000150  15158.106    44.968869   2.688303  11.158170   -2557.120 1
330.202167 -47.536861   0.058501  0.000297  17538.159    89.038360   2.711250  11.253416    -310.940 1
329.860083 -47.844639   0.057233  0.000213  17158.022    63.855794   2.716923  11.276963    -669.695 1
330.228875 -47.525583   0.058424  0.000297  17515.075    89.038360   2.720259  11.290808    -332.725 1
325.082402 -48.402177   0.056289  0.000183  16875.018    54.862020   2.735817  11.355385    -936.781 1
326.507732 -43.279477   0.070305  0.000107  21076.909    32.077793   2.745575  11.395887    3028.764 1
327.030222 -43.248132   0.071022  0.000133  21291.860    39.872397   2.757358  11.444792    3231.625 1
330.550357 -47.212463   0.074339  0.000297  22286.272    89.038360   2.757365  11.444822    4170.103 1
326.023393 -43.324210   0.055041  0.000077  16500.877    23.084019   2.762390  11.465677   -1289.877 1
330.070042 -47.811778   0.055105  0.000150  16520.063    44.968869   2.804704  11.641308   -1271.770 1
326.054322 -43.274838   0.056102  0.000327  16818.956    98.032134   2.805325  11.643887    -989.689 1
326.030700 -43.274897   0.054788  0.000177  16425.029    53.063265   2.809079  11.659467   -1361.458 1
323.092192 -45.231054   0.058167  0.000150  17438.028    44.968869   2.810077  11.663610    -405.438 1
330.255708 -47.659306   0.074714  0.000213  22398.694    63.855794   2.812245  11.672610    4276.202 1
330.910043 -46.709439   0.076665  0.000297  22983.589    89.038360   2.818287  11.697688    4828.198 1
326.007559 -43.263507   0.055475  0.000264  16630.987    79.145209   2.823957  11.721222   -1167.086 1
326.823735 -43.165219   0.071820  0.000133  21531.094    39.872397   2.842168  11.796808    3457.403 1
322.958373 -45.323309   0.066960  0.000150  20074.103    44.968869   2.876283  11.938407    2082.364 1
330.422292 -47.609444   0.057669  0.000213  17288.731    63.855794   2.878539  11.947770    -546.338 1
322.968000 -46.983806   0.067897  0.000183  20355.009    54.862020   2.954337  12.262381    2347.469 1
327.700833 -48.932639   0.054208  0.000150  16251.150    44.968869   2.969721  12.326233   -1525.558 1
330.600443 -44.415728   0.056719  0.000150  17003.928    44.968869   2.974247  12.345021    -815.121 1
329.095606 -43.407241   0.050428  0.000150  15117.934    44.968869   2.984395  12.387143   -2595.032 1
325.898977 -43.097113   0.062140  0.000150  18629.103    44.968869   3.003757  12.467506     718.642 1
330.526730 -44.229800   0.048400  0.000333  14509.955    99.830889   3.035951  12.601133   -3168.814 1
322.838618 -45.035845   0.066820  0.000150  20032.132    44.968869   3.036363  12.602842    2042.753 1
324.844167 -48.706139   0.055752  0.000150  16714.029    44.968869   3.081900  12.791848   -1088.714 1
330.821042 -47.592194   0.077202  0.000213  23144.577    63.855794   3.103486  12.881443    4980.131 1
324.835583 -48.752194   0.076099  0.000183  22813.906    54.862020   3.125178  12.971482    4668.059 1
322.469833 -46.155833   0.077143  0.000183  23126.890    54.862020   3.137216  13.021446    4963.438 1
327.750514 -42.902803   0.070092  0.000150  21013.053    44.968869   3.148152  13.066836    2968.500 1
328.009557 -42.938018   0.069558  0.000150  20852.964    44.968869   3.149325  13.071704    2817.415 1
331.513319 -46.223041   0.055405  0.000150  16610.001    44.968869   3.155455  13.097150   -1186.891 1
323.122417 -47.678917   0.075879  0.000150  22747.952    44.968869   3.159934  13.115742    4605.815 1
328.220563 -42.954929   0.068988  0.000150  20682.082    44.968869   3.169485  13.155383    2656.145 1
330.647691 -44.106229   0.074700  0.000333  22394.497    99.830889   3.176782  13.185669    4272.241 1
326.641224 -42.836665   0.070816  0.000150  21230.103    44.968869   3.177405  13.188257    3173.341 1
330.429420 -43.905675   0.072133  0.000150  21624.929    44.968869   3.185071  13.220073    3545.960 1
322.561125 -46.901667   0.058430  0.000150  17516.873    44.968869   3.198372  13.275280    -331.028 1
330.665796 -44.084236   0.074235  0.000150  22255.093    44.968869   3.200026  13.282148    4140.678 1
330.754504 -44.163789   0.054521  0.000150  16344.985    44.968869   3.203127  13.295019   -1437.001 1
331.607965 -46.199708   0.055318  0.000150  16583.919    44.968869   3.219549  13.363179   -1211.506 1
330.926859 -44.309117   0.074965  0.000150  22473.942    44.968869   3.223004  13.377522    4347.217 1
330.950499 -44.332113   0.074700  0.000333  22394.497    99.830889   3.224988  13.385755    4272.241 1
328.387083 -49.082472   0.061889  0.000150  18553.855    44.968869   3.228407  13.399946     647.626 1
330.969042 -47.685444   0.055742  0.000150  16711.031    44.968869   3.239629  13.446525   -1091.543 1
322.928292 -47.612111   0.075399  0.000150  22604.052    44.968869   3.241455  13.454103    4470.009 1
324.637583 -48.838361   0.075699  0.000150  22693.989    44.968869   3.267477  13.562111    4554.887 1
330.604385 -43.907892   0.075315  0.000150  22578.869    44.968869   3.276016  13.597554    4446.242 1
322.463208 -45.043833   0.066596  0.000150  19964.979    44.968869   3.282179  13.623134    1979.377 1
331.704708 -46.185500   0.055462  0.000150  16627.089    44.968869   3.285816  13.638229   -1170.764 1
327.972176 -42.790175   0.071590  0.000150  21462.142    44.968869   3.287953  13.647099    3392.329 1
331.232167 -47.528833   0.058117  0.000150  17423.038    44.968869   3.322549  13.790697    -419.585 1
324.997886 -42.978908   0.064158  0.000150  19234.085    44.968869   3.325178  13.801607    1289.594 1
325.602860 -42.815567   0.063110  0.000133  18919.902    39.872397   3.330305  13.822889     993.084 1
322.806917 -44.351750   0.048567  0.000150  14560.020    44.968869   3.337823  13.854092   -3121.565 1
326.738625 -49.349250   0.056919  0.000150  17063.887    44.968869   3.348214  13.897223    -758.535 1
326.445273 -42.670909   0.055919  0.000150  16764.094    44.968869   3.355090  13.925763   -1041.465 1
327.553542 -49.338861   0.065228  0.000150  19554.862    44.968869   3.357197  13.934506    1592.329 1
330.130546 -43.441110   0.075436  0.000150  22615.144    44.968869   3.370458  13.989550    4480.477 1
327.961063 -42.683059   0.063587  0.000150  19062.903    44.968869   3.391212  14.075691    1128.041 1
325.933833 -49.329250   0.068507  0.000150  20537.882    44.968869   3.402658  14.123200    2520.056 1
327.616529 -42.627906   0.070866  0.000150  21245.092    44.968869   3.406077  14.137389    3187.488 1
328.541980 -42.766851   0.061583  0.000150  18462.119    44.968869   3.415057  14.174664     561.050 1
329.277792 -49.047306   0.075786  0.000150  22720.071    44.968869   3.434885  14.256962    4579.502 1
