 54.620941 -35.450657   0.004753  0.000013   1424.914     3.897302   0.004474   0.001546      45.658 0
 54.627816 -35.462719   0.004670  0.000377   1400.031    99.990000   0.017199   0.005944      20.889 0
 54.619500 -35.479750   0.004870  0.000257   1459.989    77.046662   0.031531   0.010896      80.573 0
 54.654125 -35.428944   0.004410  0.000290   1322.085    86.939813   0.036439   0.012592     -56.700 0
 54.653583 -35.469306   0.004553  0.000187   1364.955    56.061190   0.036945   0.012767     -14.026 0
 54.606960 -35.488869   0.004226  0.000337   1266.923    99.990000   0.041239   0.014251    -111.609 0
 54.667625 -35.450861   0.003625  0.000128   1086.748    38.373435   0.041929   0.014489    -290.959 0
 54.566875 -35.469444   0.005879  0.000367   1762.480    99.990000   0.045428   0.015699     381.679 0
 54.565083 -35.473333   0.005533  0.000140   1658.752    41.970944   0.048606   0.016797     278.426 0
 54.611292 -35.502000   0.004920  0.000240   1474.979    71.950190   0.053822   0.018599      95.494 0
 54.672292 -35.479611   0.005753  0.000087   1724.706    26.081944   0.055342   0.019125     344.078 0
 54.620708 -35.382194   0.005517  0.000230   1653.955    68.952265   0.066236   0.022889     273.651 0
 54.656583 -35.505944   0.004604  0.000413   1380.244    99.990000   0.066325   0.022920       1.194 0
 54.673458 -35.395694   0.005993  0.000299   1796.656    89.637945   0.070303   0.024295     415.699 0
 54.569458 -35.507750   0.007055  0.000083   2115.036    24.882774   0.070596   0.024396     732.620 0
 54.703583 -35.462194   0.006074  0.000500   1820.939    99.990000   0.072483   0.025048     439.871 0
 54.658539 -35.380801   0.004207  0.000316   1261.227    94.734417   0.075809   0.026198    -117.279 0
 54.709500 -35.471489   0.009967  0.000284   2988.031    85.141058   0.079417   0.027444    1601.619 1
 54.738195 -35.476284   0.004199  0.000115   1258.829    34.476133   0.103199   0.035663    -119.666 0
 54.493221 -35.492819   0.005651  0.000250   1694.127    74.948115   0.109655   0.037894     313.639 0
 54.689516 -35.545299   0.015210  0.000284   4559.843    85.141058   0.113865   0.039349    3166.233 1
 54.706191 -35.538143   0.010044  0.000284   3011.115    85.141058   0.115909   0.040055    1624.597 1
 54.698649 -35.547835   0.018012  0.000284   5399.862    85.141058   0.120029   0.041479    4002.405 1
 54.538935 -35.344146   0.009503  0.000284   2848.928    85.141058   0.121743   0.042071    1463.152 1
 54.688917 -35.341278   0.006633  0.000456   1988.523    99.990000   0.122329   0.042274     606.687 0
 54.463665 -35.458031   0.005011  0.000347   1502.260    99.990000   0.124680   0.043086     122.651 0
 54.586790 -35.574088   0.005084  0.000103   1524.145    30.878623   0.128027   0.044243     144.435 0
 54.771375 -35.387111   0.005326  0.000236   1596.695    70.751020   0.140419   0.048525     216.653 0
 54.683748 -35.317124   0.004293  0.000220   1287.009    65.954341   0.142262   0.049162     -91.615 0
 54.716321 -35.594162   0.006494  0.000013   1946.852     3.897302   0.167071   0.057736     565.207 0
 54.589535 -35.259686   0.007755  0.000050   2324.891    14.989623   0.189895   0.065623     941.514 0
 54.689326 -35.266322   0.006102  0.000349   1829.334    99.990000   0.191496   0.066176     448.226 0
 54.538425 -35.637169   0.003999  0.000080   1198.870    23.983397   0.199197   0.068838    -179.350 0
 54.574937 -35.251677   0.004306  0.000037   1290.906    11.092321   0.199512   0.068946     -87.735 0
 54.409371 -35.339045   0.006838  0.000053   2049.981    15.889000   0.200863   0.069413     667.863 0
 54.864085 -35.489046   0.003802  0.000254   1139.811    76.147284   0.205961   0.071175    -238.139 0
 54.597590 -35.664797   0.002525  0.000070    756.976    20.985472   0.217000   0.074990    -619.221 0
 54.598969 -35.230410   0.005460  0.000047   1636.867    14.090246   0.218374   0.075465     256.641 0
 54.510425 -35.687634   0.003112  0.000173    932.954    51.864095   0.254359   0.087900    -444.049 0
 54.290042 -35.508056   0.002122  0.000291    636.160    87.239605   0.272371   0.094124    -739.484 0
 54.243750 -35.495972   0.004600  0.000063   1379.045    18.886925   0.307170   0.106150       0.000 0
 54.237612 -35.506541   0.004343  0.000040   1301.999    11.991698   0.313898   0.108475     -76.694 0
 54.249241 -35.343216   0.006821  0.000478   2044.884    99.990000   0.316919   0.109519     662.790 0
 54.580154 -35.129144   0.004737  0.000067   1420.117    20.086095   0.320538   0.110770      40.884 0
 54.155252 -35.385883   0.004541  0.000110   1361.358    32.977170   0.380703   0.131561     -17.607 0
 55.041236 -35.612917   0.006752  0.000030   2024.199     8.993774   0.383341   0.132473     642.199 0
 54.766168 -35.082062   0.004795  0.000490   1437.505    99.990000   0.386093   0.133424      58.192 0
 55.038750 -35.624444   0.006764  0.000003   2027.796     0.899377   0.386626   0.133608     645.780 0
 54.137837 -35.525345   0.005000  0.000333   1498.962    99.830889   0.397270   0.137287     119.368 0
 54.131886 -35.295197   0.005751  0.000030   1724.106     8.993774   0.423255   0.146266     343.481 0
 55.065292 -35.662728   0.003800  0.000336   1139.211    99.990000   0.424006   0.146526    -238.736 0
 54.183333 -35.142500   0.004757  0.000333   1426.113    99.830889   0.466807   0.161317      46.852 0
 54.016509 -35.441262   0.004416  0.000007   1323.883     2.098547   0.488623   0.168856     -54.909 0
 54.198812 -35.809342   0.004530  0.000037   1358.060    11.092321   0.495955   0.171390     -20.889 0
 54.894769 -35.895653   0.005097  0.000247   1528.042    74.048737   0.501576   0.173332     148.315 0
 55.141083 -35.022611   0.007262  0.000107   2177.093    32.077793   0.603353   0.208504     794.393 0
 54.114870 -34.975968   0.006261  0.000040   1877.001    11.991698   0.624461   0.215798     495.675 0
 55.154405 -34.977758   0.006041  0.000530   1811.046    99.990000   0.643144   0.222254     430.023 0
 54.192500 -35.999284   0.002895  0.000017    867.899     5.096472   0.650166   0.224681    -508.806 0
 53.819950 -35.265537   0.002468  0.000020    739.888     5.995849   0.673959   0.232903    -636.231 0
 55.386869 -35.193629   0.006925  0.000037   2076.063    11.092321   0.677477   0.234119     693.826 0
 53.819075 -35.226268   0.004316  0.000007   1293.904     2.098547   0.686327   0.237177     -84.751 0
 55.005272 -34.758515   0.003419  0.000170   1024.990    50.964718   0.759130   0.262336    -352.434 0
 53.746657 -35.170981   0.004450  0.000007   1334.076     2.098547   0.760762   0.262900     -44.763 0
 53.799167 -35.070833   0.004797  0.000333   1438.104    99.830889   0.765222   0.264441      58.789 0
 55.572068 -35.540642   0.003579  0.000254   1072.957    76.147284   0.784099   0.270965    -304.687 0
 54.259208 -36.176806   0.005584  0.000333   1674.041    99.830889   0.784396   0.271067     293.645 0
 54.197879 -34.739607   0.005207  0.000020   1561.019     5.995849   0.786414   0.271765     181.141 0
 55.580937 -35.392623   0.004630  0.000010   1388.039     2.997925   0.787843   0.272259       8.953 0
 53.714356 -35.734001   0.004566  0.000227   1368.852    68.052888   0.788301   0.272417     -10.146 0
 55.399306 -35.916073   0.005434  0.000190   1629.072    56.960567   0.791018   0.273356     248.882 0
 53.622881 -35.546448   0.004019  0.000003   1204.866     0.899377   0.815164   0.281700    -173.382 0
 55.385833 -34.888333   0.005751  0.000020   1724.106     5.995849   0.840619   0.290497     343.481 0
 55.594947 -35.154143   0.005470  0.000027   1639.865     8.094396   0.849829   0.293679     259.625 0
 53.430833 -35.859167   0.005137  0.000013   1540.034     3.897302   1.049446   0.362662     160.251 0
 53.850334 -36.363776   0.006718  0.000080   2014.006    23.983397   1.107858   0.382848     632.053 0
 53.288607 -35.718629   0.005671  0.000013   1700.123     3.897302   1.114814   0.385252     319.608 0
 53.241911 -35.529678   0.016842  0.000150   5049.105    44.968869   1.122541   0.387922    3653.254 1
 55.112596 -36.498881   0.004490  0.000150   1346.068    44.968869   1.125678   0.389006     -32.826 0
 53.879488 -34.447018   0.005400  0.000020   1618.879     5.995849   1.167416   0.403429     238.736 0
 55.569185 -34.532206   0.006531  0.000300   1957.945    89.937737   1.200800   0.414966     576.248 0
 53.401548 -36.140402   0.005457  0.000003   1635.967     0.899377   1.207543   0.417296     255.746 0
 53.303077 -36.017401   0.004957  0.000150   1486.071    44.968869   1.211706   0.418735     106.536 0
 53.376000 -36.158750   0.005934  0.000150   1778.968    44.968869   1.235118   0.426825     398.092 0
 55.759140 -36.273374   0.002955  0.000010    885.887     2.997925   1.244001   0.429895    -490.900 0
 53.278542 -34.808111   0.004631  0.000011   1388.339     3.297717   1.263896   0.436771       9.251 0
 56.137250 -35.195778   0.002318  0.000107    694.919    32.077793   1.264542   0.436994    -680.994 0
 56.300593 -35.570906   0.002680  0.000003    803.444     0.899377   1.377595   0.476062    -572.966 0
 56.264885 -35.972591   0.003406  0.000057   1021.093    17.088170   1.441739   0.498229    -356.313 0
 52.750572 -35.469187   0.005984  0.000150   1793.958    44.968869   1.519997   0.525273     413.013 0
 53.392593 -36.605914   0.002959  0.000020    887.086     5.995849   1.527641   0.527914    -489.707 0
 52.692542 -35.549417   0.005033  0.000220   1508.855    65.954341   1.570384   0.542685     129.216 0
 56.579208 -34.943556   0.006434  0.000007   1928.865     2.098547   1.676879   0.579487     547.302 0
 52.645652 -34.853935   0.005050  0.000011   1513.952     3.297717   1.711834   0.591567     134.289 0
 56.439158 -36.346530   0.002955  0.000017    885.887     5.096472   1.735518   0.599751    -490.900 0
 56.478542 -36.356972   0.004995  0.000011   1497.463     3.297717   1.768392   0.611112     117.876 0
 52.203075 -35.178406   0.004513  0.000007   1352.963     2.098547   1.984311   0.685728     -25.963 0
 53.391056 -33.573132   0.004583  0.000023   1373.949     6.895227   2.124277   0.734097      -5.073 0
 53.584797 -33.426489   0.004613  0.000333   1382.943    99.830889   2.189493   0.756634       3.879 0
 53.870201 -33.332048   0.006715  0.000333   2013.106    99.830889   2.201823   0.760894     631.158 0
 54.137937 -33.274487   0.004156  0.000333   1245.937    99.830889   2.208489   0.763198    -132.498 0
 57.028953 -36.701873   0.017159  0.000027   5144.139     8.094396   2.331199   0.805604    3747.853 1
 52.783833 -33.628639   0.006354  0.000011   1904.881     3.297717   2.353636   0.813357     523.428 0
 54.979485 -33.053055   0.002362  0.000057    708.110    17.088170   2.413483   0.834039    -667.863 0
 51.634080 -35.713513   0.004730  0.000010   1418.018     2.997925   2.443822   0.844523      38.795 0
 56.770042 -33.709861   0.003602  0.000010   1079.852     2.997925   2.469973   0.853560    -297.823 0
 52.216610 -33.846271   0.006771  0.000333   2029.895    99.830889   2.527448   0.873422     647.869 0
 54.531097 -38.092924   0.004837  0.000333   1450.096    99.830889   2.645504   0.914219      70.725 0
 51.993485 -37.149984   0.006258  0.000010   1876.101     2.997925   2.731431   0.943914     494.780 0
 51.334782 -36.384954   0.003332  0.000003    998.908     0.899377   2.832547   0.978857    -378.396 0
 51.303833 -36.369528   0.003589  0.000150   1075.955    44.968869   2.851332   0.985349    -301.702 0
 51.285405 -36.363949   0.006108  0.000003   1831.132     0.899377   2.863755   0.989641     450.017 0
 51.788203 -37.152815   0.004483  0.000150   1343.970    44.968869   2.865822   0.990356     -34.915 0
 53.739153 -32.639798   0.005901  0.000017   1769.075     5.096472   2.897997   1.001475     388.244 0
 53.813814 -32.552375   0.005000  0.000333   1498.962    99.830889   2.968817   1.025948     119.368 0
 51.819208 -33.486361   0.005430  0.000013   1627.873     3.897302   3.006866   1.039097     247.688 0
 51.283333 -36.926250   0.005530  0.000333   1657.852    99.830889   3.091301   1.068276     277.530 0
 51.267374 -36.927621   0.006004  0.000003   1799.954     0.899377   3.103380   1.072450     418.981 0
 50.984761 -36.464500   0.004537  0.000005   1360.158     1.498962   3.128010   1.080961     -18.800 0
 52.923835 -32.567629   0.003342  0.000150   1001.906    44.968869   3.193630   1.103638    -375.412 0
 58.514244 -36.063653   0.004633  0.000017   1388.938     5.096472   3.234525   1.117770       9.848 0
 58.618584 -35.967143   0.004610  0.000011   1382.043     3.297717   3.301476   1.140907       2.984 0
 50.564572 -35.626676   0.013786  0.000150   4132.939    44.968869   3.305469   1.142287    2741.284 1
 58.003914 -33.467653   0.005251  0.000011   1574.210     3.297717   3.396933   1.173894     194.271 0
 50.232540 -35.595668   0.013713  0.000047   4111.054    14.090246   3.574179   1.235146    2719.499 1
 50.300097 -36.265710   0.006021  0.000333   1805.050    99.830889   3.609863   1.247478     424.054 0
 50.975880 -37.509174   0.004687  0.000017   1405.127     5.096472   3.611341   1.247988      25.963 0
 50.975042 -37.512472   0.004657  0.000150   1396.133    44.968869   3.613784   1.248833      17.010 0
 58.943966 -36.261934   0.005797  0.000150   1737.897    44.968869   3.618188   1.250354     357.208 0
 56.892167 -38.576528   0.003293  0.000011    987.217     3.297717   3.636362   1.256635    -390.035 0
 50.688167 -37.191667   0.006464  0.000150   1937.858    44.968869   3.644040   1.259288     556.254 0
 50.673958 -37.173972   0.006274  0.000150   1880.898    44.968869   3.645800   1.259896     499.555 0
 52.829599 -32.053238   0.005304  0.000040   1590.099    11.991698   3.693922   1.276526     210.087 0
 52.027257 -32.286079   0.004643  0.000010   1391.936     2.997925   3.801067   1.313553      12.832 0
 50.594555 -37.398232   0.004693  0.000150   1406.926    44.968869   3.812584   1.317533      27.753 0
 52.668162 -31.934003   0.005357  0.000150   1605.988    44.968869   3.856038   1.332549     225.904 0
 57.472257 -32.259094   0.003853  0.000060   1155.100    17.987547   3.947703   1.364227    -222.920 0
 51.644845 -32.314464   0.004386  0.000183   1314.890    54.862020   3.959865   1.368429     -63.862 0
 50.520000 -37.587500   0.005422  0.000023   1625.475     6.895227   3.963758   1.369775     245.301 0
 50.228582 -33.715966   0.013833  0.000017   4147.029     5.096472   3.972048   1.372640    2755.309 1
 59.554653 -35.446411   0.015181  0.000150   4551.149    44.968869   4.023015   1.390253    3157.579 1
 54.847083 -31.321417   0.003585  0.000011   1074.756     3.297717   4.131195   1.427637    -302.896 0
 53.473693 -31.194148   0.004106  0.000063   1230.948    18.886925   4.354813   1.504914    -147.419 0
 52.883210 -31.328714   0.003919  0.000333   1174.887    99.830889   4.354816   1.504914    -203.224 0
 49.220053 -35.540534   0.005227  0.000005   1567.015     1.498962   4.396919   1.519464     187.109 0
 58.644406 -38.378891   0.017175  0.000027   5148.935     8.094396   4.399589   1.520387    3752.628 1
 60.221667 -35.237667   0.015097  0.000150   4525.967    44.968869   4.571247   1.579708    3132.512 1
 56.028189 -39.879957   0.015457  0.000297   4633.892    89.038360   4.578463   1.582201    3239.943 1
 54.029900 -40.133988   0.013119  0.000277   3932.977    83.042511   4.709942   1.627637    2542.238 1
 49.854061 -32.649454   0.005841  0.000010   1751.088     2.997925   4.783717   1.653132     370.339 0
 49.471311 -33.058312   0.015324  0.000150   4594.020    44.968869   4.824822   1.667337    3200.253 1
 49.893902 -32.465017   0.004813  0.000005   1442.901     1.498962   4.868226   1.682336      63.563 0
 49.377043 -37.843819   0.003323  0.000031    996.210     9.293566   4.894356   1.691366    -381.082 0
 48.927004 -33.541885   0.015144  0.000030   4540.057     8.993774   5.011467   1.731837    3146.538 1
 49.304898 -32.575876   0.015137  0.000013   4537.958     3.897302   5.193504   1.794744    3144.449 1
 51.314458 -39.897064   0.014274  0.000029   4279.238     8.693981   5.198662   1.796526    2886.912 1
 55.705769 -40.598933   0.014827  0.000150   4445.023    44.968869   5.226517   1.806153    3051.939 1
 55.706757 -40.600242   0.015000  0.000333   4496.887    99.830889   5.227944   1.806646    3103.565 1
 61.105500 -36.180500   0.004689  0.000011   1405.727     3.297717   5.336857   1.844283      26.559 0
 61.171484 -34.965461   0.007809  0.000150   2341.079    44.968869   5.361935   1.852949     957.629 1
 50.736833 -31.058250   0.014648  0.000297   4391.360    89.038360   5.409293   1.869315    2998.521 1
 56.647409 -40.648364   0.004130  0.000100   1238.143    29.979246   5.456946   1.885783    -140.257 0
 61.197071 -33.935477   0.004059  0.000150   1216.858    44.968869   5.570365   1.924978    -161.445 0
 55.547792 -29.893333   0.005043  0.000007   1511.853     2.098547   5.606592   1.937497     132.200 0
 55.592902 -29.888909   0.005037  0.000333   1510.055    99.830889   5.616064   1.940770     130.409 0
 58.860354 -39.886609   0.004987  0.000233   1495.065    69.851643   5.626013   1.944208     115.488 0
 61.334804 -36.816867   0.002750  0.000030    824.429     8.993774   5.641698   1.949629    -552.076 0
 55.611542 -41.144861   0.004923  0.000133   1475.878    39.872397   5.753944   1.988418      96.390 0
 58.768995 -40.296043   0.019707  0.000150   5908.010    44.968869   5.911423   2.042839    4508.227 1
 52.002292 -29.922694   0.010456  0.000297   3134.630    89.038360   5.921751   2.046408    1747.546 1
 47.206833 -35.235833   0.014837  0.000150   4448.021    44.968869   6.039738   2.087181    3054.923 1
 47.206370 -35.235921   0.014903  0.000029   4467.807     8.693981   6.040112   2.087310    3074.618 1
 53.202417 -29.496389   0.003469  0.000213   1039.980    63.855794   6.062356   2.094997    -337.513 0
 47.639717 -33.141914   0.003769  0.000333   1129.918    99.830889   6.133521   2.119590    -247.987 0
 47.601471 -33.156172   0.003740  0.000011   1121.224     3.297717   6.157080   2.127731    -256.641 0
 62.190008 -35.389692   0.004769  0.000040   1429.710    11.991698   6.170156   2.132250      50.433 0
 55.179711 -29.293349   0.018046  0.000600   5410.055    99.990000   6.172073   2.132913    4012.552 1
 49.063583 -31.209472   0.003715  0.000213   1113.729    63.855794   6.199131   2.142263    -264.101 0
 47.281502 -33.680096   0.016461  0.000150   4934.884    44.968869   6.231317   2.153386    3539.556 1
 58.969077 -40.684404   0.002642  0.000031    792.052     9.293566   6.323801   2.185346    -584.306 1
 60.173375 -30.831000   0.004970  0.000013   1489.969     3.897302   6.466368   2.234614     110.415 0
 55.076250 -28.949111   0.013689  0.000150   4103.859    44.968869   6.510013   2.249696    2712.337 1
 53.412958 -28.957278   0.005842  0.000213   1751.388    63.855794   6.564651   2.268578     370.637 0
 49.236194 -30.507730   0.016660  0.000297   4994.542    89.038360   6.604429   2.282324    3598.942 1
 62.739460 -35.831125   0.002831  0.000021    848.712     6.295642   6.628545   2.290658    -527.904 0
 47.979583 -31.610833   0.013539  0.000333   4058.890    99.830889   6.629969   2.291150    2667.574 1
 51.963042 -29.140889   0.003562  0.000213   1067.861    63.855794   6.667495   2.304118    -309.760 0
 48.774179 -30.712745   0.014692  0.000213   4404.551    63.855794   6.713832   2.320131    3011.652 1
 48.753332 -30.707987   0.015474  0.000020   4638.988     5.995849   6.729232   2.325453    3245.016 1
 49.497417 -30.124222   0.016845  0.000150   5050.004    44.968869   6.762768   2.337042    3654.150 1
 55.109407 -28.676585   0.018036  0.000330   5407.057    98.931511   6.783652   2.344259    4009.567 1
 49.468583 -30.097583   0.016445  0.000213   4930.087    63.855794   6.798224   2.349295    3534.782 1
 47.872417 -31.382222   0.005201  0.000023   1559.221     6.895227   6.834833   2.361946     179.350 0
 52.460870 -28.800290   0.020528  0.000333   6154.140    99.830889   6.876007   2.376174    4753.229 1
 47.421931 -31.693128   0.013666  0.000043   4096.964    12.891076   6.960617   2.405414    2705.473 1
 47.420917 -31.649889   0.013026  0.000213   3905.097    63.855794   6.984732   2.413747    2514.485 1
 53.222316 -42.394749   0.014754  0.000150   4423.138    44.968869   7.038623   2.432371    3030.154 1
 63.243950 -34.488075   0.010921  0.000150   3274.033    44.968869   7.093753   2.451422    1886.311 1
 49.327445 -41.108065   0.002799  0.000006    839.119     1.798755   7.113050   2.458091    -537.454 0
 53.219310 -28.414500   0.021276  0.000333   6378.384    99.830889   7.125294   2.462322    4976.447 1
 52.251330 -28.585880   0.020680  0.000333   6199.708    99.830889   7.127751   2.463171    4798.589 1
 62.860167 -32.857507   0.003630  0.000213   1088.247    63.855794   7.198232   2.487527    -289.467 0
 53.012667 -28.358583   0.004526  0.000150   1356.861    44.968869   7.209094   2.491281     -22.083 0
 55.322162 -28.258159   0.011838  0.000290   3548.943    86.939813   7.213131   2.492676    2159.962 1
 49.148407 -41.123471   0.002805  0.000333    840.918    99.830889   7.214442   2.493129    -535.663 0
 47.491727 -31.139846   0.015781  0.000150   4731.025    44.968869   7.228309   2.497921    3336.631 1
 45.731961 -35.510610   0.014960  0.000030   4484.895     8.993774   7.237755   2.501186    3091.628 1
 58.088393 -42.140084   0.005617  0.000183   1683.934    54.862020   7.265000   2.510601     303.493 0
 53.397302 -42.674951   0.014507  0.000150   4349.089    44.968869   7.294526   2.520804    2956.444 1
 63.007357 -32.861715   0.003619  0.000333   1084.949    99.830889   7.308739   2.525716    -292.750 0
 63.018042 -32.874222   0.003468  0.000017   1039.680     5.096472   7.312469   2.527005    -337.811 0
 51.982375 -28.432111   0.013939  0.000297   4178.807    89.038360   7.336973   2.535473    2786.942 1
 63.104738 -32.926303   0.004000  0.000333   1199.170    99.830889   7.360609   2.543641    -179.052 0
 59.704836 -41.591590   0.021305  0.000150   6387.078    44.968869   7.411049   2.561072    4985.102 1
 52.010542 -28.277972   0.006044  0.000150   1811.946    44.968869   7.477963   2.584196     430.918 0
 46.522776 -39.027815   0.020641  0.000333   6188.016    99.830889   7.502251   2.592589    4786.951 1
 52.921376 -42.823394   0.003252  0.000150    974.925    44.968869   7.503195   2.592915    -402.270 0
 46.525076 -39.036185   0.020974  0.000050   6287.847    14.989623   7.504602   2.593401    4886.325 1
 63.104006 -32.501295   0.004146  0.000333   1242.940    99.830889   7.516297   2.597443    -135.483 0
 47.989859 -30.208145   0.016115  0.000297   4831.155    89.038360   7.523243   2.599843    3436.303 1
 46.917792 -39.604611   0.015007  0.000150   4498.985    44.968869   7.523691   2.599998    3105.654 1
 46.816292 -31.402629   0.016014  0.000297   4800.876    89.038360   7.532789   2.603142    3406.163 1
 63.882625 -35.341083   0.014240  0.000150   4269.045    44.968869   7.549511   2.608921    2876.766 1
 45.409076 -36.430504   0.021058  0.000150   6313.030    44.968869   7.564555   2.614119    4911.392 1
 46.122472 -38.602759   0.020938  0.000150   6277.054    44.968869   7.604472   2.627914    4875.582 1
 55.546542 -27.864194   0.013676  0.000002   4099.962     0.599585   7.621906   2.633939    2708.457 1
 55.392792 -27.821972   0.013756  0.000150   4123.945    44.968869   7.652550   2.644528    2732.331 1
 63.013750 -31.983889   0.004310  0.000333   1292.105    99.830889   7.668160   2.649923     -86.542 0
 64.112064 -35.733080   0.014550  0.000150   4361.980    44.968869   7.740898   2.675059    2969.276 1
 46.337917 -39.264167   0.020561  0.000333   6164.033    99.830889   7.748558   2.677706    4763.077 1
 58.942083 -42.368056   0.002829  0.000003    848.113     0.899377   7.765380   2.683519    -528.501 0
 58.946551 -42.368584   0.002939  0.000053    881.090    15.889000   7.767503   2.684253    -495.675 0
 46.078452 -31.920923   0.014322  0.000213   4293.628    63.855794   7.798571   2.694990    2901.237 1
 62.904120 -31.458284   0.011251  0.000254   3372.965    76.147284   7.842503   2.710171    1984.790 1
 45.090426 -36.921189   0.005424  0.000150   1626.074    44.968869   7.898643   2.729572     245.898 0
 55.681082 -43.302343   0.003529  0.000150   1057.968    44.968869   7.901772   2.730653    -319.608 0
 59.810922 -42.273924   0.014870  0.000022   4457.914     6.595434   8.030984   2.775306    3064.771 1
 46.012083 -39.372752   0.020337  0.000150   6096.879    44.968869   8.033132   2.776048    4696.231 1
 64.041368 -33.062486   0.008399  0.000035   2517.957    10.492736   8.040210   2.778494    1133.697 1
 60.465592 -41.941967   0.014807  0.000007   4439.027     2.098547   8.054409   2.783401    3045.970 1
 58.844833 -28.158333   0.005047  0.000017   1513.053     5.096472   8.062908   2.786338     133.394 0
 47.238208 -30.060972   0.013977  0.000213   4190.199    63.855794   8.071494   2.789305    2798.282 1
 45.986023 -39.440451   0.020321  0.000107   6092.083    32.077793   8.084876   2.793929    4691.457 1
 46.009167 -39.490278   0.020334  0.000333   6095.980    99.830889   8.093255   2.796825    4695.336 1
 63.419625 -31.645417   0.004767  0.000060   1429.111    17.987547   8.117486   2.805199      49.836 0
 44.730142 -36.613121   0.020517  0.000033   6150.842     9.893151   8.137404   2.812081    4749.947 1
 54.328875 -43.586340   0.004192  0.000025   1256.730     7.494811   8.141377   2.813454    -121.755 0
 63.222116 -31.308352   0.004627  0.000037   1387.140    11.092321   8.141803   2.813602       8.057 0
 45.170701 -32.729866   0.015302  0.000213   4587.424    63.855794   8.160798   2.820166    3193.688 1
 53.627710 -27.320850   0.003796  0.000183   1138.012    54.862020   8.167279   2.822406    -239.929 0
 44.845143 -37.307549   0.020301  0.000033   6086.087     9.893151   8.174171   2.824787    4685.488 1
 61.940250 -29.858583   0.013780  0.000009   4131.140     2.698132   8.175780   2.825343    2739.493 1
 62.586765 -30.473150   0.019263  0.000170   5774.902    50.964718   8.180015   2.826807    4375.728 1
 49.575542 -28.345000   0.005640  0.000297   1690.829    89.038360   8.204844   2.835387     310.357 0
 46.376667 -40.170361   0.021065  0.000150   6315.128    44.968869   8.206847   2.836079    4913.481 1
 44.657500 -36.698278   0.020898  0.000150   6265.063    44.968869   8.208511   2.836654    4863.645 1
 59.551068 -42.690028   0.021245  0.000150   6369.091    44.968869   8.282714   2.862297    4967.196 1
 44.640817 -33.835727   0.016148  0.000150   4841.049    44.968869   8.284833   2.863029    3446.151 1
 64.654307 -36.838423   0.014550  0.000150   4361.980    44.968869   8.294702   2.866440    2969.276 1
 63.718566 -39.167148   0.012332  0.000213   3697.041    63.855794   8.295379   2.866674    2307.381 1
 45.226375 -32.205333   0.013739  0.000213   4118.849    63.855794   8.308411   2.871177    2727.258 1
 44.454808 -36.717857   0.020828  0.000009   6244.077     2.698132   8.374689   2.894081    4842.755 1
 46.855167 -29.935917   0.004033  0.000213   1209.063    63.855794   8.388114   2.898720    -169.204 0
 44.347962 -34.491336   0.020801  0.000150   6235.983    44.968869   8.419511   2.909571    4834.698 1
 48.214875 -28.834028   0.014003  0.000297   4197.994    89.038360   8.422780   2.910700    2806.041 1
 58.203628 -43.398495   0.004920  0.000189   1474.979    56.660775   8.470280   2.927115      95.494 0
 47.707220 -41.799125   0.004623  0.000150   1385.941    44.968869   8.485934   2.932525       6.864 0
 54.131333 -43.956833   0.004146  0.000013   1242.940     3.897302   8.517668   2.943491    -135.483 0
 54.572563 -43.969994   0.003416  0.000150   1024.091    44.968869   8.521738   2.944898    -353.329 0
 65.031957 -36.685295   0.003863  0.000028   1158.098     8.394189   8.574729   2.963210    -219.935 0
 44.083395 -35.435234   0.014984  0.000150   4492.090    44.968869   8.580483   2.965199    3098.790 1
 62.709417 -29.926472   0.018810  0.000020   5639.096     5.995849   8.599923   2.971916    4240.544 1
 64.858667 -37.582056   0.014407  0.000150   4319.110    44.968869   8.612373   2.976219    2926.602 1
 44.224522 -37.055742   0.019407  0.000150   5818.072    44.968869   8.616760   2.977735    4418.701 1
 54.486974 -44.099102   0.003582  0.000083   1073.857    24.882774   8.651413   2.989710    -303.791 0
 54.686966 -44.100529   0.003279  0.000038    983.019    11.392113   8.652391   2.990048    -394.212 0
 56.793417 -26.945083   0.013830  0.000009   4146.130     2.698132   8.686247   3.001748    2754.414 1
 45.510095 -39.992270   0.020021  0.000150   6002.145    44.968869   8.699281   3.006252    4601.931 1
 46.352750 -29.925444   0.003758  0.000297   1126.620    89.038360   8.707409   3.009061    -251.269 0
 47.351625 -29.050833   0.013323  0.000053   3994.135    15.889000   8.715001   3.011684    2603.115 1
 57.426083 -26.993417   0.005094  0.000009   1527.143     2.698132   8.759285   3.026988     147.419 0
 43.914139 -36.335481   0.005053  0.000150   1514.851    44.968869   8.763376   3.028402     135.184 0
 44.055426 -33.750608   0.020954  0.000150   6281.851    44.968869   8.769168   3.030403    4880.356 1
 54.979583 -44.237222   0.003809  0.000333   1141.909    99.830889   8.793875   3.038941    -236.050 0
 60.810542 -42.697500   0.014493  0.000150   4344.892    44.968869   8.832537   3.052302    2952.266 1
 45.495833 -40.255833   0.020484  0.000150   6140.949    44.968869   8.849559   3.058184    4740.099 1
 49.562042 -27.610333   0.004566  0.000007   1368.852     2.098547   8.853632   3.059592     -10.146 0
 43.707256 -34.982470   0.020965  0.000150   6285.149    44.968869   8.899093   3.075302    4883.639 1
 58.553770 -43.757753   0.003081  0.000020    923.661     5.995849   8.907052   3.078052    -453.300 0
 55.732372 -44.343273   0.004380  0.000110   1313.091    32.977170   8.941293   3.089885     -65.652 0
 52.829583 -26.561778   0.014293  0.000150   4284.934    44.968869   9.004957   3.111886    2892.582 1
 65.354734 -33.249527   0.005214  0.000150   1563.118    44.968869   9.020089   3.117115     183.230 0
 45.187897 -40.234149   0.020644  0.000150   6188.916    44.968869   9.049710   3.127352    4787.846 1
 57.324890 -44.227121   0.004162  0.000034   1247.736    10.192944   9.051856   3.128093    -130.708 0
 44.168818 -32.184581   0.016154  0.000213   4842.847    63.855794   9.115218   3.149990    3447.942 1
 60.325375 -43.331919   0.003209  0.000333    962.034    99.830889   9.153230   3.163125    -415.102 0
 57.108625 -26.521778   0.014870  0.000150   4457.914    44.968869   9.154551   3.163582    3064.771 1
 44.183258 -31.995850   0.016460  0.000213   4934.584    63.855794   9.173586   3.170160    3539.258 1
 63.873167 -40.681494   0.020424  0.000150   6122.961    44.968869   9.178963   3.172018    4722.194 1
 63.892231 -40.662560   0.019507  0.000103   5848.051    30.878623   9.180959   3.172708    4448.543 1
 63.912705 -40.646907   0.020151  0.000150   6041.118    44.968869   9.185824   3.174389    4640.725 1
 52.260375 -26.445306   0.006038  0.000100   1810.147    29.979246   9.205309   3.181123     429.128 0
 49.708824 -27.155909   0.004613  0.000333   1382.943    99.830889   9.205786   3.181287       3.879 0
 61.317875 -28.012667   0.015507  0.000183   4648.882    54.862020   9.224651   3.187807    3254.864 1
 56.149708 -44.630611   0.004627  0.000150   1387.140    44.968869   9.266867   3.202395       8.057 0
 43.273113 -34.725370   0.014984  0.000150   4492.090    44.968869   9.268798   3.203063    3098.790 1
 43.262760 -34.739359   0.015317  0.000150   4591.921    44.968869   9.276127   3.205596    3198.164 1
 56.103833 -44.669111   0.003349  0.000150   1004.005    44.968869   9.300073   3.213871    -373.323 0
 60.849500 -43.269508   0.003254  0.000333    975.525    99.830889   9.324986   3.222480    -401.673 0
 46.867333 -28.573694   0.013024  0.000297   3904.497    89.038360   9.333228   3.225328    2513.888 1
 60.903292 -43.251517   0.003176  0.000333    952.141    99.830889   9.333875   3.225552    -424.950 0
 60.931167 -43.242564   0.003091  0.000333    926.658    99.830889   9.338881   3.227282    -450.315 0
 60.826500 -43.310219   0.003362  0.000333   1007.902    99.830889   9.349005   3.230780    -369.444 0
 60.921000 -43.266000   0.003092  0.000333    926.958    99.830889   9.353899   3.232472    -450.017 0
 60.880083 -43.287967   0.003242  0.000333    971.927    99.830889   9.354041   3.232521    -405.254 0
 43.140794 -34.941720   0.015040  0.000150   4508.879    44.968869   9.362070   3.235295    3115.502 1
 60.854417 -43.311181   0.003309  0.000333    992.013    99.830889   9.362140   3.235319    -385.260 0
 60.846043 -43.321124   0.003289  0.000333    986.017    99.830889   9.366794   3.236928    -391.228 0
 60.840833 -43.323878   0.003294  0.000333    987.516    99.830889   9.366811   3.236933    -389.736 0
 60.909417 -43.291103   0.003155  0.000333    945.845    99.830889   9.369723   3.237940    -431.217 0
 60.828167 -43.343136   0.003344  0.000333   1002.506    99.830889   9.377436   3.240605    -374.815 0
 60.907833 -43.302872   0.003098  0.000333    928.757    99.830889   9.378871   3.241101    -448.226 0
 60.904958 -43.310164   0.003250  0.000333    974.325    99.830889   9.383700   3.242770    -402.867 0
 60.883208 -43.327342   0.003346  0.000333   1003.106    99.830889   9.388450   3.244412    -374.218 0
 60.968500 -43.284331   0.002962  0.000333    887.985    99.830889   9.390493   3.245118    -488.812 0
 60.900250 -43.320786   0.003284  0.000333    984.518    99.830889   9.390510   3.245123    -392.720 0
 60.831000 -43.361056   0.003353  0.000333   1005.204    99.830889   9.393771   3.246250    -372.129 0
 60.941292 -43.306769   0.003197  0.000333    958.436    99.830889   9.397053   3.247385    -418.683 0
 60.955792 -43.302458   0.002994  0.000333    897.579    99.830889   9.399933   3.248380    -479.262 0
 60.976458 -43.293219   0.003000  0.000333    899.377    99.830889   9.401482   3.248915    -477.472 0
 60.965625 -43.301139   0.002976  0.000333    892.182    99.830889   9.403235   3.249521    -484.634 0
 60.905500 -43.334525   0.003302  0.000333    989.915    99.830889   9.404360   3.249910    -387.349 0
 61.008292 -43.279714   0.002889  0.000333    866.100    99.830889   9.404550   3.249975    -510.596 0
 60.830833 -43.380222   0.003440  0.000333   1031.286    99.830889   9.409848   3.251806    -346.167 0
 60.907208 -43.348172   0.003333  0.000333    999.208    99.830889   9.416564   3.254127    -378.098 0
 61.084625 -43.253300   0.002746  0.000333    823.230    99.830889   9.417220   3.254354    -553.270 1
 60.864539 -43.372000   0.003376  0.000333   1012.099    99.830889   9.417731   3.254530    -365.266 0
 43.769116 -32.187411   0.020621  0.000213   6182.020    63.855794   9.418985   3.254963    4780.982 1
 60.889458 -43.360783   0.003378  0.000333   1012.699    99.830889   9.419294   3.255070    -364.669 0
 60.968458 -43.330292   0.003038  0.000333    910.769    99.830889   9.428861   3.258377    -466.132 0
 60.986167 -43.321511   0.002898  0.000333    868.799    99.830889   9.429453   3.258581    -507.910 0
 60.956500 -43.338292   0.003237  0.000333    970.428    99.830889   9.430211   3.258843    -406.746 0
 60.908875 -43.363642   0.003360  0.000333   1007.303    99.830889   9.430284   3.258868    -370.040 0
 60.978208 -43.329039   0.002980  0.000333    893.382    99.830889   9.432176   3.259522    -483.440 0
 60.950625 -43.344019   0.003318  0.000333    994.711    99.830889   9.432383   3.259594    -382.574 0
 61.001458 -43.320150   0.002804  0.000333    840.618    99.830889   9.435179   3.260560    -535.962 0
 61.053708 -43.293167   0.002812  0.000333    843.016    99.830889   9.436267   3.260936    -533.574 0
 61.009042 -43.318269   0.002745  0.000333    822.930    99.830889   9.437017   3.261195    -553.569 1
 60.865292 -43.394547   0.003465  0.000333   1038.781    99.830889   9.437040   3.261203    -338.706 0
 60.893458 -43.380967   0.003363  0.000333   1008.202    99.830889   9.438020   3.261542    -369.145 0
 55.615833 -26.045139   0.005664  0.000150   1698.024    44.968869   9.438384   3.261667     317.519 0
 60.947333 -43.353267   0.003380  0.000333   1013.299    99.830889   9.438661   3.261763    -364.072 0
 60.992542 -43.333617   0.002722  0.000333    816.035    99.830889   9.442419   3.263062    -560.432 1
 60.942042 -43.361625   0.003393  0.000333   1017.196    99.830889   9.443309   3.263369    -360.193 0
 61.023500 -43.320342   0.002692  0.000333    807.041    99.830889   9.445250   3.264040    -569.385 1
 60.997750 -43.335333   0.002649  0.000333    794.150    99.830889   9.446187   3.264364    -582.217 1
 60.922083 -43.375667   0.003307  0.000333    991.414    99.830889   9.446227   3.264378    -385.857 0
 61.027083 -43.322006   0.002685  0.000333    804.943    99.830889   9.448250   3.265077    -571.474 1
 61.006792 -43.333269   0.002639  0.000333    791.152    99.830889   9.448520   3.265170    -585.201 1
 60.883542 -43.399869   0.003440  0.000333   1031.286    99.830889   9.449546   3.265525    -346.167 0
 60.940917 -43.369933   0.003331  0.000333    998.609    99.830889   9.449772   3.265603    -378.695 0
 61.071917 -43.300386   0.002793  0.000333    837.320    99.830889   9.450516   3.265860    -539.244 1
 60.957583 -43.364044   0.003263  0.000333    978.223    99.830889   9.452249   3.266459    -398.987 0
 43.029155 -34.857673   0.014613  0.000150   4380.867    44.968869   9.457760   3.268363    2988.077 1
 60.970292 -43.364511   0.003045  0.000333    912.868    99.830889   9.458302   3.268551    -464.043 0
 60.965833 -43.367872   0.003123  0.000333    936.252    99.830889   9.459129   3.268836    -440.766 0
 61.040125 -43.329392   0.002647  0.000333    793.551    99.830889   9.460279   3.269234    -582.814 1
 61.033833 -43.333667   0.002675  0.000333    801.945    99.830889   9.461007   3.269485    -574.458 1
 61.002375 -43.350981   0.002627  0.000333    787.555    99.830889   9.461327   3.269596    -588.782 1
 61.092125 -43.302706   0.002760  0.000333    827.427    99.830889   9.461613   3.269695    -549.092 1
 60.942917 -43.383161   0.003116  0.000333    934.153    99.830889   9.461751   3.269742    -442.855 0
 60.989208 -43.361614   0.002805  0.000333    840.918    99.830889   9.464322   3.270631    -535.663 0
 60.978292 -43.367789   0.002981  0.000333    893.681    99.830889   9.464613   3.270732    -483.142 0
 61.103708 -43.306125   0.002721  0.000333    815.735    99.830889   9.469714   3.272494    -560.731 1
 61.048458 -43.338239   0.002677  0.000333    802.544    99.830889   9.471404   3.273078    -573.861 1
 61.109583 -43.310333   0.002731  0.000333    818.733    99.830889   9.475877   3.274624    -557.746 1
 61.060792 -43.337497   0.002662  0.000333    798.048    99.830889   9.476349   3.274787    -578.337 1
 54.020792 -25.984083   0.005033  0.000150   1508.855    44.968869   9.476670   3.274898     129.216 0
 60.965125 -43.394825   0.003061  0.000333    917.665    99.830889   9.481391   3.276530    -459.268 0
 61.069375 -43.342175   0.002632  0.000333    789.054    99.830889   9.484117   3.277472    -587.290 1
 61.057958 -43.351769   0.002691  0.000333    806.742    99.830889   9.486956   3.278453    -569.683 1
 60.977750 -43.404847   0.003013  0.000333    903.275    99.830889   9.495402   3.281371    -473.592 0
 61.054250 -43.364897   0.002714  0.000333    813.637    99.830889   9.496227   3.281657    -562.820 1
 61.054528 -43.369276   0.002701  0.000333    809.739    99.830889   9.500003   3.282962    -566.699 1
 60.991500 -43.403278   0.003043  0.000333    912.268    99.830889   9.500206   3.283032    -464.640 0
 61.142042 -43.322211   0.002639  0.000333    791.152    99.830889   9.500505   3.283135    -585.201 1
 58.036635 -44.532471   0.005623  0.000023   1685.733     6.895227   9.501869   3.283606     305.283 0
 60.989250 -43.411508   0.003003  0.000333    900.277    99.830889   9.506097   3.285067    -476.576 0
 61.142208 -43.331064   0.002715  0.000333    813.937    99.830889   9.507919   3.285697    -562.521 1
 47.873697 -27.685112   0.019684  0.000297   5901.115    89.038360   9.509880   3.286375    4501.363 1
 61.024208 -43.398572   0.002890  0.000333    866.400    99.830889   9.510864   3.286715    -510.298 0
 61.036958 -43.391789   0.002798  0.000333    838.819    99.830889   9.510903   3.286728    -537.752 1
 61.015042 -43.412850   0.003180  0.000333    953.340    99.830889   9.518711   3.289427    -423.756 0
 61.129000 -43.353847   0.002720  0.000333    815.435    99.830889   9.520816   3.290154    -561.029 1
 61.140417 -43.348464   0.002697  0.000333    808.540    99.830889   9.521536   3.290403    -567.893 1
 61.162690 -43.338620   0.002635  0.000333    789.953    99.830889   9.523518   3.291088    -586.395 1
 65.330740 -31.634554   0.008513  0.000150   2552.133    44.968869   9.525259   3.291689    1167.716 1
 61.022500 -43.418156   0.002895  0.000333    867.899    99.830889   9.526479   3.292111    -508.806 0
 62.404486 -42.557603   0.014704  0.000150   4408.148    44.968869   9.528678   3.292871    3015.233 1
 43.696978 -31.992807   0.020809  0.000297   6238.381    89.038360   9.542869   3.297775    4837.085 1
 61.150667 -43.369694   0.002753  0.000333    825.329    99.830889   9.543813   3.298101    -551.181 1
 61.160167 -43.377906   0.002675  0.000333    801.945    99.830889   9.554945   3.301948    -574.458 1
 60.969750 -43.482806   0.003192  0.000333    956.938    99.830889   9.557290   3.302758    -420.175 0
 61.710333 -27.830806   0.013853  0.000043   4153.025    12.891076   9.561634   3.304260    2761.278 1
 61.159937 -43.387650   0.002712  0.000333    813.037    99.830889   9.562929   3.304707    -563.416 1
 61.147042 -43.395117   0.002777  0.000333    832.524    99.830889   9.563281   3.304829    -544.019 1
 60.648625 -43.657794   0.003234  0.000333    969.529    99.830889   9.567901   3.306425    -407.641 0
 61.144042 -43.403406   0.002785  0.000333    834.922    99.830889   9.568812   3.306740    -541.632 1
 61.710375 -27.820472   0.013890  0.000150   4164.117    44.968869   9.569890   3.307113    2772.319 1
 60.658833 -43.661489   0.003197  0.000333    958.436    99.830889   9.575344   3.308997    -418.683 0
 61.141826 -43.414798   0.002784  0.000333    834.622    99.830889   9.577282   3.309667    -541.930 1
 61.136917 -43.418261   0.002832  0.000333    849.012    99.830889   9.577945   3.309896    -527.606 0
 61.134288 -43.427791   0.002841  0.000333    851.710    99.830889   9.584690   3.312227    -524.920 0
 61.032333 -43.489019   0.003060  0.000333    917.365    99.830889   9.590204   3.314133    -459.566 0
 61.102833 -43.452586   0.002947  0.000333    883.488    99.830889   9.591200   3.314477    -493.288 0
 61.062708 -43.474772   0.003009  0.000333    902.076    99.830889   9.591788   3.314680    -474.786 0
 61.132381 -43.441760   0.002788  0.000333    835.821    99.830889   9.595463   3.315950    -540.737 1
 61.109167 -43.457211   0.002881  0.000333    863.702    99.830889   9.597903   3.316793    -512.984 0
 52.707417 -25.942250   0.005094  0.000150   1527.143    44.968869   9.632425   3.328723     147.419 0
 43.216372 -32.868160   0.016469  0.000042   4937.282    12.591283   9.638549   3.330839    3541.944 1
 42.903055 -33.961002   0.021325  0.000150   6393.074    44.968869   9.657244   3.337300    4991.070 1
 56.675630 -44.997768   0.003926  0.000150   1176.985    44.968869   9.695684   3.350584    -201.135 0
 42.995027 -33.339971   0.021331  0.000009   6394.873     2.698132   9.699029   3.351740    4992.860 1
 42.994708 -33.339806   0.020961  0.000150   6283.950    44.968869   9.699318   3.351840    4882.445 1
 50.073682 -26.464561   0.005844  0.000007   1751.987     2.098547   9.716079   3.357632     371.234 0
 46.939417 -28.012306   0.013416  0.000150   4022.016    44.968869   9.716226   3.357683    2630.868 1
 43.016000 -33.034694   0.017344  0.000213   5199.600    63.855794   9.753380   3.370522    3803.061 1
 53.986833 -45.191444   0.002272  0.000063    681.128    18.886925   9.756597   3.371634    -694.721 1
 42.652125 -34.363861   0.017702  0.000213   5306.926    63.855794   9.806589   3.388910    3909.895 1
 48.948261 -26.735584   0.014027  0.000033   4205.189     9.893151   9.860628   3.407584    2813.203 1
 58.622197 -44.753580   0.004117  0.000022   1234.246     6.595434   9.860906   3.407680    -144.137 0
 48.947542 -26.734917   0.014076  0.000150   4219.879    44.968869   9.861492   3.407883    2827.825 1
 59.590917 -44.466250   0.004282  0.000020   1283.711     5.995849   9.886663   3.416581     -94.897 0
 52.864712 -25.619799   0.006681  0.000150   2002.913    44.968869   9.931565   3.432098     621.011 1
 43.263940 -31.759922   0.021001  0.000410   6295.941    99.990000   9.956428   3.440691    4894.382 1
 56.747641 -25.527870   0.013400  0.000333   4017.219    99.830889  10.071262   3.480374    2626.094 1
 56.741417 -25.521750   0.013896  0.000009   4165.916     2.698132  10.076418   3.482156    2774.110 1
 43.417720 -31.166292   0.021301  0.000213   6385.879    63.855794  10.077726   3.482608    4983.908 1
 66.849930 -33.523113   0.003846  0.000073   1153.002    21.884849  10.150283   3.507682    -225.008 0
 42.181934 -36.516485   0.017139  0.000150   5138.143    44.968869  10.185640   3.519900    3741.885 1
 42.872720 -31.925794   0.020501  0.000410   6146.045    99.990000  10.194641   3.523011    4745.172 1
 42.196772 -36.714606   0.017132  0.000029   5136.044     8.693981  10.196324   3.523592    3739.796 1
 42.086929 -35.188457   0.016982  0.000150   5091.076    44.968869  10.210180   3.528381    3695.033 1
 63.794417 -28.488472   0.018553  0.000063   5562.049    18.886925  10.214868   3.530001    4163.850 1
 63.793333 -28.484167   0.018646  0.000047   5589.930    14.090246  10.217156   3.530791    4191.603 1
 63.791708 -28.482083   0.018790  0.000043   5633.100    12.891076  10.217608   3.530948    4234.576 1
 63.795417 -28.483056   0.018506  0.000333   5547.959    99.830889  10.219155   3.531482    4149.825 1
 63.796645 -28.483980   0.018000  0.000333   5396.264    99.830889  10.219257   3.531518    3998.824 1
 42.062958 -36.025389   0.014827  0.000103   4445.023    30.878623  10.242668   3.539608    3051.939 1
 62.707333 -27.499778   0.011922  0.000150   3574.126    44.968869  10.325931   3.568381    2185.029 1
 43.624667 -30.193444   0.021128  0.000213   6334.015    63.855794  10.382244   3.587842    4932.281 1
 42.995574 -31.093787   0.021301  0.000213   6385.879    63.855794  10.420153   3.600942    4983.908 1
 49.636750 -25.835667   0.005991  0.000025   1796.057     7.494811  10.433525   3.605563     415.102 0
 44.667500 -28.854861   0.020934  0.000213   6275.855    63.855794  10.447918   3.610537    4874.388 1
 42.708594 -31.530423   0.020054  0.000297   6012.038    89.038360  10.461765   3.615322    4611.778 1
 67.367850 -36.708366   0.014033  0.000030   4206.988     8.993774  10.464090   3.616125    2814.993 1
 57.663958 -25.278889   0.013676  0.000013   4099.962     3.897302  10.468129   3.617521    2708.457 1
 67.373458 -36.748389   0.014026  0.000183   4204.889    54.862020  10.473518   3.619384    2812.904 1
 46.231833 -27.507889   0.021308  0.000157   6387.978    47.067416  10.473930   3.619526    4985.997 1
 41.798522 -34.428089   0.020558  0.000050   6163.133    14.989623  10.491543   3.625613    4762.182 1
 41.798402 -34.427524   0.021078  0.000150   6319.025    44.968869  10.491696   3.625665    4917.360 1
 41.741333 -35.835917   0.020801  0.000150   6235.983    44.968869  10.495567   3.627003    4834.698 1
 46.412917 -27.320833   0.019934  0.000333   5976.063    99.830889  10.522139   3.636186    4575.968 1
 50.262458 -25.512556   0.004837  0.000020   1450.096     5.995849  10.549842   3.645759      70.725 0
 55.988347 -24.922635   0.004607  0.000010   1381.144     2.997925  10.584878   3.657867       2.089 0
 62.889208 -27.275083   0.017132  0.000150   5136.044    44.968869  10.593510   3.660850    3739.796 1
 57.669297 -45.768506   0.003499  0.000333   1048.974    99.830889  10.615642   3.668498    -328.560 0
 60.887404 -26.115877   0.014223  0.000037   4263.948    11.092321  10.639256   3.676658    2871.693 1
 49.291667 -25.695833   0.005377  0.000333   1611.984    99.830889  10.673616   3.688532     231.872 0
 53.723667 -24.790806   0.005734  0.000150   1719.010    44.968869  10.682300   3.691534     338.408 0
 62.180833 -26.674944   0.014130  0.000150   4236.067    44.968869  10.721358   3.705031    2843.940 1
 57.073917 -24.886000   0.013643  0.000067   4090.069    20.086095  10.750408   3.715070    2698.610 1
 59.304917 -25.398583   0.014740  0.000150   4418.941    44.968869  10.751118   3.715315    3025.976 1
 42.488532 -31.176639   0.020301  0.000213   6086.087    63.855794  10.763643   3.719644    4685.488 1
 64.406625 -28.189333   0.016832  0.000183   5046.107    54.862020  10.784412   3.726821    3650.270 1
 42.126669 -31.793576   0.021201  0.000213   6355.900    63.855794  10.810996   3.736008    4954.066 1
 41.989171 -32.051022   0.016501  0.000213   4946.875    63.855794  10.833004   3.743613    3551.493 1
 42.960366 -30.231605   0.019706  0.000213   5907.710    63.855794  10.834003   3.743958    4507.928 1
 42.137155 -31.646623   0.018426  0.000297   5523.976    89.038360  10.853554   3.750714    4125.951 1
 42.169828 -31.536016   0.016672  0.000009   4998.140     2.698132  10.867953   3.755690    3602.523 1
 42.894954 -30.211249   0.019157  0.000027   5743.124     8.094396  10.890511   3.763486    4344.096 1
 48.417387 -25.766484   0.005701  0.000333   1709.117    99.830889  10.919660   3.773559     328.560 0
 42.120500 -31.377889   0.020101  0.000410   6026.128    99.990000  10.963174   3.788597    4625.804 1
 48.374500 -25.725528   0.005387  0.000150   1614.982    44.968869  10.972137   3.791694     234.856 0
 42.800042 -30.077806   0.018802  0.000297   5636.698    89.038360  11.022762   3.809189    4238.157 1
 41.037570 -36.023582   0.021101  0.000150   6325.921    44.968869  11.076668   3.827817    4924.224 1
 42.399392 -30.578067   0.004213  0.000017   1263.026     5.096472  11.080085   3.828998    -115.488 0
 66.305128 -41.133866   0.020257  0.000083   6072.896    24.882774  11.090441   3.832577    4672.358 1
 60.109792 -25.182611   0.013786  0.000009   4132.939     2.698132  11.198789   3.870019    2741.284 1
 41.813097 -31.280382   0.006988  0.000213   2094.950    63.855794  11.231899   3.881461     712.626 1
 50.329542 -24.769583   0.006017  0.000150   1803.851    44.968869  11.235236   3.882614     422.861 0
 40.940250 -37.556583   0.017002  0.000033   5097.071     9.893151  11.338723   3.918377    3701.001 1
 49.407743 -24.909452   0.006501  0.000007   1948.951     2.098547  11.360961   3.926062     567.296 1
 42.623375 -29.565167   0.016311  0.000213   4889.915    63.855794  11.404465   3.941095    3494.793 1
 68.424837 -33.512628   0.009403  0.000103   2818.948    30.878623  11.414342   3.944509    1433.310 1
 42.588083 -29.570806   0.019240  0.000150   5768.007    44.968869  11.426202   3.948607    4368.865 1
 48.054625 -25.304917   0.021315  0.000053   6390.076    15.889000  11.465672   3.962247    4988.086 1
 62.038282 -45.197192   0.016942  0.000150   5079.084    44.968869  11.471607   3.964298    3683.096 1
 41.890698 -30.500097   0.017457  0.000213   5233.477    63.855794  11.487127   3.969661    3836.782 1
 41.684533 -30.788270   0.015701  0.000410   4707.041    99.990000  11.519359   3.980800    3312.757 1
 59.191792 -24.497667   0.014080  0.000150   4221.078    44.968869  11.567655   3.997490    2829.019 1
 48.009583 -25.206111   0.020161  0.000333   6044.116    99.830889  11.570198   3.998369    4643.709 1
 59.206042 -24.495861   0.014076  0.000103   4219.879    30.878623  11.573110   3.999375    2827.825 1
 46.689000 -25.716444   0.012936  0.000023   3878.115     6.895227  11.679614   4.036180    2487.627 1
 46.033250 -26.069639   0.005624  0.000037   1686.033    11.092321  11.698228   4.042613     305.582 0
 40.909292 -31.944028   0.016631  0.000010   4985.848     2.997925  11.703188   4.044327    3590.288 1
 40.908444 -31.944796   0.016505  0.000150   4948.075    44.968869  11.703617   4.044475    3552.687 1
 54.232292 -23.740806   0.005043  0.000183   1511.853    54.862020  11.711702   4.047269     132.200 0
 41.833292 -30.081583   0.016638  0.000150   4987.947    44.968869  11.715069   4.048432    3592.377 1
 42.137750 -29.579889   0.007138  0.000150   2139.919    44.968869  11.737777   4.056280     757.389 1
 58.955000 -46.662500   0.003529  0.000333   1057.968    99.830889  11.757993   4.063266    -319.608 0
 40.754620 -32.053066   0.014864  0.000150   4456.115    44.968869  11.791612   4.074884    3062.980 1
 56.236708 -23.700000   0.006161  0.000150   1847.021    44.968869  11.822262   4.085476     465.833 0
 41.458042 -30.426083   0.003386  0.000037   1015.097    11.092321  11.837396   4.090706    -362.282 0
 62.257681 -45.517583   0.004983  0.000043   1493.866    12.891076  11.838098   4.090948     114.295 0
 42.046667 -29.502500   0.016845  0.000297   5050.004    89.038360  11.840767   4.091870    3654.150 1
 43.918458 -27.423139   0.017592  0.000009   5273.949     2.698132  11.847028   4.094034    3877.069 1
 41.541208 -30.228028   0.004563  0.000077   1367.953    23.084019  11.861900   4.099173     -11.042 0
 43.025567 -42.659888   0.018176  0.000150   5449.028    44.968869  11.881166   4.105831    4051.346 1
 67.051629 -41.684869   0.014914  0.000073   4471.105    21.884849  11.896145   4.111008    3077.901 1
 41.613333 -30.020556   0.004433  0.000333   1328.980    99.830889  11.902337   4.113148     -49.836 0
 56.775000 -47.288333   0.003616  0.000333   1084.050    99.830889  11.969894   4.136493    -293.645 0
 66.756419 -42.197244   0.015411  0.000025   4620.102     7.494811  11.973180   4.137629    3226.216 1
 50.786556 -23.837484   0.014167  0.000041   4247.160    12.291491  12.022687   4.154737    2854.982 1
 66.629314 -42.440999   0.015164  0.000103   4546.053    30.878623  12.027853   4.156523    3152.506 1
 39.950877 -34.015238   0.016715  0.000050   5011.031    14.989623  12.032629   4.158173    3615.355 1
 66.887531 -42.165143   0.015534  0.000103   4656.976    30.878623  12.043622   4.161972    3262.921 1
 67.709066 -29.764302   0.013593  0.000150   4075.079    44.968869  12.085940   4.176596    2683.689 1
 65.537215 -43.629586   0.014820  0.000063   4442.924    18.886925  12.086488   4.176785    3049.850 1
 69.048004 -32.627370   0.003759  0.000150   1126.920    44.968869  12.090370   4.178127    -250.971 0
 40.521936 -31.627573   0.017007  0.000297   5098.570    89.038360  12.100800   4.181731    3702.494 1
 67.698250 -29.668278   0.013096  0.000150   3926.082    44.968869  12.123650   4.189628    2535.374 1
 67.843542 -29.743111   0.014807  0.000150   4439.027    44.968869  12.192629   4.213465    3045.970 1
 67.868046 -29.760628   0.013199  0.000333   3956.961    99.830889  12.202099   4.216738    2566.111 1
 67.887659 -29.752105   0.013449  0.000333   4031.909    99.830889  12.220207   4.222995    2640.716 1
 67.896875 -29.753806   0.014443  0.000150   4329.902    44.968869  12.226058   4.225017    2937.345 1
 67.900000 -29.725833   0.013986  0.000333   4192.897    99.830889  12.241362   4.230306    2800.968 1
 54.236988 -23.203949   0.005033  0.000333   1508.855    99.830889  12.248278   4.232696     129.216 0
 66.856250 -42.570000   0.014880  0.000333   4460.912    99.830889  12.253269   4.234421    3067.755 1
 67.759417 -29.379000   0.013466  0.000150   4037.005    44.968869  12.307527   4.253171    2645.789 1
 65.850083 -27.216778   0.017402  0.000150   5216.988    44.968869  12.308887   4.253641    3820.369 1
 65.553278 -43.971724   0.014917  0.000200   4472.004    59.958492  12.330105   4.260973    3078.796 1
 67.964000 -29.618972   0.014393  0.000150   4314.913    44.968869  12.337605   4.263565    2922.424 1
 49.680708 -23.783778   0.005129  0.000018   1537.636     5.396264  12.338058   4.263722     157.864 0
 66.926083 -42.639333   0.015884  0.000103   4761.903    30.878623  12.339882   4.264352    3367.368 1
 41.722625 -28.938583   0.017052  0.000150   5112.061    44.968869  12.357323   4.270379    3715.922 1
 41.234167 -29.508333   0.004463  0.000333   1337.974    99.830889  12.414817   4.290248     -40.884 0
 66.918687 -42.777428   0.014704  0.000333   4408.148    99.830889  12.415999   4.290656    3015.233 1
 54.623955 -23.027524   0.005727  0.000022   1716.911     6.595434  12.420808   4.292318     336.319 0
 39.509108 -33.704373   0.016875  0.000183   5058.998    54.862020  12.429815   4.295431    3663.102 1
 41.541500 -29.011028   0.003949  0.000213   1183.880    63.855794  12.445357   4.300801    -194.271 0
 69.435417 -32.380472   0.013469  0.000150   4037.905    44.968869  12.455980   4.304473    2646.685 1
 40.711851 -30.212305   0.016695  0.000150   5005.035    44.968869  12.478715   4.312329    3609.387 1
 62.822330 -45.991452   0.016191  0.000050   4853.940    14.989623  12.483851   4.314104    3458.983 1
 40.706417 -30.189889   0.016604  0.000213   4977.754    63.855794  12.492153   4.316973    3582.230 1
 66.998034 -42.838702   0.014837  0.000150   4448.021    44.968869  12.504350   4.321188    3054.923 1
 62.841167 -46.007528   0.016515  0.000050   4951.072    14.989623  12.505646   4.321636    3555.671 1
 47.088292 -46.371000   0.004647  0.000150   1393.136    44.968869  12.526496   4.328841      14.026 0
 54.430542 -22.908194   0.004490  0.000100   1346.068    29.979246  12.541049   4.333870     -32.826 0
 39.558495 -32.822845   0.015264  0.000100   4576.032    29.979246  12.544459   4.335048    3182.348 1
 49.725667 -23.473000   0.014130  0.000150   4236.067    44.968869  12.620668   4.361384    2843.940 1
 39.357942 -33.233497   0.021281  0.000150   6379.883    44.968869  12.625793   4.363156    4977.939 1
 39.402458 -32.924444   0.015187  0.000007   4552.948     2.098547  12.648120   4.370871    3159.370 1
 66.276917 -27.083139   0.018496  0.000103   5544.961    30.878623  12.657482   4.374106    4146.841 1
 66.517917 -43.619167   0.014974  0.000333   4489.092    99.830889  12.679372   4.381671    3095.806 1
 39.907641 -31.185555   0.021000  0.000333   6295.642    99.830889  12.717880   4.394979    4894.084 1
 61.779083 -24.141639   0.011314  0.000103   3391.852    30.878623  12.723597   4.396954    2003.590 1
 54.841042 -22.724694   0.004987  0.000077   1495.065    23.084019  12.724954   4.397423     115.488 0
 58.110792 -23.044250   0.004997  0.000150   1498.063    44.968869  12.726563   4.397979     118.473 0
 68.307708 -29.312472   0.020918  0.000150   6271.059    44.968869  12.729941   4.399147    4869.613 1
 55.262056 -22.719102   0.007228  0.000080   2166.900    23.983397  12.740095   4.402656     784.247 1
 66.286333 -26.965389   0.018723  0.000150   5613.014    44.968869  12.741330   4.403082    4214.582 1
 67.537932 -42.682264   0.016625  0.000033   4984.050     9.893151  12.772513   4.413858    3588.497 1
 69.181264 -40.199876   0.020664  0.000150   6194.911    44.968869  12.781267   4.416884    4793.814 1
 69.181415 -40.200322   0.020571  0.000107   6167.031    32.077793  12.781547   4.416980    4766.061 1
 55.173083 -22.651139   0.005614  0.000030   1683.035     8.993774  12.805228   4.425164     302.598 0
 65.067417 -45.031472   0.015103  0.000030   4527.765     8.993774  12.818875   4.429880    3134.302 1
 43.307868 -26.519794   0.011972  0.000026   3589.115     7.794604  12.829040   4.433393    2199.950 1
 54.748894 -22.584009   0.014487  0.000012   4343.093     3.597509  12.864775   4.445742    2950.476 1
 48.911667 -23.413167   0.013156  0.000150   3944.070    44.968869  12.901216   4.458335    2553.279 1
 65.250208 -45.072389   0.015474  0.000067   4638.988    20.086095  12.948638   4.474723    3245.016 1
 55.362975 -22.472927   0.007572  0.001000   2270.028    99.990000  12.989655   4.488897     886.903 1
 66.407147 -26.587785   0.013543  0.000150   4060.089    44.968869  13.067956   4.515956    2668.768 1
 57.179082 -48.419295   0.004930  0.000003   1477.977     0.899377  13.137913   4.540132      98.479 0
 39.272607 -39.499872   0.016188  0.000150   4853.040    44.968869  13.139756   4.540768    3458.088 1
 69.550260 -40.421294   0.013950  0.000150   4182.105    44.968869  13.142970   4.541879    2790.224 1
 67.409725 -27.407435   0.003162  0.000130    947.944    38.973020  13.163410   4.548943    -429.128 0
 67.417208 -27.408528   0.003149  0.000010    944.046     2.997925  13.167570   4.550380    -433.007 0
 67.420208 -27.408667   0.003326  0.000183    997.110    54.862020  13.169420   4.551020    -380.187 0
 61.143480 -47.578868   0.013771  0.000333   4128.442    99.830889  13.244773   4.577059    2736.807 1
 52.424167 -22.279139   0.005871  0.000030   1760.082     8.993774  13.289715   4.592590     379.291 0
 38.894787 -39.025326   0.006758  0.000150   2025.997    44.968869  13.297451   4.595264     643.990 1
 61.176667 -47.637778   0.013773  0.000054   4129.042    16.188793  13.309581   4.599455    2737.404 1
 49.268625 -22.866639   0.012942  0.000003   3879.914     0.899377  13.314542   4.601170    2489.417 1
 53.974707 -22.139640   0.004576  0.000150   1371.850    44.968869  13.318948   4.602692      -7.162 0
 70.236837 -39.496285   0.015904  0.000150   4767.899    44.968869  13.353466   4.614621    3373.337 1
 55.704625 -22.108361   0.004813  0.000020   1442.901     5.995849  13.369401   4.620128      63.563 0
 40.484208 -28.643194   0.004473  0.000150   1340.972    44.968869  13.373398   4.621509     -37.899 0
 38.414172 -33.291181   0.015561  0.000150   4665.070    44.968869  13.373957   4.621702    3270.979 1
 68.832505 -42.203225   0.006985  0.000150   2094.050    44.968869  13.407118   4.633162     711.731 1
 69.150178 -41.748236   0.015454  0.000150   4632.993    44.968869  13.411641   4.634725    3239.048 1
 67.696129 -43.657766   0.015361  0.000103   4605.112    30.878623  13.451093   4.648359    3211.295 1
 38.072958 -35.030222   0.006725  0.000031   2016.104     9.293566  13.483293   4.659486     634.142 1
 69.970204 -40.500930   0.020814  0.000150   6239.880    44.968869  13.489886   4.661764    4838.577 1
 62.547357 -47.332454   0.012734  0.000048   3817.557    14.390038  13.526891   4.674552    2427.346 1
 61.091058 -47.950008   0.013866  0.000163   4156.922    48.866171  13.568850   4.689052    2765.157 1
 67.498500 -26.837139   0.013443  0.000050   4030.110    14.989623  13.575148   4.691229    2638.926 1
 67.437500 -26.775000   0.013753  0.000333   4123.046    99.830889  13.576383   4.691655    2731.436 1
 57.268042 -48.857778   0.003520  0.000333   1055.269    99.830889  13.582341   4.693714    -322.293 0
 62.301167 -23.389028   0.011845  0.000150   3551.042    44.968869  13.587486   4.695492    2162.051 1
 37.938923 -34.976811   0.020914  0.000103   6269.859    30.878623  13.594179   4.697805    4868.419 1
 67.433333 -26.706111   0.013906  0.000333   4168.914    99.830889  13.617893   4.706000    2777.094 1
 37.965583 -36.667611   0.017846  0.000183   5350.096    54.862020  13.618970   4.706373    3952.868 1
 38.433276 -38.873709   0.016311  0.000100   4889.915    29.979246  13.621016   4.707080    3494.793 1
 37.962426 -36.671892   0.016945  0.000020   5079.983     5.995849  13.621916   4.707390    3683.992 1
 47.001542 -23.314694   0.005274  0.000103   1581.105    30.878623  13.627372   4.709276     201.135 0
 40.427000 -28.223333   0.010528  0.000213   3156.215    63.855794  13.631350   4.710651    1769.032 1
 69.438995 -41.774213   0.015434  0.000150   4626.997    44.968869  13.631833   4.710818    3233.079 1
 58.787125 -22.241972   0.014260  0.000020   4275.040     5.995849  13.636445   4.712412    2882.735 1
 43.687667 -25.110444   0.015711  0.000033   4710.039     9.893151  13.643042   4.714691    3315.742 1
 40.411250 -28.171278   0.016518  0.000110   4951.972    32.977170  13.669872   4.723963    3556.566 1
 53.938417 -21.782778   0.005324  0.000150   1596.095    44.968869  13.676704   4.726324     216.056 0
 38.406167 -39.032750   0.006555  0.000150   1965.140    44.968869  13.683190   4.728565     583.411 1
 38.393125 -39.045056   0.006585  0.000019   1974.133     5.696057  13.696670   4.733224     592.363 1
 55.238083 -21.713861   0.005841  0.000150   1751.088    44.968869  13.743808   4.749513     370.339 0
 67.435292 -26.504222   0.014663  0.000150   4395.857    44.968869  13.749582   4.751509    3002.998 1
 37.714177 -36.002269   0.015574  0.000150   4668.968    44.968869  13.780224   4.762098    3274.858 1
 54.490692 -21.661869   0.013890  0.000150   4164.117    44.968869  13.786840   4.764384    2772.319 1
 41.480750 -26.726139   0.014160  0.000264   4245.061    79.145209  13.805121   4.770701    2852.893 1
 68.287000 -43.609056   0.020197  0.000103   6054.908    30.878623  13.806668   4.771236    4654.452 1
 47.113458 -23.055778   0.009677  0.000150   2901.092    44.968869  13.817840   4.775097    1515.077 1
 47.115833 -23.054444   0.009613  0.000007   2881.905     2.098547  13.818181   4.775215    1495.978 1
 37.706084 -34.220798   0.014944  0.000023   4480.098     6.895227  13.830262   4.779390    3086.854 1
 37.635208 -35.007000   0.020808  0.000150   6238.081    44.968869  13.840455   4.782912    4836.787 1
 41.694208 -26.446500   0.014280  0.000150   4281.036    44.968869  13.850863   4.786509    2888.703 1
 61.176208 -22.663694   0.014530  0.000053   4355.984    15.889000  13.856595   4.788490    2963.308 1
 62.100333 -47.896949   0.004043  0.000057   1212.061    17.088170  13.861435   4.790162    -166.220 0
 37.658985 -34.264210   0.016228  0.000077   4865.032    23.084019  13.864705   4.791292    3470.025 1
 69.877958 -29.302889   0.018549  0.000183   5560.850    54.862020  13.868687   4.792668    4162.657 1
 49.105292 -48.579806   0.018533  0.000150   5556.054    44.968869  13.877707   4.795785    4157.882 1
 68.290903 -43.770190   0.009994  0.000041   2996.126    12.291491  13.905064   4.805239    1609.676 1
 62.825958 -23.245111   0.005387  0.000333   1614.982    99.830889  13.915717   4.808921     234.856 0
 67.204413 -44.862527   0.015234  0.000150   4567.038    44.968869  13.920782   4.810671    3173.395 1
 51.925667 -21.699611   0.004313  0.000150   1293.005    44.968869  13.922338   4.811209     -85.646 0
 38.172717 -39.296234   0.004788  0.000022   1435.406     6.595434  13.937248   4.816361      56.103 0
 71.741518 -35.914887   0.004486  0.000017   1344.869     5.096472  13.958708   4.823777     -34.020 0
 43.847875 -24.581111   0.015901  0.000150   4767.000    44.968869  13.966042   4.826312    3372.441 1
 66.956875 -25.741139   0.017746  0.000020   5320.117     5.995849  13.974814   4.829343    3923.026 1
 61.512538 -22.632199   0.004987  0.000028   1495.065     8.394189  13.993390   4.835763     115.488 0
 41.296833 -26.592000   0.012892  0.000233   3864.924    69.851643  14.006008   4.840123    2474.496 1
 38.182229 -39.573823   0.017310  0.000330   5189.407    98.931511  14.009021   4.841164    3792.915 1
 59.432790 -48.916060   0.003962  0.000333   1187.778    99.830889  14.027669   4.847609    -190.392 0
 59.438000 -48.931222   0.004104  0.000297   1230.348    89.038360  14.043413   4.853049    -148.016 0
 53.530260 -21.425476   0.006178  0.000333   1852.118    99.830889  14.050733   4.855579     470.906 1
 51.871583 -21.560167   0.014140  0.000053   4239.065    15.889000  14.066996   4.861199    2846.924 1
 67.864167 -26.413861   0.017162  0.000150   5145.038    44.968869  14.074611   4.863831    3748.749 1
 70.107594 -41.696122   0.016288  0.000150   4883.020    44.968869  14.081745   4.866296    3487.930 1
 69.109542 -43.150444   0.016625  0.000150   4984.050    44.968869  14.096917   4.871539    3588.497 1
 57.065875 -21.470333   0.005294  0.000333   1587.101    99.830889  14.119726   4.879421     207.103 0
 63.171333 -23.158889   0.003002  0.000033    899.977     9.893151  14.128041   4.882295    -476.875 1
 43.225667 -24.786806   0.012409  0.000017   3720.125     5.096472  14.134067   4.884377    2330.360 1
 55.860250 -21.328944   0.005701  0.000150   1709.117    44.968869  14.155708   4.891856     328.560 0
 53.906208 -21.294056   0.006051  0.000007   1814.044     2.098547  14.166088   4.895443     433.007 0
 37.204458 -35.486611   0.020284  0.000103   6080.990    30.878623  14.184374   4.901762    4680.415 1
 41.429999 -26.176947   0.014043  0.000240   4209.985    71.950190  14.189778   4.903629    2817.977 1
 41.102583 -26.491444   0.015948  0.000107   4781.090    32.077793  14.192201   4.904467    3386.467 1
 51.106542 -21.544028   0.005307  0.000005   1590.999     1.498962  14.195222   4.905511     210.983 0
 41.273875 -26.287000   0.017292  0.000294   5184.011    88.138983  14.215127   4.912390    3787.543 1
 50.862958 -21.552083   0.013416  0.000150   4022.016    44.968869  14.228649   4.917062    2630.868 1
 50.985250 -21.527722   0.013289  0.000083   3983.942    24.882774  14.231403   4.918014    2592.969 1
 44.810859 -23.661171   0.009063  0.000150   2717.019    44.968869  14.238782   4.920564    1331.847 1
 51.617873 -21.355297   0.004036  0.000067   1209.962    20.086095  14.303141   4.942805    -168.309 0
 38.818583 -29.165000   0.017295  0.000150   5184.911    44.968869  14.321366   4.949103    3788.438 1
 71.983333 -37.686917   0.017018  0.000150   5101.868    44.968869  14.323909   4.949982    3705.776 1
 37.650917 -31.596194   0.015384  0.000007   4612.007     2.098547  14.347421   4.958107    3218.158 1
 37.650208 -31.596083   0.015394  0.000150   4615.005    44.968869  14.348007   4.958309    3221.143 1
 48.492792 -21.986417   0.014383  0.000080   4311.915    23.983397  14.356438   4.961223    2919.440 1
 51.622189 -21.285788   0.005000  0.000333   1498.962    99.830889  14.371037   4.966268     119.368 0
 72.254836 -35.826573   0.013953  0.000103   4183.004    30.878623  14.374055   4.967311    2791.120 1
 51.202275 -21.336227   0.004447  0.000003   1333.177     0.899377  14.383542   4.970589     -45.658 0
 67.828484 -25.899464   0.013523  0.000150   4054.093    44.968869  14.388443   4.972283    2662.799 1
 51.469151 -21.289130   0.004623  0.000150   1385.941    44.968869  14.389432   4.972625       6.864 0
 51.897034 -21.228389   0.005617  0.000009   1683.934     2.698132  14.391447   4.973321     303.493 0
 51.898208 -21.228167   0.005807  0.000113   1740.895    33.876548  14.391519   4.973346     360.193 0
 56.024833 -21.087583   0.013159  0.000183   3944.969    54.862020  14.406519   4.978529    2554.174 1
 50.777467 -21.375167   0.005387  0.000077   1614.982    23.084019  14.416429   4.981954     234.856 0
 67.838375 -25.860389   0.013436  0.000150   4028.011    44.968869  14.420423   4.983334    2636.837 1
 54.091667 -21.024167   0.005410  0.000333   1621.877    99.830889  14.430492   4.986814     241.720 0
 51.630469 -21.216838   0.006284  0.000150   1883.896    44.968869  14.437853   4.989358     502.539 1
 38.358083 -29.685139   0.016741  0.000297   5018.826    89.038360  14.444102   4.991517    3623.114 1
 45.978746 -22.791906   0.004613  0.000333   1382.943    99.830889  14.480906   5.004236       3.879 0
 69.044833 -26.947000   0.007085  0.000150   2124.030    44.968869  14.506244   5.012992     741.573 1
 39.764792 -27.443139   0.004703  0.000005   1409.924     1.498962  14.507191   5.013319      30.737 0
 54.162833 -20.902250   0.005977  0.000100   1791.860    29.979246  14.550769   5.028379     410.924 0
 72.466730 -36.104171   0.017769  0.000009   5327.012     2.698132  14.556477   5.030351    3929.889 1
 45.618125 -22.801417   0.004820  0.000007   1445.000     2.098547  14.617680   5.051501      65.652 0
 63.656083 -22.807028   0.007314  0.000030   2192.682     8.993774  14.629899   5.055724     809.911 1
 37.368083 -39.581500   0.017766  0.000150   5326.113    44.968869  14.646312   5.061396    3928.994 1
 38.131542 -29.568167   0.016574  0.000213   4968.760    63.855794  14.660034   5.066138    3573.278 1
 62.249605 -48.727084   0.013569  0.000001   4067.884     0.299792  14.662679   5.067052    2676.527 1
 71.194505 -41.216925   0.014487  0.000150   4343.093    44.968869  14.685693   5.075005    2950.476 1
 41.183625 -45.295583   0.021255  0.000150   6372.089    44.968869  14.721138   5.087254    4970.181 1
 38.003333 -29.620833   0.016455  0.000333   4933.085    99.830889  14.734860   5.091996    3537.766 1
 72.720639 -35.941764   0.017589  0.000150   5273.050    44.968869  14.756791   5.099575    3876.174 1
 43.619126 -47.178504   0.004710  0.000060   1412.022    17.987547  14.759912   5.100653      32.826 0
 51.555805 -50.010357   0.018623  0.000150   5583.035    44.968869  14.773912   5.105491    4184.740 1
 37.279809 -30.997178   0.016487  0.000032   4942.678     9.593359  14.807773   5.117193    3547.315 1
 51.849501 -20.782592   0.013276  0.000150   3980.045    44.968869  14.837922   5.127612    2589.090 1
 52.057389 -20.744385   0.005570  0.000333   1669.844    99.830889  14.850971   5.132121     289.467 0
 54.236431 -20.589671   0.005631  0.000103   1688.131    30.878623  14.861880   5.135891     307.671 0
 36.443322 -36.802065   0.019433  0.000150   5825.867    44.968869  14.866138   5.137362    4426.460 1
 72.839184 -33.938943   0.018306  0.000030   5488.001     8.993774  14.921647   5.156545    4090.141 1
 67.171897 -46.321237   0.004634  0.000027   1389.238     8.094396  14.927779   5.158664      10.146 0
 36.548215 -32.935926   0.020561  0.000150   6164.033    44.968869  14.931808   5.160056    4763.077 1
 51.494574 -50.178147   0.018416  0.000150   5520.978    44.968869  14.947727   5.165558    4122.967 1
 72.477671 -31.964672   0.003506  0.000005   1051.072     1.498962  14.961820   5.170428    -326.471 0
 59.977167 -21.135306   0.014437  0.000083   4328.104    24.882774  14.964464   5.171341    2935.555 1
 72.481500 -31.965583   0.003516  0.000150   1054.070    44.968869  14.964641   5.171403    -323.487 0
 72.500317 -31.984605   0.003532  0.000333   1058.867    99.830889  14.975139   5.175030    -318.712 0
 45.913042 -22.244333   0.014190  0.000150   4254.055    44.968869  14.987102   5.179165    2861.845 1
 69.553912 -44.238254   0.020447  0.000150   6129.856    44.968869  15.011411   5.187565    4729.057 1
 45.839167 -22.248611   0.014350  0.000033   4302.022     9.893151  15.011904   5.187735    2909.592 1
 47.903333 -21.451667   0.004953  0.000333   1484.872    99.830889  15.027049   5.192969     105.342 0
 36.182625 -34.832278   0.021001  0.000183   6295.941    54.862020  15.029379   5.193774    4894.382 1
 38.815988 -43.211627   0.017265  0.000150   5175.917    44.968869  15.031450   5.194490    3779.486 1
 61.576606 -21.525322   0.003369  0.000333   1010.001    99.830889  15.033331   5.195140    -367.355 0
 62.697083 -21.923889   0.014240  0.000027   4269.045     8.094396  15.041472   5.197953    2876.766 1
 62.211833 -21.721222   0.014133  0.000103   4236.967    30.878623  15.057244   5.203404    2844.835 1
 62.383103 -21.772805   0.014810  0.000009   4439.926     2.698132  15.068284   5.207219    3046.865 1
 36.434689 -38.299798   0.016648  0.000150   4990.945    44.968869  15.083389   5.212439    3595.361 1
 54.459167 -20.360278   0.005454  0.000333   1635.068    99.830889  15.088595   5.214238     254.850 0
 37.561625 -29.545611   0.015837  0.000213   4747.813    63.855794  15.095282   5.216549    3353.342 1
 63.878625 -22.326833   0.013866  0.000150   4156.922    44.968869  15.136318   5.230730    2765.157 1
 72.998712 -33.179203   0.003909  0.000150   1171.889    44.968869  15.146009   5.234079    -206.208 0
 65.710079 -47.636353   0.014964  0.000073   4486.094    21.884849  15.173123   5.243449    3092.822 1
 62.342917 -21.617222   0.014267  0.000333   4277.139    99.830889  15.196038   5.251367    2884.824 1
 72.543628 -39.795741   0.007561  0.000036   2266.731    10.792528  15.237674   5.265756     883.621 1
 72.805692 -31.860034   0.008132  0.000150   2437.912    44.968869  15.246109   5.268671    1054.018 1
 58.662353 -20.502680   0.006391  0.000130   1915.974    38.973020  15.304797   5.288952     534.470 1
 59.004875 -20.555222   0.005197  0.000150   1558.021    44.968869  15.316211   5.292896     178.157 0
 64.658333 -22.493000   0.014213  0.000150   4260.950    44.968869  15.322009   5.294900    2868.709 1
 69.161958 -25.716028   0.016955  0.000150   5082.981    44.968869  15.333895   5.299007    3686.976 1
 54.120833 -20.114167   0.005507  0.000333   1650.957    99.830889  15.339473   5.300935     270.667 0
 70.887417 -27.669139   0.018189  0.000150   5452.925    44.968869  15.369260   5.311229    4055.226 1
 45.177180 -22.140030   0.014487  0.000021   4343.093     6.295642  15.370043   5.311499    2950.476 1
 70.889574 -27.669135   0.017842  0.000333   5348.897    99.830889  15.370777   5.311753    3951.674 1
 58.620683 -20.427157   0.006026  0.000025   1806.549     7.494811  15.371316   5.311939     425.547 0
 73.498011 -35.931527   0.016158  0.000063   4844.047    18.886925  15.389404   5.318190    3449.135 1
 73.499083 -35.931222   0.016461  0.000150   4934.884    44.968869  15.390267   5.318488    3539.556 1
 61.707167 -21.172639   0.003062  0.000002    917.965     0.599585  15.400121   5.321893    -458.970 1
 65.955420 -23.103329   0.014217  0.000150   4262.149    44.968869  15.418407   5.328213    2869.903 1
 58.766439 -20.383491   0.006078  0.000007   1822.139     2.098547  15.439556   5.335521     441.064 1
 65.286451 -48.254741   0.015454  0.000063   4632.993    18.886925  15.477768   5.348726    3239.048 1
 73.584689 -36.483634   0.007782  0.000150   2332.985    44.968869  15.487071   5.351941     949.572 1
 65.265950 -48.305668   0.015614  0.000334   4680.959    99.990000  15.510584   5.360067    3286.795 1
 38.356241 -43.518556   0.017092  0.000107   5124.053    32.077793  15.510835   5.360153    3727.859 1
 35.603773 -34.419983   0.019497  0.000150   5845.054    44.968869  15.522404   5.364151    4445.559 1
 36.658824 -40.655178   0.017030  0.000060   5105.466    17.987547  15.527832   5.366027    3709.357 1
 35.655684 -33.665416   0.016975  0.000100   5088.977    29.979246  15.548573   5.373195    3692.944 1
 68.913708 -25.132917   0.016945  0.000150   5079.983    44.968869  15.558487   5.376621    3683.992 1
 71.261875 -27.772972   0.018466  0.000103   5535.968    30.878623  15.581701   5.384643    4137.888 1
 36.916958 -29.493417   0.021315  0.000297   6390.076    89.038360  15.599841   5.390911    4988.086 1
 36.844875 -29.626333   0.005624  0.000183   1686.033    54.862020  15.604054   5.392367     305.582 0
 62.078875 -21.051972   0.014153  0.000040   4242.963    11.991698  15.627333   5.400412    2850.804 1
 35.477203 -34.314458   0.020880  0.000333   6259.667    99.830889  15.632587   5.402228    4858.273 1
 73.452118 -32.439968   0.018313  0.000083   5490.099    24.882774  15.636553   5.403598    4092.230 1
 62.152231 -21.064561   0.013686  0.000103   4102.960    30.878623  15.639098   5.404478    2711.442 1
 73.451667 -32.413889   0.018549  0.000333   5560.850    99.830889  15.641230   5.405215    4162.657 1
 73.720125 -37.321028   0.007732  0.000005   2317.995     1.498962  15.675027   5.416894     934.651 1
 36.150125 -39.865611   0.017072  0.000103   5118.057    30.878623  15.678359   5.418045    3721.891 1
 35.364161 -35.658237   0.015888  0.000150   4763.103    44.968869  15.684905   5.420307    3368.562 1
 61.935208 -20.940833   0.014153  0.000103   4242.963    30.878623  15.684916   5.420311    2850.804 1
 35.397345 -34.501671   0.020531  0.000103   6155.039    30.878623  15.685060   5.420361    4754.125 1
 73.750740 -37.259812   0.007645  0.000103   2291.913    30.878623  15.692604   5.422968     908.688 1
 54.543046 -19.736392   0.013843  0.000107   4150.027    32.077793  15.712051   5.429689    2758.294 1
 54.544458 -19.734917   0.014036  0.000150   4207.887    44.968869  15.713522   5.430197    2815.889 1
 35.417692 -33.880749   0.015484  0.000100   4641.986    29.979246  15.718254   5.431832    3248.000 1
 37.118250 -42.073167   0.017385  0.000150   5211.892    44.968869  15.718800   5.432021    3815.296 1
 36.309250 -40.424111   0.020734  0.000050   6215.897    14.989623  15.721758   5.433043    4814.704 1
 36.309960 -40.426250   0.019320  0.001420   5791.990    99.990000  15.721886   5.433087    4392.738 1
 36.123042 -39.980917   0.017029  0.000048   5105.166    14.390038  15.732361   5.436707    3709.059 1
 35.402500 -33.809444   0.016104  0.000100   4827.858    29.979246  15.737834   5.438599    3433.021 1
 66.522083 -47.860833   0.015928  0.000333   4775.094    99.830889  15.752458   5.443652    3380.499 1
 73.948746 -34.276801   0.013142  0.000150   3939.872    44.968869  15.792516   5.457495    2549.101 1
 71.536417 -27.739389   0.018319  0.000150   5491.898    44.968869  15.793088   5.457693    4094.020 1
 54.375924 -51.251495   0.007795  0.000334   2336.882    99.990000  15.804378   5.461594     953.451 1
 35.350750 -37.469528   0.018923  0.000150   5672.973    44.968869  15.824039   5.468389    4274.266 1
 66.827917 -47.760278   0.016124  0.000333   4833.854    99.830889  15.828731   5.470010    3438.989 1
 35.276730 -33.720630   0.015671  0.000004   4698.048     1.199170  15.849173   5.477075    3303.805 1
 64.518845 -21.794571   0.011958  0.000150   3584.918    44.968869  15.858822   5.480409    2195.772 1
 50.200414 -19.999545   0.013126  0.000150   3935.076    44.968869  15.862081   5.481535    2544.327 1
 55.457583 -19.581250   0.006378  0.000150   1912.076    44.968869  15.881876   5.488376     530.590 1
 73.353125 -39.855361   0.020751  0.000150   6220.993    44.968869  15.887262   5.490237    4819.777 1
 72.056080 -42.565122   0.020678  0.000150   6199.108    44.968869  15.890004   5.491184    4797.992 1
 72.474978 -41.944710   0.019657  0.000073   5893.020    21.884849  15.932963   5.506030    4493.306 1
 37.348750 -42.957500   0.017859  0.000333   5353.994    99.830889  15.945590   5.510394    3956.747 1
 35.320014 -38.125387   0.016700  0.000333   5006.534    99.830889  15.945789   5.510462    3610.879 1
 72.530633 -29.006101   0.004897  0.000333   1468.084    99.830889  15.952427   5.512756      88.631 0
 73.059208 -30.070083   0.012966  0.000150   3887.109    44.968869  15.957965   5.514670    2496.579 1
 53.441865 -19.512424   0.006591  0.000333   1975.932    99.830889  15.964598   5.516962     594.154 1
 50.946864 -19.752841   0.006165  0.000021   1848.221     6.295642  15.977604   5.521457     467.027 1
 53.448792 -19.492056   0.006668  0.000150   1999.016    44.968869  15.984592   5.523872     617.132 1
 37.284000 -42.959000   0.017195  0.000333   5154.931    99.830889  15.992846   5.526724    3758.596 1
 67.140297 -47.782468   0.017118  0.000017   5131.847     5.096472  16.006983   5.531610    3735.618 1
 67.090689 -47.815901   0.016051  0.000040   4811.969    11.991698  16.007072   5.531640    3417.204 1
 36.906410 -28.500808   0.014932  0.000036   4476.501    10.792528  16.012806   5.533622    3083.273 1
 73.247530 -30.306587   0.018563  0.000150   5565.047    44.968869  16.025045   5.537851    4166.835 1
 66.999890 -47.912806   0.016501  0.000050   4946.875    14.989623  16.035424   5.541438    3551.493 1
 35.367083 -38.800750   0.007442  0.000024   2231.055     7.195019  16.035468   5.541453     848.109 1
 37.084292 -42.763750   0.018062  0.000133   5414.851    39.872397  16.046714   5.545339    4017.326 1
 37.207083 -42.966750   0.017332  0.000150   5196.003    44.968869  16.051822   5.547105    3799.480 1
 36.901708 -42.485083   0.018036  0.000150   5407.057    44.968869  16.055165   5.548260    4009.567 1
 35.036750 -37.321222   0.020704  0.000113   6206.903    33.876548  16.059804   5.549863    4805.751 1
 37.173792 -27.927944   0.005291  0.000213   1586.202    63.855794  16.076708   5.555705     206.208 0
 72.454669 -42.365775   0.019774  0.000150   5928.096    44.968869  16.094293   5.561782    4528.221 1
 35.676167 -40.031917   0.017115  0.000150   5130.948    44.968869  16.095758   5.562288    3734.723 1
 36.635374 -28.775108   0.014944  0.000150   4480.098    44.968869  16.096380   5.562503    3086.854 1
 40.529055 -24.131838   0.005154  0.000020   1545.130     5.995849  16.117104   5.569664     165.325 0
 36.973000 -28.088389   0.016708  0.000213   5008.932    63.855794  16.147703   5.580239    3613.266 1
 65.292484 -21.831546   0.003022  0.000333    905.973    99.830889  16.157333   5.583567    -470.906 1
 36.438208 -41.916500   0.017852  0.000150   5351.895    44.968869  16.159519   5.584322    3954.658 1
 56.047833 -19.319417   0.004797  0.000150   1438.104    44.968869  16.171021   5.588297      58.789 0
 44.517405 -49.383045   0.002104  0.000038    630.763    11.392113  16.182038   5.592104    -744.856 1
 54.891212 -19.266349   0.004977  0.000333   1492.067    99.830889  16.183531   5.592620     112.504 0
 69.280833 -24.393333   0.015621  0.000333   4683.058    99.830889  16.276608   5.624785    3288.884 1
 73.505570 -40.758475   0.013653  0.000150   4093.066    44.968869  16.278433   5.625416    2701.594 1
 74.364426 -32.936705   0.016151  0.000150   4841.948    44.968869  16.282511   5.626825    3447.046 1
 66.832884 -22.559502   0.005386  0.000038   1614.682    11.392113  16.283951   5.627323     234.558 0
 34.665278 -36.531092   0.008186  0.000019   2454.101     5.696057  16.288864   5.629021    1070.133 1
 73.368625 -29.720639   0.018393  0.000150   5514.083    44.968869  16.314878   5.638010    4116.103 1
 73.370792 -29.712750   0.018516  0.000150   5550.957    44.968869  16.319302   5.639539    4152.809 1
 50.468250 -19.481778   0.013602  0.000042   4077.777    12.591283  16.320210   5.639853    2686.374 1
 60.115672 -51.143838   0.003716  0.000817   1114.029    99.990000  16.322370   5.640599    -263.803 0
 34.739667 -37.528944   0.020591  0.000150   6173.027    44.968869  16.325363   5.641634    4772.030 1
 36.583750 -42.588611   0.017412  0.000333   5219.986    99.830889  16.333370   5.644401    3823.354 1
 74.572897 -33.808710   0.020618  0.000026   6181.121     7.794604  16.339932   5.646668    4780.087 1
 37.911699 -44.524350   0.017829  0.000150   5345.000    44.968869  16.357158   5.652621    3947.795 1
 70.539667 -45.419947   0.020850  0.000330   6250.673    98.931511  16.361590   5.654153    4849.321 1
 55.268375 -19.094444   0.003256  0.000123    976.124    36.874472  16.362512   5.654472    -401.076 0
 55.066352 -19.081664   0.005584  0.000127   1674.041    38.073642  16.370773   5.657326     293.645 0
 48.224562 -19.925215   0.005544  0.000333   1662.049    99.830889  16.373121   5.658138     281.708 0
 74.419539 -32.576200   0.016278  0.000150   4880.022    44.968869  16.386202   5.662658    3484.946 1
 51.160120 -19.298360   0.006288  0.000040   1885.095    11.991698  16.393552   5.665198     503.732 1
 60.394583 -51.168333   0.003072  0.000400    920.962    99.990000  16.409654   5.670762    -455.985 1
 34.478917 -34.803250   0.020951  0.000009   6280.952     2.698132  16.417332   5.673416    4879.461 1
 50.225000 -19.421389   0.005527  0.000333   1656.953    99.830889  16.421321   5.674794     276.635 0
 74.039841 -31.038636   0.018950  0.000150   5681.067    44.968869  16.426182   5.676474    4282.323 1
 50.854583 -19.283333   0.005182  0.000022   1553.525     6.595434  16.452893   5.685705     173.680 0
 49.921167 -19.411361   0.005264  0.000005   1578.107     1.498962  16.486766   5.697410     198.151 0
 43.782667 -21.520806   0.009934  0.000150   2978.138    44.968869  16.488318   5.697947    1591.771 1
 48.103064 -51.067233   0.016345  0.000150   4900.108    44.968869  16.495534   5.700441    3504.940 1
 49.900000 -19.395806   0.005657  0.000150   1695.926    44.968869  16.505902   5.704023     315.430 0
 55.042500 -18.944444   0.006648  0.000230   1993.020    68.952265  16.507539   5.704589     611.164 1
 55.177454 -18.943899   0.004730  0.000280   1418.018    83.941888  16.510762   5.705703      38.795 0
 35.697167 -41.371083   0.016918  0.000133   5071.889    39.872397  16.511073   5.705810    3675.934 1
 55.555161 -18.947738   0.006031  0.000307   1808.048    92.036285  16.518310   5.708311     427.039 0
 55.079875 -18.931500   0.005647  0.000060   1692.928    17.987547  16.521148   5.709292     312.445 0
 53.119292 -18.948500   0.005594  0.000070   1677.039    20.985472  16.544834   5.717477     296.629 0
 54.675384 -18.899519   0.005023  0.000220   1505.858    65.954341  16.548881   5.718876     126.232 0
 64.989583 -21.175000   0.003002  0.000028    899.977     8.394189  16.587322   5.732160    -476.875 1
 57.282083 -18.990833   0.014263  0.000028   4275.940     8.394189  16.600164   5.736598    2883.630 1
 57.215917 -18.978861   0.014273  0.000007   4278.938     2.098547  16.605073   5.738294    2886.614 1
 55.207023 -18.847266   0.004223  0.000203   1266.024    60.857869  16.608039   5.739319    -112.504 0
 60.351336 -51.425422   0.019547  0.000333   5860.043    99.830889  16.646179   5.752500    4460.480 1
 74.515154 -39.388949   0.020808  0.000113   6238.081    33.876548  16.682512   5.765055    4836.787 1
 54.846333 -18.758417   0.006061  0.000227   1817.042    68.052888  16.690965   5.767977     435.991 1
 57.751751 -51.992357   0.018916  0.000150   5670.874    44.968869  16.740050   5.784939    4272.177 1
 64.436505 -50.164339   0.003299  0.000024    989.015     7.195019  16.749934   5.788355    -388.244 0
 55.499542 -18.713056   0.006158  0.000143   1846.122    42.870321  16.750736   5.788632     464.938 1
 75.204167 -35.385361   0.016315  0.000150   4891.114    44.968869  16.771835   5.795923    3495.987 1
 55.140541 -18.650972   0.002832  0.000250    849.012    74.948115  16.802787   5.806619    -527.606 1
 55.180125 -18.645306   0.004650  0.000123   1394.035    36.874472  16.809302   5.808871      14.921 0
 49.809250 -19.100000   0.005290  0.000040   1585.902    11.991698  16.810791   5.809385     205.910 0
 55.348875 -18.635556   0.006378  0.000240   1912.076    71.950190  16.823364   5.813730     530.590 1
 54.992083 -18.626667   0.002835  0.000060    849.912    17.987547  16.824449   5.814105    -526.711 1
 52.435775 -52.196334   0.003586  0.000333   1075.056    99.830889  16.841938   5.820149    -302.598 0
 55.017916 -18.601734   0.005000  0.000333   1498.962    99.830889  16.849773   5.822857     119.368 0
 55.047500 -18.587500   0.005951  0.000333   1784.065    99.830889  16.864490   5.827942     403.165 0
 67.507849 -48.671019   0.006391  0.000333   1915.974    99.830889  16.885836   5.835319     534.470 1
 54.768916 -18.532191   0.006598  0.000287   1978.031    86.040435  16.916596   5.845949     596.243 1
 54.877375 -18.526944   0.014333  0.000047   4296.925    14.090246  16.922723   5.848066    2904.519 1
 33.965375 -37.317417   0.013820  0.000150   4143.132    44.968869  16.926517   5.849378    2751.430 1
 54.127917 -18.521389   0.014297  0.000333   4286.133    99.830889  16.931615   5.851139    2893.776 1
 58.174731 -18.754957   0.006264  0.000150   1877.900    44.968869  16.943205   5.855144     496.570 1
 55.219708 -18.478000   0.005571  0.000033   1670.144     9.893151  16.977449   5.866978     289.766 0
 55.218945 -18.477365   0.005601  0.000153   1679.138    45.868246  16.978066   5.867191     298.718 0
 67.601250 -48.734444   0.006394  0.000026   1916.873     7.794604  16.982836   5.868840     535.365 1
 35.192500 -41.631667   0.016842  0.000333   5049.105    99.830889  16.988578   5.870824    3653.254 1
 37.161750 -44.745500   0.017682  0.000150   5300.930    44.968869  16.988837   5.870913    3903.927 1
 54.666836 -18.449231   0.014200  0.000333   4257.053    99.830889  16.999149   5.874477    2864.829 1
 50.883818 -52.216662   0.002131  0.000333    638.858    99.830889  17.041775   5.889208    -736.798 1
 35.553167 -42.639444   0.021095  0.000150   6324.122    44.968869  17.113689   5.914059    4922.433 1
 63.824157 -50.945552   0.012492  0.000020   3745.007     5.995849  17.217162   5.949817    2355.128 1
 36.588801 -44.446181   0.017212  0.000150   5160.028    44.968869  17.223119   5.951875    3763.670 1
 73.139500 -43.868972   0.018578  0.000035   5569.544    10.492736  17.280279   5.971629    4171.311 1
 34.778875 -41.749333   0.017309  0.000030   5189.108     8.993774  17.345254   5.994082    3792.616 1
 36.325596 -44.342218   0.018259  0.000150   5473.910    44.968869  17.352796   5.996688    4076.115 1
 69.954965 -47.527959   0.004565  0.000019   1368.553     5.696057  17.379738   6.005999     -10.445 0
 35.931833 -43.972500   0.017092  0.000150   5124.053    44.968869  17.445398   6.028689    3727.859 1
 73.557247 -43.873846   0.021091  0.000073   6322.923    21.884849  17.580570   6.075402    4921.240 1
 74.244708 -42.800778   0.002362  0.000150    708.110    44.968869  17.599487   6.081939    -667.863 1
 67.491606 -49.611132   0.014720  0.000227   4412.945    68.052888  17.623824   6.090349    3020.008 1
 69.217539 -48.547863   0.020666  0.000054   6195.511    16.188793  17.694166   6.114657    4794.411 1
 35.459514 -43.837087   0.017222  0.000150   5163.026    44.968869  17.717588   6.122751    3766.654 1
 72.007042 -46.138444   0.017599  0.000834   5276.047    99.990000  17.747916   6.133232    3879.158 1
