 63.494703 -38.097259   0.049821  0.000150  14935.960    44.968869   0.006000   0.021382     -79.652 0
 63.490946 -38.107733   0.051852  0.000207  15544.839    62.057039   0.008091   0.028833     500.177 0
 63.490842 -38.111141   0.050708  0.000150  15201.876    44.968869   0.011376   0.040537     173.578 0
 63.497420 -38.090497   0.048960  0.000167  14677.839    50.065340   0.012091   0.043086    -325.458 0
 63.508202 -38.097645   0.050775  0.000130  15221.962    38.973020   0.016133   0.057491     192.705 0
 63.549516 -38.127086   0.049002  0.000297  14690.430    89.038360   0.055526   0.197866    -313.467 0
 63.478481 -38.157650   0.050317  0.000297  15084.657    89.038360   0.058127   0.207132      61.951 0
 63.540964 -38.044717   0.046798  0.000297  14029.687    89.038360   0.069272   0.246848    -942.686 1
 63.591450 -38.088764   0.050162  0.000297  15038.189    89.038360   0.082243   0.293068      17.700 0
 63.401292 -38.028278   0.049098  0.000297  14719.210    89.038360   0.098951   0.352607    -286.060 0
 63.434795 -38.204719   0.050487  0.000297  15135.622    89.038360   0.112756   0.401800     110.484 0
 63.510000 -38.229000   0.050123  0.000333  15026.497    99.830889   0.130165   0.463837       6.566 0
 63.443341 -38.239391   0.051456  0.000150  15426.121    44.968869   0.143738   0.512203     387.124 0
 63.291468 -38.059783   0.050099  0.000297  15019.302    89.038360   0.159740   0.569229      -0.285 0
 63.668093 -38.013827   0.051195  0.000297  15347.875    89.038360   0.165917   0.591240     312.611 0
 63.688872 -38.172212   0.053045  0.000297  15902.491    89.038360   0.173844   0.619485     840.766 1
 63.533116 -38.278301   0.050061  0.000150  15007.910    44.968869   0.181814   0.647886     -11.134 0
 63.695372 -38.008366   0.052893  0.000297  15856.922    89.038360   0.187210   0.667117     797.372 1
 63.718644 -38.040904   0.053432  0.000297  16018.511    89.038360   0.190940   0.680407     951.251 1
 63.717410 -37.987980   0.048928  0.000213  14668.245    63.855794   0.212515   0.757288    -334.594 0
 63.771343 -38.053253   0.053559  0.000213  16056.584    63.855794   0.227882   0.812047     987.508 1
 63.738584 -37.978203   0.055320  0.000213  16584.519    63.855794   0.231829   0.826112    1490.255 1
 63.316313 -38.294655   0.050500  0.000333  15139.519    99.830889   0.236912   0.844227     114.196 0
 63.792429 -38.126645   0.053634  0.000297  16079.069    89.038360   0.241106   0.859170    1008.920 1
 63.308912 -37.903066   0.053237  0.000150  15960.051    44.968869   0.242130   0.862819     895.580 1
 63.209282 -38.242776   0.051417  0.000297  15414.429    89.038360   0.261657   0.932404     375.990 0
 63.171583 -38.013666   0.059507  0.000297  17839.750    89.038360   0.263482   0.938909    2685.599 1
 63.224620 -38.292169   0.048450  0.000297  14524.945    89.038360   0.282596   1.007021    -471.058 0
 63.226167 -38.302717   0.050412  0.000113  15113.137    33.876548   0.289003   1.029852      89.073 0
 63.852587 -38.154227   0.053005  0.000297  15890.499    89.038360   0.292048   1.040700     829.347 1
 63.326552 -38.367228   0.049854  0.000213  14945.853    63.855794   0.295865   1.054304     -70.230 0
 63.825378 -37.946070   0.051344  0.000213  15392.544    63.855794   0.306945   1.093786     355.149 0
 63.271736 -37.841463   0.058264  0.000150  17467.108    44.968869   0.309489   1.102850    2330.736 1
 63.122142 -37.985122   0.053408  0.000297  16011.316    89.038360   0.309921   1.104390     944.399 1
 63.871815 -38.011038   0.053584  0.000150  16064.079    44.968869   0.314927   1.122229     994.645 1
 63.389867 -38.429567   0.049064  0.000150  14709.017    44.968869   0.338479   1.206157    -295.767 0
 63.089511 -38.234228   0.046736  0.000150  14011.100    44.968869   0.341047   1.215308    -960.386 1
 63.602125 -37.755691   0.050091  0.000103  15016.904    30.878623   0.355845   1.268039      -2.569 0
 63.944635 -38.073666   0.055525  0.000150  16645.976    44.968869   0.360368   1.284158    1548.780 1
 63.883528 -37.887909   0.051738  0.000297  15510.662    89.038360   0.376698   1.342348     467.632 0
 63.235458 -37.779876   0.057762  0.000213  17316.612    63.855794   0.376762   1.342576    2187.420 1
 63.966031 -38.065366   0.048677  0.000150  14592.997    44.968869   0.377833   1.346393    -406.251 0
 63.923870 -37.941573   0.048597  0.000297  14569.014    89.038360   0.377879   1.346555    -429.091 0
 63.955404 -38.233256   0.057637  0.000213  17279.138    63.855794   0.391270   1.394276    2151.734 1
 63.427070 -38.491894   0.048739  0.000297  14611.585    89.038360   0.394809   1.406885    -388.551 0
 63.592513 -37.711266   0.050432  0.000297  15119.133    89.038360   0.397352   1.415948      94.782 0
 62.967489 -38.065814   0.048470  0.000297  14530.940    89.038360   0.410970   1.464474    -465.348 0
 62.962129 -37.964297   0.049391  0.000150  14807.049    44.968869   0.435449   1.551703    -202.412 0
 62.965792 -37.952611   0.051653  0.000297  15485.180    89.038360   0.436516   1.555508     443.365 0
 63.107566 -38.432610   0.050695  0.000213  15197.979    63.855794   0.447457   1.594497     169.866 0
 63.345511 -38.540834   0.048634  0.000103  14580.106    30.878623   0.454856   1.620859    -418.528 0
 63.881026 -37.758112   0.051762  0.000213  15517.857    63.855794   0.461068   1.642999     474.483 1
 64.046557 -37.950240   0.052793  0.000297  15826.943    89.038360   0.464420   1.654942     768.823 1
 63.404550 -37.625432   0.039826  0.000297  11939.534    89.038360   0.479081   1.707187   -2933.118 1
 64.067118 -38.249233   0.056988  0.000297  17084.573    89.038360   0.479600   1.709035    1966.451 1
 63.002358 -37.807458   0.067529  0.000297  20244.685    89.038360   0.481233   1.714856    4975.795 1
 63.051200 -37.760596   0.049041  0.000150  14702.122    44.968869   0.483016   1.721207    -302.333 0
 64.027406 -38.336848   0.050377  0.000213  15102.645    63.855794   0.486139   1.732338      79.081 0
 64.101583 -38.021556   0.057997  0.000297  17387.063    89.038360   0.489243   1.743396    2254.510 1
 64.082767 -38.256381   0.052290  0.000213  15676.148    63.855794   0.493536   1.758697     625.222 1
 63.203266 -37.647004   0.052145  0.000297  15632.678    89.038360   0.505355   1.800811     583.826 1
 63.746417 -38.584639   0.037283  0.000213  11177.162    63.855794   0.525599   1.872952   -3659.118 1
 63.202583 -38.583556   0.050796  0.000297  15228.258    89.038360   0.533147   1.899846     198.701 0
 62.941575 -38.453941   0.048777  0.000150  14622.977    44.968869   0.556885   1.984437    -377.703 0
 63.620187 -37.546267   0.051224  0.000213  15356.569    63.855794   0.563431   2.007762     320.890 0
 63.847721 -37.607474   0.065989  0.000297  19783.005    89.038360   0.568111   2.024441    4536.142 1
 63.911167 -37.630944   0.048089  0.000213  14416.720    63.855794   0.575281   2.049989    -574.119 1
 63.451907 -37.519884   0.051381  0.000213  15403.636    63.855794   0.580808   2.069685     365.712 0
 63.369213 -38.695223   0.048379  0.000297  14503.659    89.038360   0.602509   2.147015    -491.327 1
 63.096284 -38.622570   0.054300  0.000213  16278.730    63.855794   0.606681   2.161883    1199.056 1
 62.725847 -38.232301   0.048413  0.000213  14513.852    63.855794   0.614122   2.188399    -481.621 1
 62.788960 -38.382853   0.050965  0.000150  15278.923    44.968869   0.618503   2.204009     246.948 0
 64.245461 -37.898466   0.050545  0.000297  15153.010    89.038360   0.629280   2.242414     127.043 0
 63.332919 -37.465914   0.050935  0.000297  15269.929    89.038360   0.645711   2.300966     238.384 0
 63.202203 -38.710920   0.065320  0.000297  19582.443    89.038360   0.650981   2.319745    4345.149 1
 62.812267 -38.494650   0.048656  0.000297  14586.702    89.038360   0.662154   2.359560    -412.247 0
 63.223250 -37.455833   0.067484  0.000213  20231.194    63.855794   0.677001   2.412467    4962.948 1
 63.436721 -37.423471   0.058154  0.000297  17434.131    89.038360   0.677728   2.415055    2299.332 1
 64.090545 -38.599925   0.052531  0.000213  15748.398    63.855794   0.689069   2.455469     694.025 1
 63.209888 -37.395984   0.058330  0.000297  17486.894    89.038360   0.737231   2.627091    2349.578 1
 64.186619 -38.606393   0.052619  0.000213  15774.779    63.855794   0.747494   2.663665     719.148 1
 63.356722 -37.347079   0.051279  0.000150  15373.057    44.968869   0.759967   2.708111     336.592 0
 62.496879 -37.945515   0.050719  0.000297  15205.174    89.038360   0.795038   2.833087     176.718 0
 62.591981 -38.533535   0.055002  0.000297  16489.185    89.038360   0.827673   2.949378    1399.469 1
 62.855062 -38.784918   0.050364  0.000297  15098.747    89.038360   0.846838   3.017673      75.369 0
 64.395749 -38.557742   0.052871  0.000297  15850.327    89.038360   0.848468   3.023483     791.091 1
 62.659892 -37.544162   0.059548  0.000297  17852.041    89.038360   0.856472   3.052002    2697.304 1
 63.357545 -38.971982   0.049800  0.000333  14929.664    99.830889   0.877997   3.128707     -85.647 0
 63.586063 -38.982825   0.048600  0.000133  14569.913    39.872397   0.886197   3.157926    -428.234 0
 63.657245 -37.221796   0.062620  0.000150  18773.004    44.968869   0.888255   3.165261    3574.328 1
 63.813427 -38.959200   0.047896  0.000297  14358.860    89.038360   0.896571   3.194893    -629.219 1
 63.574589 -39.007425   0.050909  0.000150  15262.134    44.968869   0.909984   3.242693     230.961 0
 62.765137 -37.372038   0.058124  0.000183  17425.137    54.862020   0.923820   3.291994    2290.767 1
 64.420189 -37.531657   0.051539  0.000150  15451.003    44.968869   0.928027   3.306987     410.819 0
 62.657759 -38.767884   0.058984  0.000213  17682.958    63.855794   0.934263   3.329208    2536.288 1
 62.545490 -37.500878   0.059915  0.000150  17962.065    44.968869   0.953396   3.397388    2802.079 1
 64.253662 -37.343881   0.058934  0.000150  17667.969    44.968869   0.966866   3.445387    2522.014 1
 64.703822 -38.240052   0.051782  0.000150  15523.853    44.968869   0.967031   3.445977     480.193 1
 63.312510 -39.058380   0.047765  0.000297  14319.587    89.038360   0.968270   3.450390    -666.618 1
 63.008157 -39.013201   0.052108  0.000297  15621.585    89.038360   0.988167   3.521293     573.263 1
 63.397684 -39.089227   0.050558  0.000150  15156.907    44.968869   0.991772   3.534141     130.754 0
 62.194792 -38.153611   0.066737  0.000297  20007.249    89.038360   1.019019   3.631233    4749.688 1
 64.211355 -38.951558   0.050882  0.000147  15254.040    44.069491   1.024329   3.650154     223.253 0
 62.339155 -38.585957   0.034244  0.000297  10266.093    89.038360   1.026341   3.657325   -4526.721 1
 64.239433 -38.944086   0.050949  0.000150  15274.126    44.968869   1.030643   3.672655     242.381 0
 63.843688 -39.099589   0.049615  0.000297  14874.203    89.038360   1.038056   3.699069    -138.462 0
 63.783083 -39.121917   0.059011  0.000297  17691.053    89.038360   1.047982   3.734440    2543.996 1
 62.980559 -39.079700   0.059330  0.000297  17786.687    89.038360   1.057932   3.769899    2635.068 1
 64.350964 -37.281917   0.050495  0.000150  15138.020    44.968869   1.063258   3.788877     112.768 0
 64.036223 -39.076377   0.049697  0.000213  14898.786    63.855794   1.067467   3.803876    -115.052 0
 62.128417 -38.128889   0.064810  0.000297  19429.549    89.038360   1.070230   3.813723    4199.550 1
 62.128338 -38.173438   0.064765  0.000213  19416.059    63.855794   1.072420   3.821525    4186.703 1
 63.768640 -39.166461   0.050901  0.000297  15259.736    89.038360   1.089100   3.880965     228.677 0
 63.981864 -39.121316   0.059363  0.000213  17796.580    63.855794   1.092783   3.894089    2644.489 1
 62.388965 -37.401894   0.058897  0.000150  17656.876    44.968869   1.111414   3.960480    2511.451 1
 62.176833 -38.516556   0.055505  0.000297  16639.980    89.038360   1.112658   3.964910    1543.070 1
 62.056875 -37.992083   0.064841  0.000297  19438.843    89.038360   1.131298   4.031336    4208.400 1
 64.618000 -37.400000   0.050636  0.000333  15180.291    99.830889   1.131748   4.032938     153.022 0
 63.976115 -39.166576   0.050068  0.000213  15010.009    63.855794   1.133656   4.039739      -9.136 0
 62.143461 -38.516256   0.055558  0.000150  16655.869    44.968869   1.136942   4.051446    1558.201 1
 62.106933 -38.506239   0.050135  0.000150  15030.095    44.968869   1.160194   4.134303       9.992 0
 63.176222 -39.242645   0.059760  0.000297  17915.597    89.038360   1.168676   4.164528    2757.828 1
 63.247936 -39.254880   0.049932  0.000297  14969.237    89.038360   1.170219   4.170028     -47.962 0
 63.960174 -39.211833   0.050301  0.000150  15079.860    44.968869   1.172299   4.177438      57.383 0
 63.197969 -39.252248   0.059228  0.000103  17756.108    30.878623   1.174623   4.185720    2605.948 1
 62.034640 -38.369493   0.050441  0.000297  15121.831    89.038360   1.174960   4.186924      97.352 0
 62.195890 -38.697329   0.050091  0.000103  15016.904    30.878623   1.179224   4.202117      -2.569 0
 61.978897 -38.163701   0.056764  0.000297  17017.419    89.038360   1.189210   4.237703    1902.502 1
 62.478511 -39.002152   0.034092  0.000213  10220.524    63.855794   1.202020   4.283351   -4570.115 1
 64.440235 -37.142333   0.051349  0.000150  15394.043    44.968869   1.216035   4.333292     356.576 0
 64.510145 -39.021843   0.050300  0.000333  15079.561    99.830889   1.223476   4.359807      57.098 0
 63.539495 -39.344592   0.059758  0.000213  17914.998    63.855794   1.245254   4.437411    2757.257 1
 64.825407 -37.356483   0.050031  0.000150  14998.916    44.968869   1.288645   4.592034     -19.699 0
 63.883520 -39.353331   0.051100  0.000333  15319.395    99.830889   1.291415   4.601906     285.489 0
 64.076567 -39.323252   0.049798  0.000150  14929.065    44.968869   1.308023   4.661087     -86.218 0
 61.845682 -37.800761   0.058347  0.000150  17491.991    44.968869   1.326527   4.727023    2354.431 1
 64.744174 -37.208930   0.051249  0.000150  15364.064    44.968869   1.330908   4.742637     328.027 0
 61.976656 -37.499951   0.034307  0.000150  10284.980    44.968869   1.332071   4.746782   -4508.735 1
 62.297154 -37.115167   0.058287  0.000150  17474.003    44.968869   1.359400   4.844167    2337.302 1
 63.835833 -39.464754   0.059861  0.000150  17945.876    44.968869   1.391945   4.960140    2786.662 1
 65.009965 -37.274796   0.050688  0.000150  15195.880    44.968869   1.454499   5.183049     167.868 1
 61.821114 -37.469583   0.058317  0.000150  17482.997    44.968869   1.455300   5.185903    2345.867 1
 64.012098 -36.683779   0.059658  0.000150  17885.018    44.968869   1.475071   5.256354    2728.708 1
 65.419625 -37.944868   0.060375  0.000150  18099.970    44.968869   1.528022   5.445043    2933.404 1
 61.519057 -38.179787   0.052003  0.000150  15590.107    44.968869   1.551420   5.528423     543.286 1
 64.914022 -39.173340   0.050585  0.000150  15165.001    44.968869   1.552901   5.533701     138.462 1
 65.132524 -38.958272   0.041229  0.000333  12360.143    99.830889   1.552925   5.533784   -2532.577 1
 64.916919 -39.172974   0.050885  0.000333  15254.939    99.830889   1.554297   5.538675     224.109 1
 64.915269 -39.175131   0.050885  0.000434  15254.939    99.990000   1.554849   5.540640     224.109 1
 64.779306 -39.280169   0.051099  0.000150  15319.095    44.968869   1.557413   5.549779     285.204 1
 64.964159 -39.167674   0.050628  0.000150  15177.893    44.968869   1.577810   5.622462     150.738 1
 64.939759 -39.197704   0.050200  0.000333  15049.581    99.830889   1.584382   5.645882      28.549 1
 65.381335 -37.531838   0.050528  0.000103  15147.913    30.878623   1.594645   5.682452     122.189 1
 61.611168 -38.708182   0.051900  0.000333  15559.229    99.830889   1.597205   5.691577     513.881 1
 65.067292 -39.171778   0.051019  0.000150  15295.111    44.968869   1.641163   5.848219     262.365 1
 61.484523 -38.845505   0.056300  0.000333  16878.315    99.830889   1.743923   6.214398    1770.035 1
 65.639678 -38.523992   0.041409  0.000150  12414.106    44.968869   1.745569   6.220266   -2481.189 1
 61.493361 -38.866126   0.042000  0.000333  12591.283    99.830889   1.746584   6.223882   -2312.464 1
 63.726770 -39.861279   0.059311  0.000150  17780.990    44.968869   1.771280   6.311884    2629.643 1
 63.152748 -39.854256   0.059358  0.000150  17795.081    44.968869   1.773974   6.321483    2643.061 1
 61.477851 -38.905405   0.055625  0.000150  16675.955    44.968869   1.775035   6.325264    1577.329 1
 61.444815 -37.328922   0.059048  0.000150  17702.145    44.968869   1.783130   6.354111    2554.559 1
 65.661019 -38.818806   0.051959  0.000150  15576.916    44.968869   1.855015   6.610272     530.725 1
 61.270025 -37.346018   0.065892  0.000150  19753.925    44.968869   1.901236   6.774977    4508.449 1
 61.370221 -37.171192   0.065042  0.000150  19499.101    44.968869   1.907846   6.798533    4265.783 1
 63.074103 -39.988203   0.060162  0.000150  18036.114    44.968869   1.916078   6.827868    2872.595 1
 61.219609 -37.397908   0.059348  0.000150  17792.083    44.968869   1.918126   6.835163    2640.206 1
 63.438525 -40.036570   0.051479  0.000150  15433.016    44.968869   1.936960   6.902279     393.690 1
 61.293209 -37.213787   0.066152  0.000150  19831.871    44.968869   1.941193   6.917363    4582.676 1
 61.256972 -37.187496   0.055215  0.000150  16553.041    44.968869   1.978594   7.050639    1460.278 1
 64.919375 -36.433468   0.061973  0.000150  18579.038    44.968869   2.011528   7.167999    3389.616 1
 61.332085 -36.983452   0.065679  0.000150  19690.069    44.968869   2.030960   7.237244    4447.640 1
 60.898919 -38.058204   0.059885  0.000150  17953.071    44.968869   2.037804   7.261633    2793.514 1
 62.568708 -36.182250   0.050118  0.000150  15024.998    44.968869   2.049638   7.303801       5.139 1
 66.092254 -37.992064   0.059828  0.000150  17935.983    44.968869   2.052282   7.313223    2777.241 1
 65.732326 -37.045128   0.041012  0.000150  12295.088    44.968869   2.057237   7.330880   -2594.528 1
 65.901210 -38.910510   0.048890  0.000103  14656.853    30.878623   2.064828   7.357932    -345.442 1
 62.177094 -39.953809   0.049738  0.000150  14911.077    44.968869   2.121479   7.559803    -103.347 1
 61.221956 -36.892233   0.065896  0.000150  19755.124    44.968869   2.153691   7.674589    4509.591 1
 65.303791 -36.466463   0.049334  0.000103  14789.961    30.878623   2.170347   7.733943    -218.685 1
 60.837206 -37.407281   0.055945  0.000150  16771.889    44.968869   2.197954   7.832321    1668.686 1
 66.175424 -38.745239   0.049054  0.000103  14706.019    30.878623   2.211130   7.879273    -298.622 1
 61.785053 -36.233328   0.065739  0.000150  19708.056    44.968869   2.297866   8.188351    4464.769 1
 60.716103 -37.344924   0.065922  0.000150  19762.918    44.968869   2.308235   8.225300    4517.014 1
 61.921390 -40.058720   0.049798  0.000150  14929.065    44.968869   2.314363   8.247137     -86.218 1
 65.824233 -39.549015   0.056249  0.000103  16863.026    30.878623   2.340902   8.341711    1755.475 1
 60.474117 -38.226004   0.059998  0.000150  17986.948    44.968869   2.375012   8.463259    2825.774 1
 60.442505 -38.555591   0.059885  0.000150  17953.071    44.968869   2.439464   8.692931    2793.514 1
 60.548852 -37.316673   0.051326  0.000150  15387.148    44.968869   2.441905   8.701631     350.010 1
 65.460823 -40.000123   0.053504  0.000183  16040.096    54.862020   2.453746   8.743823     971.806 1
 61.799912 -40.175668   0.049347  0.000150  14793.858    44.968869   2.464329   8.781537    -214.974 1
 60.428065 -37.505312   0.056743  0.000150  17011.123    44.968869   2.480256   8.838292    1896.506 1
 66.519417 -37.258964   0.049154  0.000150  14735.998    44.968869   2.529503   9.013782    -270.073 1
 66.568521 -37.235808   0.049061  0.000150  14708.118    44.968869   2.573661   9.171137    -296.624 1
 66.764080 -38.185331   0.051876  0.000150  15552.034    44.968869   2.579537   9.192075     507.029 1
 60.420702 -37.181803   0.057656  0.000297  17284.834    89.038360   2.582448   9.202450    2157.158 1
 60.197550 -38.316793   0.059500  0.000333  17837.651    99.830889   2.598367   9.259176    2683.601 1
 60.183345 -37.966154   0.057253  0.000183  17164.018    54.862020   2.603928   9.278992    2042.106 1
 60.450985 -37.040484   0.059188  0.000150  17744.116    44.968869   2.614203   9.315605    2594.528 1
 60.233375 -38.640976   0.066400  0.000333  19906.219    99.830889   2.617626   9.327805    4653.478 1
 66.814536 -37.912302   0.049224  0.000113  14756.984    33.876548   2.624551   9.352481    -250.089 1
 60.367837 -37.135451   0.058240  0.000150  17459.913    44.968869   2.637966   9.400285    2323.884 1
 60.200620 -38.650622   0.066439  0.000150  19917.911    44.968869   2.644843   9.424789    4664.612 1
 60.908719 -36.374097   0.059308  0.000150  17780.091    44.968869   2.664259   9.493978    2628.787 1
 64.833645 -40.548315   0.050058  0.000183  15007.011    54.862020   2.667531   9.505640     -11.991 1
 66.337370 -36.645899   0.047706  0.000150  14301.899    44.968869   2.672539   9.523483    -683.462 1
 60.341803 -37.092579   0.059271  0.000150  17768.999    44.968869   2.672907   9.524795    2618.224 1
 60.965908 -36.306713   0.065237  0.000213  19557.561    63.855794   2.674837   9.531672    4321.454 1
 64.546812 -40.643973   0.051042  0.000150  15302.007    44.968869   2.676967   9.539264     268.931 1
 60.284968 -37.183175   0.037081  0.000213  11116.604    63.855794   2.682082   9.557491   -3716.787 1
 60.505899 -39.454957   0.047997  0.000150  14389.139    44.968869   2.709743   9.656059    -600.384 1
 60.518069 -39.472799   0.047800  0.000333  14330.079    99.830889   2.710446   9.658565    -656.626 1
 65.388972 -40.360826   0.050765  0.000113  15218.964    33.876548   2.710971   9.660435     189.850 1
 64.837070 -40.609097   0.051439  0.000150  15421.024    44.968869   2.724474   9.708554     382.270 1
 66.956374 -38.619127   0.050468  0.000183  15129.926    54.862020   2.778377   9.900634     105.060 1
 61.959533 -35.593083   0.049618  0.000150  14875.102    44.968869   2.780507   9.908224    -137.606 1
 60.572508 -36.528962   0.059058  0.000213  17705.143    63.855794   2.780593   9.908530    2557.414 1
 60.242101 -39.216524   0.051933  0.000150  15569.122    44.968869   2.787618   9.933562     523.302 1
 60.758063 -36.311252   0.060549  0.000150  18152.134    44.968869   2.795437   9.961427    2983.079 1
 60.181083 -37.077417   0.052425  0.000213  15716.620    63.855794   2.795973   9.963335     663.763 1
 60.169654 -37.085113   0.051319  0.000150  15385.049    44.968869   2.801548   9.983204     348.012 1
 60.935167 -36.135000   0.056341  0.000213  16890.607    63.855794   2.810108  10.013705    1781.740 1
 59.969176 -37.588467   0.065572  0.000150  19657.991    44.968869   2.815875  10.034257    4417.093 1
 60.322333 -36.714944   0.058384  0.000297  17503.083    89.038360   2.850266  10.156807    2364.994 1
 65.531261 -40.486870   0.060542  0.000150  18150.035    44.968869   2.877974  10.255545    2981.081 1
 66.958663 -37.166549   0.045208  0.000090  13553.017    26.981321   2.886356  10.285414   -1396.614 1
 60.078684 -37.029599   0.051775  0.000297  15521.755    89.038360   2.888499  10.293049     478.195 1
 60.768313 -36.135158   0.058107  0.000150  17420.040    44.968869   2.905316  10.352977    2285.914 1
 64.640183 -40.862497   0.051029  0.000183  15298.109    54.862020   2.907507  10.360783     265.220 1
 66.578110 -36.505058   0.050175  0.000113  15042.087    33.876548   2.908159  10.363106      21.412 1
 60.051958 -39.188135   0.060278  0.000284  18070.890    85.141058   2.914618  10.386123    2905.711 1
 67.062551 -37.247119   0.048814  0.000103  14634.069    30.878623   2.939454  10.474624    -367.139 1
 64.514129 -35.270702   0.054581  0.000150  16362.972    44.968869   2.942292  10.484737    1279.278 1
 61.185286 -35.774198   0.067126  0.000150  20123.869    44.968869   2.948353  10.506335    4860.743 1
 59.758502 -38.392921   0.065700  0.000333  19696.364    99.830889   2.949391  10.510037    4453.635 1
 59.839320 -38.786482   0.059511  0.000150  17840.949    44.968869   2.952137  10.519819    2686.741 1
 59.816434 -38.791447   0.060408  0.000150  18109.863    44.968869   2.970807  10.586351    2942.825 1
 59.803869 -38.766205   0.058891  0.000150  17655.078    44.968869   2.974670  10.600115    2509.738 1
 59.704572 -38.284136   0.049965  0.000150  14979.130    44.968869   2.982938  10.629578     -38.541 1
 67.158785 -37.265920   0.048987  0.000150  14685.933    44.968869   3.006736  10.714383    -317.750 1
 59.961598 -39.261049   0.047660  0.000057  14288.109    17.088170   3.008086  10.719194    -696.594 1
 60.886164 -35.868615   0.058654  0.000150  17584.027    44.968869   3.028362  10.791446    2442.077 1
 61.159034 -35.659281   0.066469  0.000150  19926.905    44.968869   3.052185  10.876337    4673.177 1
 59.583662 -38.032283   0.059348  0.000150  17792.083    44.968869   3.073143  10.951022    2640.206 1
 66.444858 -40.133794   0.038410  0.000103  11515.028    30.878623   3.090447  11.012684   -3337.372 1
 61.097211 -35.642092   0.065102  0.000150  19517.089    44.968869   3.095274  11.029885    4282.913 1
 65.688554 -35.533165   0.048504  0.000113  14541.133    33.876548   3.096388  11.033854    -455.641 1
 59.893174 -39.384569   0.066836  0.000113  20036.929    33.876548   3.106832  11.071070    4777.951 1
 59.621581 -37.454063   0.057446  0.000150  17221.878    44.968869   3.110368  11.083671    2097.205 1
 59.895264 -39.414648   0.056779  0.000090  17021.916    26.981321   3.117897  11.110501    1906.784 1
 59.897640 -39.428708   0.057453  0.000207  17223.976    62.057039   3.122160  11.125689    2099.204 1
 60.557011 -35.994751   0.058795  0.000213  17626.298    63.855794   3.122774  11.127877    2482.331 1
 60.556389 -35.994406   0.059608  0.000150  17870.029    44.968869   3.123368  11.129994    2714.434 1
 65.529049 -35.418658   0.055815  0.000150  16732.916    44.968869   3.125634  11.138070    1631.572 1
 59.916711 -39.498739   0.057226  0.000120  17155.923    35.975095   3.139157  11.186260    2034.398 1
 60.409640 -36.043076   0.059168  0.000150  17738.120    44.968869   3.177891  11.324284    2588.818 1
 61.537957 -35.301043   0.056239  0.000150  16860.028    44.968869   3.191995  11.374545    1752.620 1
 67.161356 -39.461730   0.054581  0.000150  16362.972    44.968869   3.195430  11.386786    1279.278 1
 67.479556 -38.853072   0.053067  0.000150  15909.086    44.968869   3.230169  11.510576     847.047 1
 67.092702 -39.653569   0.056953  0.000103  17074.080    30.878623   3.234286  11.525248    1956.459 1
 67.306086 -39.302850   0.054900  0.000333  16458.606    99.830889   3.236474  11.533042    1370.349 1
 59.408633 -38.517328   0.050168  0.000150  15039.988    44.968869   3.237147  11.535442      19.413 1
 60.909072 -35.577841   0.065222  0.000150  19553.064    44.968869   3.237235  11.535757    4317.171 1
 59.895723 -39.709799   0.058427  0.000067  17515.974    20.086095   3.253059  11.592145    2377.271 1
 61.759870 -41.068903   0.057336  0.000150  17188.900    44.968869   3.265519  11.636543    2065.802 1
 59.756179 -36.637205   0.051989  0.000213  15585.910    63.855794   3.280794  11.690977     539.290 1
 67.379061 -39.354044   0.055125  0.000150  16526.059    44.968869   3.308917  11.791191    1434.584 1
 67.698483 -38.325531   0.056516  0.000150  16943.071    44.968869   3.321106  11.834626    1831.700 1
 67.629079 -38.869812   0.052870  0.000150  15850.027    44.968869   3.348513  11.932289     790.806 1
 59.484736 -39.286672   0.057937  0.000150  17369.076    44.968869   3.366339  11.995812    2237.381 1
 59.604840 -39.522681   0.056709  0.000267  17000.931    80.044586   3.370685  12.011299    1886.800 1
 59.202302 -38.214330   0.063991  0.000150  19184.019    44.968869   3.374440  12.024681    3965.734 1
 67.117820 -36.296806   0.048697  0.000103  14598.993    30.878623   3.378028  12.037466    -400.542 1
 59.969377 -40.075101   0.053033  0.000103  15898.893    30.878623   3.401123  12.119763     837.341 1
 66.614143 -35.749539   0.053067  0.000150  15909.086    44.968869   3.402488  12.124630     847.047 1
 66.960750 -36.069510   0.047306  0.000150  14181.982    44.968869   3.404642  12.132303    -797.657 1
 59.746603 -39.819020   0.052870  0.000067  15850.027    20.086095   3.409279  12.148829     790.806 1
 59.395507 -39.250021   0.060889  0.000514  18254.063    99.990000   3.419639  12.185745    3080.146 1
 67.324365 -39.748706   0.062970  0.000150  18877.931    44.968869   3.439882  12.257881    3674.249 1
 59.449880 -39.421417   0.061689  0.000280  18493.897    83.941888   3.441477  12.263562    3308.537 1
 66.542097 -35.633112   0.037306  0.000150  11184.057    44.968869   3.444133  12.273029   -3652.552 1
 66.803035 -35.835355   0.037096  0.000150  11121.101    44.968869   3.454613  12.310373   -3712.505 1
 64.713825 -41.419458   0.050692  0.000103  15197.079    30.878623   3.456799  12.318164     169.010 1
 61.119641 -41.013609   0.058314  0.000150  17482.097    44.968869   3.458674  12.324845    2345.010 1
 59.754016 -39.985692   0.060452  0.000250  18123.054    74.948115   3.491372  12.441361    2955.387 1
 59.702841 -39.928764   0.058294  0.000280  17476.102    83.941888   3.495211  12.455044    2339.300 1
 59.867506 -40.140358   0.067353  0.000183  20191.921    54.862020   3.504288  12.487389    4925.549 1
 59.368356 -39.439044   0.060545  0.000147  18150.934    44.069491   3.507491  12.498803    2981.937 1
 59.442158 -39.607474   0.060278  0.000163  18070.890    48.866171   3.522606  12.552663    2905.711 1
 59.603625 -39.865070   0.060542  0.000147  18150.035    44.069491   3.529704  12.577958    2981.081 1
 67.574090 -36.642734   0.043523  0.000333  13047.867    99.830889   3.530352  12.580267   -1877.664 1
 63.745902 -41.625764   0.060400  0.000333  18107.464    99.830889   3.531604  12.584727    2940.541 1
 59.035604 -38.557553   0.061262  0.000150  18365.886    44.968869   3.533433  12.591246    3186.633 1
 67.296346 -36.217514   0.047716  0.000183  14304.897    54.862020   3.539162  12.611659    -680.607 1
 59.796246 -40.121788   0.060088  0.000097  18013.929    29.079868   3.539389  12.612470    2851.468 1
 67.587326 -36.643152   0.041899  0.000150  12561.004    44.968869   3.539670  12.613470   -2341.299 1
 61.299810 -34.997120   0.039878  0.000150  11955.124    44.968869   3.548634  12.645414   -2918.273 1
 62.546114 -34.615169   0.060005  0.000150  17989.046    44.968869   3.562771  12.695789    2827.773 1
 59.722237 -40.078824   0.059881  0.000070  17951.872    20.985472   3.563309  12.697709    2792.372 1
 59.454163 -39.744944   0.058924  0.000333  17664.971    99.830889   3.575199  12.740078    2519.159 1
 59.615018 -39.971204   0.060525  0.000063  18144.939    18.886925   3.576313  12.744046    2976.227 1
 59.589516 -39.940372   0.059811  0.000177  17930.887    53.063265   3.577472  12.748177    2772.388 1
 59.248741 -39.396373   0.059474  0.000100  17829.857    29.979246   3.578994  12.753601    2676.178 1
 67.896530 -38.998727   0.033847  0.000150  10147.075    44.968869   3.583808  12.770755   -4640.060 1
 62.545061 -34.590768   0.065762  0.000150  19714.952    44.968869   3.586813  12.781462    4471.336 1
 59.422916 -39.723979   0.048310  0.000133  14482.974    39.872397   3.587510  12.783947    -511.026 1
 59.245527 -39.422623   0.056696  0.000333  16997.033    99.830889   3.590937  12.796159    1883.088 1
 60.546175 -35.351624   0.058294  0.000150  17476.102    44.968869   3.593413  12.804983    2339.300 1
 59.681358 -40.089163   0.061626  0.000057  18475.010    17.088170   3.595816  12.813543    3290.551 1
 60.056229 -35.658928   0.065286  0.000213  19572.250    63.855794   3.640279  12.971985    4335.443 1
 59.160840 -39.449189   0.060785  0.000150  18222.885    44.968869   3.662680  13.051812    3050.455 1
 60.077613 -35.605275   0.065362  0.000150  19595.035    44.968869   3.664129  13.056977    4357.140 1
 59.600704 -40.122369   0.054865  0.000250  16448.113    74.948115   3.667066  13.067441    1360.357 1
 61.388216 -34.809281   0.058551  0.000150  17553.148    44.968869   3.682259  13.121579    2412.671 1
 59.513656 -40.051834   0.060071  0.000147  18008.833    44.069491   3.686575  13.136960    2846.615 1
 67.668476 -39.764808   0.055622  0.000150  16675.056    44.968869   3.687077  13.138751    1576.473 1
 68.028779 -39.015514   0.053467  0.000150  16029.003    44.968869   3.688777  13.144806     961.243 1
 59.053525 -39.312433   0.053387  0.000077  16005.020    23.084019   3.694207  13.164157     938.404 1
 59.170877 -36.641915   0.040031  0.000297  12000.992    89.038360   3.696918  13.173815   -2874.593 1
 66.738361 -40.787991   0.054578  0.000150  16362.073    44.968869   3.710536  13.222343    1278.422 1
 59.697855 -40.307960   0.054384  0.000150  16303.913    44.968869   3.710876  13.223556    1223.037 1
 59.114996 -39.495163   0.060575  0.000414  18159.928    99.990000   3.713272  13.232092    2990.502 1
 59.615280 -40.227422   0.052406  0.000110  15710.924    32.977170   3.716622  13.244031     658.339 1
 68.049624 -37.114391   0.042609  0.000103  12773.857    30.878623   3.722611  13.265374   -2138.601 1
 59.139316 -39.584905   0.059081  0.000223  17712.038    66.853718   3.730348  13.292944    2563.981 1
 67.461361 -36.056644   0.048060  0.000150  14408.026    44.968869   3.735295  13.310573    -582.398 1
 68.234263 -38.017158   0.047826  0.000183  14337.874    54.862020   3.735982  13.313020    -649.203 1
 68.254825 -37.679805   0.047269  0.000150  14170.890    44.968869   3.774705  13.451008    -808.221 1
 68.256758 -38.524377   0.057887  0.000150  17354.086    44.968869   3.776684  13.458062    2223.106 1
 58.718034 -37.662243   0.051906  0.000150  15561.027    44.968869   3.779030  13.466422     515.594 1
 59.067339 -39.605004   0.059418  0.000070  17813.068    20.985472   3.790311  13.506621    2660.191 1
 65.307137 -41.620237   0.061316  0.000150  18382.074    44.968869   3.800206  13.541879    3202.050 1
 67.397638 -40.337953   0.050842  0.000150  15242.048    44.968869   3.804534  13.557303     211.833 1
 61.890401 -41.710912   0.051135  0.000150  15329.887    44.968869   3.823493  13.624861     295.482 1
 59.301544 -40.059027   0.059314  0.000150  17781.890    44.968869   3.832871  13.658279    2630.500 1
 59.312396 -40.102870   0.057356  0.000150  17194.896    44.968869   3.848169  13.712794    2071.511 1
 58.833098 -39.284821   0.053274  0.000150  15971.143    44.968869   3.849894  13.718939     906.143 1
 67.880653 -39.803439   0.055345  0.000103  16592.014    30.878623   3.853718  13.732566    1497.392 1
 59.547486 -40.389090   0.053534  0.000150  16049.089    44.968869   3.854257  13.734490     980.371 1
 58.811311 -39.273112   0.053537  0.000150  16049.989    44.968869   3.862638  13.764353     981.227 1
 59.199030 -39.991382   0.056432  0.000150  16917.888    44.968869   3.868911  13.786709    1807.719 1
 64.506922 -34.304034   0.037006  0.000150  11094.120    44.968869   3.879740  13.825296   -3738.199 1
 67.004673 -40.819922   0.053797  0.000103  16127.935    30.878623   3.880308  13.827319    1055.454 1
 59.137883 -40.001519   0.058197  0.000183  17447.022    54.862020   3.915871  13.954048    2311.608 1
 64.473516 -41.945066   0.061913  0.000150  18561.050    44.968869   3.922510  13.977707    3372.487 1
 59.150000 -40.076000   0.058293  0.000333  17475.802    99.830889   3.944320  14.055423    2339.015 1
 61.195986 -34.563655   0.059071  0.000150  17709.040    44.968869   3.969725  14.145955    2561.126 1
 59.065602 -40.049076   0.060452  0.000077  18123.054    23.084019   3.988713  14.213617    2955.387 1
 60.907745 -41.542116   0.057700  0.000333  17298.025    99.830889   3.996349  14.240829    2169.720 1
 59.064495 -40.074539   0.056512  0.000113  16941.871    33.876548   4.001975  14.260875    1830.558 1
