359.276494 -34.758854   0.047930  0.000110  14369.053    32.977170   0.014000   0.048684    -401.120 0
359.276232 -34.745968   0.052340  0.000150  15691.137    44.968869   0.020002   0.069556     858.808 0
359.290125 -34.748028   0.048490  0.000140  14536.936    41.970944   0.028049   0.097540    -241.129 0
359.267272 -34.803266   0.050020  0.000110  14995.619    32.977170   0.043171   0.150125     195.989 0
359.326014 -34.747274   0.051940  0.000150  15571.220    44.968869   0.056172   0.195335     744.529 0
359.293000 -34.817000   0.049632  0.000333  14879.299    99.830889   0.062764   0.218258      85.138 0
359.335853 -34.770703   0.046560  0.000270  13958.337    80.943964   0.063477   0.220738    -792.526 0
359.315418 -34.715074   0.054680  0.000120  16392.652    35.975095   0.064601   0.224647    1527.341 0
359.255792 -34.832318   0.052230  0.000170  15658.160    50.964718   0.071825   0.249769     827.381 0
359.168605 -34.762710   0.044330  0.000230  13289.800    68.952265   0.074771   0.260011   -1429.632 0
359.209386 -34.823404   0.053020  0.000200  15894.996    59.958492   0.075165   0.261383    1053.082 0
359.303109 -34.691081   0.047260  0.000210  14168.192    62.956416   0.078142   0.271734    -592.537 0
359.319053 -34.832820   0.049280  0.000180  14773.772    53.962642   0.087228   0.303331     -15.428 0
359.176669 -34.702989   0.051390  0.000140  15406.334    41.970944   0.089186   0.310137     587.395 0
359.152469 -34.740885   0.051340  0.000060  15391.345    17.987547   0.090169   0.313557     573.110 0
359.255100 -34.667878   0.042010  0.000320  12594.281    95.933587   0.092755   0.322550   -2092.451 0
359.336955 -34.689957   0.043270  0.000150  12972.020    44.968869   0.095003   0.330366   -1732.472 0
359.252809 -34.858362   0.046170  0.000210  13841.418    62.956416   0.097960   0.340650    -903.948 0
359.167381 -34.822922   0.046860  0.000140  14048.275    41.970944   0.098114   0.341186    -706.816 0
359.182346 -34.680037   0.045550  0.000100  13655.546    29.979246   0.102518   0.356501   -1081.081 0
359.194589 -34.671249   0.055410  0.000110  16611.500    32.977170   0.104054   0.361842    1735.900 0
359.195976 -34.856198   0.049580  0.000130  14863.710    38.973020   0.108982   0.378978      70.282 0
359.147519 -34.701175   0.054420  0.000140  16314.706    41.970944   0.109554   0.380968    1453.059 0
359.344756 -34.673015   0.053250  0.000300  15963.948    89.937737   0.112075   0.389733    1118.793 0
359.146081 -34.823124   0.044920  0.000390  13466.677    99.990000   0.112289   0.390477   -1261.070 0
359.386442 -34.807302   0.043440  0.000040  13022.984    11.991698   0.114224   0.397207   -1683.903 0
359.120216 -34.755770   0.052650  0.000210  15784.073    62.956416   0.114594   0.398492     947.374 0
359.118825 -34.775464   0.048680  0.000090  14593.897    26.981321   0.116593   0.405444    -186.846 0
359.397775 -34.716174   0.033980  0.000280  10186.948    83.941888   0.121901   0.423903   -4386.605 1
359.132114 -34.825295   0.051310  0.000270  15382.351    80.943964   0.123112   0.428115     564.539 0
359.169150 -34.658536   0.053690  0.000180  16095.857    53.962642   0.126207   0.438877    1244.500 0
359.155457 -34.660486   0.048720  0.000170  14605.889    50.964718   0.131652   0.457810    -175.418 0
359.365861 -34.650512   0.048160  0.000210  14438.005    62.956416   0.140479   0.488507    -335.409 0
359.435500 -34.750056   0.045790  0.000180  13727.497    53.962642   0.144907   0.503905   -1012.513 0
359.434949 -34.711306   0.051350  0.000160  15394.343    47.966793   0.152260   0.529473     575.967 0
359.131565 -34.647782   0.046630  0.000210  13979.322    62.956416   0.154206   0.536243    -772.527 0
359.441063 -34.813070   0.048440  0.000200  14521.947    59.958492   0.158072   0.549687    -255.414 0
359.451244 -34.790710   0.045630  0.001540  13679.530    99.990000   0.160321   0.557505   -1058.225 0
359.194917 -34.609076   0.049460  0.000160  14827.735    47.966793   0.160529   0.558229      35.998 0
359.166540 -34.616838   0.047020  0.000180  14096.241    53.962642   0.162784   0.566070    -661.105 0
359.060501 -34.759742   0.048040  0.000200  14402.030    59.958492   0.163554   0.568748    -369.693 0
359.387962 -34.887210   0.046050  0.000180  13805.443    53.962642   0.164816   0.573139    -938.232 0
359.279504 -34.594230   0.048630  0.000150  14578.907    44.968869   0.167133   0.581197    -201.131 0
359.049364 -34.771662   0.054450  0.000090  16323.699    26.981321   0.173058   0.601798    1461.630 0
359.254222 -34.937999   0.052430  0.000280  15718.119    83.941888   0.177494   0.617223     884.521 0
359.107201 -34.632838   0.051740  0.000130  15511.262    38.973020   0.178842   0.621911     687.389 0
359.453377 -34.848857   0.047860  0.000260  14348.067    77.946039   0.182057   0.633094    -421.119 0
359.326709 -34.935072   0.050680  0.000120  15193.482    35.975095   0.183019   0.636437     384.549 0
359.056838 -34.836720   0.052760  0.000150  15817.050    44.968869   0.183147   0.636884     978.801 0
359.119101 -34.920443   0.051380  0.000140  15403.336    41.970944   0.197185   0.685699     584.538 0
359.299192 -34.959952   0.045480  0.000240  13634.561    71.950190   0.202030   0.702548   -1101.079 0
359.026916 -34.676183   0.051580  0.000130  15463.295    38.973020   0.208938   0.726570     641.677 0
359.278780 -34.551579   0.053000  0.000333  15889.000    99.830889   0.209575   0.728786    1047.368 0
359.178055 -34.558271   0.051420  0.000170  15415.328    50.964718   0.213088   0.741002     595.966 0
359.013291 -34.690444   0.051750  0.000090  15514.260    26.981321   0.214141   0.744663     690.246 0
359.085602 -34.598046   0.045120  0.000150  13526.636    44.968869   0.216425   0.752605   -1203.931 0
359.115308 -34.577472   0.048340  0.000210  14491.967    62.956416   0.218104   0.758445    -283.984 0
359.310380 -34.977837   0.051120  0.000110  15325.390    32.977170   0.221249   0.769379     510.256 0
359.369426 -34.557483   0.047790  0.000130  14327.082    38.973020   0.222225   0.772775    -441.117 0
359.536916 -34.746784   0.051860  0.000200  15547.237    59.958492   0.228259   0.793758     721.673 0
359.265903 -34.990309   0.051285  0.000103  15374.856    30.878623   0.229808   0.799142     557.396 0
359.142477 -34.550670   0.049140  0.000130  14731.801    38.973020   0.230888   0.802899     -55.425 0
359.068879 -34.937697   0.050750  0.000380  15214.467    99.990000   0.236480   0.822344     404.548 0
358.972493 -34.715686   0.057930  0.000310  17366.977    92.935662   0.240085   0.834881    2455.859 1
359.022345 -34.615166   0.047220  0.000100  14156.200    29.979246   0.243156   0.845560    -603.965 0
358.998713 -34.640279   0.049210  0.000140  14752.787    41.970944   0.245759   0.854613     -35.427 0
359.124807 -34.536605   0.048960  0.000110  14677.839    32.977170   0.249830   0.868769    -106.851 0
359.004341 -34.624296   0.052290  0.000300  15676.148    89.937737   0.250075   0.869621     844.523 0
359.520238 -34.904287   0.044760  0.000290  13418.710    86.939813   0.257903   0.896843   -1306.782 0
359.556759 -34.676105   0.048390  0.000250  14506.957    74.948115   0.258340   0.898361    -269.699 0
359.540713 -34.879531   0.047240  0.000240  14162.196    71.950190   0.259803   0.903451    -598.251 0
359.455689 -34.965846   0.049720  0.000270  14905.681    80.943964   0.260958   0.907467     110.279 0
359.414081 -34.997072   0.050550  0.000280  15154.509    83.941888   0.268419   0.933412     347.409 0
359.301636 -34.494115   0.033350  0.000110   9998.078    32.977170   0.268676   0.934304   -4566.594 1
359.174339 -34.498712   0.047040  0.000160  14102.237    47.966793   0.271051   0.942562    -655.391 0
359.057788 -34.543620   0.049720  0.000240  14905.681    71.950190   0.273031   0.949450     110.279 0
359.451996 -34.984620   0.049457  0.000107  14826.836    32.077793   0.274211   0.953551      35.141 0
359.301130 -34.483764   0.034130  0.000420  10231.917    99.990000   0.278893   0.969833   -4343.750 1
358.921108 -34.791730   0.047190  0.000230  14147.206    68.952265   0.279810   0.973024    -612.536 0
359.165383 -35.030298   0.060660  0.000540  18185.411    99.990000   0.280619   0.975837    3235.814 1
359.100772 -35.012390   0.049280  0.000820  14773.772    99.990000   0.283620   0.986270     -15.428 0
359.194725 -35.039857   0.048060  0.000190  14408.026    56.960567   0.284334   0.988754    -363.979 0
359.524307 -34.574108   0.046180  0.000240  13844.416    71.950190   0.286468   0.996174    -901.091 0
359.173595 -35.039876   0.060860  0.000160  18245.369    47.966793   0.288110   1.001886    3292.953 1
359.486680 -34.540623   0.046440  0.000260  13922.362    77.946039   0.288412   1.002935    -826.810 0
359.304583 -34.472194   0.033290  0.000040   9980.091    11.991698   0.290726   1.010984   -4583.736 1
358.906453 -34.814480   0.051490  0.000080  15436.314    23.983397   0.295077   1.026112     615.965 0
358.983172 -34.949269   0.046570  0.000150  13961.335    44.968869   0.295257   1.026739    -789.669 0
358.960259 -34.590284   0.057840  0.000090  17339.996    26.981321   0.299104   1.040115    2430.146 1
359.415503 -35.036206   0.051690  0.000270  15496.272    80.943964   0.303957   1.056991     673.104 0
358.892627 -34.710093   0.049850  0.000150  14944.654    44.968869   0.305662   1.062922     147.420 0
358.916382 -34.883692   0.046270  0.000100  13871.397    29.979246   0.307666   1.069889    -875.378 0
359.625797 -34.677770   0.056330  0.000160  16887.309    47.966793   0.312046   1.085120    1998.742 1
358.974391 -34.554170   0.053560  0.000103  16056.884    30.878623   0.312235   1.085779    1207.359 0
359.639872 -34.807167   0.058950  0.000070  17672.765    20.985472   0.315883   1.098464    2747.270 1
359.585263 -34.929273   0.042920  0.000110  12867.092    32.977170   0.316313   1.099958   -1832.466 0
358.888968 -34.665198   0.048940  0.000140  14671.843    41.970944   0.319058   1.109504    -112.565 0
359.126137 -35.060384   0.050660  0.000100  15187.486    29.979246   0.319238   1.110131     378.835 0
358.886741 -34.857840   0.046720  0.000100  14006.304    29.979246   0.321380   1.117578    -746.814 0
358.940180 -34.574166   0.053560  0.000830  16056.884    99.990000   0.321864   1.119264    1207.359 0
359.146856 -34.445544   0.050250  0.000160  15064.571    47.966793   0.328346   1.141804     261.699 0
358.878366 -34.660498   0.049470  0.000300  14830.733    89.937737   0.328780   1.143312      38.855 0
359.659547 -34.791612   0.059230  0.000100  17756.707    29.979246   0.330054   1.147741    2827.266 1
359.092905 -35.063630   0.048730  0.000107  14608.886    32.077793   0.332568   1.156485    -172.561 0
359.528503 -35.009765   0.049630  0.000170  14878.700    50.964718   0.333037   1.158117      84.567 0
359.660804 -34.810026   0.046420  0.000230  13916.366    68.952265   0.333313   1.159077    -832.524 0
359.164506 -34.436043   0.049220  0.000100  14755.785    29.979246   0.333784   1.160715     -32.570 0
359.418542 -34.451306   0.053890  0.000120  16155.816    35.975095   0.335698   1.167368    1301.639 0
359.082094 -34.453098   0.044340  0.000350  13292.798    99.990000   0.340285   1.183322   -1426.775 0
359.426392 -35.072189   0.050450  0.000120  15124.530    35.975095   0.340431   1.183829     318.839 0
358.878898 -34.624214   0.047650  0.000140  14285.111    41.970944   0.341175   1.186416    -481.115 0
358.865274 -34.875121   0.049820  0.000130  14935.660    38.973020   0.343600   1.194847     138.849 0
359.468127 -34.461589   0.054350  0.000200  16293.720    59.958492   0.344583   1.198268    1433.060 0
359.404589 -34.436358   0.045610  0.000220  13673.534    65.954341   0.345397   1.201097   -1063.939 0
359.106743 -35.087733   0.048660  0.000140  14587.901    41.970944   0.350440   1.218633    -192.560 0
359.386292 -34.423917   0.057540  0.000260  17250.058    77.946039   0.352371   1.225348    2344.436 1
359.461184 -35.074647   0.057920  0.000150  17363.979    44.968869   0.355081   1.234773    2453.002 1
359.158220 -35.109150   0.049650  0.000080  14884.696    23.983397   0.358398   1.246307      90.281 0
359.659350 -34.613259   0.049220  0.000290  14755.785    86.939813   0.359948   1.251697     -32.570 0
359.335736 -34.403130   0.046260  0.000190  13868.399    56.960567   0.362864   1.261839    -878.235 0
359.634329 -34.563828   0.056040  0.000090  16800.369    26.981321   0.365361   1.270521    1915.890 1
359.284932 -34.390640   0.050490  0.000110  15136.521    32.977170   0.370506   1.288412     330.267 0
359.686551 -34.884138   0.047480  0.000100  14234.146    29.979246   0.371906   1.293282    -529.684 0
359.132167 -34.401790   0.033980  0.000090  10186.948    26.981321   0.373728   1.299617   -4386.605 1
359.339472 -35.134627   0.050140  0.000160  15031.594    47.966793   0.379782   1.320667     230.272 0
359.075491 -35.110611   0.049170  0.000190  14740.795    56.960567   0.381324   1.326033     -46.854 0
359.589481 -35.035321   0.045140  0.000110  13532.632    32.977170   0.385940   1.342082   -1198.217 0
359.423968 -35.122223   0.033750  0.000310  10117.995    92.935662   0.386056   1.342486   -4452.315 1
359.590776 -35.034750   0.044990  0.000960  13487.663    99.990000   0.386282   1.343273   -1241.071 0
359.733210 -34.780678   0.057460  0.000130  17226.075    38.973020   0.389627   1.354903    2321.581 1
359.712218 -34.891124   0.050030  0.000230  14998.617    68.952265   0.394116   1.370515     198.846 0
358.861925 -34.537725   0.045320  0.000130  13586.594    38.973020   0.395452   1.375159   -1146.791 0
359.042937 -34.406071   0.049370  0.000130  14800.754    38.973020   0.396661   1.379364      10.285 0
359.170958 -34.365299   0.050960  0.000110  15277.424    32.977170   0.401911   1.397620     464.545 0
359.562125 -34.443639   0.048820  0.000280  14635.868    83.941888   0.402763   1.400583    -146.849 0
359.632378 -34.497309   0.058370  0.000150  17498.886    44.968869   0.403859   1.404394    2581.566 1
359.113684 -34.374289   0.057640  0.000120  17280.037    35.975095   0.404440   1.406415    2373.006 1
359.084160 -34.381569   0.057790  0.000210  17325.006    62.956416   0.405467   1.409986    2415.861 1
359.475640 -34.389357   0.046260  0.000160  13868.399    47.966793   0.411459   1.430825    -878.235 0
358.980653 -34.418154   0.053390  0.000090  16005.919    26.981321   0.412009   1.432738    1158.790 0
359.077841 -34.374680   0.057133  0.000150  17128.043    44.968869   0.413758   1.438819    2228.157 1
359.342757 -35.170040   0.047260  0.000160  14168.192    47.966793   0.415143   1.443633    -592.537 0
359.143182 -35.167884   0.049080  0.000150  14713.814    44.968869   0.418398   1.454955     -72.567 0
359.072245 -34.366494   0.050280  0.000160  15073.565    47.966793   0.423054   1.471143     270.270 0
358.933088 -34.429444   0.048950  0.000220  14674.841    65.954341   0.426126   1.481828    -109.708 0
359.341819 -34.335973   0.051730  0.000160  15508.264    47.966793   0.429929   1.495052     684.532 0
358.831114 -35.007477   0.060660  0.000120  18185.411    35.975095   0.429970   1.495194    3235.814 1
358.734918 -34.742450   0.050685  0.000090  15194.981    26.981321   0.431412   1.500209     385.978 0
359.632810 -35.065184   0.047470  0.000120  14231.148    35.975095   0.432220   1.503019    -532.541 0
359.519383 -35.136425   0.033170  0.000080   9944.116    23.983397   0.432239   1.503086   -4618.020 1
358.988768 -35.132846   0.056330  0.000280  16887.309    83.941888   0.433700   1.508166    1998.742 1
359.496917 -35.148722   0.050070  0.000150  15010.608    44.968869   0.434382   1.510538     210.274 0
359.116950 -34.341693   0.057390  0.000160  17205.089    47.966793   0.434948   1.512506    2301.582 1
359.006674 -35.143215   0.050050  0.000360  15004.613    99.990000   0.435424   1.514162     204.560 0
359.778243 -34.670350   0.039020  0.000090  11697.902    26.981321   0.435548   1.514591   -2946.688 1
358.877208 -34.458167   0.049280  0.000170  14773.772    50.964718   0.436030   1.516268     -15.428 0
359.381239 -35.185175   0.047610  0.000230  14273.119    68.952265   0.436220   1.516927    -492.543 0
359.562035 -35.120232   0.048594  0.000103  14568.115    30.878623   0.437157   1.520186    -211.416 0
359.614552 -34.434113   0.047280  0.000100  14174.187    29.979246   0.437736   1.522199    -586.823 0
359.102898 -35.184687   0.050020  0.000130  14995.619    38.973020   0.443230   1.541305     195.989 0
359.692931 -35.025187   0.046580  0.000160  13964.333    47.966793   0.443593   1.542568    -786.812 0
358.899759 -34.428215   0.057920  0.000670  17363.979    99.990000   0.444789   1.546727    2453.002 1
359.643321 -35.074640   0.050950  0.000170  15274.426    50.964718   0.445011   1.547498     461.688 0
359.052597 -34.348269   0.057570  0.000110  17259.052    32.977170   0.445981   1.550873    2353.007 1
359.123906 -34.327350   0.058840  0.000160  17639.788    47.966793   0.447319   1.555526    2715.844 1
358.784609 -34.534689   0.048000  0.000333  14390.038    99.830889   0.450866   1.567860    -381.121 0
359.189534 -34.311890   0.048530  0.000130  14548.928    38.973020   0.452345   1.573004    -229.701 0
359.132077 -35.202365   0.048930  0.000270  14668.845    80.943964   0.454053   1.578942    -115.422 0
359.533292 -34.365750   0.047280  0.000120  14174.187    35.975095   0.454356   1.579996    -586.823 0
358.867337 -35.084645   0.050260  0.000370  15067.569    99.990000   0.457026   1.589279     264.556 0
358.924487 -35.125873   0.050120  0.000090  15025.598    26.981321   0.457427   1.590676     224.559 0
359.724389 -35.015149   0.048810  0.000270  14632.870    80.943964   0.458947   1.595962    -149.706 0
358.906173 -35.121493   0.039180  0.000590  11745.869    99.990000   0.463216   1.610806   -2900.976 1
359.477034 -35.188930   0.049020  0.000100  14695.826    29.979246   0.464129   1.613981     -89.709 0
359.741098 -35.003549   0.049940  0.000290  14971.635    86.939813   0.464255   1.614419     173.133 0
358.696636 -34.825545   0.034850  0.000100  10447.767    29.979246   0.467025   1.624053   -4138.048 1
358.695731 -34.695564   0.049630  0.000170  14878.700    50.964718   0.467763   1.626618      84.567 0
358.695734 -34.838094   0.049190  0.000240  14746.791    71.950190   0.469667   1.633239     -41.140 0
359.054552 -34.320271   0.057130  0.000150  17127.143    44.968869   0.471409   1.639295    2227.300 1
358.979674 -35.174397   0.056390  0.000470  16905.297    99.990000   0.473434   1.646340    2015.884 1
359.726232 -34.482561   0.052590  0.000110  15766.085    32.977170   0.473560   1.646777     930.232 0
359.614625 -34.386056   0.047710  0.000190  14303.098    56.960567   0.474693   1.650715    -463.973 0
358.786224 -34.486799   0.044850  0.000390  13445.692    99.990000   0.475578   1.653793   -1281.069 0
358.673446 -34.782575   0.046840  0.000860  14042.279    99.990000   0.482037   1.676253    -712.530 0
358.673787 -34.818223   0.050690  0.000310  15196.480    92.935662   0.484696   1.685500     387.406 0
359.090130 -34.294844   0.056860  0.000170  17046.199    50.964718   0.486077   1.690304    2150.162 1
358.676645 -34.863308   0.050780  0.000560  15223.461    99.990000   0.489804   1.703263     413.119 0
359.016780 -34.312299   0.060340  0.000130  18089.477    38.973020   0.490639   1.706167    3144.390 1
359.117851 -35.237190   0.049280  0.000380  14773.772    99.990000   0.490646   1.706192     -15.428 0
359.727284 -35.066151   0.048247  0.000150  14464.087    44.968869   0.490943   1.707225    -310.554 0
358.764702 -34.485022   0.050110  0.000140  15022.600    41.970944   0.491136   1.707896     221.702 0
359.406007 -35.236890   0.051690  0.000190  15496.272    56.960567   0.491285   1.708415     673.104 0
359.807676 -34.966494   0.048250  0.000090  14464.986    26.981321   0.495141   1.721822    -309.696 0
359.033566 -34.300188   0.051440  0.000320  15421.324    95.933587   0.496407   1.726224     601.680 0
359.291652 -34.261757   0.049540  0.000170  14851.718    50.964718   0.499498   1.736976      58.854 0
358.926209 -34.342740   0.049861  0.000083  14947.952    24.882774   0.499583   1.737269     150.563 0
359.524552 -34.310855   0.050440  0.000100  15121.532    29.979246   0.499621   1.737403     315.982 0
359.795702 -34.519767   0.048860  0.000310  14647.859    92.935662   0.501971   1.745573    -135.421 0
359.433333 -34.279222   0.047250  0.000190  14165.194    56.960567   0.502058   1.745877    -595.394 0
359.179456 -34.262509   0.050760  0.000090  15217.465    26.981321   0.502382   1.747003     407.405 0
359.646832 -35.154359   0.049250  0.000210  14764.779    62.956416   0.506254   1.760468     -23.999 0
359.745141 -35.073637   0.048684  0.000133  14595.096    39.872397   0.507095   1.763392    -185.704 0
359.505924 -34.290765   0.048887  0.000107  14655.954    32.077793   0.511533   1.778824    -127.707 0
359.687514 -34.388550   0.047120  0.000270  14126.221    80.943964   0.511849   1.779926    -632.535 0
359.472511 -34.278715   0.047270  0.000080  14171.189    23.983397   0.512617   1.782593    -589.680 0
359.529000 -34.294556   0.047430  0.000130  14219.156    38.973020   0.515898   1.794005    -543.969 0
359.506423 -34.282457   0.047940  0.000210  14372.050    62.956416   0.519333   1.805950    -398.263 0
358.664699 -34.584840   0.047290  0.000240  14177.185    71.950190   0.519350   1.806008    -583.966 0
359.841486 -34.975343   0.048560  0.000200  14557.922    59.958492   0.524093   1.822501    -221.130 0
358.751154 -35.080169   0.049420  0.000110  14815.743    32.977170   0.525944   1.828940      24.570 0
359.015010 -35.249062   0.052760  0.000330  15817.050    98.931511   0.528209   1.836815     978.801 1
358.727264 -35.057719   0.047940  0.000470  14372.050    99.990000   0.528727   1.838616    -398.263 0
359.694594 -35.153979   0.047210  0.000150  14153.202    44.968869   0.531508   1.848286    -606.822 0
359.596241 -35.215216   0.055830  0.000090  16737.413    26.981321   0.532174   1.850603    1855.893 1
359.143671 -35.291987   0.033990  0.000130  10189.946    38.973020   0.539891   1.877438   -4383.748 1
359.905590 -34.866131   0.041175  0.000183  12343.954    54.862020   0.541122   1.881721   -2331.009 1
359.739658 -35.134285   0.047660  0.000470  14288.109    99.990000   0.543346   1.889453    -478.258 0
358.691869 -34.480919   0.058150  0.000560  17432.931    99.990000   0.543807   1.891058    2518.712 1
359.785000 -35.094000   0.048824  0.000333  14637.067    99.830889   0.545443   1.896744    -145.706 0
359.750708 -35.129263   0.050920  0.000200  15265.432    59.958492   0.546571   1.900667     453.117 0
358.943409 -34.277742   0.048750  0.000090  14614.882    26.981321   0.548254   1.906519    -166.848 0
359.442476 -34.228494   0.047880  0.000160  14354.063    47.966793   0.552875   1.922591    -415.405 0
358.676485 -35.040616   0.049570  0.000100  14860.712    29.979246   0.554894   1.929612      67.425 0
359.806271 -35.087154   0.050220  0.000120  15055.577    35.975095   0.555321   1.931094     253.128 0
358.717670 -34.425471   0.049210  0.000170  14752.787    50.964718   0.557216   1.937684     -35.427 0
359.855895 -35.054618   0.048160  0.000120  14438.005    35.975095   0.571375   1.986924    -335.409 0
359.269023 -34.184787   0.047189  0.000103  14146.906    30.878623   0.575825   2.002398    -612.822 0
358.807493 -34.317081   0.047410  0.000270  14213.160    80.943964   0.578462   2.011565    -549.683 0
358.934495 -35.284557   0.048540  0.000150  14551.926    44.968869   0.588132   2.045195    -226.844 0
358.992755 -34.209818   0.050420  0.000280  15115.536    83.941888   0.592764   2.061300     310.268 0
359.298289 -35.354593   0.050445  0.000150  15123.031    44.968869   0.594884   2.068672     317.410 0
358.992498 -34.204361   0.050190  0.000220  15046.583    65.954341   0.597915   2.079212     244.557 0
359.830226 -35.142954   0.047590  0.000290  14267.123    86.939813   0.604986   2.103801    -498.257 0
358.941473 -34.205775   0.058570  0.000080  17558.844    23.983397   0.613257   2.132564    2638.705 1
359.800927 -35.188281   0.049240  0.000560  14761.781    99.990000   0.617040   2.145719     -26.856 0
359.969368 -34.994649   0.048050  0.000150  14405.028    44.968869   0.628353   2.185059    -366.836 0
359.955422 -34.471059   0.056630  0.000333  16977.247    99.830889   0.640788   2.228303    2084.451 1
359.840501 -34.331216   0.050110  0.000160  15022.600    47.966793   0.641954   2.232356     221.702 0
359.832861 -34.323552   0.051030  0.000230  15298.409    68.952265   0.642490   2.234219     484.544 0
359.863770 -35.182668   0.050260  0.000100  15067.569    29.979246   0.651579   2.265828     264.556 0
358.466005 -34.826484   0.035284  0.000183  10577.877    54.862020   0.655280   2.278695   -4014.055 1
358.932509 -34.158657   0.050602  0.000150  15170.098    44.968869   0.659157   2.292180     362.265 0
358.912543 -35.356497   0.047473  0.000103  14232.047    30.878623   0.660625   2.297285    -531.684 0
358.797017 -34.217285   0.048840  0.000090  14641.864    26.981321   0.662992   2.305516    -141.135 0
358.651785 -35.202743   0.048490  0.000300  14536.936    89.937737   0.666975   2.319364    -241.129 0
358.451336 -34.683732   0.055515  0.000150  16642.978    44.968869   0.668436   2.324446    1765.898 1
358.625716 -34.334862   0.050110  0.000080  15022.600    23.983397   0.672603   2.338937     221.702 0
358.681171 -34.282173   0.058670  0.000240  17588.824    71.950190   0.674283   2.344777    2667.275 1
358.643904 -35.210101   0.048680  0.000280  14593.897    83.941888   0.676701   2.353187    -186.846 0
358.391191 -34.618210   0.056733  0.000103  17008.126    30.878623   0.727481   2.529771    2113.878 1
359.591870 -35.440014   0.059374  0.000103  17799.877    30.878623   0.732244   2.546335    2868.406 1
  0.071109 -34.438777   0.056766  0.000103  17018.019    30.878623   0.740297   2.574339    2123.306 1
358.394029 -34.972164   0.044928  0.000150  13469.076    44.968869   0.741903   2.579923   -1258.785 1
359.124936 -35.506894   0.033627  0.000053  10081.121    15.889000   0.754487   2.623682   -4487.456 1
359.020167 -35.492785   0.048207  0.000150  14452.095    44.968869   0.758182   2.636531    -321.981 0
359.157341 -33.999064   0.048070  0.000083  14411.023    24.882774   0.766114   2.664116    -361.122 0
358.249053 -34.688342   0.055622  0.000150  16675.056    44.968869   0.833325   2.897839    1796.468 1
358.371090 -34.309383   0.057687  0.000183  17294.128    54.862020   0.858115   2.984042    2386.434 1
358.170929 -34.529089   0.056610  0.000333  16971.251    99.830889   0.923840   3.212599    2078.737 1
358.620064 -33.959567   0.055078  0.000150  16511.969    44.968869   0.957927   3.331132    1641.048 1
  0.298096 -35.220634   0.055418  0.000103  16613.898    30.878623   0.969325   3.370770    1738.186 1
359.734663 -33.869541   0.056490  0.000333  16935.276    99.830889   0.972754   3.382692    2044.454 1
358.188398 -35.180991   0.048380  0.000150  14503.959    44.968869   0.975294   3.391527    -272.556 1
358.067043 -34.770079   0.044921  0.000113  13466.977    33.876548   0.979765   3.407075   -1260.785 1
359.704322 -35.669992   0.033857  0.000150  10150.073    44.968869   0.980084   3.408183   -4421.745 1
358.452731 -35.502913   0.057753  0.000150  17313.914    44.968869   0.995224   3.460833    2405.290 1
  0.507448 -34.881862   0.054518  0.000150  16344.085    44.968869   1.032327   3.589856    1481.058 1
358.009310 -34.912124   0.044254  0.000150  13267.015    44.968869   1.038271   3.610525   -1451.345 1
358.322326 -34.051999   0.056309  0.000333  16881.014    99.830889   1.046398   3.638786    1992.742 1
357.973549 -34.900772   0.055425  0.000150  16615.997    44.968869   1.065791   3.706226    1740.186 1
  0.358509 -34.176024   0.055902  0.000150  16758.998    44.968869   1.075527   3.740082    1876.463 1
358.011436 -35.120333   0.036042  0.000150  10805.120    44.968869   1.086686   3.778886   -3797.496 1
  0.171403 -35.577253   0.049130  0.000730  14728.803    99.990000   1.108215   3.853749     -58.282 1
357.973556 -34.421767   0.045600  0.000333  13670.536    99.830889   1.109514   3.858267   -1066.796 1
358.731242 -33.725442   0.058360  0.000150  17495.888    44.968869   1.122439   3.903215    2578.709 1
  0.318110 -35.511135   0.049480  0.000650  14833.731    99.990000   1.148744   3.994689      41.712 1
  0.215568 -35.599223   0.055650  0.000870  16683.450    99.990000   1.148993   3.995552    1804.468 1
358.238548 -33.943684   0.057893  0.000083  17355.885    24.882774   1.170857   4.071585    2445.288 1
358.996793 -35.918557   0.047863  0.000103  14348.966    30.878623   1.177950   4.096249    -420.262 1
357.857543 -34.424359   0.059070  0.000333  17708.740    99.830889   1.199895   4.172563    2781.554 1
  0.394710 -35.525361   0.058560  0.000780  17555.846    99.990000   1.206061   4.194004    2635.848 1
  0.459667 -35.477955   0.052593  0.000150  15766.985    44.968869   1.219302   4.240049     931.089 1
  0.459788 -35.478283   0.051430  0.000333  15418.326    99.830889   1.219575   4.241000     598.823 1
  0.203091 -35.732849   0.052630  0.000850  15778.077    99.990000   1.243454   4.324037     941.660 1
  0.037271 -33.693209   0.057306  0.000150  17179.907    44.968869   1.243961   4.325799    2277.583 1
  0.379702 -35.608528   0.052060  0.000780  15607.195    99.990000   1.251346   4.351481     778.812 1
  0.033901 -33.672247   0.055919  0.000150  16764.094    44.968869   1.260593   4.383637    1881.320 1
  0.496760 -35.511506   0.050970  0.000970  15280.422    99.990000   1.263716   4.394497     467.402 1
  0.096739 -35.826545   0.052443  0.000103  15722.016    30.878623   1.268597   4.411471     888.235 1
  0.381969 -35.634173   0.049070  0.000200  14710.816    59.958492   1.270216   4.417100     -75.424 1
357.760402 -34.413500   0.062360  0.000333  18695.058    99.830889   1.279602   4.449739    3721.500 1
358.738841 -33.550537   0.058540  0.000150  17549.850    44.968869   1.283424   4.463028    2630.134 1
359.268083 -36.044694   0.046269  0.000150  13871.097    44.968869   1.284153   4.465565    -875.664 1
358.379377 -33.674234   0.057093  0.000150  17116.051    44.968869   1.304995   4.538041    2216.730 1
  0.162256 -35.836831   0.048930  0.000770  14668.845    99.990000   1.307023   4.545094    -115.422 1
358.794584 -33.507799   0.058454  0.000150  17524.068    44.968869   1.309712   4.554443    2605.564 1
  0.297050 -35.756463   0.051320  0.000290  15385.349    86.939813   1.310832   4.558340     567.396 1
  0.462175 -35.639019   0.055580  0.000310  16662.465    92.935662   1.322043   4.597326    1784.469 1
  0.404800 -35.706505   0.051050  0.000130  15304.405    38.973020   1.334168   4.639488     490.257 1
  0.217954 -35.843718   0.051973  0.000150  15581.113    44.968869   1.339083   4.656579     753.957 1
  0.616969 -35.515058   0.048894  0.000103  14658.052    30.878623   1.346414   4.682074    -125.707 1
  0.135574 -35.899413   0.051040  0.000210  15301.407    62.956416   1.347184   4.684751     487.401 1
  0.259552 -35.835454   0.052040  0.000680  15601.200    99.990000   1.352882   4.704566     773.098 1
358.073654 -33.812869   0.056350  0.000333  16893.305    99.830889   1.359174   4.726447    2004.456 1
  0.626881 -35.539528   0.048430  0.000110  14518.949    32.977170   1.366961   4.753525    -258.271 1
  0.236929 -35.874183   0.051030  0.000210  15298.409    62.956416   1.372901   4.774181     484.544 1
  0.537772 -35.659623   0.049470  0.000880  14830.733    99.990000   1.382389   4.807175      38.855 1
359.947486 -33.488704   0.057540  0.000333  17250.058    99.830889   1.391763   4.839773    2344.436 1
357.556481 -34.676881   0.060699  0.000150  18197.102    44.968869   1.401667   4.874213    3246.956 1
359.383663 -36.183591   0.047803  0.000150  14330.979    44.968869   1.426678   4.961185    -437.403 1
  0.259846 -35.939612   0.049120  0.000710  14725.806    99.990000   1.437169   4.997667     -61.139 1
357.510520 -34.915309   0.045014  0.000150  13494.858    44.968869   1.445235   5.025717   -1234.215 1
  0.269809 -35.955656   0.048280  0.000830  14473.980    99.990000   1.455013   5.059721    -301.126 1
  0.013666 -36.084399   0.060408  0.000103  18109.863    30.878623   1.461625   5.082711    3163.818 1
  0.579795 -35.752291   0.050902  0.000150  15260.036    44.968869   1.469664   5.110669     447.974 1
358.704231 -36.158431   0.046976  0.000150  14083.051    44.968869   1.470442   5.113374    -673.676 1
  0.544075 -35.785359   0.050030  0.000770  14998.617    99.990000   1.470986   5.115266     198.846 1
357.793918 -35.624294   0.055952  0.000150  16773.988    44.968869   1.481857   5.153068    1890.748 1
  0.421483 -35.906782   0.050730  0.000440  15208.471    99.990000   1.491641   5.187093     398.834 1
  0.252255 -36.016983   0.051810  0.000400  15532.247    99.990000   1.497891   5.208827     707.388 1
  0.713145 -35.669008   0.048930  0.000760  14668.845    99.990000   1.500435   5.217674    -115.422 1
  0.404068 -35.940060   0.051790  0.000240  15526.251    71.950190   1.508403   5.245382     701.674 1
358.906410 -33.276375   0.059641  0.000150  17879.922    44.968869   1.512279   5.258860    2944.688 1
  0.592333 -35.826840   0.047340  0.000190  14192.175    56.960567   1.528328   5.314668    -569.681 1
  0.658560 -35.778706   0.049250  0.000390  14764.779    99.990000   1.535435   5.339381     -23.999 1
  0.474062 -35.935069   0.049890  0.000170  14956.646    50.964718   1.541094   5.359063     158.848 1
  0.426950 -35.967685   0.049711  0.000150  14902.983    44.968869   1.541725   5.361254     107.708 1
  0.727790 -35.722049   0.048804  0.000150  14631.071    44.968869   1.542521   5.364022    -151.420 1
  0.548566 -35.887116   0.051020  0.000220  15295.411    65.954341   1.546129   5.376572     481.687 1
358.032673 -35.953905   0.046789  0.000150  14026.989    44.968869   1.562065   5.431986    -727.101 1
  0.537795 -33.597996   0.056522  0.000103  16944.869    30.878623   1.566614   5.447806    2053.596 1
  0.360486 -36.046600   0.050660  0.000870  15187.486    99.990000   1.572231   5.467340     378.835 1
  0.595395 -35.892382   0.049970  0.000870  14980.629    99.990000   1.576505   5.482202     181.704 1
  0.485248 -35.981227   0.047740  0.000840  14312.092    99.990000   1.582388   5.502658    -455.402 1
357.330450 -34.711589   0.059384  0.000150  17802.875    44.968869   1.585617   5.513889    2871.263 1
357.498572 -35.416151   0.043377  0.000103  13004.097    30.878623   1.588352   5.523398   -1701.902 1
  0.734778 -35.798537   0.053210  0.000910  15951.957    99.990000   1.595678   5.548873    1107.365 1
359.684243 -33.200668   0.059208  0.000150  17750.112    44.968869   1.598430   5.558445    2820.980 1
  0.140631 -36.188517   0.049550  0.000190  14854.716    56.960567   1.600930   5.567138      61.711 1
  0.041541 -36.229275   0.060532  0.000150  18147.037    44.968869   1.603066   5.574564    3199.244 1
357.554828 -35.553444   0.042593  0.000150  12769.060    44.968869   1.609390   5.596556   -1925.889 1
  0.718438 -35.842491   0.058670  0.000390  17588.824    99.990000   1.614623   5.614755    2667.275 1
357.490258 -35.477341   0.042636  0.000080  12781.951    23.983397   1.620693   5.635863   -1913.604 1
  0.709931 -35.876589   0.047630  0.000180  14279.115    53.962642   1.632559   5.677127    -486.829 1
  1.016808 -35.533131   0.054470  0.000460  16329.695    99.990000   1.637361   5.693825    1467.344 1
  0.357387 -36.128590   0.050660  0.000730  15187.486    99.990000   1.638572   5.698037     378.835 1
358.297731 -33.319096   0.058000  0.000333  17387.963    99.830889   1.643847   5.716379    2475.857 1
  0.683465 -35.929118   0.048950  0.000333  14674.841    99.830889   1.653456   5.749792    -109.708 1
357.259060 -35.002625   0.043463  0.000150  13029.880    44.968869   1.661242   5.776867   -1677.332 1
  0.789124 -35.849002   0.047160  0.000220  14138.212    65.954341   1.662441   5.781039    -621.107 1
  0.720926 -35.921793   0.049150  0.000370  14734.799    99.990000   1.670269   5.808260     -52.568 1
357.936827 -36.035547   0.046389  0.000150  13907.072    44.968869   1.675262   5.825622    -841.380 1
  0.401571 -36.173887   0.049930  0.000140  14968.637    41.970944   1.696379   5.899054     170.276 1
  0.731767 -35.952663   0.047570  0.000400  14261.127    99.990000   1.698208   5.905416    -503.971 1
  1.077774 -35.586299   0.049540  0.000680  14851.718    99.990000   1.706766   5.935177      58.854 1
  0.727295 -35.972266   0.051650  0.000140  15484.280    41.970944   1.709432   5.944448     661.676 1
  0.274504 -36.252975   0.058040  0.000110  17399.954    32.977170   1.709541   5.944825    2487.285 1
  0.822295 -35.894392   0.052420  0.000560  15715.121    99.990000   1.712837   5.956286     881.664 1
  0.514639 -36.130779   0.052310  0.000750  15682.143    99.990000   1.714827   5.963209     850.237 1
  0.286350 -36.253636   0.050450  0.000810  15124.530    99.990000   1.714884   5.963405     318.839 1
  0.807835 -35.921471   0.051650  0.000340  15484.280    99.990000   1.722088   5.988457     661.676 1
  0.798180 -35.944102   0.048860  0.000100  14647.859    29.979246   1.731626   6.021626    -135.421 1
  0.858600 -35.889634   0.050270  0.000333  15070.567    99.830889   1.732200   6.023620     267.413 1
  0.892116 -35.859667   0.053490  0.000150  16035.899    44.968869   1.734026   6.029969    1187.360 1
357.520667 -35.747222   0.042873  0.000150  12853.002    44.968869   1.736194   6.037511   -1845.894 1
358.905680 -36.474345   0.051686  0.000150  15495.073    44.968869   1.738272   6.044737     671.961 1
  0.919595 -35.841440   0.050690  0.000790  15196.480    99.990000   1.740165   6.051320     387.406 1
  0.160882 -33.180376   0.058330  0.000103  17486.894    30.878623   1.745067   6.068365    2570.138 1
  0.838806 -35.939515   0.047353  0.000150  14196.072    44.968869   1.753049   6.096124    -565.967 1
  0.912794 -35.913761   0.050859  0.000150  15247.145    44.968869   1.781723   6.195835     435.689 1
  0.836575 -35.993374   0.044390  0.000680  13307.787    99.990000   1.788386   6.219005   -1412.490 1
  0.930393 -35.943746   0.049970  0.000810  14980.629    99.990000   1.812202   6.301824     181.704 1
  0.392142 -36.316774   0.048864  0.000150  14649.059    44.968869   1.813156   6.305140    -134.278 1
  0.605457 -36.203354   0.050180  0.000600  15043.586    99.990000   1.817750   6.321115     241.700 1
  0.855929 -36.020377   0.049990  0.000110  14986.625    32.977170   1.818540   6.323861     187.418 1
  0.830543 -36.049042   0.042000  0.000333  12591.283    99.830889   1.823695   6.341791   -2095.308 1
357.342661 -35.701297   0.043016  0.000150  12895.872    44.968869   1.834414   6.379063   -1805.039 1
  0.826264 -36.076272   0.051460  0.000190  15427.320    56.960567   1.840575   6.400488     607.394 1
  1.039106 -35.901151   0.066170  0.001020  19837.267    99.990000   1.854255   6.448059    4810.009 1
  0.426382 -36.348325   0.058150  0.000470  17432.931    99.990000   1.854688   6.449565    2518.712 1
358.750884 -32.950689   0.057043  0.000150  17101.061    44.968869   1.857495   6.459325    2202.445 1
358.011542 -36.313750   0.052873  0.000150  15850.927    44.968869   1.861094   6.471842    1011.085 1
  0.530953 -36.301512   0.052190  0.000870  15646.168    99.990000   1.861581   6.473536     815.953 1
358.608524 -36.544285   0.059341  0.000150  17789.984    44.968869   1.862192   6.475662    2858.978 1
357.264611 -33.874992   0.049628  0.000150  14878.100    44.968869   1.862898   6.478116      83.995 1
359.073440 -32.891554   0.057420  0.000150  17214.083    44.968869   1.875252   6.521074    2310.153 1
  0.796051 -36.150236   0.049520  0.000140  14845.723    41.970944   1.877375   6.528460      53.140 1
357.165648 -34.006234   0.057957  0.000150  17375.071    44.968869   1.878371   6.531922    2463.572 1
  0.447883 -36.366863   0.050980  0.000820  15283.420    99.990000   1.879695   6.536528     470.259 1
  0.523509 -36.329053   0.051310  0.000400  15382.351    99.990000   1.881059   6.541270     564.539 1
  0.482833 -36.355639   0.049634  0.000183  14879.899    54.862020   1.885261   6.555881      85.709 1
  0.464162 -36.365673   0.049820  0.000950  14935.660    99.990000   1.885663   6.557279     138.849 1
  0.637424 -36.275632   0.048467  0.000150  14530.041    44.968869   1.891235   6.576655    -247.700 1
357.689205 -36.154110   0.046552  0.000150  13955.939    44.968869   1.899056   6.603853    -794.811 1
  0.888864 -36.114574   0.047450  0.000230  14225.152    68.952265   1.903944   6.620851    -538.255 1
  0.402606 -36.424368   0.045550  0.000400  13655.546    99.990000   1.910513   6.643694   -1081.081 1
356.996586 -35.208572   0.056242  0.000150  16860.927    44.968869   1.912363   6.650127    1973.601 1
358.516159 -36.575928   0.057757  0.000150  17315.113    44.968869   1.915353   6.660526    2406.433 1
  0.649927 -36.303480   0.049000  0.000333  14689.830    99.830889   1.919710   6.675677     -95.423 1
  0.367605 -36.454677   0.049240  0.000290  14761.781    86.939813   1.923190   6.687776     -26.856 1
  0.653035 -36.333003   0.051870  0.000780  15550.235    99.990000   1.945020   6.763689     724.530 1
358.777271 -32.851660   0.057503  0.000103  17238.966    30.878623   1.949590   6.779583    2333.866 1
  0.399384 -36.475702   0.049190  0.000250  14746.791    74.948115   1.954111   6.795304     -41.140 1
356.924009 -35.138059   0.056626  0.000150  16976.048    44.968869   1.955551   6.800312    2083.309 1
  1.146259 -35.959327   0.048350  0.000120  14494.965    35.975095   1.959464   6.813917    -281.127 1
356.901000 -35.184000   0.056587  0.000333  16964.356    99.830889   1.983400   6.897153    2072.166 1
  0.585479 -36.440030   0.050070  0.000830  15010.608    99.990000   2.001788   6.961096     210.274 1
  0.607825 -36.430195   0.047380  0.001010  14204.167    99.990000   2.003633   6.967514    -558.254 1
359.185791 -32.749444   0.056376  0.000150  16901.100    44.968869   2.012029   6.996711    2011.884 1
356.829141 -35.052309   0.056776  0.000150  17021.017    44.968869   2.017909   7.017158    2126.163 1
  1.090996 -36.105586   0.051840  0.000180  15541.241    53.962642   2.018135   7.017944     715.959 1
  1.212096 -35.986137   0.046820  0.000790  14036.283    99.990000   2.018686   7.019857    -718.244 1
357.786082 -36.384793   0.046702  0.000150  14000.907    44.968869   2.025720   7.044318    -751.957 1
  0.670636 -36.437348   0.048710  0.000700  14602.891    99.990000   2.038494   7.088741    -178.275 1
  0.553248 -36.504071   0.048810  0.001440  14632.870    99.990000   2.041906   7.100605    -149.706 1
  0.784437 -36.380063   0.050230  0.000120  15058.575    35.975095   2.047470   7.119952     255.985 1
359.351388 -32.709447   0.041432  0.000150  12421.001    44.968869   2.052499   7.137443   -2257.584 1
358.785149 -32.740291   0.061309  0.000150  18379.976    44.968869   2.057524   7.154914    3421.232 1
  1.039014 -36.213600   0.047880  0.000120  14354.063    35.975095   2.061169   7.167590    -415.405 1
  1.078608 -36.185425   0.049040  0.000710  14701.822    99.990000   2.064823   7.180298     -83.995 1
  1.710595 -35.232791   0.049778  0.000083  14923.069    24.882774   2.068244   7.192194     126.850 1
  0.724853 -36.443104   0.048220  0.000720  14455.992    99.990000   2.068828   7.194224    -318.267 1
  0.702004 -36.458011   0.048971  0.000103  14681.136    30.878623   2.070167   7.198882    -103.708 1
358.396822 -32.809468   0.057463  0.000103  17226.974    30.878623   2.075848   7.218637    2322.438 1
356.709451 -34.784459   0.041402  0.000150  12412.007    44.968869   2.095174   7.285841   -2266.155 1
  0.678856 -36.510036   0.050130  0.000840  15028.596    99.990000   2.102429   7.311072     227.415 1
356.718944 -35.152295   0.057003  0.000150  17089.069    44.968869   2.123681   7.384974    2191.017 1
356.731085 -35.272726   0.056716  0.000150  17003.029    44.968869   2.139472   7.439886    2109.021 1
356.685301 -35.161925   0.056943  0.000150  17071.082    44.968869   2.152627   7.485630    2173.875 1
358.632459 -32.642507   0.057340  0.000183  17190.100    54.862020   2.179813   7.580169    2287.297 1
356.840996 -35.666406   0.042213  0.000150  12655.139    44.968869   2.183712   7.593727   -2034.454 1
357.029327 -35.965629   0.031995  0.000150   9591.860    44.968869   2.193016   7.626080   -4953.715 1
  1.027441 -36.433855   0.049470  0.001120  14830.733    99.990000   2.215694   7.704942      38.855 1
358.631382 -32.586516   0.059201  0.000333  17748.013    99.830889   2.234461   7.770204    2818.981 1
  1.251268 -36.293036   0.048780  0.000730  14623.876    99.990000   2.241833   7.795838    -158.277 1
  1.011802 -33.033853   0.037990  0.000150  11389.115    44.968869   2.248054   7.817471   -3240.956 1
356.652993 -35.521698   0.041869  0.000150  12552.010    44.968869   2.272666   7.903060   -2132.734 1
  1.216260 -36.370232   0.058410  0.001160  17510.877    99.990000   2.274881   7.910761    2592.994 1
356.816819 -35.855104   0.041642  0.000150  12483.958    44.968869   2.285912   7.949122   -2197.588 1
356.588944 -35.458200   0.036495  0.000033  10940.926     9.893151   2.302284   8.006052   -3668.075 1
356.779635 -35.838160   0.042059  0.000150  12608.971    44.968869   2.304807   8.014826   -2078.452 1
356.706284 -35.729248   0.039064  0.000150  11711.093    44.968869   2.310508   8.034653   -2934.117 1
  1.209956 -36.426460   0.058690  0.000920  17594.819    99.990000   2.311415   8.037805    2672.989 1
  1.202851 -36.434654   0.059010  0.001040  17690.753    99.990000   2.313295   8.044344    2764.412 1
  1.241296 -36.414916   0.057990  0.000390  17384.965    99.990000   2.321095   8.071468    2473.001 1
359.961243 -32.490053   0.041999  0.000150  12590.983    44.968869   2.342540   8.146040   -2095.594 1
357.196067 -36.398040   0.042449  0.000150  12725.890    44.968869   2.356959   8.196182   -1967.030 1
358.585019 -37.076373   0.057883  0.000150  17352.887    44.968869   2.381198   8.280474    2442.431 1
356.434294 -35.318105   0.055822  0.000150  16735.015    44.968869   2.387115   8.301049    1853.608 1
  2.092780 -35.337366   0.049354  0.000150  14795.957    44.968869   2.397997   8.338891       5.714 1
356.785131 -36.045015   0.049975  0.000183  14982.128    54.862020   2.404653   8.362037     183.132 1
357.428461 -32.876511   0.046135  0.000183  13830.925    54.862020   2.410950   8.383935    -913.947 1
356.895305 -36.197696   0.056713  0.000150  17002.130    44.968869   2.416213   8.402236    2108.164 1
357.433948 -36.668957   0.042543  0.000150  12754.071    44.968869   2.427237   8.440570   -1940.174 1
359.775123 -37.153372   0.049808  0.000103  14932.063    30.878623   2.430007   8.450204     135.421 1
359.141276 -32.316380   0.060499  0.000150  18137.144    44.968869   2.446112   8.506206    3189.816 1
358.818041 -32.335786   0.045635  0.000150  13681.029    44.968869   2.451757   8.525836   -1056.796 1
  1.306199 -36.547877   0.058640  0.000710  17579.830    99.990000   2.453885   8.533237    2658.704 1
356.795753 -36.148015   0.041822  0.000150  12537.920    44.968869   2.454009   8.533670   -2146.162 1
  2.192120 -35.303070   0.050000  0.000333  14989.623    99.830889   2.469531   8.587645     190.275 1
  0.928319 -36.821825   0.049314  0.000113  14783.965    33.876548   2.475538   8.608533      -5.714 1
357.318665 -36.695433   0.051299  0.000133  15379.053    39.872397   2.507250   8.718809     561.396 1
  2.314629 -35.245955   0.049424  0.000150  14816.942    44.968869   2.556356   8.889576      25.713 1
356.161745 -34.488393   0.039691  0.000150  11899.062    44.968869   2.559513   8.900551   -2754.984 1
357.392030 -32.710133   0.061052  0.000150  18302.929    44.968869   2.560905   8.905394    3347.807 1
356.134066 -34.605813   0.056936  0.000150  17068.983    44.968869   2.572399   8.945364    2171.875 1
  2.359836 -35.140168   0.049284  0.000150  14774.972    44.968869   2.575123   8.954836     -14.285 1
358.825473 -32.208009   0.048037  0.000150  14401.130    44.968869   2.577345   8.962561    -370.550 1
356.441862 -35.899136   0.054978  0.000150  16481.990    44.968869   2.579727   8.970847    1612.479 1
357.197478 -32.797058   0.046409  0.000150  13913.068    44.968869   2.593323   9.018125    -835.666 1
  2.333699 -35.355037   0.049601  0.000333  14870.006    99.830889   2.594541   9.022359      76.281 1
356.123149 -34.444893   0.039514  0.000150  11845.999    44.968869   2.595973   9.027340   -2805.553 1
358.417191 -37.305422   0.058257  0.000183  17465.009    54.862020   2.637284   9.170996    2549.282 1
357.379625 -36.899528   0.043443  0.000150  13023.884    44.968869   2.638285   9.174476   -1683.046 1
358.756175 -32.147589   0.048373  0.000133  14501.861    39.872397   2.645497   9.199557    -274.556 1
359.585327 -32.105613   0.060572  0.000150  18159.029    44.968869   2.668401   9.279202    3210.672 1
356.007917 -34.523333   0.039918  0.000333  11967.115    99.830889   2.681890   9.326110   -2690.131 1
  2.465295 -35.313704   0.052173  0.000150  15641.072    44.968869   2.691091   9.358106     811.096 1
356.564751 -33.217154   0.039014  0.000150  11696.103    44.968869   2.698800   9.384914   -2948.402 1
  2.515000 -35.225000   0.049828  0.000333  14938.059    99.830889   2.714491   9.439479     141.135 1
355.947117 -34.906449   0.040031  0.000150  12000.992    44.968869   2.725235   9.476839   -2657.847 1
356.931299 -36.706458   0.042833  0.000150  12841.010    44.968869   2.728598   9.488535   -1857.322 1
  2.516604 -35.379620   0.048890  0.000150  14656.853    44.968869   2.746460   9.550649    -126.850 1
358.530801 -32.066038   0.060068  0.000150  18007.933    44.968869   2.760239   9.598563    3066.681 1
  1.512957 -32.704021   0.045588  0.000150  13666.939    44.968869   2.767030   9.622180   -1070.224 1
359.543248 -31.981665   0.061566  0.000150  18457.022    44.968869   2.788650   9.697361    3494.656 1
359.183655 -37.553196   0.050975  0.000083  15281.921    24.882774   2.793333   9.713645     468.830 1
359.188744 -37.561450   0.050061  0.000150  15007.910    44.968869   2.801494   9.742028     207.702 1
358.170625 -37.422566   0.035011  0.000150  10496.034    44.968869   2.808313   9.765741   -4092.050 1
355.915176 -34.176331   0.039661  0.000150  11890.069    44.968869   2.808995   9.768111   -2763.555 1
355.933395 -34.070704   0.040535  0.000150  12152.087    44.968869   2.818334   9.800586   -2513.855 1
356.096470 -35.857825   0.038123  0.000150  11428.988    44.968869   2.820790   9.809126   -3202.958 1
356.267338 -36.144185   0.037639  0.000150  11283.888    44.968869   2.820890   9.809475   -3341.236 1
356.119175 -35.917207   0.037189  0.000150  11148.982    44.968869   2.827384   9.832057   -3469.800 1
  2.712833 -34.798528   0.050335  0.000127  15090.053    38.073642   2.837246   9.866352     285.984 1
357.284542 -37.094528   0.044471  0.000150  13332.070    44.968869   2.842562   9.884839   -1389.349 1
356.176097 -36.057723   0.039811  0.000150  11935.038    44.968869   2.846012   9.896836   -2720.701 1
359.468848 -37.622619   0.045225  0.000103  13558.114    30.878623   2.867218   9.970578   -1173.932 1
  2.722100 -35.130384   0.048093  0.000150  14417.919    44.968869   2.868545   9.975191    -354.551 1
355.830492 -34.131077   0.039751  0.000150  11917.050    44.968869   2.886611  10.038016   -2737.842 1
358.472653 -37.580962   0.043857  0.000150  13147.998    44.968869   2.893548  10.062139   -1564.767 1
  0.549348 -37.459913   0.051209  0.000103  15352.072    30.878623   2.899872  10.084129     535.683 1
359.752407 -31.880326   0.059201  0.000333  17748.013    99.830889   2.908552  10.114314    2818.981 1
357.368625 -37.231444   0.057590  0.000150  17265.048    44.968869   2.918669  10.149494    2358.721 1
355.784500 -35.401389   0.061406  0.000150  18409.056    44.968869   2.925962  10.174855    3448.944 1
  2.752411 -35.418830   0.050738  0.000150  15210.870    44.968869   2.944043  10.237732     401.120 1
355.676458 -34.598028   0.038670  0.000150  11592.974    44.968869   2.948168  10.252077   -3046.682 1
  2.863929 -34.913519   0.049117  0.000103  14724.906    30.878623   2.965072  10.310858     -61.996 1
356.527006 -36.709226   0.057283  0.000183  17173.011    54.862020   2.972706  10.337407    2271.012 1
358.667503 -31.825337   0.048010  0.000150  14393.036    44.968869   2.975254  10.346265    -378.264 1
358.647819 -31.817450   0.049177  0.000150  14742.894    44.968869   2.985714  10.382642     -44.855 1
355.692000 -34.181000   0.039625  0.000333  11879.276    99.830889   2.987668  10.389435   -2773.840 1
359.759082 -31.797069   0.061783  0.000103  18522.077    30.878623   2.991768  10.403693    3556.652 1
356.553676 -36.763998   0.056052  0.000150  16803.967    44.968869   2.992583  10.406527    1919.318 1
  2.130708 -36.602333   0.050008  0.000150  14992.021    44.968869   2.992631  10.406693     192.560 1
359.609012 -31.752330   0.059458  0.000150  17825.060    44.968869   3.021897  10.508463    2892.405 1
355.662708 -35.432472   0.062196  0.000150  18645.892    44.968869   3.030409  10.538064    3674.646 1
358.453823 -31.770864   0.050131  0.000103  15028.896    30.878623   3.062103  10.648280     227.701 1
355.591320 -34.213959   0.039711  0.000150  11905.058    44.968869   3.062798  10.650696   -2749.270 1
359.355048 -31.655783   0.055615  0.000150  16672.958    44.968869   3.105767  10.800119    1794.468 1
355.481708 -34.883361   0.040665  0.000150  12191.060    44.968869   3.106108  10.801305   -2476.715 1
355.960593 -36.281298   0.032522  0.000333   9749.850    99.830889   3.107753  10.807025   -4803.152 1
  2.858183 -33.799146   0.048487  0.000103  14536.037    30.878623   3.108800  10.810663    -241.986 1
  1.623854 -32.313653   0.044824  0.000150  13437.897    44.968869   3.124112  10.863912   -1288.497 1
  2.441154 -36.477658   0.050291  0.000150  15076.863    44.968869   3.127356  10.875192     273.413 1
  1.624912 -32.304954   0.045135  0.000333  13531.133    99.830889   3.131470  10.889497   -1199.645 1
359.130810 -31.630409   0.059298  0.000150  17777.093    44.968869   3.131938  10.891126    2846.693 1
358.302397 -31.721307   0.048800  0.000333  14629.872    99.830889   3.139336  10.916851    -152.563 1
  2.941029 -35.606394   0.048674  0.000083  14592.098    24.882774   3.140513  10.920944    -188.561 1
355.903787 -36.271705   0.038410  0.000150  11515.028    44.968869   3.143913  10.932769   -3120.963 1
359.133606 -31.617654   0.060162  0.000150  18036.114    44.968869   3.144610  10.935190    3093.536 1
358.201223 -31.734377   0.047453  0.000103  14226.052    30.878623   3.148617  10.949125    -537.398 1
  2.867292 -35.835741   0.049101  0.000103  14720.109    30.878623   3.152878  10.963942     -66.568 1
358.348811 -31.695259   0.049771  0.000150  14920.970    44.968869   3.155301  10.972370     124.850 1
356.118390 -36.576418   0.056729  0.000150  17006.926    44.968869   3.155461  10.972926    2112.736 1
356.670981 -32.417187   0.061112  0.000150  18320.917    44.968869   3.164491  11.004328    3364.949 1
357.446782 -37.561505   0.057530  0.000113  17247.060    33.876548   3.172267  11.031366    2341.580 1
357.816200 -37.711329   0.050648  0.000150  15183.888    44.968869   3.180118  11.058670     375.407 1
356.968792 -37.336056   0.044868  0.000150  13451.088    44.968869   3.189831  11.092445   -1275.927 1
355.427327 -34.203251   0.039364  0.000150  11801.030    44.968869   3.197302  11.118425   -2848.407 1
357.603077 -31.864048   0.059248  0.000150  17762.104    44.968869   3.200280  11.128782    2832.408 1
356.634845 -32.385211   0.061596  0.000150  18466.016    44.968869   3.208121  11.156047    3503.227 1
355.752500 -36.174472   0.039677  0.000220  11894.865    65.954341   3.209445  11.160651   -2758.984 1
355.354917 -34.540528   0.038753  0.000150  11617.857    44.968869   3.215381  11.181295   -3022.969 1
358.787026 -31.554416   0.058394  0.000150  17506.081    44.968869   3.229563  11.230610    2588.422 1
355.491697 -33.769433   0.055165  0.000150  16538.051    44.968869   3.250275  11.302636    1665.904 1
  0.252724 -37.908264   0.050402  0.000150  15110.139    44.968869   3.251730  11.307695     305.125 1
355.802823 -36.372237   0.053167  0.000150  15939.066    44.968869   3.265328  11.354982    1095.080 1
356.522362 -32.379662   0.058741  0.000150  17610.109    44.968869   3.274981  11.388550    2687.560 1
357.704160 -31.736276   0.061272  0.000150  18368.883    44.968869   3.283165  11.417010    3410.661 1
358.382399 -37.993025   0.058184  0.000083  17443.124    24.882774   3.311820  11.516655    2528.426 1
358.196421 -37.967243   0.035011  0.000150  10496.034    44.968869   3.323506  11.557293   -4092.050 1
  1.621461 -32.061852   0.059615  0.000150  17872.127    44.968869   3.323871  11.558559    2937.260 1
356.942250 -37.490278   0.043794  0.000083  13129.111    24.882774   3.328025  11.573007   -1582.766 1
356.744542 -37.375444   0.062450  0.000150  18722.039    44.968869   3.332692  11.589236    3747.213 1
357.613791 -37.824639   0.043624  0.000090  13078.146    26.981321   3.349136  11.646419   -1631.335 1
355.947780 -36.713647   0.041299  0.000150  12381.129    44.968869   3.349210  11.646675   -2295.582 1
355.993784 -32.726398   0.038517  0.000103  11547.106    30.878623   3.366933  11.708308   -3090.394 1
355.565250 -36.227111   0.040795  0.000140  12230.033    41.970944   3.370798  11.721747   -2439.574 1
355.557542 -36.217889   0.040348  0.000150  12096.026    44.968869   3.372506  11.727685   -2567.281 1
  0.403797 -38.013862   0.050100  0.000333  15019.602    99.830889   3.386387  11.775956     218.845 1
  0.401597 -38.032259   0.049958  0.000150  14977.032    44.968869   3.403566  11.835695     178.275 1
356.957333 -37.597167   0.043046  0.000150  12904.866    44.968869   3.409355  11.855828   -1796.468 1
357.040875 -37.661028   0.043040  0.000150  12903.067    44.968869   3.425663  11.912536   -1798.182 1
355.590833 -36.415111   0.053754  0.000183  16115.044    54.862020   3.438301  11.956483    1262.784 1
357.898766 -31.479396   0.044324  0.000133  13288.001    39.872397   3.466394  12.054175   -1431.346 1
357.899251 -31.479220   0.044227  0.000103  13258.921    30.878623   3.466432  12.054307   -1459.059 1
  0.284551 -38.126354   0.045068  0.000150  13511.046    44.968869   3.469529  12.065076   -1218.787 1
355.131387 -34.028178   0.038687  0.000150  11598.071    44.968869   3.469660  12.065535   -3041.825 1
357.294875 -37.842528   0.044297  0.000150  13279.907    44.968869   3.479052  12.098195   -1439.060 1
355.723249 -32.814845   0.038243  0.000150  11464.963    44.968869   3.496605  12.159234   -3168.675 1
355.894750 -36.961806   0.056889  0.000150  17054.893    44.968869   3.533710  12.288264    2158.447 1
355.637490 -32.813250   0.037723  0.000150  11309.071    44.968869   3.556234  12.366588   -3317.238 1
356.197042 -37.285639   0.041976  0.000150  12584.088    44.968869   3.564589  12.395644   -2102.165 1
359.497088 -31.153836   0.061342  0.000150  18389.869    44.968869   3.611998  12.560506    3430.660 1
  2.607383 -32.415165   0.061469  0.000150  18427.943    44.968869   3.614604  12.569566    3466.943 1
355.523000 -36.677472   0.038333  0.000150  11491.944    44.968869   3.619110  12.585238   -3142.962 1
357.751841 -38.167179   0.059148  0.000150  17732.124    44.968869   3.624825  12.605111    2803.839 1
354.991125 -35.679556   0.054244  0.000150  16261.942    44.968869   3.625134  12.606187    1402.776 1
359.333792 -38.386889   0.065912  0.000150  19759.920    44.968869   3.626841  12.612123    4736.299 1
359.462458 -38.387194   0.044504  0.000150  13341.964    44.968869   3.630462  12.624713   -1379.921 1
356.235458 -37.409056   0.042476  0.000150  12733.984    44.968869   3.631389  12.627937   -1959.316 1
355.943211 -32.349191   0.060649  0.000150  18182.113    44.968869   3.638378  12.652241    3232.671 1
359.503583 -38.394194   0.044628  0.000183  13379.138    54.862020   3.639159  12.654957   -1344.494 1
355.454375 -36.625667   0.039084  0.000150  11717.088    44.968869   3.640240  12.658714   -2928.403 1
356.655035 -31.814767   0.046859  0.000103  14047.975    30.878623   3.640906  12.661031    -707.102 1
  0.371871 -31.230984   0.058108  0.000213  17420.340    63.855794   3.645946  12.678559    2506.713 1
355.518090 -32.776892   0.037326  0.000150  11190.053    44.968869   3.658296  12.721503   -3430.660 1
356.226813 -32.077753   0.060448  0.000150  18121.855    44.968869   3.661318  12.732013    3175.246 1
357.747167 -31.313444   0.045088  0.000150  13517.042    44.968869   3.664211  12.742072   -1213.073 1
356.138750 -37.386000   0.042039  0.000150  12602.975    44.968869   3.669670  12.761057   -2084.166 1
356.298292 -37.513306   0.032526  0.000150   9751.049    44.968869   3.673722  12.775147   -4802.009 1
357.592000 -38.177806   0.041949  0.000150  12575.994    44.968869   3.681635  12.802663   -2109.879 1
356.383625 -37.606917   0.052156  0.000150  15635.975    44.968869   3.699214  12.863792     806.239 1
  1.212463 -38.101954   0.045865  0.000150  13749.981    44.968869   3.706607  12.889501    -991.086 1
359.704613 -31.071294   0.062203  0.000150  18647.990    44.968869   3.707338  12.892045    3676.646 1
355.105143 -33.278204   0.057116  0.000150  17122.946    44.968869   3.721055  12.939743    2223.301 1
  3.774463 -35.143777   0.048947  0.000333  14673.941    99.830889   3.728909  12.967057    -110.565 1
359.135646 -31.023368   0.061599  0.000150  18466.916    44.968869   3.738579  13.000682    3504.084 1
357.953628 -31.151471   0.044594  0.000103  13368.945    30.878623   3.765186  13.093207   -1354.208 1
  1.459609 -38.073203   0.046139  0.000150  13832.124    44.968869   3.773640  13.122604    -912.805 1
  3.756206 -33.878117   0.050078  0.000150  15013.007    44.968869   3.798101  13.207667     212.559 1
358.424000 -38.498556   0.058597  0.000090  17566.939    26.981321   3.800506  13.216031    2646.419 1
357.463458 -38.281944   0.041072  0.000150  12313.076    44.968869   3.818050  13.277040   -2360.436 1
355.598708 -37.142250   0.056302  0.000150  16878.915    44.968869   3.836387  13.340803    1990.743 1
  0.165900 -30.986965   0.060355  0.000150  18093.974    44.968869   3.846351  13.375455    3148.676 1
  0.322823 -31.013107   0.061294  0.000297  18375.479    89.038360   3.847909  13.380872    3416.946 1
359.124523 -30.900586   0.061673  0.000183  18489.100    54.862020   3.861568  13.428371    3525.226 1
  3.933480 -35.205072   0.049051  0.000113  14705.120    33.876548   3.865448  13.441863     -80.852 1
359.894287 -30.929080   0.061349  0.000213  18391.968    63.855794   3.866799  13.446561    3432.660 1
354.669667 -35.617389   0.055015  0.000150  16493.082    44.968869   3.866928  13.447009    1623.049 1
355.482667 -37.087417   0.052026  0.000150  15597.002    44.968869   3.878428  13.486999     769.099 1
358.670333 -38.619667   0.066036  0.000090  19797.095    26.981321   3.889351  13.524983    4771.725 1
356.076697 -31.871234   0.037489  0.000150  11238.919    44.968869   3.896891  13.551203   -3384.091 1
  3.077915 -37.078809   0.050782  0.000150  15224.061    44.968869   3.900584  13.564047     413.690 1
  3.374597 -32.802240   0.055895  0.000150  16756.899    44.968869   3.906900  13.586010    1874.464 1
359.782167 -38.644583   0.050398  0.000150  15108.940    44.968869   3.907679  13.588719     303.983 1
  0.349439 -30.955290   0.061620  0.000297  18473.211    89.038360   3.909189  13.593969    3510.084 1
  3.944330 -34.067491   0.053804  0.000150  16130.033    44.968869   3.910624  13.598958    1277.069 1
356.965833 -38.189139   0.042296  0.000113  12680.022    33.876548   3.912308  13.604814   -2010.741 1
359.682894 -30.862332   0.061102  0.000150  18317.919    44.968869   3.913710  13.609690    3362.092 1
357.096208 -38.260694   0.041582  0.000090  12465.970    26.981321   3.925524  13.650772   -2214.730 1
359.790461 -30.856106   0.060086  0.000297  18013.330    89.038360   3.928738  13.661948    3071.823 1
  4.043976 -34.824268   0.048924  0.000083  14667.046    24.882774   3.931098  13.670156    -117.136 1
  1.720882 -31.386875   0.049341  0.000150  14792.060    44.968869   3.933254  13.677654       2.000 1
359.306375 -38.694722   0.050798  0.000150  15228.857    44.968869   3.934350  13.681464     418.262 1
358.941417 -38.695056   0.055795  0.000183  16726.920    54.862020   3.943169  13.712132    1845.894 1
355.251542 -36.935361   0.053327  0.000150  15987.032    44.968869   3.946150  13.722499    1140.791 1
355.169750 -36.831361   0.038387  0.000150  11508.133    44.968869   3.946846  13.724918   -3127.534 1
358.637235 -30.842720   0.060438  0.000103  18118.857    30.878623   3.951061  13.739575    3172.389 1
  0.137046 -38.647862   0.051000  0.000333  15289.415    99.830889   3.953578  13.748328     475.973 1
  0.089174 -30.858529   0.060767  0.000213  18217.488    63.855794   3.961105  13.774503    3266.383 1
354.574250 -35.730222   0.054388  0.000150  16305.112    44.968869   3.969451  13.803528    1443.917 1
357.088333 -38.349639   0.044688  0.000150  13397.125    44.968869   4.007908  13.937258   -1327.352 1
  0.608044 -30.908279   0.058696  0.000297  17596.618    89.038360   4.008408  13.938996    2674.703 1
356.107566 -31.680108   0.037226  0.000150  11160.074    44.968869   4.024271  13.994158   -3459.229 1
356.104735 -31.678625   0.036825  0.000130  11039.857    38.973020   4.026902  14.003311   -3573.794 1
357.116292 -38.394889   0.045595  0.000113  13669.037    33.876548   4.038411  14.043332   -1068.224 1
355.857917 -31.839444   0.054705  0.000333  16400.146    99.830889   4.042617  14.057958    1534.483 1
355.854876 -31.838421   0.055048  0.000150  16502.975    44.968869   4.045084  14.066535    1632.477 1
357.371750 -38.524556   0.043053  0.000090  12906.965    26.981321   4.071002  14.156663   -1794.468 1
357.042500 -38.412500   0.042653  0.000180  12787.048    53.962642   4.080962  14.191299   -1908.747 1
357.147042 -38.455472   0.042546  0.000150  12754.970    44.968869   4.082214  14.195652   -1939.317 1
  2.181133 -31.454158   0.055252  0.000150  16564.133    44.968869   4.085725  14.207862    1690.760 1
  1.311708 -31.031222   0.060360  0.000213  18095.473    63.855794   4.092707  14.232142    3150.104 1
356.588917 -38.218778   0.058751  0.000150  17613.107    44.968869   4.095507  14.241879    2690.417 1
  0.085039 -30.714492   0.061960  0.000297  18575.141    89.038360   4.102506  14.266216    3607.221 1
357.698292 -38.657972   0.043830  0.000103  13139.903    30.878623   4.103053  14.268120   -1572.481 1
