160.141154 -46.194783   0.021100  0.000333   6325.621    99.830889   0.012175   0.018123     205.659 0
160.220927 -46.092611   0.022225  0.000117   6662.887    35.075718   0.104136   0.155008     536.183 0
160.246640 -46.102475   0.019840  0.000284   5947.882    85.141058   0.106263   0.158174    -164.527 0
160.019167 -46.285556   0.021775  0.000333   6527.981    99.830889   0.135239   0.201305     403.974 0
160.069167 -46.326944   0.019777  0.000333   5928.995    99.830889   0.153419   0.228367    -183.037 0
160.403386 -46.204459   0.023957  0.000150   7182.128    44.968869   0.178766   0.266096    1045.043 0
160.360833 -46.287306   0.023560  0.000030   7063.110     8.993774   0.180929   0.269316     928.405 0
160.468648 -46.144984   0.020480  0.000284   6139.750    85.141058   0.225966   0.336354      23.504 0
159.855417 -46.311667   0.018456  0.000333   5532.970    99.830889   0.239234   0.356104    -571.145 0
160.348030 -46.410501   0.019363  0.000117   5804.881    35.075718   0.266444   0.396606    -304.670 0
160.526530 -46.036704   0.024130  0.000284   7233.992    85.141058   0.300895   0.447887    1095.870 1
160.516961 -46.004756   0.020874  0.000150   6257.868    44.968869   0.312230   0.464759     139.261 0
159.764420 -45.950765   0.017836  0.000150   5347.098    44.968869   0.352469   0.524655    -753.301 0
159.975509 -46.526184   0.022729  0.000117   6813.983    35.075718   0.362859   0.540121     684.258 0
160.673514 -46.083510   0.022219  0.000183   6661.089    54.862020   0.377946   0.562578     534.420 0
160.101511 -46.573940   0.023633  0.000117   7084.995    35.075718   0.391908   0.583360     949.852 0
159.937021 -46.548439   0.021935  0.000150   6575.948    44.968869   0.393016   0.585010     450.981 0
159.674705 -45.908254   0.034921  0.000333  10469.052    99.830889   0.427289   0.636026    4266.255 1
160.614167 -45.889722   0.020411  0.000333   6119.064    99.830889   0.436812   0.650201       3.232 0
160.781962 -46.212298   0.021065  0.000150   6315.128    44.968869   0.440574   0.655800     195.376 0
160.270013 -46.691466   0.020731  0.000284   6214.997    85.141058   0.515254   0.766963      97.247 0
160.715448 -45.850592   0.021548  0.000150   6459.928    44.968869   0.515354   0.767112     337.281 0
159.869578 -45.702009   0.022065  0.000150   6614.921    44.968869   0.518202   0.771352     489.175 0
160.657354 -45.799002   0.021125  0.000150   6333.116    44.968869   0.522052   0.777082     213.004 0
160.728804 -46.749826   0.020921  0.000284   6271.958    85.141058   0.695134   1.034717     153.069 0
159.314375 -46.584958   0.020401  0.000127   6116.066    38.073642   0.702601   1.045832       0.294 0
159.918793 -46.882390   0.021765  0.000150   6524.983    44.968869   0.716722   1.066852     401.036 0
161.213122 -46.230344   0.021405  0.000150   6417.058    44.968869   0.739631   1.100952     295.268 0
160.321166 -46.946086   0.018869  0.000284   5656.784    85.141058   0.772258   1.149518    -449.806 0
160.046833 -47.101139   0.010720  0.000024   3213.775     7.195019   0.920455   1.370111   -2843.974 1
160.045785 -47.111294   0.010330  0.000284   3096.856    85.141058   0.930636   1.385266   -2958.556 1
158.838091 -45.648164   0.010044  0.000150   3011.115    44.968869   1.052435   1.566565   -3042.582 1
161.309354 -46.884460   0.016251  0.000284   4871.927    85.141058   1.067363   1.588786   -1218.972 1
159.954833 -45.118194   0.020387  0.000150   6111.869    44.968869   1.073384   1.597747      -3.819 1
159.430158 -45.184002   0.021005  0.000150   6297.141    44.968869   1.115759   1.660824     177.748 1
159.806667 -45.089722   0.020702  0.000025   6206.303     7.494811   1.118675   1.665165      88.727 1
158.600748 -46.559463   0.008986  0.000060   2693.935    17.987547   1.134717   1.689043   -3353.421 1
161.709518 -45.751158   0.019066  0.000083   5715.843    24.882774   1.164933   1.734021    -391.928 1
159.954167 -44.928056   0.020104  0.000333   6027.028    99.830889   1.262324   1.878988     -86.964 1
160.859620 -47.345635   0.029797  0.000150   8932.916    44.968869   1.262716   1.879571    2760.829 1
159.553155 -44.986230   0.020751  0.000150   6220.993    44.968869   1.265710   1.884028     103.123 1
159.488883 -44.993087   0.020464  0.000150   6134.953    44.968869   1.274450   1.897038      18.803 1
161.520570 -45.327372   0.018286  0.000150   5482.005    44.968869   1.279455   1.904488    -621.091 1
161.803750 -45.499722   0.018743  0.000333   5619.010    99.830889   1.335297   1.987609    -486.825 1
160.604969 -44.885755   0.019710  0.000093   5908.909    27.880699   1.335725   1.988246    -202.721 1
162.150625 -45.945278   0.020347  0.000150   6099.877    44.968869   1.407489   2.095068     -15.571 1
159.455916 -44.835399   0.020271  0.000150   6077.093    44.968869   1.430306   2.129031     -37.900 1
162.106478 -45.691463   0.020192  0.000037   6053.409    11.092321   1.443055   2.148008     -61.110 1
160.710375 -47.617639   0.003652  0.000019   1094.842     5.696057   1.486429   2.212571   -4920.545 1
159.084167 -44.890556   0.021128  0.000027   6334.015     8.094396   1.487505   2.214173     213.886 1
159.862084 -44.684817   0.020584  0.000150   6170.928    44.968869   1.511411   2.249758      54.059 1
159.572917 -44.710833   0.035955  0.000233  10779.038    69.851643   1.525169   2.270236    4570.043 1
159.573280 -44.710589   0.035955  0.000333  10779.038    99.830889   1.525339   2.270490    4570.043 1
159.430538 -44.705482   0.019527  0.000233   5854.047    69.851643   1.558848   2.320368    -256.486 1
161.195125 -47.600972   0.020628  0.000150   6184.119    44.968869   1.592606   2.370618      66.986 1
161.069845 -47.677091   0.020374  0.000153   6107.972    45.868246   1.624700   2.418390      -7.639 1
157.798203 -46.251409   0.009670  0.000073   2898.993    21.884849   1.627623   2.422742   -3152.463 1
157.917292 -45.483139   0.008886  0.000053   2663.956    15.889000   1.695104   2.523187   -3382.801 1
162.121322 -47.301076   0.036838  0.000284  11043.755    85.141058   1.765763   2.628364    4829.467 1
159.529542 -44.453139   0.021565  0.000150   6465.024    44.968869   1.782193   2.652821     342.276 1
159.139875 -44.532667   0.009458  0.000023   2835.437     6.895227   1.791870   2.667225   -3214.748 1
162.737917 -46.340722   0.019557  0.000150   5863.041    44.968869   1.800725   2.680405    -247.673 1
161.744621 -47.616499   0.021738  0.000284   6516.888    85.141058   1.810403   2.694811     393.103 1
162.828447 -46.474795   0.019820  0.000150   5941.887    44.968869   1.879254   2.797297    -170.403 1
158.110124 -47.441206   0.020691  0.000100   6203.006    29.979246   1.889735   2.812899      85.495 1
158.350448 -47.609715   0.020061  0.000100   6014.136    29.979246   1.892570   2.817118     -99.598 1
163.060964 -46.015284   0.014847  0.000150   4451.019    44.968869   2.024477   3.013464   -1631.466 1
160.917014 -44.223536   0.021311  0.000127   6388.877    38.073642   2.030983   3.023149     267.651 1
163.100500 -46.368444   0.019574  0.000021   5868.138     6.295642   2.053231   3.056264    -242.678 1
163.122500 -46.059722   0.014756  0.000035   4423.738    10.492736   2.063801   3.071998   -1658.201 1
163.261725 -46.228306   0.019217  0.000150   5761.112    44.968869   2.156960   3.210667    -347.564 1
163.200192 -45.677374   0.009587  0.000013   2874.110     3.897302   2.173588   3.235418   -3176.848 1
160.860930 -44.044224   0.019747  0.000150   5920.002    44.968869   2.195443   3.267949    -191.851 1
160.225375 -48.427306   0.003382  0.000333   1013.898    99.830889   2.244662   3.341212   -4999.871 1
162.359411 -47.869005   0.020277  0.000107   6078.892    32.077793   2.277701   3.390392     -36.137 1
157.508750 -44.821944   0.009146  0.000333   2741.902    99.830889   2.278105   3.390993   -3306.413 1
163.430417 -45.730556   0.019087  0.000333   5722.139    99.830889   2.317931   3.450274    -385.758 1
163.156862 -45.162845   0.018750  0.000093   5621.109    27.880699   2.320327   3.453842    -484.768 1
163.520014 -45.816783   0.018986  0.000083   5691.860    24.882774   2.363905   3.518707    -415.432 1
163.539202 -45.831951   0.019597  0.000150   5875.033    44.968869   2.374738   3.534833    -235.921 1
156.772711 -45.666380   0.024690  0.000150   7401.876    44.968869   2.392706   3.561578    1260.398 1
158.951899 -43.907048   0.020924  0.000150   6272.857    44.968869   2.421976   3.605147     153.951 1
163.602579 -46.740859   0.014860  0.000100   4454.916    29.979246   2.456592   3.656673   -1627.646 1
159.547042 -43.752556   0.020264  0.000150   6074.994    44.968869   2.465980   3.670648     -39.957 1
157.520712 -44.453710   0.009753  0.000150   2923.876    44.968869   2.509535   3.735480   -3128.078 1
157.853422 -44.236966   0.015194  0.000150   4555.047    44.968869   2.511942   3.739063   -1529.517 1
156.558199 -45.735084   0.015159  0.000020   4544.554     5.995849   2.524822   3.758235   -1539.800 1
161.311062 -43.726579   0.021285  0.000150   6381.082    44.968869   2.585541   3.848616     260.012 1
157.564189 -44.307926   0.010284  0.000150   3083.066    44.968869   2.591284   3.857164   -2972.070 1
163.564241 -47.306100   0.018770  0.000183   5627.104    54.862020   2.618844   3.898188    -478.892 1
157.394034 -44.377459   0.019190  0.000150   5753.017    44.968869   2.625642   3.908307    -355.497 1
157.939667 -48.358889   0.021378  0.000093   6408.963    27.880699   2.658712   3.957532     287.335 1
158.784500 -43.691806   0.009645  0.000023   2891.498     6.895227   2.664098   3.965549   -3159.808 1
157.254674 -44.402731   0.009053  0.000127   2714.021    38.073642   2.679642   3.988686   -3333.737 1
164.190507 -46.373760   0.018763  0.000150   5625.006    44.968869   2.806007   4.176784    -480.949 1
157.107237 -44.271526   0.008923  0.000020   2675.048     5.995849   2.843269   4.232248   -3371.931 1
157.138311 -44.243570   0.008499  0.000333   2547.936    99.830889   2.846359   4.236847   -3496.501 1
157.305723 -44.122706   0.010012  0.000018   3001.522     5.396264   2.848824   4.240516   -3051.984 1
159.386274 -43.368986   0.020934  0.000150   6275.855    44.968869   2.863174   4.261877     156.889 1
162.007610 -43.611614   0.021385  0.000150   6411.062    44.968869   2.876287   4.281396     289.392 1
159.043346 -43.379242   0.020004  0.000150   5997.048    44.968869   2.906307   4.326080    -116.344 1
158.656402 -43.445536   0.009954  0.000027   2984.134     8.094396   2.925819   4.355125   -3069.024 1
163.239042 -48.280139   0.016381  0.000274   4910.900    82.143133   2.996615   4.460505   -1180.778 1
159.421225 -43.203102   0.020244  0.000150   6068.999    44.968869   3.022264   4.498684     -45.833 1
161.797917 -48.998889   0.011515  0.000028   3452.110     8.394189   3.038755   4.523232   -2610.404 1
159.323385 -43.118668   0.021762  0.000233   6524.083    69.851643   3.117232   4.640046     400.154 1
164.642809 -46.583888   0.009709  0.000030   2910.685     8.993774   3.138360   4.671495   -3141.005 1
156.963681 -43.903801   0.009354  0.000019   2804.259     5.696057   3.170750   4.719707   -3245.303 1
164.205078 -47.658459   0.018913  0.000333   5669.975    99.830889   3.173340   4.723563    -436.879 1
155.803562 -47.338478   0.008933  0.000026   2678.046     7.794604   3.221437   4.795156   -3368.993 1
157.467438 -43.538828   0.009823  0.000333   2944.861    99.830889   3.230327   4.808390   -3107.512 1
164.307932 -47.669759   0.015621  0.000150   4683.058    44.968869   3.241724   4.825354   -1404.065 1
157.755833 -49.046972   0.016098  0.000103   4826.059    30.878623   3.307780   4.923679   -1263.923 1
163.893667 -48.246806   0.015467  0.000031   4636.890     9.293566   3.314662   4.933924   -1449.310 1
164.251667 -47.896944   0.019030  0.000333   5705.050    99.830889   3.318563   4.939730    -402.505 1
164.391958 -47.730778   0.018970  0.000113   5687.063    33.876548   3.321517   4.944127    -420.133 1
159.504744 -42.868778   0.031402  0.000150   9414.083    44.968869   3.344217   4.977916    3232.376 1
159.351337 -42.851114   0.033933  0.000150  10172.857    44.968869   3.377415   5.027332    3975.981 1
164.584500 -44.773944   0.017269  0.000150   5177.116    44.968869   3.380152   5.031406    -919.885 1
159.281540 -42.855448   0.035168  0.000100  10543.101    29.979246   3.381367   5.033215    4338.823 1
159.276667 -42.855472   0.035800  0.000333  10732.570    99.830889   3.381943   5.034072    4524.504 1
159.272333 -42.853222   0.035168  0.000333  10543.101    99.830889   3.384693   5.038165    4338.823 1
159.150865 -42.852001   0.014874  0.000150   4459.113    44.968869   3.401942   5.063841   -1623.533 1
164.448100 -47.842760   0.019250  0.000103   5771.005    30.878623   3.409045   5.074413    -337.869 1
163.959000 -48.354806   0.018993  0.000187   5693.958    56.061190   3.417761   5.087387    -413.375 1
155.348428 -47.083918   0.008936  0.000333   2678.945    99.830889   3.442215   5.123788   -3368.111 1
160.425833 -42.715056   0.022536  0.000150   6756.123    44.968869   3.473613   5.170524     627.555 1
156.998458 -48.899528   0.018716  0.000083   5610.916    24.882774   3.482797   5.184195    -494.757 1
157.301833 -49.094083   0.016428  0.000123   4924.991    36.874472   3.514685   5.231661   -1166.969 1
156.197888 -43.964331   0.009623  0.000063   2884.903    18.886925   3.521303   5.241511   -3166.271 1
156.467833 -43.748000   0.009417  0.000150   2823.146    44.968869   3.524109   5.245688   -3226.794 1
158.896827 -42.739337   0.034174  0.000150  10245.107    44.968869   3.551067   5.285816    4046.787 1
164.869383 -47.695604   0.020871  0.000150   6256.968    44.968869   3.602371   5.362182     138.379 1
164.873913 -47.698153   0.020814  0.000130   6239.880    38.973020   3.606288   5.368012     121.633 1
164.121750 -48.609472   0.016121  0.000157   4832.954    47.067416   3.668711   5.460930   -1257.166 1
156.855417 -49.103333   0.018564  0.000040   5565.347    11.991698   3.704073   5.513567    -539.415 1
156.832083 -49.116389   0.018319  0.000440   5491.898    99.990000   3.724308   5.543687    -611.396 1
156.823125 -49.127778   0.018319  0.000440   5491.898    99.990000   3.737100   5.562728    -611.396 1
164.273667 -48.661389   0.016225  0.000083   4864.133    24.882774   3.782065   5.629660   -1226.611 1
156.849934 -43.136596   0.026698  0.000150   8003.859    44.968869   3.807005   5.666783    1850.346 1
160.190138 -42.300110   0.033396  0.000150  10011.869    44.968869   3.883305   5.780356    3818.211 1
164.693167 -48.468778   0.021048  0.000150   6310.032    44.968869   3.889796   5.790018     190.382 1
165.099500 -48.190667   0.018766  0.000130   5625.905    38.973020   3.973254   5.914247    -480.067 1
165.446355 -47.738796   0.011628  0.000150   3485.987    44.968869   3.985138   5.931937   -2577.204 1
155.069723 -44.213761   0.035478  0.000150  10636.037    44.968869   4.029418   5.997848    4429.901 1
162.461618 -42.461928   0.016608  0.000183   4978.953    54.862020   4.051756   6.031098   -1114.086 1
165.586417 -47.854333   0.014904  0.000150   4468.107    44.968869   4.120085   6.132808   -1614.719 1
165.281722 -44.043876   0.004627  0.000333   1387.140    99.830889   4.149152   6.176074   -4634.091 1
162.438572 -42.323722   0.031335  0.000150   9393.997    44.968869   4.172957   6.211508    3212.692 1
162.462733 -42.326617   0.029947  0.000150   8977.885    44.968869   4.176673   6.217039    2804.899 1
162.439160 -42.318438   0.029814  0.000150   8938.012    44.968869   4.177999   6.219014    2765.823 1
154.114775 -45.848302   0.006398  0.000021   1918.072     6.295642   4.189846   6.236647   -4113.773 1
155.013918 -43.953250   0.035318  0.000150  10588.070    44.968869   4.195638   6.245269    4382.893 1
155.303208 -48.754333   0.017666  0.001001   5296.134    99.990000   4.225749   6.290089    -803.246 1
164.840417 -43.473250   0.016645  0.000137   4990.045    41.071567   4.231270   6.298308   -1103.215 1
159.753250 -50.421778   0.023953  0.000130   7180.929    38.973020   4.247236   6.322073    1043.868 1
164.778958 -43.376083   0.015511  0.000150   4650.081    44.968869   4.262043   6.344114   -1436.383 1
164.281635 -43.022746   0.031175  0.000150   9346.030    44.968869   4.264240   6.347385    3165.684 1
158.759342 -41.953056   0.034084  0.000150  10218.126    44.968869   4.337972   6.457136    4020.345 1
156.177583 -42.803566   0.022676  0.000150   6798.094    44.968869   4.356079   6.484088     668.686 1
157.193633 -42.331967   0.019857  0.000150   5952.979    44.968869   4.360489   6.490652    -159.533 1
155.330125 -49.026250   0.021918  0.001001   6570.851    99.990000   4.382289   6.523102     445.987 1
166.427792 -45.292056   0.020411  0.000150   6119.064    44.968869   4.438920   6.607398       3.232 1
164.563875 -49.423778   0.019594  0.000110   5874.133    32.977170   4.455592   6.632214    -236.802 1
155.798583 -49.470778   0.018168  0.000021   5446.629     6.295642   4.457743   6.635417    -655.759 1
164.314583 -49.609167   0.019230  0.000333   5765.009    99.830889   4.479100   6.667206    -343.745 1
155.747943 -42.827397   0.009467  0.000150   2838.135    44.968869   4.531930   6.745844   -3212.104 1
157.425000 -42.027222   0.019133  0.000333   5735.929    99.830889   4.563403   6.792693    -372.243 1
159.314538 -41.627531   0.009255  0.000021   2774.579     6.295642   4.592082   6.835382   -3274.389 1
154.773304 -43.457226   0.037216  0.000150  11157.076    44.968869   4.612329   6.865520    4940.523 1
157.423117 -41.909034   0.019217  0.000117   5761.112    35.075718   4.671823   6.954077    -347.564 1
153.673422 -44.851232   0.003688  0.000021   1105.635     6.295642   4.675764   6.959944   -4909.968 1
157.248258 -50.425483   0.022539  0.000123   6757.022    36.874472   4.692972   6.985557     628.436 1
157.141417 -50.391944   0.023493  0.000150   7043.024    44.968869   4.694991   6.988563     908.720 1
162.940356 -41.861814   0.015844  0.000150   4749.912    44.968869   4.734507   7.047384   -1338.548 1
166.751792 -47.465889   0.026582  0.000150   7969.083    44.968869   4.749316   7.069426    1816.265 1
164.238667 -50.000722   0.009323  0.000233   2794.965    69.851643   4.753727   7.075993   -3254.411 1
157.405667 -50.605528   0.022899  0.000113   6864.947    33.876548   4.812317   7.163205     734.204 1
166.285823 -48.443529   0.009714  0.000030   2912.184     8.993774   4.813849   7.165484   -3139.536 1
157.115269 -41.848403   0.019503  0.000150   5846.852    44.968869   4.816353   7.169213    -263.538 1
157.065500 -50.517194   0.018746  0.000834   5619.909    99.990000   4.830570   7.190374    -485.943 1
162.278102 -41.554222   0.015764  0.000150   4725.928    44.968869   4.858538   7.232006   -1362.052 1
166.635708 -48.042444   0.018367  0.000046   5506.288    13.790453   4.861974   7.237120    -597.293 1
164.720583 -49.973444   0.009186  0.000020   2753.894     5.995849   4.938840   7.351536   -3294.662 1
153.134229 -45.237190   0.013729  0.000003   4115.851     0.899377   4.946638   7.363143   -1959.933 1
157.199625 -50.699250   0.021031  0.000474   6304.935    99.990000   4.955598   7.376481     185.387 1
154.090625 -43.510992   0.018066  0.000150   5416.051    44.968869   4.972299   7.401340    -685.727 1
157.104458 -50.692000   0.023169  0.000077   6945.891    23.084019   4.976523   7.407628     813.529 1
153.082627 -47.294723   0.008430  0.000004   2527.250     1.199170   5.015732   7.465991   -3516.774 1
156.642083 -41.776389   0.020005  0.000028   5997.348     8.394189   5.030850   7.488495    -116.051 1
164.335000 -50.295556   0.009423  0.000333   2824.944    99.830889   5.031719   7.489787   -3225.031 1
167.393250 -46.749194   0.017912  0.000150   5369.883    44.968869   5.048781   7.515185    -730.972 1
158.925583 -41.201000   0.023850  0.000150   7150.050    44.968869   5.053557   7.522294    1013.606 1
167.453833 -46.506167   0.036405  0.000150  10913.944    44.968869   5.069204   7.545585    4702.252 1
166.684042 -48.483778   0.009403  0.000035   2818.948    10.492736   5.077043   7.557254   -3230.907 1
162.335602 -41.327073   0.032729  0.000103   9811.907    30.878623   5.087144   7.572289    3622.247 1
167.304583 -47.380000   0.018249  0.000333   5470.913    99.830889   5.098023   7.588483    -631.962 1
154.507281 -42.890589   0.021478  0.000150   6438.942    44.968869   5.107687   7.602867     316.715 1
164.595625 -50.259889   0.018413  0.000080   5520.079    23.983397   5.109316   7.605292    -583.779 1
153.766667 -43.607500   0.010067  0.000019   3018.011     5.696057   5.113568   7.611621   -3035.825 1
167.092500 -47.931028   0.014537  0.000117   4358.083    35.075718   5.116497   7.615982   -1722.543 1
167.537417 -46.125778   0.031035  0.000150   9304.059    44.968869   5.117104   7.616885    3124.552 1
156.533146 -41.718880   0.019660  0.000150   5893.920    44.968869   5.117751   7.617847    -217.411 1
167.504667 -45.430444   0.020327  0.000150   6093.881    44.968869   5.149438   7.665015     -21.447 1
164.086792 -50.560250   0.009416  0.000067   2822.846    20.086095   5.157344   7.676782   -3227.088 1
167.500792 -47.019611   0.019954  0.000183   5982.059    54.862020   5.159652   7.680218    -131.034 1
167.451917 -47.207556   0.018349  0.000150   5500.892    44.968869   5.160258   7.681120    -602.582 1
165.309875 -49.907194   0.019143  0.000170   5738.927    50.964718   5.161849   7.683488    -369.305 1
155.793333 -41.959444   0.009203  0.000333   2758.990    99.830889   5.189106   7.724061   -3289.667 1
159.457120 -41.014563   0.023283  0.000150   6980.068    44.968869   5.190759   7.726522     847.022 1
167.557583 -47.046083   0.018603  0.000133   5577.039    39.872397   5.202780   7.744415    -527.957 1
157.183000 -50.970889   0.020357  0.000117   6102.875    35.075718   5.208865   7.753472     -12.633 1
152.757700 -45.167804   0.013366  0.000113   4007.026    33.876548   5.215819   7.763823   -2066.582 1
164.552458 -50.443361   0.019674  0.000567   5898.117    99.990000   5.239412   7.798942    -213.298 1
153.379167 -43.818028   0.013986  0.000150   4192.897    44.968869   5.248867   7.813016   -1884.427 1
164.748833 -50.365389   0.018833  0.000133   5645.991    39.872397   5.257478   7.825833    -460.383 1
154.468411 -49.699636   0.031438  0.000193   9424.875    57.859944   5.274659   7.851407    3242.953 1
164.522625 -50.508083   0.009036  0.000093   2708.925    27.880699   5.280293   7.859794   -3338.731 1
154.940458 -50.046083   0.021715  0.000160   6509.993    47.966793   5.283507   7.864577     386.346 1
153.376940 -43.716855   0.015724  0.000183   4713.937    54.862020   5.296593   7.884056   -1373.804 1
159.413912 -40.909374   0.032546  0.000150   9757.045    44.968869   5.298293   7.886587    3568.482 1
167.708625 -47.048444   0.017819  0.000150   5342.002    44.968869   5.306319   7.898534    -758.295 1
167.610042 -44.824056   0.034404  0.000150  10314.060    44.968869   5.342854   7.952917    4114.361 1
156.809938 -41.360089   0.028093  0.000183   8422.070    54.862020   5.348031   7.960623    2260.195 1
165.572292 -42.372333   0.019547  0.000150   5860.043    44.968869   5.350949   7.964967    -250.611 1
158.743794 -40.912022   0.015888  0.000150   4763.103    44.968869   5.360057   7.978524   -1325.621 1
153.458850 -48.932184   0.019170  0.000080   5747.021    23.983397   5.385024   8.015688    -361.373 1
167.812333 -47.109750   0.018143  0.000120   5439.135    35.975095   5.387377   8.019190    -663.104 1
154.986292 -50.222528   0.028420  0.000180   8520.102    53.962642   5.392767   8.027213    2356.268 1
160.747728 -40.796496   0.036996  0.000103  11091.122    30.878623   5.402837   8.042202    4875.888 1
153.390376 -43.455408   0.015127  0.000150   4534.961    44.968869   5.415240   8.060664   -1549.202 1
167.838792 -45.154361   0.034781  0.000150  10427.081    44.968869   5.423930   8.073600    4225.123 1
157.850042 -51.377806   0.021805  0.000233   6536.975    69.851643   5.432492   8.086344     412.788 1
164.839167 -50.558611   0.019103  0.000333   5726.935    99.830889   5.449495   8.111654    -381.057 1
167.978833 -45.501417   0.034978  0.000150  10486.141    44.968869   5.465103   8.134887    4283.001 1
164.565167 -50.772444   0.019377  0.000157   5809.078    47.067416   5.515190   8.209441    -300.556 1
168.110208 -46.583167   0.036605  0.000150  10973.903    44.968869   5.527836   8.228266    4761.012 1
167.600875 -48.166750   0.023840  0.000150   7147.052    44.968869   5.528749   8.229625    1010.668 1
165.252417 -41.898972   0.030715  0.000150   9208.125    44.968869   5.554273   8.267617    3030.536 1
167.780833 -44.456944   0.034057  0.000150  10210.032    44.968869   5.560109   8.276305    4012.412 1
154.404905 -50.080060   0.035098  0.000113  10522.116    33.876548   5.566849   8.286337    4318.257 1
157.326250 -51.401639   0.018209  0.000494   5458.921    99.990000   5.571813   8.293726    -643.714 1
161.101247 -40.641516   0.025521  0.000150   7651.003    44.968869   5.581027   8.307441    1504.544 1
157.070004 -51.343483   0.025428  0.000193   7623.123    57.859944   5.582648   8.309854    1477.221 1
154.334721 -42.302315   0.023380  0.000150   7009.148    44.968869   5.590692   8.321828     875.521 1
161.112546 -40.629679   0.025851  0.000333   7749.935    99.830889   5.593711   8.326321    1601.498 1
160.528028 -40.576365   0.031862  0.000103   9551.987    30.878623   5.613138   8.355238    3367.524 1
167.843458 -48.019944   0.014480  0.000233   4340.995    69.851643   5.636309   8.389729   -1739.290 1
161.180933 -40.586631   0.025875  0.000150   7757.130    44.968869   5.642264   8.398593    1608.549 1
167.975163 -47.918725   0.014483  0.000080   4341.894    23.983397   5.690917   8.471014   -1738.408 1
167.970000 -47.942222   0.014276  0.000028   4279.837     8.394189   5.694727   8.476684   -1799.225 1
154.107529 -42.245910   0.014557  0.000150   4364.079    44.968869   5.743479   8.549254   -1716.667 1
153.571000 -42.681556   0.020117  0.000150   6030.925    44.968869   5.743802   8.549734     -83.145 1
164.848208 -50.961917   0.019247  0.000110   5770.105    32.977170   5.781828   8.606337    -338.750 1
153.449792 -49.659222   0.019407  0.000294   5818.072    88.138983   5.795022   8.625975    -291.742 1
152.177500 -44.402778   0.013403  0.000333   4018.118    99.830889   5.797879   8.630228   -2055.711 1
168.412250 -45.165472   0.017512  0.000233   5249.966    69.851643   5.812288   8.651676    -848.491 1
168.584917 -46.430111   0.036015  0.000150  10797.025    44.968869   5.847233   8.703692    4587.671 1
152.436499 -43.781470   0.033923  0.000123  10169.860    36.874472   5.853821   8.713499    3973.043 1
157.264167 -51.688944   0.031438  0.000193   9424.875    57.859944   5.856269   8.717143    3242.953 1
165.138042 -41.451556   0.021305  0.000150   6387.078    44.968869   5.859209   8.721519     265.888 1
167.924708 -43.871944   0.034264  0.000150  10272.089    44.968869   5.860014   8.722717    4073.229 1
154.272125 -50.413111   0.028476  0.000570   8536.890    99.990000   5.868201   8.734903    2372.720 1
152.778042 -49.128000   0.019000  0.000414   5696.057    99.990000   5.890746   8.768462    -411.319 1
168.522125 -47.265500   0.029831  0.000150   8943.109    44.968869   5.898670   8.780257    2770.818 1
160.486532 -40.260389   0.009807  0.000103   2940.065    30.878623   5.927574   8.823281   -3112.212 1
152.572342 -43.417761   0.033083  0.000150   9918.034    44.968869   5.928855   8.825188    3726.252 1
151.733089 -45.046504   0.013013  0.000025   3901.199     7.494811   5.935284   8.834758   -2170.293 1
156.467625 -51.544472   0.025881  0.000039   7758.929    11.691906   5.935618   8.835254    1610.312 1
168.532458 -44.903028   0.037222  0.000150  11158.875    44.968869   5.945188   8.849500    4942.286 1
162.237125 -51.958583   0.009423  0.000177   2824.944    53.063265   5.953823   8.862353   -3225.031 1
167.644958 -49.102611   0.009081  0.000019   2722.415     5.696057   5.955781   8.865267   -3325.510 1
151.692221 -47.696487   0.013349  0.000334   4001.930    99.990000   6.046114   8.999729   -2071.576 1
153.427792 -50.053722   0.022596  0.000334   6774.110    99.990000   6.051603   9.007900     645.183 1
158.475647 -40.209115   0.016375  0.000183   4909.101    54.862020   6.085222   9.057942   -1182.541 1
168.738333 -47.471111   0.009394  0.000029   2816.250     8.693981   6.086050   9.059176   -3233.551 1
160.440812 -40.097576   0.031819  0.000103   9539.096    30.878623   6.089123   9.063749    3354.890 1
166.157125 -41.734472   0.031458  0.000150   9430.871    44.968869   6.091558   9.067374    3248.829 1
160.995278 -40.119227   0.016655  0.000103   4993.043    30.878623   6.092447   9.068697   -1100.277 1
152.365833 -43.315556   0.015336  0.000023   4597.617     6.895227   6.103045   9.084472   -1487.798 1
152.392050 -43.259508   0.033680  0.000150  10097.010    44.968869   6.113633   9.100233    3901.650 1
152.321166 -43.331922   0.015274  0.000150   4579.030    44.968869   6.122722   9.113761   -1506.013 1
151.465000 -45.018611   0.012922  0.000173   3873.918    51.864095   6.122808   9.113890   -2197.029 1
157.082958 -51.938472   0.031709  0.000187   9506.119    56.061190   6.133706   9.130111    3322.572 1
168.987917 -46.743944   0.030588  0.000150   9170.052    44.968869   6.146662   9.149397    2993.224 1
152.280833 -43.324444   0.014806  0.000033   4438.727     9.893151   6.150919   9.155734   -1643.511 1
164.829500 -51.442556   0.019007  0.000028   5698.155     8.394189   6.178186   9.196321    -409.262 1
161.544711 -40.074740   0.015754  0.000150   4722.930    44.968869   6.184737   9.206072   -1364.990 1
169.005208 -47.030861   0.030291  0.000157   9081.013    47.067416   6.191299   9.215840    2905.966 1
154.604583 -51.069722   0.013521  0.000039   4053.494    11.691906   6.213057   9.248227   -2021.043 1
162.210000 -40.123056   0.016258  0.000333   4874.026    99.830889   6.226289   9.267922   -1216.915 1
166.384917 -50.673083   0.017342  0.000067   5199.001    20.086095   6.229812   9.273167    -898.437 1
157.750709 -40.178446   0.015224  0.000150   4564.040    44.968869   6.229833   9.273198   -1520.703 1
166.384167 -50.675278   0.017342  0.000333   5199.001    99.830889   6.231035   9.274987    -898.437 1
154.732724 -41.203185   0.018166  0.000150   5446.030    44.968869   6.233257   9.278295    -656.347 1
161.705833 -39.997778   0.016545  0.000333   4960.066    99.830889   6.278972   9.346343   -1132.595 1
154.000298 -41.555396   0.019862  0.000030   5954.478     8.993774   6.287161   9.358532    -158.064 1
169.060958 -44.972500   0.020417  0.000150   6120.863    44.968869   6.289261   9.361658       4.995 1
168.610417 -48.472222   0.014754  0.000333   4423.138    99.830889   6.290864   9.364044   -1658.789 1
152.307462 -43.002490   0.015077  0.000150   4519.971    44.968869   6.291091   9.364381   -1563.892 1
151.287083 -44.775833   0.012765  0.000035   3826.851    10.492736   6.293592   9.368105   -2243.155 1
152.450775 -42.811244   0.033537  0.000150  10054.140    44.968869   6.305851   9.386353    3859.637 1
151.481504 -44.232401   0.011171  0.000113   3348.982    33.876548   6.308807   9.390752   -2711.471 1
151.468975 -44.227372   0.011106  0.000024   3329.495     7.195019   6.318612   9.405347   -2730.568 1
169.255292 -45.774806   0.035028  0.000150  10501.130    44.968869   6.319375   9.406482    4297.691 1
169.275333 -46.686972   0.018399  0.000150   5515.881    44.968869   6.340071   9.437290    -587.892 1
155.459296 -40.704523   0.024520  0.000183   7350.911    54.862020   6.367934   9.478763    1210.452 1
151.440000 -44.118056   0.020968  0.000333   6286.048    99.830889   6.372276   9.485226     166.878 1
166.571542 -41.615000   0.031008  0.000150   9295.965    44.968869   6.376092   9.490907    3116.619 1
162.401303 -39.960886   0.016385  0.000150   4912.099    44.968869   6.415174   9.549081   -1179.603 1
153.588711 -41.646777   0.026365  0.000150   7904.028    44.968869   6.418534   9.554083    1752.511 1
165.301125 -40.832306   0.036255  0.000150  10868.976    44.968869   6.431731   9.573726    4658.182 1
153.019167 -42.042833   0.020106  0.000038   6027.627    11.392113   6.441855   9.588796     -86.377 1
165.614667 -51.404028   0.019587  0.000097   5872.035    29.079868   6.448756   9.599068    -238.859 1
157.788412 -39.944661   0.015724  0.000150   4713.937    44.968869   6.448816   9.599158   -1373.804 1
167.070500 -50.506639   0.013546  0.000034   4060.989    10.192944   6.455152   9.608590   -2013.698 1
152.299857 -42.682017   0.033043  0.000150   9906.042    44.968869   6.463470   9.620970    3714.500 1
156.973873 -40.081226   0.024624  0.000150   7382.089    44.968869   6.485506   9.653771    1241.007 1
156.008333 -52.003611   0.030791  0.000333   9230.910    99.830889   6.487423   9.656624    3052.865 1
154.781299 -40.863738   0.018062  0.000103   5414.851    30.878623   6.488350   9.658004    -686.902 1
152.482964 -42.428797   0.032879  0.000333   9856.876    99.830889   6.500176   9.675608    3666.317 1
151.083000 -44.425472   0.012455  0.000233   3733.915    69.851643   6.517036   9.700704   -2334.233 1
169.553083 -46.575972   0.035208  0.000167  10555.093    50.065340   6.524162   9.711311    4350.575 1
162.439342 -39.853900   0.016375  0.000103   4909.101    30.878623   6.525353   9.713083   -1182.541 1
169.589292 -46.044750   0.031809  0.000150   9536.098    44.968869   6.538872   9.733207    3351.952 1
150.971250 -44.537417   0.011751  0.000063   3522.861    18.886925   6.562606   9.768535   -2541.067 1
168.650484 -43.269391   0.009799  0.000035   2937.666    10.492736   6.569060   9.778142   -3114.563 1
156.926824 -40.002534   0.008723  0.000133   2615.090    39.872397   6.570581   9.780407   -3430.690 1
168.898167 -48.760389   0.018688  0.000025   5602.521     7.494811   6.584199   9.800677    -502.984 1
151.755583 -43.076222   0.020441  0.000063   6128.058    18.886925   6.588477   9.807044      12.046 1
156.752285 -40.024674   0.016068  0.000150   4817.065    44.968869   6.591873   9.812100   -1272.737 1
151.754429 -43.068584   0.025684  0.000233   7699.869    69.851643   6.592786   9.813459    1552.434 1
155.571549 -40.398052   0.024397  0.000150   7314.037    44.968869   6.595774   9.817907    1174.314 1
151.753720 -43.057568   0.020828  0.000150   6244.077    44.968869   6.598430   9.821860     125.746 1
150.663368 -45.499364   0.011511  0.000167   3450.911    50.065340   6.601550   9.826505   -2611.579 1
157.948550 -39.759238   0.016114  0.000150   4830.856    44.968869   6.601922   9.827058   -1259.222 1
154.092178 -41.079489   0.031625  0.000150   9480.936    44.968869   6.604725   9.831231    3297.893 1
157.552500 -39.826389   0.016008  0.000333   4799.078    99.830889   6.605835   9.832882   -1290.365 1
169.678667 -46.677722   0.018560  0.000150   5564.148    44.968869   6.617778   9.850660    -540.590 1
157.385754 -39.840568   0.015586  0.000020   4672.565     5.995849   6.624581   9.860786   -1414.348 1
152.930382 -41.785013   0.036886  0.000150  11058.145    44.968869   6.656534   9.908349    4843.570 1
169.067417 -48.739889   0.019697  0.000180   5905.012    53.962642   6.684320   9.949709    -206.541 1
163.336792 -39.862306   0.016728  0.000150   5014.928    44.968869   6.695691   9.966635   -1078.830 1
165.507500 -40.600250   0.016121  0.000150   4832.954    44.968869   6.704077   9.979117   -1257.166 1
151.195667 -48.741083   0.022395  0.000333   6713.852    99.830889   6.704558   9.979833     586.129 1
156.793337 -39.882642   0.009493  0.000333   2845.930    99.830889   6.714879   9.995197   -3204.465 1
156.543057 -39.942916   0.009483  0.000150   2842.932    44.968869   6.720746  10.003930   -3207.403 1
152.626736 -41.925340   0.032519  0.000333   9748.951    99.830889   6.726050  10.011825    3560.550 1
155.165131 -40.392015   0.024033  0.000183   7204.912    54.862020   6.740628  10.033524    1067.372 1
169.323250 -48.442111   0.014854  0.000123   4453.117    36.874472   6.742810  10.036772   -1629.409 1
155.101824 -40.402145   0.024297  0.000110   7284.057    32.977170   6.754489  10.054156    1144.935 1
167.130333 -50.923556   0.018039  0.000430   5407.956    99.990000   6.771013  10.078753    -693.659 1
168.942167 -43.186806   0.034871  0.000183  10454.063    54.862020   6.786703  10.102107    4251.565 1
151.532083 -49.461389   0.008002  0.000333   2398.939    99.830889   6.806022  10.130864   -3642.519 1
151.551667 -49.503333   0.008021  0.000022   2404.635     6.595434   6.814479  10.143453   -3636.937 1
163.010675 -39.638406   0.016191  0.000103   4853.940    30.878623   6.838614  10.179377   -1236.600 1
151.501067 -42.857256   0.010534  0.000150   3158.014    44.968869   6.848012  10.193367   -2898.621 1
156.529583 -39.790000   0.009203  0.000333   2758.990    99.830889   6.866365  10.220685   -3289.667 1
156.369938 -39.827473   0.009213  0.000007   2761.988     2.098547   6.872779  10.230232   -3286.729 1
157.218750 -39.613889   0.015784  0.000333   4731.924    99.830889   6.875133  10.233736   -1356.176 1
163.059857 -39.592013   0.025554  0.000100   7660.896    29.979246   6.892913  10.260203    1514.240 1
163.573079 -39.701038   0.035445  0.000150  10626.144    44.968869   6.902636  10.274675    4420.205 1
169.613667 -48.354389   0.014477  0.000150   4340.095    44.968869   6.904507  10.277460   -1740.171 1
169.384583 -48.796389   0.014920  0.000333   4472.903    99.830889   6.908898  10.283996   -1610.018 1
155.606327 -40.031015   0.026231  0.000107   7863.856    32.077793   6.908964  10.284094    1713.142 1
153.346055 -41.119290   0.010978  0.000103   3291.122    30.878623   6.914887  10.292911   -2768.174 1
163.569738 -39.672147   0.016611  0.000207   4979.853    62.057039   6.928983  10.313893   -1113.204 1
168.972835 -49.473055   0.014326  0.000036   4294.827    10.792528   6.939877  10.330109   -1784.535 1
154.293083 -51.852806   0.028743  0.000233   8616.935    69.851643   6.969214  10.373778    2451.165 1
154.657320 -40.321494   0.025081  0.000113   7519.095    33.876548   6.986190  10.399046    1375.273 1
151.693333 -50.007500   0.022529  0.000333   6754.024    99.830889   6.991513  10.406969     625.498 1
155.665675 -39.916081   0.016846  0.000040   5050.304    11.991698   6.993178  10.409449   -1044.162 1
169.562208 -48.745750   0.014510  0.000150   4349.989    44.968869   7.004211  10.425872   -1730.476 1
170.267833 -46.490667   0.031462  0.000150   9432.070    44.968869   7.013932  10.440341    3250.004 1
152.626049 -41.453555   0.018553  0.000150   5562.049    44.968869   7.034555  10.471039    -542.647 1
157.942500 -39.298028   0.015824  0.000150   4743.916    44.968869   7.052414  10.497622   -1344.424 1
165.316333 -40.088417   0.035308  0.000150  10585.072    44.968869   7.068018  10.520849    4379.955 1
170.249875 -47.230944   0.035254  0.000333  10568.883    99.830889   7.072781  10.527939    4364.090 1
170.269083 -47.143972   0.035268  0.000150  10573.080    44.968869   7.073598  10.529155    4368.203 1
163.349792 -39.451136   0.017055  0.000150   5112.960    44.968869   7.087960  10.550533    -982.758 1
157.669231 -39.296706   0.015577  0.000150   4669.867    44.968869   7.097048  10.564060   -1416.992 1
152.661441 -41.271346   0.031562  0.000150   9462.050    44.968869   7.140531  10.628786    3279.384 1
152.829086 -41.136837   0.025905  0.000150   7766.124    44.968869   7.151018  10.644395    1617.363 1
151.602917 -50.261111   0.017585  0.000333   5271.850    99.830889   7.184844  10.694747    -827.044 1
169.590750 -43.182944   0.036896  0.000150  11061.143    44.968869   7.193955  10.708308    4846.508 1
150.348672 -43.759421   0.011841  0.000024   3549.842     7.195019   7.203928  10.723153   -2514.625 1
163.407579 -39.334087   0.030584  0.000150   9168.853    44.968869   7.211651  10.734648    2992.049 1
170.491500 -47.101361   0.034771  0.000150  10424.084    44.968869   7.220651  10.748046    4222.185 1
152.520833 -51.122778   0.009404  0.000035   2819.248    10.492736   7.230275  10.762371   -3230.613 1
153.500000 -51.760889   0.009833  0.000167   2947.859    50.065340   7.231084  10.763576   -3104.574 1
153.845775 -40.407741   0.017379  0.000183   5210.093    54.862020   7.238095  10.774011    -887.567 1
162.061949 -53.302873   0.009046  0.000267   2711.923    80.044586   7.241970  10.779778   -3335.793 1
151.355905 -42.247989   0.028450  0.000150   8529.095    44.968869   7.247945  10.788673    2365.082 1
170.549042 -47.014417   0.035151  0.000150  10538.005    44.968869   7.249688  10.791268    4333.828 1
153.050000 -51.531944   0.017572  0.000333   5267.953    99.830889   7.263042  10.811145    -830.863 1
167.888583 -41.269333   0.031518  0.000100   9448.859    29.979246   7.271570  10.823839    3266.457 1
152.365833 -51.082222   0.009393  0.000333   2815.951    99.830889   7.281664  10.838865   -3233.845 1
152.993333 -51.523889   0.017540  0.000042   5258.360    12.591283   7.283734  10.841945    -840.265 1
150.753220 -49.484180   0.008042  0.000333   2410.931    99.830889   7.293520  10.856512   -3630.768 1
150.796833 -42.818139   0.015513  0.000029   4650.680     8.693981   7.296031  10.860250   -1435.796 1
150.756667 -49.495278   0.008053  0.000022   2414.229     6.595434   7.296423  10.860833   -3627.536 1
152.416047 -41.198030   0.031652  0.000150   9489.031    44.968869   7.314556  10.887825    3305.826 1
149.652500 -47.084444   0.011915  0.000173   3572.027    51.864095   7.321572  10.898268   -2492.884 1
170.187750 -48.548833   0.014036  0.000150   4207.887    44.968869   7.343198  10.930458   -1869.737 1
151.713446 -41.641143   0.019744  0.000150   5919.102    44.968869   7.397643  11.011500    -192.732 1
151.711667 -41.641944   0.019507  0.000233   5848.051    69.851643   7.398123  11.012215    -262.362 1
170.347542 -48.447278   0.035571  0.000150  10663.918    44.968869   7.416389  11.039404    4457.224 1
151.526792 -50.611028   0.017552  0.000267   5261.957    80.044586   7.431323  11.061633    -836.739 1
165.237269 -39.638257   0.031325  0.000150   9390.999    44.968869   7.433575  11.064986    3209.754 1
151.661000 -41.628972   0.019808  0.000333   5938.289    99.830889   7.433787  11.065302    -173.929 1
151.502083 -50.618889   0.017666  0.000333   5296.134    99.830889   7.449747  11.089058    -803.246 1
151.937375 -41.331583   0.019357  0.000013   5803.083     3.897302   7.473058  11.123756    -306.432 1
154.150833 -39.942778   0.010026  0.000021   3005.719     6.295642   7.495251  11.156792   -3047.870 1
151.447500 -41.714833   0.009762  0.000027   2926.574     8.094396   7.499686  11.163392   -3125.433 1
150.483309 -42.748211   0.020578  0.000113   6169.129    33.876548   7.520982  11.195093      52.296 1
152.576426 -40.788972   0.021758  0.000333   6522.884    99.830889   7.521452  11.195792     398.979 1
162.589840 -38.853393   0.015921  0.000053   4772.996    15.889000   7.522504  11.197358   -1315.926 1
170.539625 -48.379639   0.034914  0.000150  10466.954    44.968869   7.523115  11.198267    4264.198 1
168.984375 -41.688722   0.031402  0.000150   9414.083    44.968869   7.591992  11.300792    3232.376 1
167.101792 -40.310056   0.019877  0.000103   5958.975    30.878623   7.594794  11.304963    -153.657 1
165.510375 -39.542250   0.018349  0.000045   5500.892    13.490661   7.608714  11.325682    -602.582 1
171.165917 -46.262667   0.018219  0.000150   5461.919    44.968869   7.629399  11.356472    -640.776 1
155.759701 -39.166605   0.009583  0.000030   2872.911     8.993774   7.645966  11.381132   -3178.023 1
153.440250 -52.287056   0.009046  0.000020   2711.923     5.995849   7.669250  11.415791   -3335.793 1
149.083458 -45.399722   0.023283  0.000193   6980.068    57.859944   7.699856  11.461350     847.022 1
150.680000 -42.089750   0.009966  0.000027   2987.732     8.094396   7.727791  11.502931   -3065.498 1
152.452678 -40.564309   0.017616  0.000103   5281.144    30.878623   7.742869  11.525375    -817.936 1
157.100417 -53.640278   0.009073  0.000333   2720.017    99.830889   7.749563  11.535338   -3327.861 1
165.561292 -52.965917   0.013166  0.000477   3947.068    99.990000   7.749576  11.535358   -2125.342 1
151.673008 -41.118284   0.009093  0.000103   2726.013    30.878623   7.750874  11.537291   -3321.985 1
150.741703 -41.939519   0.024787  0.000150   7430.956    44.968869   7.772586  11.569608    1288.896 1
152.722329 -40.343501   0.018680  0.000150   5600.123    44.968869   7.779972  11.580603    -505.334 1
151.040946 -41.621029   0.018850  0.000150   5651.088    44.968869   7.782185  11.583897    -455.388 1
153.697700 -39.806574   0.008563  0.000150   2567.123    44.968869   7.784639  11.587550   -3477.698 1
168.464125 -40.933250   0.013920  0.000150   4173.111    44.968869   7.792438  11.599159   -1903.817 1
156.298792 -53.520639   0.021441  0.000233   6427.850    69.851643   7.806097  11.619490     305.845 1
167.581083 -40.288056   0.016278  0.000150   4880.022    44.968869   7.825960  11.649057   -1211.039 1
151.345000 -41.267500   0.019884  0.000333   5961.073    99.830889   7.829629  11.654518    -151.600 1
159.127342 -38.375229   0.031065  0.000150   9313.053    44.968869   7.839921  11.669838    3133.366 1
170.750750 -43.348889   0.017359  0.000150   5204.097    44.968869   7.869698  11.714161    -893.443 1
171.483833 -46.813861   0.032649  0.000150   9787.924    44.968869   7.874383  11.721136    3598.743 1
153.354542 -52.522861   0.028606  0.000233   8575.863    69.851643   7.893427  11.749483    2410.914 1
153.319583 -52.515000   0.028927  0.000333   8672.096    99.830889   7.901571  11.761605    2505.224 1
158.897083 -54.090833   0.021061  0.000333   6313.929    99.830889   7.954745  11.840755     194.201 1
149.308333 -48.873889   0.012432  0.000333   3727.020    99.830889   7.971958  11.866378   -2340.990 1
167.370458 -52.418694   0.019133  0.000093   5735.929    27.880699   7.993247  11.898067    -372.243 1
171.026333 -49.027083   0.014483  0.000183   4341.894    54.862020   8.051293  11.984468   -1738.408 1
171.440792 -48.141778   0.018579  0.000020   5569.844     5.995849   8.060833  11.998669    -535.008 1
156.495161 -53.872667   0.022699  0.000333   6804.989    99.830889   8.094380  12.048604     675.444 1
156.507917 -53.878333   0.022716  0.000333   6810.085    99.830889   8.097010  12.052519     680.438 1
156.500000 -53.896667   0.022728  0.000025   6813.683     7.494811   8.116140  12.080993     683.964 1
