227.884428   1.662155   0.006730  0.000333   2017.603    99.830889   0.000009   0.000004       0.000 0
227.840160   1.610469   0.006504  0.000300   1949.850    89.937737   0.068044   0.033948     -67.300 0
227.839429   1.610761   0.006392  0.000204   1916.273    61.157661   0.068302   0.034077    -100.652 0
227.755570   1.680559   0.005516  0.000061   1653.655    18.287340   0.130108   0.064913    -361.515 0
228.010182   1.698740   0.006748  0.000005   2023.000     1.498962   0.130918   0.065317       5.360 0
228.033950   1.585713   0.006475  0.000011   1941.156     3.297717   0.167879   0.083757     -75.936 0
227.743500   1.437775   0.005231  0.000025   1568.214     7.494811   0.264940   0.132182    -446.385 0
227.743750   1.437500   0.005229  0.000023   1567.615     6.895227   0.265040   0.132232    -446.980 0
228.172470   1.623257   0.006247  0.000013   1872.803     3.897302   0.290541   0.144955    -143.832 0
227.601667   1.546667   0.005324  0.000113   1596.095    33.876548   0.305326   0.152332    -418.690 0
227.568958   1.934267   0.005794  0.000002   1736.998     0.599585   0.416505   0.207800    -278.730 0
228.100177   2.080056   0.005611  0.000033   1682.135     9.893151   0.470260   0.234619    -333.225 0
227.312300   1.921617   0.005751  0.000032   1724.106     9.593359   0.627987   0.313312    -291.535 0
227.261543   1.847095   0.004035  0.000333   1209.663    99.830889   0.649504   0.324047    -802.540 1
227.196550   1.900190   0.006638  0.000025   1990.022     7.494811   0.727620   0.363020     -27.397 0
227.094510   1.798587   0.005808  0.000043   1741.195    12.891076   0.801282   0.399771    -274.561 0
227.038767   1.608753   0.007059  0.000019   2116.235     5.696057   0.846988   0.422574      97.972 0
227.038420   1.608604   0.007059  0.000019   2116.235     5.696057   0.847343   0.422752      97.972 0
227.051480   1.499944   0.005125  0.000095   1536.436    28.480284   0.848250   0.423204    -477.950 0
227.024390   1.651531   0.006149  0.000009   1843.424     2.698132   0.859739   0.428936    -173.015 0
227.023370   1.651593   0.006110  0.000010   1831.732     2.997925   0.860758   0.429444    -184.629 0
228.132240   0.812582   0.006153  0.000016   1844.623     4.796679   0.884957   0.441518    -171.824 0
227.005732   2.151066   0.003536  0.000030   1060.066     8.993774   1.005225   0.501521    -951.136 1
226.949240   1.292049   0.006902  0.000021   2069.168     6.295642   1.005395   0.501606      51.220 0
227.267878   0.821987   0.005487  0.000007   1644.961     2.098547   1.041972   0.519855    -370.151 0
226.905129   2.019317   0.006413  0.000033   1922.569     9.893151   1.042004   0.519871     -94.399 0
228.928500   1.455768   0.005286  0.000029   1584.703     8.693981   1.063849   0.530769    -430.006 0
226.800658   1.523012   0.006638  0.000247   1990.022    74.048737   1.092211   0.544920     -27.397 0
226.781950   1.544547   0.008489  0.000005   2544.938     1.498962   1.108270   0.552932     523.810 0
226.780104   1.543911   0.008539  0.000012   2559.928     3.597509   1.110172   0.553881     538.699 0
226.780060   1.544293   0.008539  0.000012   2559.928     3.597509   1.110175   0.553882     538.699 0
227.282640   0.724928   0.005555  0.000034   1665.347    10.192944   1.113665   0.555623    -349.901 0
226.892430   1.120294   0.005287  0.000030   1585.003     8.993774   1.129977   0.563762    -429.709 0
226.747763   1.554267   0.008486  0.000100   2544.039    29.979246   1.141295   0.569408     522.916 0
228.894200   2.248284   0.006358  0.000007   1906.080     2.098547   1.167187   0.582326    -110.777 0
226.680610   1.661045   0.005659  0.000066   1696.526    19.786302   1.203309   0.600348    -318.931 0
226.676096   1.606079   0.006311  0.000060   1891.990    17.987547   1.209122   0.603248    -124.773 0
226.672561   1.552764   0.004817  0.000063   1444.100    18.886925   1.216284   0.606821    -569.669 1
226.659551   1.606244   0.006264  0.000080   1877.900    23.983397   1.225635   0.611487    -138.769 0
226.654936   1.655202   0.007802  0.000073   2338.981    21.884849   1.228991   0.613161     319.229 0
226.642740   1.559097   0.005032  0.000007   1508.556     2.098547   1.245434   0.621365    -505.645 0
226.639790   1.525710   0.005724  0.000053   1716.012    15.889000   1.251572   0.624427    -299.575 0
226.634252   1.540063   0.005510  0.000050   1651.856    14.989623   1.255598   0.626436    -363.302 0
226.624167   1.605000   0.006011  0.000333   1802.052    99.830889   1.261024   0.629143    -214.110 0
226.621058   1.660185   0.005834  0.000093   1748.989    27.880699   1.262837   0.630047    -266.818 0
226.621530   1.605816   0.005659  0.000005   1696.526     1.498962   1.263621   0.630438    -318.931 0
226.621659   1.594873   0.007342  0.000047   2201.076    14.090246   1.264027   0.630641     182.246 0
227.456000   0.470028   0.006955  0.000013   2085.057     3.897302   1.266720   0.631985      67.002 0
226.617370   1.605851   0.005654  0.000019   1695.027     5.696057   1.267773   0.632510    -320.420 0
226.615295   1.687352   0.005824  0.000063   1745.991    18.886925   1.268846   0.633045    -269.796 0
226.611383   1.629547   0.005904  0.000063   1769.975    18.886925   1.272924   0.635080    -245.973 0
226.608546   1.661224   0.006354  0.000117   1904.881    35.075718   1.275342   0.636287    -111.968 0
226.601949   1.618753   0.007599  0.000223   2278.123    66.853718   1.282671   0.639943     258.778 0
226.601087   1.684550   0.006474  0.000057   1940.856    17.088170   1.282993   0.640104     -76.234 0
226.645990   2.004818   0.004192  0.000005   1256.730     1.498962   1.284462   0.640837    -755.787 1
226.599594   1.624418   0.006678  0.000030   2002.014     8.993774   1.284845   0.641027     -15.485 0
226.598750   1.670833   0.006291  0.000357   1885.994    99.990000   1.285163   0.641186    -130.729 0
226.600271   1.582228   0.005611  0.000047   1682.135    14.090246   1.286100   0.641654    -333.225 0
226.596866   1.613939   0.006254  0.000030   1874.902     8.993774   1.287920   0.642562    -141.747 0
226.596997   1.745336   0.005257  0.000053   1576.009    15.889000   1.289571   0.643385    -438.642 0
226.602579   1.502361   0.006168  0.000053   1849.120    15.889000   1.291233   0.644215    -167.357 0
226.568445   1.658961   0.004997  0.000103   1498.063    30.878623   1.315430   0.656287    -516.067 0
226.565299   1.574217   0.003019  0.000070    905.073    20.985472   1.321501   0.659315   -1105.093 1
226.563553   1.529577   0.005764  0.000070   1728.004    20.985472   1.326957   0.662038    -287.664 0
226.961950   2.622626   0.006101  0.000040   1829.034    11.991698   1.331440   0.664275    -187.309 0
226.539497   1.718737   0.007042  0.000077   2111.138    23.084019   1.345552   0.671315      92.910 0
226.537425   1.659044   0.005764  0.000037   1728.004    11.092321   1.346437   0.671757    -287.664 0
226.541510   1.551153   0.004830  0.000053   1447.998    15.889000   1.346932   0.672004    -565.798 1
226.580092   2.101140   0.006094  0.000333   1826.935    99.830889   1.375701   0.686357    -189.393 0
226.496104   1.640409   0.005894  0.000053   1766.977    15.889000   1.387907   0.692447    -248.951 0
226.528070   1.322475   0.007668  0.000043   2298.809    12.891076   1.397691   0.697328     279.325 0
226.547190   2.096232   0.006085  0.000004   1824.237     1.199170   1.405386   0.701167    -192.073 0
226.546780   2.095733   0.006034  0.000006   1808.948     1.798755   1.405621   0.701285    -207.261 0
226.546400   2.095071   0.006046  0.000024   1812.545     7.195019   1.405779   0.701363    -203.687 0
228.789322   2.751789   0.005881  0.000010   1763.079     2.997925   1.416134   0.706529    -252.822 0
226.460690   1.908549   0.005738  0.000031   1720.209     9.293566   1.444307   0.720585    -295.406 0
226.471750   2.007851   0.004314  0.000008   1293.305     2.398340   1.453778   0.725311    -719.457 1
226.513842   2.184877   0.005533  0.000012   1658.752     3.597509   1.466338   0.731577    -356.453 0
226.412673   1.584819   0.022799  0.000304   6834.968    91.136907   1.473164   0.734983    4785.161 1
227.386513   3.050689   0.005951  0.000013   1784.065     3.897302   1.475030   0.735913    -231.977 0
227.389833   3.052750   0.006288  0.000013   1885.095     3.897302   1.475855   0.736325    -131.622 0
226.382661   1.587637   0.003065  0.000043    918.864    12.891076   1.502981   0.749859   -1091.394 1
226.366586   1.594477   0.005694  0.000244   1707.018    73.149360   1.518709   0.757706    -308.509 0
226.407260   1.303158   0.006922  0.000049   2075.163    14.689830   1.519561   0.758131      57.175 0
229.024887   2.691920   0.004881  0.000005   1463.287     1.498962   1.536216   0.766440    -550.611 1
226.369767   1.292511   0.007684  0.000005   2303.605     1.498962   1.558493   0.777554     284.090 0
226.312437   1.630998   0.003579  0.000227   1072.957    68.052888   1.571636   0.784111    -938.331 1
226.368740   2.107210   0.005211  0.000030   1562.218     8.993774   1.579061   0.787816    -452.340 0
226.365690   2.105117   0.005094  0.000021   1527.143     6.295642   1.581399   0.788983    -487.182 0
226.675160   0.634391   0.007540  0.000030   2260.435     8.993774   1.586634   0.791594     241.209 0
226.357025   2.099675   0.004177  0.000013   1252.233     3.897302   1.588208   0.792380    -760.254 1
229.482589   1.915200   0.020000  0.000333   5995.849    99.830889   1.617407   0.806948    3951.651 1
226.268660   1.964175   0.007964  0.000004   2387.547     1.199170   1.643080   0.819756     367.471 0
226.268329   1.964361   0.007964  0.000004   2387.547     1.199170   1.643439   0.819935     367.471 0
227.653058   3.308944   0.021523  0.000004   6452.433     1.199170   1.662941   0.829665    4405.183 1
226.178760   1.290877   0.006561  0.000032   1966.938     9.593359   1.744906   0.870559     -50.326 0
229.254583   0.495740   0.021165  0.000057   6345.107    17.088170   1.798971   0.897532    4298.575 1
226.102890   2.114574   0.005678  0.000035   1702.222    10.492736   1.837355   0.916682    -313.273 0
226.067083   1.958611   0.005450  0.000333   1633.869    99.830889   1.840607   0.918305    -381.169 0
226.035190   1.524607   0.006127  0.000007   1836.828     2.098547   1.853568   0.924771    -179.566 0
226.642704   0.215474   0.007417  0.000103   2223.561    30.878623   1.906170   0.951015     204.581 0
226.029150   1.219937   0.005438  0.000006   1630.271     1.798755   1.906492   0.951176    -384.743 0
226.108750   0.799444   0.016297  0.000049   4885.718    14.689830   1.973488   0.984601    2848.941 1
226.670710   0.076737   0.005547  0.000037   1662.949    11.092321   1.996357   0.996011    -352.284 0
225.959664   1.126831   0.005234  0.000015   1569.114     4.496887   1.997040   0.996352    -445.491 0
227.696820  -0.348333   0.007202  0.000005   2159.105     1.498962   2.019223   1.007419     140.556 0
225.959090   0.978050   0.006954  0.000008   2084.757     2.398340   2.042500   1.019032      66.705 0
229.805520   2.544966   0.006261  0.000012   1877.001     3.597509   2.113490   1.054450    -139.663 0
225.934060   2.552392   0.005951  0.000059   1784.065    17.687755   2.143182   1.069264    -231.977 0
229.737681   0.515684   0.006945  0.000047   2082.059    14.090246   2.178550   1.086910      64.024 0
225.886873   0.733586   0.003916  0.000201   1173.987    60.258284   2.202070   1.098644    -837.976 1
225.959590   0.565466   0.022513  0.000009   6749.228     2.698132   2.214637   1.104914    4699.993 1
225.798432   0.893642   0.004153  0.000333   1245.038    99.830889   2.222235   1.108705    -767.401 1
225.650210   2.027669   0.006657  0.000071   1995.718    21.285265   2.262987   1.129037     -21.739 0
225.984280   0.429610   0.005270  0.000005   1579.906     1.498962   2.264222   1.129652    -434.771 0
225.981900   0.432137   0.005289  0.000005   1585.602     1.498962   2.264844   1.129963    -429.113 0
225.617220   1.364200   0.005107  0.000145   1531.040    43.469906   2.285755   1.140396    -483.310 0
225.515120   1.840570   0.004146  0.000010   1242.940     2.997925   2.375018   1.184930    -769.485 1
225.514610   1.841287   0.004179  0.000017   1252.833     5.096472   2.375581   1.185211    -759.658 1
226.128855   3.305960   0.020000  0.000333   5995.849    99.830889   2.404475   1.199627    3951.651 1
229.372703   3.585546   0.006278  0.000007   1882.097     2.098547   2.431565   1.213143    -134.600 0
225.409960   1.722182   0.007637  0.000053   2289.515    15.889000   2.474152   1.234390     270.094 0
225.410890   1.870187   0.007179  0.000008   2152.210     2.398340   2.481230   1.237921     133.707 0
225.316280   1.773478   0.004476  0.000044   1341.871    13.190868   2.569477   1.281949    -671.215 1
225.313890   1.498192   0.007136  0.000017   2139.319     5.096472   2.574680   1.284545     120.902 0
225.290600   1.707834   0.006454  0.000032   1934.861     9.593359   2.593136   1.293752     -82.190 0
225.382229   2.370035   0.006161  0.000333   1847.021    99.830889   2.599385   1.296870    -169.442 0
225.247310   1.649190   0.007867  0.000054   2358.467    16.188793   2.636037   1.315157     338.585 0
225.279010   2.090330   0.006494  0.000097   1946.852    29.079868   2.639281   1.316775     -70.278 0
225.247320   1.876711   0.007272  0.000117   2180.091    35.075718   2.644712   1.319485     161.401 0
225.219140   1.404918   0.006285  0.000035   1884.196    10.492736   2.676554   1.335371    -132.516 0
225.253570   1.013835   0.005791  0.000015   1736.098     4.496887   2.708487   1.351303    -279.623 0
227.390010  -1.021527   0.006197  0.000006   1857.814     1.798755   2.728815   1.361445    -158.721 0
225.113833   1.623589   0.005086  0.000013   1524.744     3.897302   2.769695   1.381840    -489.564 0
225.111458   1.623722   0.005148  0.000007   1543.332     2.098547   2.772067   1.383024    -471.101 0
225.110145   1.624468   0.005090  0.000017   1525.944     5.096472   2.773369   1.383673    -488.373 0
225.262923   0.707662   0.005751  0.000010   1724.106     2.997925   2.788828   1.391386    -291.535 0
225.137602   2.230321   0.004376  0.000100   1311.892    29.979246   2.803835   1.398873    -700.994 1
225.069070   2.300715   0.006066  0.000010   1818.541     2.997925   2.885707   1.439720    -197.731 0
225.001700   1.891321   0.004493  0.000006   1346.968     1.798755   2.890610   1.442166    -666.153 1
225.000580   1.890904   0.004523  0.000008   1355.961     2.398340   2.891693   1.442707    -657.219 1
224.996180   1.889905   0.004529  0.000007   1357.760     2.098547   2.895998   1.444855    -655.432 1
226.125640  -0.851318   0.006070  0.000016   1819.740     4.796679   3.067297   1.530318    -196.540 0
224.702997   2.023539   0.006019  0.000006   1804.451     1.798755   3.200556   1.596803    -211.728 0
230.941540   2.670274   0.020883  0.000005   6260.566     1.498962   3.217822   1.605417    4214.598 1
224.670461   2.339933   0.005155  0.000070   1545.430    20.985472   3.283328   1.638099    -469.017 0
224.588178   1.845446   0.006233  0.000015   1868.606     4.496887   3.299954   1.646394    -148.001 0
228.126160  -1.688166   0.020995  0.000007   6294.143     2.098547   3.359031   1.675869    4247.951 1
227.350270  -1.664977   0.021153  0.000007   6341.510     2.098547   3.369709   1.681196    4295.001 1
224.691999   2.968850   0.005494  0.000003   1647.060     0.899377   3.448252   1.720382    -368.066 0
224.471333   0.934222   0.006314  0.000014   1892.890     4.197094   3.488452   1.740438    -123.880 0
231.208835   3.081425   0.005847  0.000003   1752.887     0.899377   3.613407   1.802780    -262.947 0
224.642570   3.516161   0.021888  0.000049   6561.857    14.689830   3.733375   1.862634    4513.876 1
224.641370   3.518503   0.021821  0.000016   6541.771     4.796679   3.735580   1.863734    4493.924 1
224.142697   1.179248   0.006397  0.000022   1917.772     6.595434   3.771201   1.881506     -99.164 0
224.534617   3.423488   0.021500  0.000009   6445.538     2.698132   3.783390   1.887587    4398.334 1
224.535720   3.428028   0.021884  0.000007   6560.658     2.098547   3.784530   1.888156    4512.685 1
224.110420   2.347178   0.021835  0.000006   6545.968     1.798755   3.834107   1.912891    4498.093 1
224.028368   1.924923   0.022224  0.000006   6662.588     1.798755   3.863380   1.927495    4613.933 1
229.033667  -2.049000   0.020595  0.000026   6174.226     7.794604   3.884891   1.938227    4128.835 1
224.005048   2.463591   0.006971  0.000007   2089.853     2.098547   3.959696   1.975549      71.767 0
231.436875  -0.111545   0.004153  0.000333   1245.038    99.830889   3.969298   1.980339    -767.401 1
225.005450  -1.091117   0.006298  0.000005   1888.093     1.498962   3.982722   1.987037    -128.645 0
230.946020   4.261310   0.021374  0.000011   6407.764     3.297717   4.015102   2.003191    4360.812 1
230.945967   4.261681   0.021374  0.000011   6407.764     3.297717   4.015302   2.003291    4360.812 1
230.750000   4.516667   0.006008  0.000333   1801.153    99.830889   4.043860   2.017539    -215.003 0
231.723853   2.982725   0.005937  0.000093   1779.868    27.880699   4.058656   2.024921    -236.146 0
224.377132   3.775798   0.021764  0.000012   6524.683     3.597509   4.093679   2.042395    4476.950 1
223.788689   1.100715   0.005721  0.000009   1715.113     2.698132   4.132331   2.061679    -300.468 0
223.732773   1.525606   0.005868  0.000023   1759.182     6.895227   4.152151   2.071567    -256.694 0
223.887443   3.037217   0.021806  0.000012   6537.274     3.597509   4.225304   2.108065    4489.457 1
223.679841   1.162035   0.006104  0.000023   1829.933     6.895227   4.232467   2.111638    -186.416 0
223.802000   2.816847   0.021494  0.000009   6443.739     2.698132   4.240928   2.115859    4396.547 1
224.594625  -1.091083   0.006424  0.000005   1925.867     1.498962   4.288828   2.139757     -91.123 0
231.716033   3.597397   0.021342  0.000008   6398.171     2.398340   4.291153   2.140918    4351.283 1
223.643574   2.343758   0.007115  0.000098   2133.023    29.379661   4.293513   2.142095     114.649 0
232.170690   1.377584   0.020844  0.000004   6248.874     1.199170   4.293902   2.142289    4202.985 1
223.527917   1.781389   0.014575  0.000030   4369.475     8.993774   4.356307   2.173423    2336.150 1
224.535833  -1.190000   0.006314  0.000333   1892.890    99.830889   4.397552   2.194002    -123.880 0
224.229791   4.205040   0.021766  0.000005   6525.283     1.498962   4.450993   2.220664    4477.546 1
226.783800  -2.662720   0.006811  0.000004   2041.886     1.199170   4.462619   2.226464      24.121 0
224.532645  -1.312544   0.006493  0.000022   1946.552     6.595434   4.480386   2.235328     -70.576 0
223.806597   3.611981   0.021818  0.000011   6540.872     3.297717   4.518460   2.254324    4493.031 1
231.736010   4.073537   0.021731  0.000011   6514.790     3.297717   4.542791   2.266463    4467.123 1
231.333172   4.631887   0.004153  0.000333   1245.038    99.830889   4.550067   2.270093    -767.401 1
231.245310   4.790078   0.021190  0.000006   6352.602     1.798755   4.590196   2.290114    4306.019 1
226.142400  -2.586995   0.005421  0.000008   1625.175     2.398340   4.592106   2.291067    -389.805 0
231.268350   4.829822   0.021511  0.000009   6448.836     2.698132   4.634153   2.312045    4401.609 1
227.994875  -2.978000   0.021595  0.000150   6474.018    44.968869   4.641476   2.315699    4426.624 1
231.271125   4.906389   0.021568  0.000015   6465.924     4.496887   4.688826   2.339322    4418.583 1
225.343200  -2.279196   0.021358  0.000013   6402.967     3.897302   4.688998   2.339408    4356.048 1
223.928630  -1.009108   0.006187  0.000006   1854.816     1.798755   4.771880   2.380759    -161.699 0
223.489990   3.544379   0.005582  0.000010   1673.442     2.997925   4.778865   2.384244    -341.861 0
223.488330   3.546426   0.005323  0.000015   1595.795     4.496887   4.781196   2.385407    -418.988 0
223.478579   3.546937   0.005480  0.000333   1642.863    99.830889   4.790357   2.389977    -372.235 0
226.036250  -2.760020   0.022830  0.000090   6844.262    26.981321   4.792555   2.391074    4794.392 1
226.021550  -2.771610   0.022070  0.000140   6616.420    41.970944   4.808922   2.399239    4568.073 1
230.230980  -2.577882   0.006719  0.000014   2014.306     4.197094   4.845582   2.417530      -3.276 0
223.427164   3.582689   0.005240  0.000015   1570.912     4.496887   4.851688   2.420576    -443.705 1
223.390833   3.573611   0.005294  0.000333   1587.101    99.830889   4.881497   2.435448    -427.624 1
223.261873   3.296088   0.005221  0.000011   1565.216     3.297717   4.900992   2.445175    -449.363 1
223.271780   3.331846   0.005264  0.000002   1578.107     0.599585   4.903716   2.446534    -436.558 1
223.254461   3.296192   0.005260  0.000333   1576.908    99.830889   4.908012   2.448677    -437.749 1
224.004951  -1.381054   0.006376  0.000019   1911.477     5.696057   4.929384   2.459340    -105.417 0
224.006617  -1.388097   0.006234  0.000010   1868.906     2.997925   4.932426   2.460858    -147.703 0
232.569456   3.289300   0.005996  0.000006   1797.556     1.798755   4.957683   2.473459    -218.577 0
223.167917   3.265278   0.005261  0.000027   1577.208     8.094396   4.979629   2.484408    -437.451 1
223.008279   2.978473   0.006034  0.000005   1808.948     1.498962   5.048709   2.518873    -207.261 0
223.779538  -1.302552   0.022876  0.000007   6858.052     2.098547   5.062159   2.525583    4808.091 1
232.187682   4.405733   0.005790  0.000016   1735.798     4.796679   5.101923   2.545422    -279.921 0
223.599399  -1.129757   0.023145  0.000010   6938.696     2.997925   5.112809   2.550853    4888.196 1
222.778375   2.524104   0.006911  0.000017   2071.866     5.096472   5.176172   2.582466      53.900 0
222.749443   2.337886   0.005094  0.000090   1527.143    26.981321   5.177109   2.582933    -487.182 1
222.782500   2.726278   0.005080  0.000047   1522.946    14.090246   5.209614   2.599151    -491.351 1
224.245690  -2.114469   0.023106  0.000008   6927.005     2.398340   5.243301   2.615957    4876.582 1
222.847518   0.007113   0.023165  0.000007   6944.692     2.098547   5.299837   2.644164    4894.151 1
224.138120  -2.106412   0.023124  0.000006   6932.401     1.798755   5.312735   2.650599    4881.942 1
224.135415  -2.108433   0.022638  0.000006   6786.702     1.798755   5.316074   2.652265    4737.217 1
225.938750  -3.302583   0.021235  0.000014   6366.093     4.197094   5.332089   2.660255    4319.420 1
232.775627   3.829823   0.005921  0.000007   1775.071     2.098547   5.348128   2.668257    -240.911 0
226.016125  -3.362500   0.021210  0.000026   6358.598     7.794604   5.360489   2.674424    4311.975 1
223.629837   4.937898   0.021580  0.000014   6469.521     4.197094   5.368122   2.678232    4422.157 1
223.579322   4.936454   0.021763  0.000004   6524.383     1.199170   5.407338   2.697798    4476.652 1
222.827750   3.611512   0.005551  0.000043   1664.148    12.891076   5.417417   2.702827    -351.092 0
222.595270   2.958509   0.005661  0.000003   1697.125     0.899377   5.443541   2.715860    -318.336 0
226.770042  -3.700556   0.005621  0.000150   1685.133    44.968869   5.477185   2.732646    -330.247 0
232.546230  -1.378752   0.018938  0.592815   5677.470    99.990000   5.564288   2.776103    3635.400 1
223.287850   4.851076   0.021677  0.000010   6498.601     2.997925   5.592843   2.790349    4451.042 1
224.436875  -2.987139   0.005967  0.000183   1788.862    54.862020   5.787194   2.887313    -227.213 0
224.084650  -2.761626   0.006298  0.000030   1888.093     8.993774   5.830613   2.908976    -128.645 0
233.398730   3.875134   0.018690  0.000004   5603.121     1.199170   5.939631   2.963366    3561.549 1
233.913100   2.426916   0.023270  0.000007   6976.170     2.098547   6.074470   3.030640    4925.419 1
222.348316   4.231156   0.021930  0.000006   6574.449     1.798755   6.101020   3.043886    4526.383 1
222.728989   4.948884   0.013925  0.000013   4174.610     3.897302   6.112176   3.049452    2142.587 1
233.900542   0.375306   0.006821  0.000003   2044.884     0.899377   6.149733   3.068189      27.099 0
225.161852  -3.858342   0.022722  0.000113   6811.884    33.876548   6.154847   3.070741    4762.231 1
233.163480  -1.601710   0.009540  0.000008   2860.020     2.398340   6.204663   3.095595     836.785 1
221.836925   0.010878   0.023379  0.000008   7008.848     2.398340   6.266437   3.126414    4957.878 1
226.497710  -4.461533   0.006561  0.000150   1966.938    44.968869   6.278616   3.132491     -50.326 0
233.272147  -1.629970   0.009346  0.000017   2801.860     5.096472   6.311994   3.149144     779.014 1
233.273380  -1.628273   0.009307  0.000016   2790.168     4.796679   6.312161   3.149227     767.401 1
223.037170  -2.529411   0.006783  0.000025   2033.492     7.494811   6.406669   3.196378      15.783 0
223.033130  -2.529747   0.006453  0.000015   1934.561     4.496887   6.409943   3.198012     -82.487 0
234.064537  -0.349308   0.009944  0.000013   2981.136     3.897302   6.496743   3.241317     957.092 1
230.833875  -4.151611   0.006701  0.000020   2008.909     5.995849   6.518581   3.252213      -8.636 0
221.546370  -0.222966   0.005535  0.000005   1659.351     1.498962   6.609906   3.297776    -355.857 1
221.233850   1.944874   0.005072  0.000013   1520.547     3.897302   6.653785   3.319668    -493.733 1
221.232992   1.955003   0.005764  0.000007   1728.004     2.098547   6.655080   3.320314    -287.664 0
224.797577  -4.317181   0.022856  0.000113   6852.056    33.876548   6.728534   3.356961    4802.135 1
221.128754   1.522753   0.004940  0.000007   1480.975     2.098547   6.754267   3.369800    -533.041 1
221.128281   1.522011   0.004956  0.000010   1485.771     2.997925   6.754755   3.370044    -528.277 1
223.642083  -3.595833   0.014539  0.000038   4358.683    11.392113   6.754913   3.370122    2325.429 1
221.106250   1.746111   0.005581  0.000333   1673.142    99.830889   6.775843   3.380565    -342.159 0
221.102083   1.679773   0.005224  0.000007   1566.116     2.098547   6.779511   3.382395    -448.469 1
234.605833   0.700556   0.009914  0.000040   2972.142    11.991698   6.787047   3.386154     948.158 1
221.315728  -0.159411   0.005551  0.000014   1664.148     4.197094   6.813928   3.399565    -351.092 0
221.043755   2.167453   0.005761  0.000333   1727.104    99.830889   6.856436   3.420773    -288.557 0
233.076833  -2.822361   0.023433  0.000021   7025.037     6.295642   6.859255   3.422180    4973.959 1
234.631341   2.919109   0.004153  0.000333   1245.038    99.830889   6.860211   3.422657    -767.401 1
220.984829   1.604184   0.005746  0.000006   1722.607     1.798755   6.896937   3.440980    -293.024 0
220.970833   1.666944   0.005781  0.000333   1733.100    99.830889   6.910685   3.447839    -282.601 0
221.658329  -1.525311   0.019829  0.000006   5944.585     1.798755   6.992256   3.488536    3900.729 1
221.584263   4.733028   0.005053  0.000007   1514.851     2.098547   7.006344   3.495565    -499.391 1
234.869885   0.943404   0.009951  0.000013   2983.235     3.897302   7.019417   3.502087     959.176 1
220.859312   1.921768   0.006218  0.000333   1864.110    99.830889   7.026954   3.505847    -152.468 0
223.144958  -3.561556   0.006508  0.000007   1951.049     2.098547   7.052013   3.518350     -66.109 0
233.941920  -2.107006   0.021123  0.000005   6332.516     1.498962   7.132251   3.558382    4286.068 1
234.771070   3.638294   0.012730  0.000006   3816.358     1.798755   7.161778   3.573113    1786.730 1
221.826744  -2.173072   0.019638  0.000297   5887.324    89.038360   7.167542   3.575989    3843.852 1
220.711433   1.254631   0.005871  0.000333   1760.082    99.830889   7.181546   3.582976    -255.800 0
220.945390   3.542874   0.005546  0.000006   1662.649     1.798755   7.186569   3.585481    -352.581 1
220.939583   3.543056   0.006000  0.000333   1798.755    99.830889   7.192219   3.588300    -217.385 0
220.691517   2.123773   0.005349  0.000006   1603.590     1.798755   7.204685   3.594520    -411.246 1
234.821830   3.661081   0.012744  0.000010   3820.555     2.997925   7.216839   3.600584    1790.899 1
220.695589   0.661693   0.006040  0.000007   1810.746     2.098547   7.255124   3.619685    -205.474 0
220.623306   1.500377   0.006363  0.000018   1907.579     5.396264   7.259867   3.622051    -109.288 0
235.122080   0.910391   0.011724  0.000005   3514.767     1.498962   7.273564   3.628885    1487.155 1
220.595417   2.060556   0.005417  0.000333   1623.976    99.830889   7.296825   3.640490    -390.996 1
235.195194   2.360097   0.009966  0.000019   2987.732     5.696057   7.340946   3.662502     963.643 1
234.544438   4.780397   0.022906  0.000011   6867.046     3.297717   7.351315   3.667676    4817.024 1
234.429500  -1.752667   0.011709  0.000013   3510.270     3.897302   7.379907   3.681941    1482.688 1
234.470470  -1.735265   0.011333  0.000007   3397.548     2.098547   7.408239   3.696076    1370.720 1
220.750750  -0.383389   0.005817  0.000067   1743.893    20.086095   7.418274   3.701082    -271.881 0
233.126708  -3.606667   0.023373  0.000150   7007.049    44.968869   7.430947   3.707405    4956.091 1
234.728680   4.583069   0.022826  0.000008   6843.063     2.398340   7.438824   3.711335    4793.201 1
234.736572   4.579534   0.022980  0.000006   6889.231     1.798755   7.444694   3.714264    4839.061 1
235.084360   3.634250   0.021022  0.000010   6302.237     2.997925   7.462210   3.723003    4255.991 1
220.692756  -0.348820   0.005495  0.000006   1647.360     1.798755   7.464626   3.724208    -367.769 1
220.691375  -0.351083   0.005677  0.000003   1701.922     0.899377   7.466565   3.725176    -313.571 0
220.410000   1.892500   0.005697  0.000333   1707.918    99.830889   7.474830   3.729299    -307.615 0
234.646600  -1.547966   0.011097  0.000011   3326.797     3.297717   7.482878   3.733314    1300.442 1
220.452765   0.686918   0.006285  0.000013   1884.196     3.897302   7.492276   3.738003    -132.516 0
220.452121   0.691135   0.006281  0.000006   1882.996     1.798755   7.492367   3.738049    -133.707 0
220.698700  -0.498375   0.005957  0.000005   1785.864     1.498962   7.500608   3.742160    -230.190 0
220.517199   3.162350   0.005961  0.000040   1787.063    11.991698   7.515379   3.749529    -228.999 0
220.452944   3.089890   0.005354  0.000078   1605.089    23.383812   7.564314   3.773944    -409.757 1
220.871580   4.531530   0.005772  0.000009   1730.402     2.698132   7.574423   3.778987    -285.281 0
235.077088  -0.812502   0.012531  0.000006   3756.699     1.798755   7.603607   3.793548    1727.470 1
234.720767  -1.734106   0.011471  0.000013   3438.919     3.897302   7.630917   3.807173    1411.815 1
220.243998   2.184174   0.005379  0.000005   1612.584     1.498962   7.655031   3.819204    -402.312 1
220.243054   2.186478   0.005430  0.000007   1627.873     2.098547   7.656130   3.819752    -387.125 1
220.239320   2.188034   0.005518  0.000035   1654.255    10.492736   7.659961   3.821663    -360.919 1
235.498083   0.712806   0.006388  0.000009   1915.074     2.698132   7.669439   3.826392    -101.844 0
220.264500   0.619306   0.009120  0.000033   2734.107     9.893151   7.687780   3.835543     711.714 1
220.390504   3.496702   0.005610  0.000006   1681.836     1.798755   7.712142   3.847697    -333.523 0
235.537997   0.623384   0.006454  0.000333   1934.861    99.830889   7.720553   3.851894     -82.190 0
235.642930   2.014365   0.011820  0.000007   3543.547     2.098547   7.763234   3.873188    1515.743 1
220.761667   4.765639   0.005671  0.000010   1700.123     2.997925   7.766760   3.874947    -315.358 0
235.578396   0.477359   0.006521  0.000003   1954.947     0.899377   7.781462   3.882282     -62.238 0
235.581777   0.473777   0.006541  0.000010   1960.942     2.997925   7.785348   3.884221     -56.282 0
223.356167  -4.697861   0.023346  0.000009   6998.955     2.698132   7.806265   3.894657    4948.051 1
220.325000  -0.307222   0.006051  0.000333   1814.044    99.830889   7.808669   3.895856    -202.198 0
222.200042  -3.716389   0.003108  0.000017    931.755     5.096472   7.823928   3.903469   -1078.589 1
220.325000  -0.383333   0.005914  0.000333   1772.973    99.830889   7.828211   3.905606    -242.995 0
220.741683   4.889467   0.005484  0.000013   1644.062     3.897302   7.835262   3.909124    -371.044 1
220.741370   4.891047   0.005437  0.000015   1629.972     4.496887   7.836198   3.909591    -385.040 1
220.740458   4.894139   0.005135  0.000005   1539.434     1.498962   7.838303   3.910641    -474.972 1
234.623375  -2.396167   0.011465  0.000012   3437.121     3.597509   7.864177   3.923550    1410.028 1
234.623350  -2.396577   0.011465  0.000012   3437.121     3.597509   7.864367   3.923645    1410.028 1
220.235055  -0.318080   0.005781  0.000010   1733.100     2.997925   7.898417   3.940633    -282.601 0
220.154119   3.464723   0.022955  0.000012   6881.736     3.597509   7.934518   3.958644    4831.616 1
220.063573   0.206676   0.006228  0.000005   1867.107     1.498962   7.951900   3.967316    -149.490 0
219.994365   2.747720   0.005873  0.000333   1760.681    99.830889   7.961099   3.971906    -255.205 0
219.992608   2.747775   0.005871  0.000020   1760.082     5.995849   7.962847   3.972778    -255.800 0
220.011995   3.041203   0.005638  0.000007   1690.230     2.098547   7.989040   3.985846    -325.185 0
235.276455   4.752828   0.006595  0.000025   1977.131     7.494811   8.009266   3.995937     -40.201 0
226.320417  -6.195917   0.020521  0.000150   6152.041    44.968869   8.012084   3.997343    4106.799 1
219.913850   2.581856   0.005501  0.000010   1649.158     2.997925   8.020128   4.001356    -365.982 1
220.462052  -1.392467   0.006023  0.000043   1805.650    12.891076   8.023468   4.003022    -210.536 0
227.550667  -6.358667   0.022692  0.000150   6802.890    44.968869   8.027765   4.005166    4753.298 1
226.880208  -6.346389   0.020751  0.000150   6220.993    44.968869   8.071215   4.026844    4175.290 1
220.046250  -0.283889   0.007300  0.000333   2188.485    99.830889   8.072943   4.027706     169.739 0
220.046950  -0.296763   0.006543  0.000026   1961.542     7.794604   8.075378   4.028921     -55.686 0
220.044751  -0.294004   0.006548  0.000003   1963.041     0.899377   8.076841   4.029651     -54.197 0
219.999500  -0.186167   0.006201  0.000333   1859.013    99.830889   8.095434   4.038927    -157.530 0
220.097039  -0.562339   0.005951  0.000043   1784.065    12.891076   8.095725   4.039073    -231.977 0
219.927681   0.056129   0.005733  0.000009   1718.710     2.698132   8.113930   4.048155    -296.895 0
235.487990   4.579154   0.006617  0.000021   1983.727     6.295642   8.140909   4.061615     -33.650 0
220.027480   3.873663   0.023173  0.000009   6947.091     2.698132   8.159067   4.070675    4896.534 1
219.919458  -0.302556   0.006050  0.000011   1813.744     3.297717   8.200454   4.091323    -202.496 0
219.769030   2.950089   0.005234  0.000066   1569.114    19.786302   8.213585   4.097874    -445.491 1
219.767917   2.949167   0.005252  0.000023   1574.510     6.895227   8.214539   4.098351    -440.131 1
219.766620   2.947134   0.005211  0.000004   1562.218     1.199170   8.215501   4.098831    -452.340 1
219.814358   3.272642   0.005284  0.000007   1584.103     2.098547   8.225863   4.104000    -430.602 1
234.902250  -2.683250   0.015000  0.000333   4496.887    99.830889   8.251730   4.116905    2462.710 1
235.933800  -0.238289   0.013893  0.000004   4165.017     1.199170   8.267384   4.124716    2133.058 1
219.958460  -0.706363   0.005982  0.000009   1793.358     2.698132   8.269098   4.125571    -222.746 0
235.893430   3.746051   0.011842  0.000008   3550.142     2.398340   8.272411   4.127224    1522.294 1
219.958320  -0.718165   0.005893  0.000034   1766.677    10.192944   8.272620   4.127328    -249.249 0
219.957007  -0.718630   0.005914  0.000005   1772.973     1.498962   8.274011   4.128022    -242.995 0
234.910375  -2.836611   0.009637  0.000117   2889.100    35.075718   8.340348   4.161118     865.671 1
236.217083   2.280000   0.012739  0.000333   3819.056    99.830889   8.352035   4.166949    1789.410 1
219.694429  -0.027145   0.006111  0.000140   1832.032    41.970944   8.359029   4.170438    -184.331 0
225.620255  -6.396723   0.006578  0.000150   1972.035    44.968869   8.370651   4.176237     -45.264 0
236.283059   1.806532   0.005080  0.000157   1522.946    47.067416   8.396341   4.189054    -491.351 1
236.251464   2.467996   0.012789  0.000018   3834.046     5.396264   8.402250   4.192002    1804.300 1
234.690625  -3.273889   0.022856  0.000123   6852.056    36.874472   8.405355   4.193551    4802.135 1
227.983558  -6.793626   0.020834  0.000150   6245.876    44.968869   8.456370   4.219003    4200.007 1
236.309940   0.772221   0.012819  0.000021   3843.040     6.295642   8.468859   4.225234    1813.233 1
219.421145   2.290820   0.005844  0.000002   1751.987     0.599585   8.483045   4.232312    -263.840 0
219.575450   3.410324   0.005363  0.000013   1607.787     3.897302   8.487464   4.234517    -407.077 1
235.874490   4.794454   0.021452  0.000016   6431.148     4.796679   8.578967   4.280169    4384.040 1
236.439470   2.409438   0.013709  0.000010   4109.855     2.997925   8.584034   4.282697    2078.265 1
236.441300   2.409853   0.013559  0.000007   4064.886     2.098547   8.585892   4.283624    2033.597 1
219.787695   4.551789   0.015366  0.000005   4606.611     1.498962   8.593708   4.287523    2571.700 1
236.206083   3.956333   0.011812  0.000005   3541.149     1.498962   8.628728   4.304995    1513.360 1
236.491250   2.500000   0.012816  0.000097   3842.140    29.079868   8.643904   4.312567    1812.340 1
226.418000  -6.860778   0.006875  0.000183   2061.073    54.862020   8.648070   4.314645      43.179 0
236.504167   2.513056   0.012802  0.000333   3837.943    99.830889   8.658029   4.319614    1808.171 1
219.468914  -0.398685   0.006428  0.000006   1927.066     1.798755   8.660735   4.320964     -89.932 0
234.968333  -3.325889   0.012200  0.000761   3657.468    99.990000   8.661420   4.321306    1628.902 1
234.974167  -3.320389   0.006800  0.000594   2038.589    99.990000   8.663023   4.322106      20.845 0
236.507917   2.691667   0.012836  0.000333   3848.136    99.830889   8.681125   4.331137    1818.296 1
236.505470   2.714257   0.012551  0.000007   3762.695     2.098547   8.681405   4.331276    1733.426 1
236.555675   2.411956   0.012980  0.000333   3891.306    99.830889   8.699971   4.340540    1861.177 1
236.556000   2.452944   0.012976  0.000007   3890.107     2.098547   8.703923   4.342511    1859.986 1
219.287100   3.047110   0.005867  0.000004   1758.882     1.199170   8.704590   4.342844    -256.991 0
235.041375  -3.310444   0.003776  0.000080   1132.016    23.983397   8.712385   4.346733    -879.667 1
236.568160   2.415419   0.012772  0.000014   3828.949     4.197094   8.712704   4.346892    1799.237 1
236.569270   2.413354   0.012278  0.000006   3680.852     1.798755   8.713631   4.347354    1652.130 1
236.569540   2.414467   0.012133  0.000013   3637.382     3.897302   8.713996   4.347536    1608.950 1
219.175330   2.385701   0.022611  0.000006   6778.607     1.798755   8.735447   4.358239    4729.177 1
219.172520   2.373722   0.022949  0.000053   6879.937    15.889000   8.737262   4.359144    4829.829 1
236.515860   3.227657   0.012961  0.000009   3885.610     2.698132   8.768681   4.374820    1855.519 1
236.600350   2.844020   0.005085  0.000017   1524.445     5.096472   8.792054   4.386481    -489.862 1
236.600966   2.844213   0.005077  0.000005   1522.046     1.498962   8.792690   4.386798    -492.244 1
219.593969   4.613031   0.005684  0.000006   1704.020     1.798755   8.796673   4.388785    -311.487 0
236.405536   4.182440   0.003449  0.000110   1033.984    32.977170   8.882569   4.431640    -977.044 1
236.679900   2.963179   0.003349  0.044736   1004.005    99.990000   8.887516   4.434108   -1006.822 1
219.374614  -1.141949   0.014051  0.000026   4212.384     7.794604   8.956506   4.468528    2180.108 1
218.958800   2.605486   0.005234  0.000030   1569.114     8.993774   8.971600   4.476059    -445.491 1
218.951850   3.038340   0.005977  0.000009   1791.860     2.698132   9.034247   4.507315    -224.235 0
218.902375   2.706292   0.005825  0.000073   1746.291    21.884849   9.038780   4.509576    -269.498 0
236.483368   4.547226   0.021678  0.000434   6498.901    99.990000   9.066598   4.523455    4451.340 1
225.494525  -7.131426   0.005697  0.000150   1707.918    44.968869   9.112301   4.546257    -307.615 0
236.645680  -0.906291   0.014679  0.000007   4400.653     2.098547   9.126443   4.553312    2367.120 1
224.920500  -6.990250   0.006988  0.000010   2094.950     2.997925   9.145584   4.562862      76.829 0
236.606500   4.427639   0.010990  0.000005   3294.719     1.498962   9.146499   4.563319    1268.578 1
236.606800   4.427430   0.010989  0.000005   3294.419     1.498962   9.146722   4.563430    1268.281 1
236.602402   4.489052   0.006207  0.000006   1860.812     1.798755   9.161358   4.570732    -155.743 0
225.114042  -7.092222   0.006338  0.000150   1900.085    44.968869   9.181929   4.580995    -116.733 0
218.690589   0.888681   0.014000  0.000009   4197.094     2.698132   9.222461   4.601217    2164.921 1
236.803740  -0.996020   0.014983  0.000004   4491.790     1.199170   9.303396   4.641597    2457.647 1
218.610259   0.830331   0.014140  0.000170   4239.065    50.964718   9.307510   4.643649    2206.612 1
225.533333  -7.384722   0.006581  0.000333   1972.934    99.830889   9.347145   4.663423     -44.370 0
225.414886  -7.377994   0.023389  0.000087   7011.846    26.081944   9.371122   4.675386    4960.856 1
218.725664  -0.342550   0.006011  0.000005   1802.052     1.498962   9.371830   4.675740    -214.110 0
230.385708  -7.377167   0.006384  0.000007   1913.875     2.098547   9.378733   4.679184    -103.035 0
230.375000  -7.401667   0.006433  0.000017   1928.565     5.096472   9.399508   4.689549     -88.443 0
218.471336   1.488020   0.006111  0.000010   1832.032     2.997925   9.410740   4.695152    -184.331 0
218.559508   3.250551   0.005154  0.000067   1545.130    20.086095   9.455363   4.717415    -469.314 1
218.418750   1.513889   0.006095  0.000029   1827.235     8.693981   9.462854   4.721153    -189.096 0
237.017300   4.242431   0.013172  0.000036   3948.866    10.792528   9.486675   4.733037    1918.353 1
225.311999  -7.474909   0.007198  0.000030   2157.906     8.993774   9.491991   4.735689     139.365 0
225.232083  -7.457361   0.006571  0.000007   1969.936     2.098547   9.497090   4.738233     -47.348 0
225.242212  -7.467987   0.006891  0.000333   2065.870    99.830889   9.504476   4.741918      47.944 0
227.439458  -7.837806   0.006738  0.000150   2020.002    44.968869   9.510375   4.744862       2.382 0
218.663180   4.264046   0.005691  0.000005   1706.119     1.498962   9.577558   4.778380    -309.402 0
218.389407   3.274735   0.014328  0.000008   4295.426     2.398340   9.627040   4.803067    2262.596 1
229.001500  -7.979833   0.015167  0.000150   4546.952    44.968869   9.706436   4.842679    2512.440 1
218.187969   2.914876   0.005104  0.000002   1530.141     0.599585   9.772996   4.875887    -484.204 1
218.187410   2.913271   0.005303  0.000007   1589.799     2.098547   9.773344   4.876061    -424.944 1
218.186570   2.912191   0.005359  0.000033   1606.588     9.893151   9.774039   4.876407    -408.268 1
218.122620   0.292196   0.005373  0.000333   1610.785    99.830889   9.853399   4.916001    -404.099 1
218.122917   0.284444   0.005577  0.000333   1671.943    99.830889   9.854186   4.916394    -343.350 1
218.121187   0.292892   0.005383  0.000005   1613.783     1.498962   9.854721   4.916660    -401.121 1
218.147522   3.281137   0.005106  0.000012   1530.740     3.597509   9.866539   4.922557    -483.608 1
218.359103   4.455372   0.005269  0.000006   1579.606     1.798755   9.922572   4.950512    -435.069 1
218.351303   4.450493   0.005279  0.000015   1582.604     4.496887   9.928683   4.953561    -432.091 1
218.315960  -1.139979   0.013778  0.000004   4130.540     1.199170   9.966468   4.972413    2098.812 1
217.906150   2.411765   0.005681  0.000087   1703.121    26.081944  10.002205   4.990242    -312.380 1
217.970840   3.380075   0.005101  0.000006   1529.241     1.798755  10.057221   5.017691    -485.097 1
217.894583   2.936389   0.004687  0.000117   1405.127    35.075718  10.066610   5.022375    -608.382 1
217.864278   3.010783   0.005033  0.000010   1508.855     2.997925  10.106317   5.042185    -505.347 1
217.863460   3.009149   0.005027  0.000009   1507.057     2.698132  10.106910   5.042481    -507.134 1
217.862490   3.006787   0.004597  0.000008   1378.146     2.398340  10.107556   5.042804    -635.183 1
217.796668   0.952366   0.013576  0.000067   4069.982    20.086095  10.108463   5.043256    2038.659 1
217.818900   3.256706   0.005062  0.000022   1517.549     6.595434  10.186860   5.082370    -496.711 1
217.723081   0.462903   0.013411  0.000005   4020.517     1.498962  10.227623   5.102706    1989.524 1
237.879210   4.199494   0.013552  0.000004   4062.787     1.199170  10.307751   5.142684    2031.512 1
217.680428   3.344986   0.005097  0.000027   1528.042     8.094396  10.337594   5.157573    -486.288 1
217.631212   3.111920   0.006037  0.000333   1809.847    99.830889  10.350929   5.164226    -206.367 1
217.672910   3.425745   0.005906  0.000029   1770.574     8.693981  10.358452   5.167979    -245.378 1
217.701079   3.797289   0.005597  0.000023   1677.938     6.895227  10.400579   5.188997    -337.394 1
217.594167   3.223333   0.005530  0.000333   1657.852    99.830889  10.403729   5.190568    -357.346 1
217.557083   0.276389   0.005307  0.000333   1590.999    99.830889  10.415595   5.196489    -423.753 1
217.419018   2.102302   0.003342  0.000016   1001.906     4.796679  10.470259   5.223761   -1008.907 1
238.359220   2.825549   0.023466  0.000008   7034.930     2.398340  10.534822   5.255973    4983.786 1
217.430913   3.227999   0.006050  0.000333   1813.744    99.830889  10.565785   5.271421    -202.496 1
217.418230   3.233317   0.005591  0.000014   1676.140     4.197094  10.579111   5.278069    -339.181 1
217.507683   3.772861   0.005724  0.000005   1716.012     1.498962  10.584953   5.280984    -299.575 1
217.412588   3.266303   0.005506  0.000011   1650.657     3.297717  10.589635   5.283320    -364.493 1
217.331590   2.710557   0.006001  0.000009   1799.055     2.698132  10.600366   5.288674    -217.088 1
217.394184  -0.018244   0.005176  0.000005   1551.726     1.498962  10.619620   5.298280    -462.763 1
238.508500   2.316253   0.013895  0.000008   4165.616     2.398340  10.639729   5.308312    2133.653 1
217.267510   3.149214   0.006175  0.000010   1851.218     2.997925  10.716127   5.346428    -165.273 1
217.266179   3.149019   0.006198  0.000002   1858.114     0.599585  10.717417   5.347072    -158.423 1
217.418530   4.062692   0.007872  0.000005   2359.966     1.498962  10.733375   5.355034     340.074 1
219.269000  -4.751833   0.012572  0.000297   3768.991    89.038360  10.737897   5.357290    1739.679 1
229.133551  -9.014352   0.018680  0.000043   5600.123    12.891076  10.749278   5.362968    3558.571 1
238.579802   0.543050   0.006781  0.000012   2032.893     3.597509  10.749291   5.362974      15.187 1
217.157522   0.553121   0.005145  0.000013   1542.432     3.897302  10.779592   5.378092    -471.995 1
217.389229   4.170369   0.006088  0.000066   1825.136    19.786302  10.786453   5.381515    -191.180 1
217.035932   1.823852   0.005764  0.000100   1728.004    29.979246  10.845134   5.410792    -287.664 1
217.232810   3.851594   0.005599  0.000096   1678.538    28.780076  10.869915   5.423155    -336.799 1
217.524967  -2.027605   0.009228  0.000012   2766.485     3.597509  10.992837   5.484483     743.875 1
228.786560  -9.310110   0.023426  0.000150   7022.938    44.968869  11.009266   5.492680    4971.874 1
238.843250   2.920883   0.006665  0.000025   1998.117     7.494811  11.026295   5.501175     -19.356 1
238.843550   2.920831   0.006665  0.000023   1998.117     6.895227  11.026587   5.501321     -19.356 1
218.409042  -4.286750   0.007091  0.000297   2125.828    89.038360  11.184673   5.580193     107.502 1
226.671875  -9.459861   0.006638  0.000150   1990.022    44.968869  11.187871   5.581788     -27.397 1
225.713458  -9.332944   0.016321  0.000150   4892.913    44.968869  11.207208   5.591436    2856.088 1
225.699583  -9.346667   0.016240  0.000036   4868.630    10.792528  11.223362   5.599495    2831.967 1
228.696184  -9.538246   0.018389  0.000077   5512.884    23.084019  11.229762   5.602688    3471.914 1
239.163167   2.074639   0.018159  0.000050   5443.931    14.989623  11.281539   5.628521    3403.423 1
233.152208  -8.316833   0.023016  0.000150   6900.023    44.968869  11.283021   5.629260    4849.781 1
216.769930  -1.729685   0.006017  0.000006   1803.851     1.798755  11.616053   5.795414    -212.323 1
216.443351  -0.836635   0.013752  0.000004   4122.746     1.199170  11.706068   5.840324    2091.070 1
233.336292  -8.700528   0.022706  0.000117   6807.088    35.075718  11.708254   5.841415    4757.467 1
228.767329 -10.086008   0.006671  0.000004   1999.915     1.199170  11.781273   5.877845     -17.570 1
233.734333  -8.669444   0.023236  0.000150   6965.978    44.968869  11.871594   5.922907    4915.294 1
216.287489  -1.113460   0.008818  0.000012   2643.570     3.597509  11.919725   5.946921     621.782 1
227.320542 -10.250528   0.016898  0.000150   5065.893    44.968869  11.926018   5.950060    3027.912 1
215.862863   1.726376   0.004662  0.000007   1397.632     2.098547  12.016675   5.995290    -615.826 1
226.785931 -10.427164   0.016565  0.000150   4966.062    44.968869  12.139090   6.056365    2928.748 1
216.072915   4.699557   0.020553  0.000005   6161.634     1.498962  12.190986   6.082257    4116.328 1
239.913647   3.723228   0.003922  0.000105   1175.786    31.478208  12.199526   6.086517    -836.190 1
228.106050 -10.587652   0.006431  0.000333   1927.965    99.830889  12.251818   6.112606     -89.039 1
215.500124   2.572865   0.005438  0.000088   1630.271    26.381736  12.412544   6.192795    -384.743 1
215.602567  -0.403880   0.005735  0.000297   1719.310    89.038360  12.449324   6.211145    -296.299 1
215.599029  -0.387669   0.005464  0.000005   1638.066     1.498962  12.450132   6.211548    -377.000 1
215.588741  -0.377729   0.005474  0.000333   1641.064    99.830889  12.458644   6.215795    -374.022 1
226.764852 -10.755883   0.006148  0.000150   1843.124    44.968869  12.468370   6.220647    -173.313 1
240.385418   1.706714   0.006434  0.000333   1928.865    99.830889  12.495812   6.234339     -88.145 1
240.392000   1.707833   0.006421  0.000007   1924.967     2.098547  12.502396   6.237623     -92.017 1
235.064458  -8.600944   0.012185  0.000050   3652.971    14.989623  12.523612   6.248208    1624.435 1
227.764167 -10.872778   0.006651  0.000333   1993.920    99.830889  12.535517   6.254148     -23.525 1
226.011042 -10.738694   0.008209  0.000150   2460.996    44.968869  12.541446   6.257106     440.429 1
240.044140   4.890583   0.018393  0.000008   5514.083     2.398340  12.576047   6.274369    3473.105 1
219.663709  -7.893482   0.011998  0.000150   3596.910    44.968869  12.602923   6.287778    1568.749 1
227.199710 -10.992396   0.023193  0.000150   6953.086    44.968869  12.673054   6.322767    4902.489 1
216.178070  -3.209357   0.009573  0.000009   2869.913     2.698132  12.674982   6.323729     846.612 1
215.306265   3.271923   0.005951  0.000333   1784.065    99.830889  12.675501   6.323988    -231.977 1
215.311370   3.439974   0.005331  0.000011   1598.194     3.297717  12.692885   6.332661    -416.606 1
215.293590   3.427592   0.004578  0.000052   1372.450    15.589208  12.708756   6.340579    -640.841 1
215.271460   3.270961   0.004935  0.000025   1479.476     7.494811  12.709889   6.341144    -534.530 1
215.233200   3.237986   0.005280  0.000006   1582.904     1.798755  12.743706   6.358016    -431.793 1
215.550987  -1.891230   0.003402  0.000020   1019.894     5.995849  12.830133   6.401136    -991.040 1
215.550690  -1.891234   0.003405  0.000021   1020.793     6.295642  12.830419   6.401279    -990.146 1
215.180833   3.574167   0.005207  0.000333   1561.019    99.830889  12.841387   6.406751    -453.532 1
215.172917   3.642500   0.005324  0.000333   1596.095    99.830889  12.859558   6.415816    -418.690 1
215.141543  -0.154938   0.005246  0.000297   1572.711    89.038360  12.866479   6.419269    -441.918 1
215.159771   3.670407   0.005117  0.000333   1534.038    99.830889  12.876864   6.424451    -480.333 1
236.927333  -7.510778   0.023396  0.000150   7013.944    44.968869  12.878208   6.425121    4962.941 1
227.204750 -11.207833   0.007022  0.000063   2105.143    18.886925  12.887916   6.429965      86.954 1
215.181438   4.143630   0.005564  0.000033   1668.045     9.893151  12.937843   6.454874    -347.221 1
215.133708   3.983222   0.005911  0.000005   1772.073     1.498962  12.954972   6.463420    -243.889 1
216.080750  -3.717000   0.023165  0.000297   6944.692    89.038360  12.967070   6.469456    4894.151 1
240.153625  -2.560389   0.017002  0.000150   5097.071    44.968869  12.970604   6.471219    3058.882 1
215.087083   3.829167   0.005210  0.000040   1561.919    11.991698  12.974208   6.473017    -452.638 1
227.250000 -11.296944   0.006225  0.000018   1866.208     5.396264  12.974614   6.473220    -150.383 1
215.025833   3.462500   0.004927  0.000043   1477.077    12.891076  12.978655   6.475236    -536.912 1
227.317042 -11.321667   0.006174  0.000003   1850.919     0.899377  12.996211   6.483995    -165.570 1
215.081363   3.932714   0.005310  0.000010   1591.898     2.997925  12.997534   6.484655    -422.859 1
215.079463   3.937963   0.005570  0.000333   1669.844    99.830889  13.000322   6.486046    -345.434 1
215.078333   3.969722   0.005799  0.000021   1738.496     6.295642  13.007030   6.489393    -277.241 1
234.977458  -9.282833   0.018519  0.000150   5551.857    44.968869  13.040772   6.506227    3510.627 1
222.377423 -10.173295   0.006118  0.000007   1834.130     2.098547  13.052955   6.512305    -182.246 1
214.833983   1.165293   0.008149  0.000003   2443.009     0.899377  13.054410   6.513031     422.562 1
215.022408   3.990961   0.005495  0.000017   1647.360     5.096472  13.065818   6.518722    -367.769 1
215.018175   3.992803   0.005781  0.000013   1733.100     3.897302  13.070310   6.520964    -282.601 1
219.667958  -8.667556   0.006198  0.000150   1858.114    44.968869  13.196841   6.584092    -158.423 1
215.148180  -1.826756   0.004153  0.000333   1245.038    99.830889  13.200304   6.585819    -767.401 1
218.523500  -7.660306   0.022826  0.000150   6843.063    44.968869  13.208392   6.589855    4793.201 1
218.518777  -7.675676   0.022916  0.000100   6870.044    29.979246  13.222587   6.596937    4820.002 1
223.043415 -10.740349   0.008609  0.000030   2580.913     8.993774  13.313075   6.642083     559.544 1
215.034298  -1.934081   0.004153  0.000333   1245.038    99.830889  13.338658   6.654846    -767.401 1
241.124590   3.815132   0.019244  0.000008   5769.206     2.398340  13.408570   6.689727    3726.523 1
241.128110   3.868477   0.018544  0.000008   5559.351     2.398340  13.420710   6.695783    3518.071 1
222.299746 -10.548907   0.022280  0.000035   6679.376    10.492736  13.426564   6.698704    4630.609 1
216.439125  -5.401917   0.005661  0.000010   1697.125     2.997925  13.445665   6.708234    -318.336 1
214.952625  -2.081972   0.005779  0.000043   1732.501    12.891076  13.457685   6.714231    -283.197 1
232.771792 -10.957333   0.022499  0.000150   6745.031    44.968869  13.532108   6.751361    4695.824 1
241.325000   3.825833   0.018813  0.000333   5639.996    99.830889  13.608032   6.789241    3598.177 1
214.797750  -2.254348   0.008952  0.000002   2683.742     0.599585  13.654890   6.812619     661.686 1
214.797417  -2.255278   0.009374  0.000297   2810.255    89.038360  13.655476   6.812911     787.352 1
215.342792  -3.758861   0.009123  0.000010   2735.007     2.997925  13.658247   6.814294     712.608 1
215.766458  -4.725056   0.009141  0.000043   2740.403    12.891076  13.693726   6.831995     717.968 1
237.029333  -8.589639   0.006221  0.000150   1865.009    44.968869  13.735298   6.852736    -151.574 1
241.565600  -0.033930   0.006004  0.000333   1799.954    99.830889  13.780196   6.875136    -216.194 1
214.238731   3.834269   0.004903  0.000010   1469.882     2.997925  13.811819   6.890913    -544.059 1
214.238654   3.836125   0.004953  0.000007   1484.872     2.098547  13.812187   6.891097    -529.170 1
228.797958 -12.230778   0.020814  0.000020   6239.880     5.995849  13.922918   6.946342    4194.051 1
218.737333  -8.841056   0.022572  0.000009   6766.915     2.698132  13.925391   6.947576    4717.563 1
215.397417  -4.547167   0.011538  0.000050   3459.005    14.989623  13.940945   6.955336    1431.766 1
214.281060   4.837052   0.005483  0.000006   1643.762     1.798755  13.963372   6.966525    -371.342 1
220.789708 -10.368389   0.008416  0.000057   2523.053    17.088170  13.965201   6.967438     502.071 1
214.267542  -1.505583   0.005220  0.000007   1564.917     2.098547  13.974910   6.972282    -449.660 1
214.264833  -1.504444   0.005157  0.000007   1546.030     2.098547  13.977289   6.973469    -468.421 1
241.723350   3.793512   0.018617  0.000008   5581.236     2.398340  13.996334   6.982970    3539.810 1
215.397958  -4.929833   0.016774  0.000297   5028.719    89.038360  14.115066   7.042207    2990.986 1
213.948260   4.160153   0.019237  0.000009   5767.108     2.698132  14.152500   7.060883    3724.439 1
215.080375  -4.416444   0.022973  0.000067   6887.132    20.086095  14.168812   7.069022    4836.976 1
213.897547  -0.727131   0.018890  0.000300   5663.080    89.937737  14.183684   7.076442    3621.106 1
215.026000  -4.423000   0.023118  0.000333   6930.602    99.830889  14.220731   7.094925    4880.155 1
221.329588 -10.969502   0.022312  0.000073   6688.969    21.884849  14.229852   7.099476    4640.138 1
215.019167  -4.476111   0.022651  0.000297   6790.599    89.038360  14.249702   7.109379    4741.088 1
213.848835   4.408523   0.019279  0.000010   5779.699     2.997925  14.295962   7.132459    3736.946 1
213.817083   4.701667   0.019347  0.000333   5800.085    99.830889  14.386181   7.177470    3757.196 1
214.854458  -4.489139   0.023410  0.000020   7018.141     5.995849  14.404017   7.186369    4967.110 1
213.796989   4.822133   0.019249  0.000005   5770.705     1.498962  14.431711   7.200186    3728.012 1
226.638792 -12.717056   0.007775  0.000010   2330.886     2.997925  14.433026   7.200842     311.189 1
213.800178   4.872060   0.019472  0.000008   5837.559     2.398340  14.439618   7.204131    3794.419 1
242.320119   3.506317   0.018394  0.000010   5514.382     2.997925  14.546987   7.257699    3473.403 1
216.475801  -7.380473   0.008599  0.000150   2577.915    44.968869  14.553916   7.261156     556.566 1
242.403048   3.546920   0.018409  0.000006   5518.879     1.798755  14.634390   7.301306    3477.870 1
242.494542   0.709306   0.006685  0.000002   2004.113     0.599585  14.635022   7.301621     -13.400 1
242.433180  -0.115123   0.005019  0.000012   1504.658     3.597509  14.650834   7.309510    -509.516 1
213.725625  -2.139694   0.005160  0.000003   1546.929     0.899377  14.654592   7.311385    -467.528 1
213.205280   1.489212   0.017793  0.000004   5334.207     1.199170  14.673988   7.321061    3294.432 1
213.166556   1.754879   0.017671  0.000016   5297.633     4.796679  14.711968   7.340010    3258.102 1
213.166220   1.754938   0.017671  0.000016   5297.633     4.796679  14.712305   7.340178    3258.102 1
228.475917 -13.106111   0.006458  0.000026   1936.060     7.794604  14.780104   7.374004     -80.998 1
230.601513 -12.872067   0.011128  0.000150   3336.090    44.968869  14.785811   7.376851    1309.673 1
221.391091 -11.653155   0.013686  0.000077   4102.960    23.084019  14.813021   7.390427    2071.416 1
237.940792  -9.259472   0.017882  0.000183   5360.889    54.862020  14.843434   7.405601    3320.936 1
214.639833  -5.153250   0.023099  0.000150   6924.906    44.968869  14.890315   7.428990    4874.497 1
241.418333  -4.572250   0.005374  0.000003   1611.085     0.899377  14.895652   7.431653    -403.801 1
217.699042  -9.224250   0.008629  0.000150   2586.909    44.968869  14.905326   7.436479     565.500 1
213.079022  -0.122514   0.017457  0.000005   5233.477     1.498962  14.906395   7.437013    3194.376 1
212.941166   1.947160   0.017751  0.000005   5321.616     1.498962  14.939690   7.453624    3281.925 1
213.418750  -2.186028   0.004823  0.000013   1445.899     3.897302  14.962896   7.465202    -567.882 1
230.387833 -13.091750   0.007580  0.000010   2272.427     2.997925  14.964616   7.466060     253.120 1
214.293042  -4.620917   0.005732  0.000297   1718.410    89.038360  14.968212   7.467854    -297.193 1
219.663721 -10.901923   0.011468  0.000150   3438.020    44.968869  15.012640   7.490020    1410.921 1
232.627914 -12.603428   0.021158  0.000150   6343.009    44.968869  15.032925   7.500140    4296.490 1
213.594640  -3.031872   0.006294  0.000009   1886.894     2.698132  15.035296   7.501323    -129.836 1
213.593958  -3.032083   0.006344  0.000010   1901.883     2.997925  15.036009   7.501679    -114.946 1
213.592440  -3.032179   0.006364  0.000009   1907.879     2.698132  15.037481   7.502413    -108.991 1
242.889373   0.543417   0.006718  0.000333   2014.006    99.830889  15.040300   7.503820      -3.573 1
230.408000 -13.169278   0.007749  0.000012   2323.092     3.597509  15.044425   7.505878     303.446 1
213.127783  -1.405835   0.017253  0.000006   5172.319     1.798755  15.066117   7.516700    3133.627 1
217.093750  -8.866667   0.005139  0.000024   1540.633     7.195019  15.073054   7.520161    -473.781 1
225.750866 -13.282728   0.008369  0.000017   2508.963     5.096472  15.096291   7.531755     488.075 1
221.064125 -11.838917   0.014100  0.000040   4227.074    11.991698  15.124699   7.545928    2194.700 1
242.667370   4.902471   0.018843  0.000008   5648.989     2.398340  15.127828   7.547489    3607.110 1
225.901458 -13.340778   0.008009  0.000150   2401.038    44.968869  15.133311   7.550224     380.871 1
225.730000 -13.328333   0.008389  0.000020   2514.959     5.995849  15.144392   7.555753     494.031 1
212.742747   0.866909   0.019062  0.000013   5714.644     3.897302  15.156185   7.561636    3672.326 1
233.065000 -12.620750   0.021555  0.000150   6462.026    44.968869  15.192675   7.579842    4414.712 1
229.885883 -13.407334   0.007300  0.000333   2188.485    99.830889  15.201717   7.584353     169.739 1
214.421333  -5.463167   0.023470  0.000150   7036.129    44.968869  15.227366   7.597150    4984.977 1
212.905084  -1.140541   0.004870  0.000006   1459.989     1.798755  15.233090   7.600005    -553.886 1
212.907469  -1.156156   0.005095  0.000011   1527.443     3.297717  15.233628   7.600274    -486.884 1
212.907779  -1.159173   0.005200  0.000031   1558.921     9.293566  15.233882   7.600400    -455.616 1
212.906600  -1.162043   0.005244  0.000007   1572.112     2.098547  15.235571   7.601243    -442.513 1
212.887850   4.481680   0.018513  0.000005   5550.058     1.498962  15.253122   7.609999    3508.840 1
242.934352   4.259353   0.015799  0.000031   4736.421     9.293566  15.266143   7.616496    2700.642 1
213.820083  -4.358861   0.009127  0.000019   2736.206     5.696057  15.293529   7.630159     713.799 1
242.912367   4.543359   0.015809  0.000008   4739.419     2.398340  15.295435   7.631110    2703.620 1
213.350470  -3.198841   0.006304  0.000007   1889.892     2.098547  15.319513   7.643123    -126.858 1
212.608280   0.274259   0.003707  0.000117   1111.331    35.075718  15.332663   7.649684    -900.214 1
219.557167 -11.216528   0.013872  0.000030   4158.721     8.993774  15.334457   7.650579    2126.804 1
213.322500  -3.178056   0.005550  0.000333   1663.848    99.830889  15.339458   7.653074    -351.390 1
213.312050  -3.207577   0.006084  0.000009   1823.937     2.698132  15.358705   7.662676    -192.371 1
232.174333 -13.123778   0.020928  0.000150   6274.057    44.968869  15.395190   7.680879    4227.999 1
213.636667  -4.345028   0.009026  0.000150   2705.927    44.968869  15.456848   7.711642     683.722 1
212.593760   4.015538   0.019890  0.000008   5962.872     2.398340  15.464349   7.715384    3918.895 1
225.101212 -13.551794   0.009297  0.000019   2787.170     5.696057  15.466229   7.716322     764.423 1
243.453460   0.531407   0.015947  0.000013   4780.790     3.897302  15.603510   7.784813    2744.715 1
243.485744   2.529905   0.016187  0.000034   4852.741    10.192944  15.618878   7.792480    2816.184 1
212.328542  -0.078437   0.002189  0.000013    656.246     3.897302  15.646456   7.806240   -1352.257 1
243.370737  -0.883497   0.006999  0.000004   2098.247     1.199170  15.687717   7.826825      80.105 1
228.751125 -14.003056   0.007682  0.000029   2303.006     8.693981  15.689156   7.827543     283.495 1
243.544549   0.080328   0.019263  0.000090   5774.902    26.981321  15.733256   7.849545    3732.181 1
229.425000 -14.000556   0.007318  0.000333   2193.881    99.830889  15.738238   7.852031     175.100 1
231.084243 -13.748574   0.018926  0.000150   5673.872    44.968869  15.739156   7.852489    3631.827 1
243.637300   0.821636   0.006618  0.000023   1984.026     6.895227  15.768664   7.867211     -33.352 1
225.445417 -13.920556   0.009316  0.000333   2792.867    99.830889  15.772282   7.869016     770.081 1
212.850051  -3.167393   0.005430  0.000003   1627.873     0.899377  15.785019   7.875371    -387.125 1
212.136580   3.024297   0.017531  0.000009   5255.662     2.698132  15.800044   7.882867    3216.412 1
243.603333  -0.207528   0.006818  0.000005   2043.985     1.498962  15.823145   7.894392      26.205 1
212.553708  -2.575806   0.005157  0.000003   1546.030     0.899377  15.899482   7.932478    -468.421 1
213.213667  -4.538306   0.017153  0.000297   5142.340    89.038360  15.921554   7.943490    3103.848 1
230.405500 -14.073667   0.021578  0.000150   6468.922    44.968869  15.936336   7.950865    4421.561 1
228.440458 -14.269833   0.006641  0.000002   1990.922     0.599585  15.941688   7.953535     -26.503 1
212.194850   4.909785   0.017558  0.000005   5263.756     1.498962  16.015702   7.990462    3224.452 1
211.774402   0.258307   0.022367  0.000057   6705.458    17.088170  16.164322   8.064610    4656.516 1
227.283417 -14.499528   0.022245  0.000150   6668.883    44.968869  16.172853   8.068866    4620.186 1
221.779500 -13.320389   0.006591  0.000022   1975.932     6.595434  16.177627   8.071248     -41.393 1
226.113208 -14.439833   0.009777  0.000005   2931.071     1.498962  16.199038   8.081931     907.361 1
214.417750  -7.417417   0.008786  0.000007   2633.977     2.098547  16.236919   8.100830     612.253 1
212.242089  -2.973765   0.005477  0.000003   1641.963     0.899377  16.308545   8.136565    -373.129 1
225.277917 -14.533056   0.009547  0.000333   2862.119    99.830889  16.403453   8.183916     838.870 1
244.140940  -0.588871   0.016464  0.000006   4935.783     1.798755  16.404849   8.184613    2898.672 1
229.090518 -14.711306   0.007325  0.000333   2195.980    99.830889  16.417793   8.191071     177.184 1
221.913528 -13.636627   0.008032  0.000017   2407.933     5.096472  16.421772   8.193056     387.720 1
221.856767 -13.716107   0.009713  0.000014   2911.884     4.197094  16.516455   8.240294     888.303 1
211.953500  -2.857556   0.013815  0.000004   4141.633     1.199170  16.553208   8.258631    2109.830 1
212.250192  -3.802964   0.008773  0.000333   2630.079    99.830889  16.555700   8.259874     608.382 1
211.359970   3.033228   0.016926  0.000006   5074.287     1.798755  16.574308   8.269158    3036.250 1
212.929167  -5.853611   0.015963  0.000029   4785.587     8.693981  16.731958   8.347812    2749.480 1
244.491825  -0.470575   0.016607  0.000005   4978.653     1.498962  16.736853   8.350254    2941.255 1
211.233208  -0.138111   0.012435  0.000333   3727.919    99.830889  16.741288   8.352467    1698.882 1
244.650000   1.158333   0.017789  0.000294   5333.008    88.138983  16.766092   8.364842    3293.241 1
239.612500 -10.512500   0.003118  0.000019    934.753     5.696057  16.901315   8.432306   -1075.611 1
211.129204  -0.756182   0.016103  0.000007   4827.558     2.098547  16.921868   8.442561    2791.170 1
213.918460  -7.909844   0.022342  0.000150   6697.963    44.968869  16.926529   8.444886    4649.072 1
244.824833   1.703639   0.005081  0.000023   1523.245     6.895227  16.933331   8.448280    -491.053 1
212.360925  -5.145127   0.010437  0.000150   3128.934    44.968869  16.944483   8.453844    1103.901 1
211.066007   4.112194   0.004136  0.000013   1239.942     3.897302  16.988933   8.476021    -772.463 1
225.250292 -15.121750   0.009773  0.000013   2929.872     3.897302  16.989189   8.476148     906.170 1
221.983301 -14.282517   0.006825  0.000002   2046.084     0.599585  17.000788   8.481935      28.290 1
