 42.390468 -31.189102   0.022902  0.000067   6865.847    20.086095   0.011416   0.018718     176.538 0
 42.386744 -31.199234   0.025124  0.000110   7531.986    32.977170   0.018055   0.029603     828.146 0
 42.413793 -31.204696   0.026368  0.000067   7904.928    20.086095   0.018225   0.029882    1192.953 0
 42.381717 -31.167306   0.025136  0.000297   7535.583    89.038360   0.028466   0.046673     831.665 0
 42.403393 -31.220282   0.021401  0.000410   6415.858    99.990000   0.031684   0.051949    -263.634 0
 42.461000 -31.157000   0.022679  0.000333   6798.993    99.830889   0.058249   0.095506     111.143 0
 42.488532 -31.176639   0.020301  0.000213   6086.087    63.855794   0.073466   0.120455    -586.213 0
 42.484304 -31.133425   0.023329  0.000137   6993.858    41.071567   0.088245   0.144687     301.757 0
 42.520144 -31.129983   0.025564  0.000213   7663.894    63.855794   0.115507   0.189386     957.178 0
 42.482724 -31.287511   0.021388  0.000103   6411.961    30.878623   0.119758   0.196356    -267.447 0
 42.503459 -31.305966   0.022795  0.000213   6833.769    63.855794   0.145063   0.237846     145.160 0
 42.309583 -31.063667   0.021508  0.000297   6447.936    89.038360   0.148676   0.243771    -232.256 0
 42.311956 -31.051617   0.022549  0.000077   6760.020    23.084019   0.157916   0.258921      73.020 0
 42.398495 -31.023682   0.023199  0.000213   6954.885    63.855794   0.164980   0.270504     263.634 0
 42.559831 -31.296531   0.024383  0.000213   7309.840    63.855794   0.171656   0.281449     610.846 0
 42.406291 -30.995947   0.021965  0.000007   6584.941     2.098547   0.192665   0.315895     -98.240 0
 42.235255 -31.384179   0.022297  0.000297   6684.472    89.038360   0.242982   0.398396      -0.880 0
 42.687974 -31.045955   0.022127  0.000297   6633.508    89.038360   0.281862   0.462143     -50.733 0
 42.179917 -31.404222   0.034824  0.000213  10439.973    63.855794   0.288400   0.472863    3672.700 1
 42.751576 -31.127975   0.021728  0.000333   6513.891    99.830889   0.303625   0.497827    -167.741 0
 42.120500 -31.377889   0.020101  0.000410   6026.128    99.990000   0.307515   0.504205    -644.863 0
 42.221292 -30.886444   0.021698  0.000410   6504.897    99.990000   0.340110   0.557648    -176.538 0
 42.817781 -31.327597   0.021878  0.000150   6558.859    44.968869   0.380448   0.623786    -123.753 0
 42.673750 -31.496111   0.023069  0.000333   6915.912    99.830889   0.384569   0.630543     225.511 0
 42.731250 -31.455556   0.022102  0.000333   6626.013    99.830889   0.386955   0.634456     -58.064 0
 42.674593 -31.503993   0.024113  0.000150   7228.896    44.968869   0.391327   0.641623     531.668 0
 42.169828 -31.536016   0.016672  0.000009   4998.140     2.698132   0.400949   0.657400   -1650.427 1
 42.608281 -31.558320   0.023580  0.000093   7069.106    27.880699   0.409014   0.670623     375.364 0
 42.238859 -30.792915   0.022736  0.000150   6816.081    44.968869   0.420091   0.688785     127.858 0
 42.708594 -31.530423   0.020054  0.000297   6012.038    89.038360   0.429917   0.704897    -658.646 0
 41.897250 -31.108306   0.023463  0.000097   7034.030    29.079868   0.440713   0.722598     341.053 0
 42.285799 -31.681127   0.022239  0.000213   6667.084    63.855794   0.502765   0.824339     -17.888 0
 42.919000 -30.942306   0.021502  0.000410   6446.137    99.990000   0.504886   0.827816    -234.016 0
 42.137155 -31.646623   0.018426  0.000297   5523.976    89.038360   0.511681   0.838957   -1136.062 1
 41.813097 -31.280382   0.006988  0.000213   2094.950    63.855794   0.513595   0.842095   -4490.289 1
 42.995574 -31.093787   0.021301  0.000213   6385.879    63.855794   0.515045   0.844474    -292.960 0
 42.934459 -31.484183   0.022899  0.000213   6864.947    63.855794   0.541711   0.888194     175.658 0
 42.017208 -31.626971   0.022100  0.000333   6625.413    99.830889   0.549129   0.900358     -58.651 0
 42.835509 -30.781738   0.028390  0.000020   8511.108     5.995849   0.549480   0.900934    1785.910 1
 42.131215 -31.705753   0.023269  0.000087   6975.871    26.081944   0.567295   0.930143     284.162 0
 42.397168 -31.758873   0.023177  0.000213   6948.290    63.855794   0.570301   0.935072     257.183 0
 41.779195 -31.484415   0.024851  0.000333   7450.142    99.830889   0.610749   1.001390     748.088 0
 43.072110 -30.943426   0.022199  0.000213   6655.093    63.855794   0.622070   1.019952     -29.619 0
 43.113167 -31.328444   0.021698  0.000410   6504.897    99.990000   0.622745   1.021059    -176.538 0
 42.126669 -31.793576   0.021201  0.000213   6355.900    63.855794   0.649770   1.065370    -322.285 0
 42.244721 -31.833220   0.023150  0.000213   6940.195    63.855794   0.658828   1.080221     249.265 0
 41.790833 -31.606778   0.021995  0.000213   6593.935    63.855794   0.670701   1.099689     -89.442 0
 42.914849 -31.738429   0.022999  0.000410   6894.927    99.990000   0.702455   1.151753     204.984 0
 41.684533 -30.788270   0.015701  0.000410   4707.041    99.990000   0.734077   1.203601   -1935.176 1
 42.854019 -31.819944   0.022567  0.000213   6765.416    63.855794   0.739550   1.212573      78.299 0
 42.925981 -30.597297   0.022476  0.000297   6738.135    89.038360   0.741072   1.215069      51.613 0
 41.638679 -31.545983   0.024456  0.000213   7331.724    63.855794   0.745748   1.222736     632.253 0
 42.146134 -31.911428   0.022875  0.000297   6857.752    89.038360   0.755690   1.239037     168.620 0
 42.811840 -31.870012   0.035040  0.000213  10504.728    63.855794   0.765616   1.255313    3736.042 1
 43.226332 -30.857402   0.022502  0.000103   6745.930    30.878623   0.777698   1.275122      59.237 0
 41.862266 -31.815879   0.022809  0.000500   6837.966    99.990000   0.779803   1.278573     149.266 0
 42.158117 -31.940229   0.034197  0.000297  10252.003    89.038360   0.780461   1.279652    3488.830 1
 43.004046 -30.566372   0.023170  0.000213   6946.191    63.855794   0.806747   1.322750     255.130 0
 41.890698 -30.500097   0.017457  0.000213   5233.477    63.855794   0.816521   1.338776   -1420.224 1
 42.872720 -31.925794   0.020501  0.000410   6146.045    99.990000   0.839269   1.376074    -527.562 0
 43.334873 -30.914444   0.022366  0.000297   6705.158    89.038360   0.842364   1.381149      19.355 0
 43.280561 -30.775175   0.021401  0.000213   6415.858    63.855794   0.856435   1.404219    -263.634 0
 43.092886 -31.817266   0.022589  0.000100   6772.012    29.979246   0.861812   1.413036      84.750 0
 43.417720 -31.166292   0.021301  0.000213   6385.879    63.855794   0.867662   1.422628    -292.960 0
 41.800738 -30.478189   0.022749  0.000297   6819.979    89.038360   0.877973   1.439533     131.671 0
 43.089247 -30.490539   0.035931  0.000297  10771.843    89.038360   0.911662   1.494770    3997.331 1
 43.263940 -31.759922   0.021001  0.000410   6295.941    99.990000   0.931581   1.527429    -380.936 0
 41.989171 -32.051022   0.016501  0.000213   4946.875    63.855794   0.932515   1.528962   -1700.574 1
 41.439150 -31.695024   0.021992  0.000297   6593.036    89.038360   0.968227   1.587515     -90.322 0
 41.552267 -31.858530   0.021502  0.000410   6446.137    99.990000   0.989676   1.622683    -234.016 0
 41.556520 -31.885992   0.023266  0.000297   6974.971    89.038360   1.005843   1.649190     283.282 0
 41.234316 -31.356495   0.028879  0.000297   8657.706    89.038360   1.014445   1.663295    1929.311 1
 42.894954 -30.211249   0.019157  0.000027   5743.124     8.094396   1.063840   1.744282    -921.694 1
 42.960366 -30.231605   0.019706  0.000213   5907.710    63.855794   1.068894   1.752569    -760.698 1
 43.442333 -31.920389   0.022081  0.000213   6619.717    63.855794   1.151010   1.887208     -64.222 0
 43.509932 -31.844827   0.022063  0.000213   6614.321    63.855794   1.151539   1.888075     -69.501 0
 42.994819 -32.224722   0.023138  0.000297   6936.598    89.038360   1.152900   1.890306     245.746 0
 42.800042 -30.077806   0.018802  0.000297   5636.698    89.038360   1.161364   1.904184   -1025.799 1
 43.570442 -31.800930   0.021470  0.000297   6436.544    89.038360   1.170897   1.919815    -243.400 0
 42.188333 -32.347000   0.022449  0.000047   6730.041    14.090246   1.172973   1.923219      43.695 0
 43.075917 -30.149000   0.023129  0.000150   6933.900    44.968869   1.188008   1.947870     243.107 0
 41.833292 -30.081583   0.016638  0.000150   4987.947    44.968869   1.209827   1.983644   -1660.398 1
 43.673908 -30.653233   0.021748  0.000103   6519.886    30.878623   1.211271   1.986013    -161.876 0
 41.392247 -32.043505   0.025079  0.000213   7518.495    63.855794   1.216427   1.994466     814.950 1
 43.707438 -30.678671   0.021455  0.000120   6432.047    35.975095   1.226272   2.010608    -247.799 0
 43.538542 -30.409167   0.022446  0.000213   6729.142    63.855794   1.244926   2.041194      42.815 0
 40.943936 -31.025104   0.034445  0.000297  10326.351    89.038360   1.259523   2.065126    3561.557 1
 43.649125 -30.442139   0.022778  0.000297   6828.673    89.038360   1.300824   2.132844     140.175 0
 43.621667 -30.373889   0.021888  0.000333   6561.857    99.830889   1.322572   2.168502    -120.820 0
 43.672704 -30.427245   0.021698  0.000053   6504.897    15.889000   1.325890   2.173943    -176.538 0
 43.609587 -30.305148   0.022579  0.000103   6769.014    30.878623   1.358125   2.226795      81.818 0
 43.696978 -31.992807   0.020809  0.000297   6238.381    89.038360   1.367694   2.242484    -437.240 0
 43.727361 -30.409541   0.022019  0.000150   6601.130    44.968869   1.374392   2.253467     -82.404 0
 43.167125 -29.939667   0.035880  0.000297  10756.553    89.038360   1.409341   2.310770    3982.375 1
 43.624667 -30.193444   0.021128  0.000213   6334.015    63.855794   1.442613   2.365323    -343.692 0
 43.137708 -29.886556   0.022933  0.000213   6875.140    63.855794   1.445508   2.370070     185.629 0
 40.909292 -31.944028   0.016631  0.000010   4985.848     2.997925   1.485005   2.434830   -1662.451 1
 40.908444 -31.944796   0.016505  0.000150   4948.075    44.968869   1.486021   2.436494   -1699.401 1
 42.027625 -29.703861   0.022822  0.000150   6841.863    44.968869   1.519213   2.490917     153.078 0
 43.769116 -32.187411   0.020621  0.000213   6182.020    63.855794   1.536818   2.519782    -492.372 1
 42.527500 -29.590889   0.023789  0.000297   7131.763    89.038360   1.601212   2.625363     436.654 0
 42.137750 -29.579889   0.007138  0.000150   2139.919    44.968869   1.624731   2.663926   -4446.301 1
 42.588083 -29.570806   0.019240  0.000150   5768.007    44.968869   1.625457   2.665116    -897.354 1
 42.623375 -29.565167   0.016311  0.000213   4889.915    63.855794   1.634264   2.679556   -1756.292 1
 40.754620 -32.053066   0.014864  0.000150   4456.115    44.968869   1.654604   2.712905   -2180.629 1
 42.033000 -29.564000   0.022879  0.000333   6858.952    99.830889   1.655278   2.714011     169.793 0
 40.521936 -31.627573   0.017007  0.000297   5098.570    89.038360   1.668649   2.735934   -1552.188 1
 44.015715 -30.248034   0.022392  0.000150   6712.953    44.968869   1.669174   2.736795      26.979 0
 42.058542 -29.528778   0.022949  0.000103   6879.937    30.878623   1.685896   2.764212     190.321 0
 42.035833 -29.517778   0.022409  0.000333   6718.049    99.830889   1.700216   2.787692      31.965 0
 42.046667 -29.502500   0.016845  0.000297   5050.004    89.038360   1.713556   2.809563   -1599.695 1
 44.142801 -30.332637   0.022693  0.000297   6803.190    89.038360   1.716333   2.814118     115.248 0
 44.183258 -31.995850   0.016460  0.000213   4934.584    63.855794   1.723065   2.825155   -1712.597 1
 40.711851 -30.212305   0.016695  0.000150   5005.035    44.968869   1.745892   2.862582   -1643.683 1
 40.706417 -30.189889   0.016604  0.000213   4977.754    63.855794   1.762353   2.889573   -1670.369 1
 41.779417 -29.505778   0.024140  0.000297   7236.990    89.038360   1.765558   2.894827     539.585 1
 44.048375 -30.120944   0.035641  0.000297  10684.903    89.038360   1.766126   2.895758    3912.287 1
 41.940875 -29.430778   0.023213  0.000150   6959.082    44.968869   1.801879   2.954379     267.740 0
 44.168818 -32.184581   0.016154  0.000213   4842.847    63.855794   1.808818   2.965756   -1802.332 1
 43.817125 -29.833472   0.022339  0.000103   6697.064    30.878623   1.816090   2.977679      11.437 0
 43.216372 -32.868160   0.016469  0.000042   4937.282    12.591283   1.817725   2.980361   -1709.958 1
 41.856792 -32.976361   0.030405  0.000213   9115.190    63.855794   1.847989   3.029982    2376.815 1
 44.469535 -31.899671   0.033847  0.000103  10147.075    30.878623   1.904864   3.123235    3386.191 1
 40.761822 -32.480312   0.021759  0.000297   6523.184    89.038360   1.908294   3.128858    -158.650 0
 43.016000 -33.034694   0.017344  0.000213   5199.600    63.855794   1.918943   3.146319   -1453.361 1
 40.900625 -29.630306   0.022105  0.000023   6626.912     6.895227   2.020362   3.312606     -57.184 0
 42.475125 -33.256194   0.022534  0.000297   6755.523    89.038360   2.068494   3.391524      68.621 0
 44.848958 -31.228000   0.036338  0.000213  10893.858    63.855794   2.092124   3.430267    4116.684 1
 39.907641 -31.185555   0.021000  0.000333   6295.642    99.830889   2.135385   3.501198    -381.229 0
 42.981625 -33.286000   0.022703  0.000297   6806.188    89.038360   2.154862   3.533133     118.181 0
 41.985708 -33.343008   0.034693  0.000297  10400.700    89.038360   2.183895   3.580737    3634.283 1
 42.994708 -33.339806   0.020961  0.000150   6283.950    44.968869   2.209801   3.623212    -392.666 0
 42.995027 -33.339971   0.021331  0.000009   6394.873     2.698132   2.210024   3.623578    -284.162 0
 43.009250 -33.371719   0.022072  0.000297   6617.019    89.038360   2.243719   3.678824     -66.862 0
 44.962154 -31.733797   0.022622  0.000103   6781.905    30.878623   2.255473   3.698096      94.427 0
 43.696292 -29.189778   0.035938  0.000297  10773.941    89.038360   2.284257   3.745290    3999.383 1
 41.722625 -28.938583   0.017052  0.000150   5112.061    44.968869   2.324251   3.810866   -1538.991 1
 42.135875 -28.839083   0.022461  0.000297   6733.638    89.038360   2.360670   3.870579      47.214 0
 42.710028 -33.576508   0.036662  0.000297  10990.991    89.038360   2.402235   3.938729    4211.698 1
 41.987359 -33.572399   0.036583  0.000213  10967.307    63.855794   2.410272   3.951907    4188.531 1
 41.835833 -28.760000   0.022862  0.000333   6853.855    99.830889   2.476727   4.060866     164.808 0
 42.311542 -28.671917   0.023009  0.000150   6897.925    44.968869   2.517920   4.128408     207.916 0
 45.226375 -32.205333   0.013739  0.000213   4118.849    63.855794   2.619950   4.295697   -2510.538 1
 42.237375 -28.542417   0.023570  0.000103   7066.108    30.878623   2.650010   4.344984     372.431 0
 42.235500 -28.522750   0.023341  0.000213   6997.456    63.855794   2.669735   4.377325     305.276 0
 39.803331 -32.837115   0.021405  0.000150   6417.058    44.968869   2.768848   4.539831    -262.461 0
 42.903055 -33.961002   0.021325  0.000150   6393.074    44.968869   2.805107   4.599282    -285.922 0
 42.535645 -33.999420   0.034116  0.000213  10227.719    63.855794   2.813082   4.612358    3465.076 1
 45.170701 -32.729866   0.015302  0.000213   4587.424    63.855794   2.824563   4.631183   -2052.184 1
 43.381048 -33.925464   0.037029  0.000213  11101.015    63.855794   2.861700   4.692072    4319.322 1
 44.055426 -33.750608   0.020954  0.000150   6281.851    44.968869   2.925783   4.797143    -394.718 1
 42.336204 -34.114189   0.036107  0.000213  10824.606    63.855794   2.926160   4.797762    4048.943 1
 39.558495 -32.822845   0.015264  0.000100   4576.032    29.979246   2.931797   4.807004   -2063.328 1
 40.096667 -33.431111   0.035400  0.000333  10612.653    99.830889   2.987349   4.898088    3841.613 1
 40.094319 -33.434702   0.035665  0.000150  10692.098    44.968869   2.991372   4.904684    3919.325 1
 44.667500 -28.854861   0.020934  0.000213   6275.855    63.855794   3.032565   4.972225    -400.583 1
 41.182417 -28.323917   0.024907  0.000150   7466.931    44.968869   3.049283   4.999636     764.510 1
 43.719273 -34.030212   0.022076  0.000213   6618.218    63.855794   3.056331   5.011191     -65.689 1
 39.950429 -33.429491   0.036135  0.000150  10833.000    44.968869   3.070255   5.034021    4057.154 1
 39.402458 -32.924444   0.015187  0.000007   4552.948     2.098547   3.099269   5.081593   -2085.908 1
 44.153000 -33.912583   0.021528  0.000150   6453.932    44.968869   3.107933   5.095798    -226.391 1
 41.832083 -28.049250   0.023386  0.000297   7010.946    89.038360   3.177219   5.209401     318.473 1
 42.652125 -34.363861   0.017702  0.000213   5306.926    63.855794   3.182359   5.217829   -1348.377 1
 42.822331 -34.367816   0.036430  0.000297  10921.439    89.038360   3.199313   5.245627    4143.664 1
 39.181098 -32.832696   0.021462  0.000150   6434.146    44.968869   3.209928   5.263031    -245.746 1
 46.078452 -31.920923   0.014322  0.000213   4293.628    63.855794   3.227719   5.292201   -2339.572 1
 41.438333 -28.052500   0.022746  0.000333   6819.079    99.830889   3.243035   5.317313     130.791 1
 42.255666 -34.435866   0.034811  0.000150  10436.075    44.968869   3.249738   5.328303    3668.887 1
 44.640817 -33.835727   0.016148  0.000150   4841.049    44.968869   3.266422   5.355658   -1804.092 1
 41.282292 -28.053250   0.023316  0.000213   6989.961    63.855794   3.278856   5.376045     297.945 1
 41.798402 -34.427524   0.021078  0.000150   6319.025    44.968869   3.280068   5.378033    -358.355 1
 41.798522 -34.428089   0.020558  0.000050   6163.133    14.989623   3.280610   5.378921    -510.847 1
 42.410426 -34.473720   0.034909  0.000213  10465.455    63.855794   3.285125   5.386324    3697.626 1
 39.357942 -33.233497   0.021281  0.000150   6379.883    44.968869   3.312238   5.430779    -298.825 1
 42.094500 -27.834000   0.023640  0.000150   7087.094    44.968869   3.365019   5.517319     392.959 1
 40.281527 -34.057958   0.035745  0.000150  10716.081    44.968869   3.395495   5.567288    3942.785 1
 40.427000 -28.223333   0.010528  0.000213   3156.215    63.855794   3.413588   5.596954   -3452.173 1
 40.411250 -28.171278   0.016518  0.000110   4951.972    32.977170   3.465510   5.682086   -1695.588 1
 39.950877 -34.015238   0.016715  0.000050   5011.031    14.989623   3.520390   5.772067   -1637.818 1
 39.509108 -33.704373   0.016875  0.000183   5058.998    54.862020   3.530049   5.787905   -1590.897 1
 42.472495 -34.729411   0.037059  0.000150  11110.009    44.968869   3.541299   5.806349    4328.120 1
 45.101333 -28.497778   0.021413  0.000213   6419.456    63.855794   3.544824   5.812130    -260.115 1
 43.273113 -34.725370   0.014984  0.000150   4492.090    44.968869   3.614109   5.925730   -2145.438 1
 43.262760 -34.739359   0.015317  0.000150   4591.921    44.968869   3.625995   5.945218   -2047.785 1
 42.567748 -34.815759   0.036392  0.000150  10910.047    44.968869   3.629870   5.951571    4132.520 1
 42.694239 -34.813340   0.036178  0.000150  10845.892    44.968869   3.633246   5.957106    4069.764 1
 42.766105 -34.810052   0.038337  0.000150  11493.143    44.968869   3.634691   5.959476    4702.897 1
 42.630000 -34.842000   0.036411  0.000333  10915.743    99.830889   3.658521   5.998548    4138.092 1
 41.202625 -34.707278   0.036225  0.000150  10859.982    44.968869   3.665650   6.010236    4083.547 1
 46.213333 -29.497389   0.039263  0.000297  11770.751    89.038360   3.671624   6.020033    4974.449 1
 38.818583 -29.165000   0.017295  0.000150   5184.911    44.968869   3.674461   6.024684   -1467.731 1
 42.624868 -34.865668   0.036375  0.000150  10904.951    44.968869   3.681928   6.036927    4127.535 1
 44.263142 -34.525448   0.021408  0.000150   6417.957    44.968869   3.696564   6.060923    -261.582 1
 44.347962 -34.491336   0.020801  0.000150   6235.983    44.968869   3.697863   6.063054    -439.586 1
 43.029155 -34.857673   0.014613  0.000150   4380.867    44.968869   3.707869   6.079459   -2254.235 1
 42.677743 -34.899641   0.035531  0.000150  10651.926    44.968869   3.718433   6.096781    3880.029 1
 42.081500 -27.446917   0.023758  0.000213   7122.469    63.855794   3.751828   6.151535     427.563 1
 38.358083 -29.685139   0.016741  0.000297   5018.826    89.038360   3.773429   6.186953   -1630.193 1
 46.816292 -31.402629   0.016014  0.000297   4800.876    89.038360   3.780806   6.199047   -1843.388 1
 46.360763 -32.892265   0.039335  0.000213  11792.336    63.855794   3.789598   6.213464    4995.563 1
 38.655731 -33.221679   0.035481  0.000150  10636.936    44.968869   3.796590   6.224927    3865.367 1
 43.140794 -34.941720   0.015040  0.000150   4508.879    44.968869   3.805707   6.239876   -2129.016 1
 41.973375 -27.392500   0.024019  0.000213   7200.715    63.855794   3.813916   6.253336     504.102 1
 42.588873 -35.010452   0.034587  0.000150  10368.922    44.968869   3.825130   6.271722    3603.199 1
 42.733352 -35.021833   0.036300  0.000333  10882.466    99.830889   3.843586   6.301983    4105.541 1
 44.754875 -27.844028   0.036043  0.000297  10805.420    89.038360   3.902738   6.398968    4030.175 1
 42.900669 -35.074769   0.034697  0.000150  10401.899    44.968869   3.909345   6.409803    3635.456 1
 46.846217 -32.209907   0.037092  0.000297  11119.902    89.038360   3.935184   6.452167    4337.797 1
 43.707256 -34.982470   0.020965  0.000150   6285.149    44.968869   3.954342   6.483579    -391.493 1
 43.918458 -27.423139   0.017592  0.000009   5273.949     2.698132   3.982165   6.529199   -1380.635 1
 42.601198 -35.167546   0.035891  0.000150  10759.851    44.968869   3.982528   6.529793    3985.600 1
 38.131542 -29.568167   0.016574  0.000213   4968.760    63.855794   3.997899   6.554996   -1679.166 1
 38.414172 -33.291181   0.015561  0.000150   4665.070    44.968869   4.008664   6.572647   -1976.231 1
 42.086929 -35.188457   0.016982  0.000150   5091.076    44.968869   4.009032   6.573250   -1559.519 1
 46.921369 -32.373610   0.038361  0.000297  11500.338    89.038360   4.042231   6.627684    4709.935 1
 38.176595 -33.002332   0.035665  0.000150  10692.098    44.968869   4.045588   6.633188    3919.325 1
 38.003333 -29.620833   0.016455  0.000333   4933.085    99.830889   4.077870   6.686116   -1714.063 1
 37.650917 -31.596194   0.015384  0.000007   4612.007     2.098547   4.086315   6.699963   -2028.137 1
 37.650208 -31.596083   0.015394  0.000150   4615.005    44.968869   4.086907   6.700935   -2025.205 1
 38.178368 -33.242940   0.021361  0.000150   6403.867    44.968869   4.157704   6.817015    -275.364 1
 41.849667 -27.026556   0.023296  0.000213   6983.965    63.855794   4.188953   6.868250     292.080 1
 38.080985 -33.202269   0.021528  0.000093   6453.932    27.880699   4.210732   6.903959    -226.391 1
 41.649875 -27.001278   0.023887  0.000213   7161.142    63.855794   4.236701   6.946538     465.392 1
 40.343292 -27.333056   0.034464  0.000150  10332.047    44.968869   4.239377   6.950926    3567.128 1
 44.704235 -34.949782   0.036859  0.000150  11050.050    44.968869   4.244915   6.960006    4269.469 1
 43.166542 -26.973333   0.035555  0.000213  10659.121    63.855794   4.265470   6.993708    3887.067 1
 41.352792 -27.017556   0.023186  0.000150   6950.988    44.968869   4.266848   6.995968     259.822 1
 41.840167 -26.945667   0.023412  0.000213   7018.741    63.855794   4.270242   7.001533     326.097 1
 47.238208 -30.060972   0.013977  0.000213   4190.199    63.855794   4.286651   7.028437   -2440.744 1
 47.420917 -31.649889   0.013026  0.000213   3905.097    63.855794   4.316697   7.077701   -2719.628 1
 47.421931 -31.693128   0.013666  0.000043   4096.964    12.891076   4.322393   7.087040   -2531.946 1
 47.491727 -31.139846   0.015781  0.000150   4731.025    44.968869   4.352828   7.136942   -1911.716 1
 43.372625 -26.881889   0.036010  0.000213  10795.526    63.855794   4.385734   7.190895    4020.498 1
 37.279809 -30.997178   0.016487  0.000032   4942.678     9.593359   4.387584   7.193928   -1704.679 1
 37.561625 -29.545611   0.015837  0.000213   4747.813    63.855794   4.456259   7.306528   -1895.294 1
 44.083395 -35.435234   0.014984  0.000150   4492.090    44.968869   4.483125   7.350577   -2145.438 1
 41.480750 -26.726139   0.014160  0.000264   4245.061    79.145209   4.531786   7.430363   -2387.079 1
 40.794000 -26.820861   0.023760  0.000210   7123.069    62.956416   4.579698   7.508920     428.149 1
 43.395710 -35.709320   0.035328  0.000150  10591.068    44.968869   4.599667   7.541662    3820.499 1
 40.811250 -26.783944   0.024043  0.000150   7207.910    44.968869   4.610538   7.559485     511.140 1
 46.867333 -28.573694   0.013024  0.000297   3904.497    89.038360   4.627954   7.588041   -2720.214 1
 43.982692 -35.634369   0.035404  0.000150  10613.852    44.968869   4.646421   7.618319    3842.786 1
 39.589061 -35.172629   0.036238  0.000150  10863.879    44.968869   4.655164   7.632654    4087.359 1
 37.747042 -28.770500   0.034909  0.000297  10465.455    89.038360   4.660162   7.640849    3697.626 1
 41.741333 -35.835917   0.020801  0.000150   6235.983    44.968869   4.681744   7.676235    -439.586 1
 41.296833 -26.592000   0.012892  0.000233   3864.924    69.851643   4.693132   7.694908   -2758.923 1
 46.081125 -27.692667   0.021598  0.000150   6474.918    44.968869   4.702957   7.711016    -205.864 1
 40.969456 -26.619204   0.026685  0.000230   7999.962    68.952265   4.731278   7.757452    1285.914 1
 43.307868 -26.519794   0.011972  0.000026   3589.115     7.794604   4.732430   7.759341   -3028.716 1
 47.351625 -29.050833   0.013323  0.000053   3994.135    15.889000   4.741921   7.774903   -2632.531 1
 37.370131 -33.246097   0.032015  0.000030   9597.856     8.993774   4.772434   7.824932    2848.952 1
 41.694208 -26.446500   0.014280  0.000150   4281.036    44.968869   4.780795   7.838640   -2351.888 1
 47.979583 -31.610833   0.013539  0.000333   4058.890    99.830889   4.788552   7.851358   -2569.189 1
 37.348386 -33.256050   0.031789  0.000150   9530.102    44.968869   4.793510   7.859488    2782.677 1
 41.102583 -26.491444   0.015948  0.000107   4781.090    32.077793   4.827253   7.914814   -1862.743 1
 41.266960 -26.449288   0.023846  0.000027   7148.851     8.094396   4.838067   7.932544     453.369 1
 42.062958 -36.025389   0.014827  0.000103   4445.023    30.878623   4.845570   7.944846   -2191.479 1
 42.065281 -36.026603   0.022526  0.000097   6753.125    29.079868   4.846662   7.946637      66.275 1
 47.281502 -33.680096   0.016461  0.000150   4934.884    44.968869   4.859948   7.968421   -1712.304 1
 47.989859 -30.208145   0.016115  0.000297   4831.155    89.038360   4.878235   7.998404   -1813.769 1
 38.717875 -27.452861   0.034237  0.000150  10263.994    44.968869   4.888593   8.015387    3500.560 1
 42.160601 -36.100733   0.026879  0.000150   8058.121    44.968869   4.916537   8.061204    1342.805 1
 46.231833 -27.507889   0.021308  0.000157   6387.978    47.067416   4.926628   8.077750    -290.907 1
 46.233333 -27.506111   0.021542  0.000333   6458.129    99.830889   4.928810   8.081327    -222.286 1
 46.234981 -27.504892   0.021802  0.000090   6536.075    26.981321   4.930658   8.084356    -146.040 1
 41.037570 -36.023582   0.021101  0.000150   6325.921    44.968869   4.974240   8.155815    -351.610 1
 41.634072 -26.243880   0.024053  0.000177   7210.908    53.063265   4.988371   8.178984     514.072 1
 36.916958 -29.493417   0.021315  0.000297   6390.076    89.038360   4.990545   8.182548    -288.854 1
 41.273875 -26.287000   0.017292  0.000294   5184.011    88.138983   4.996001   8.191494   -1468.611 1
 36.844875 -29.626333   0.005624  0.000183   1686.033    54.862020   5.005522   8.207106   -4890.286 1
 46.939417 -28.012306   0.013416  0.000150   4022.016    44.968869   5.014360   8.221595   -2605.259 1
 45.412708 -26.881583   0.038709  0.000297  11604.666    89.038360   5.017568   8.226855    4811.987 1
 41.718333 -26.200278   0.022582  0.000333   6769.913    99.830889   5.022670   8.235221      82.697 1
 37.706084 -34.220798   0.014944  0.000023   4480.098     6.895227   5.034334   8.254345   -2157.168 1
 41.429999 -26.176947   0.014043  0.000240   4209.985    71.950190   5.080418   8.329905   -2421.389 1
 37.658985 -34.264210   0.016228  0.000077   4865.032    23.084019   5.092655   8.349969   -1780.632 1
 36.665728 -32.674725   0.035284  0.000103  10577.877    30.878623   5.128765   8.409175    3807.596 1
 46.412917 -27.320833   0.019934  0.000333   5976.063    99.830889   5.169357   8.475730    -693.836 1
 45.731961 -35.510610   0.014960  0.000030   4484.895     8.993774   5.175513   8.485824   -2152.476 1
 44.452116 -36.088402   0.034887  0.000183  10458.859    54.862020   5.203701   8.532041    3691.174 1
 36.548215 -32.935926   0.020561  0.000150   6164.033    44.968869   5.305266   8.698569    -509.967 1
 37.334208 -28.127528   0.034278  0.000297  10276.286    89.038360   5.308352   8.703629    3512.583 1
 42.181934 -36.516485   0.017139  0.000150   5138.143    44.968869   5.331265   8.741196   -1513.478 1
 37.087500 -28.396167   0.036035  0.000297  10803.021    89.038360   5.336784   8.750246    4027.829 1
 38.072958 -35.030222   0.006725  0.000031   2016.104     9.293566   5.337068   8.750711   -4567.414 1
 36.136417 -31.141500   0.022950  0.000297   6880.237    89.038360   5.361748   8.791177     190.614 1
 41.090417 -25.942222   0.023810  0.000333   7138.058    99.830889   5.365339   8.797064     442.812 1
 37.868797 -34.913527   0.021455  0.000150   6432.047    44.968869   5.378286   8.818293    -247.799 1
 37.938923 -34.976811   0.020914  0.000103   6269.859    30.878623   5.379550   8.820364    -406.449 1
 45.368375 -26.417944   0.037860  0.000150  11350.142    44.968869   5.402865   8.858592    4563.015 1
 36.282269 -32.569357   0.034177  0.000150  10246.007    44.968869   5.415741   8.879703    3482.965 1
 36.906410 -28.500808   0.014932  0.000036   4476.501    10.792528   5.416725   8.881317   -2160.687 1
 36.277917 -32.566667   0.034257  0.000334  10269.990    99.990000   5.418656   8.884483    3506.425 1
 40.987250 -25.899833   0.037613  0.000223  11276.094    66.853718   5.425822   8.896233    4490.582 1
 48.753332 -30.707987   0.015474  0.000020   4638.988     5.995849   5.453038   8.940857   -2001.744 1
 48.774179 -30.712745   0.014692  0.000213   4404.551    63.855794   5.470387   8.969302   -2231.068 1
 36.635374 -28.775108   0.014944  0.000150   4480.098    44.968869   5.493287   9.006850   -2157.168 1
 48.214875 -28.834028   0.014003  0.000297   4197.994    89.038360   5.500608   9.018853   -2433.119 1
 42.196772 -36.714606   0.017132  0.000029   5136.044     8.693981   5.528843   9.065148   -1515.531 1
 37.173792 -27.927944   0.005291  0.000213   1586.202    63.855794   5.536195   9.077202   -4987.939 1
 41.411250 -25.705278   0.023273  0.000333   6977.070    99.830889   5.548674   9.097662     285.335 1
 35.884917 -30.970889   0.033520  0.000213  10049.043    63.855794   5.580939   9.150565    3290.298 1
 36.973000 -28.088389   0.016708  0.000213   5008.932    63.855794   5.585287   9.157694   -1639.870 1
 37.635208 -35.007000   0.020808  0.000150   6238.081    44.968869   5.587618   9.161516    -437.533 1
 41.668458 -25.608000   0.022385  0.000150   6710.854    44.968869   5.615943   9.207957      24.926 1
 41.439031 -25.502029   0.022900  0.000333   6865.247    99.830889   5.746151   9.421449     175.952 1
 46.524311 -35.749747   0.037716  0.000150  11306.972    44.968869   5.764497   9.451528    4520.787 1
 47.206370 -35.235921   0.014903  0.000029   4467.807     8.693981   5.767157   9.455889   -2169.192 1
 47.206833 -35.235833   0.014837  0.000150   4448.021    44.968869   5.767377   9.456251   -2188.547 1
 43.835989 -25.544884   0.028019  0.000334   8399.885    99.990000   5.775173   9.469033    1677.113 1
 43.831958 -25.544028   0.027939  0.000150   8375.901    44.968869   5.775279   9.469206    1653.653 1
 44.730142 -36.613121   0.020517  0.000033   6150.842     9.893151   5.778059   9.473764    -522.870 1
 46.997958 -26.944889   0.022065  0.000213   6614.921    63.855794   5.784045   9.483579     -68.914 1
 36.780874 -34.408351   0.032126  0.000103   9631.133    30.878623   5.788359   9.490653    2881.503 1
 35.650321 -31.545520   0.033446  0.000113  10026.859    33.876548   5.788395   9.490712    3268.597 1
 40.713833 -25.581694   0.023490  0.000183   7042.125    54.862020   5.790292   9.493821     348.971 1
 44.454808 -36.717857   0.020828  0.000009   6244.077     2.698132   5.800965   9.511322    -431.668 1
 35.674768 -32.025092   0.033863  0.000150  10151.872    44.968869   5.816926   9.537491    3390.883 1
 35.670785 -30.333262   0.034084  0.000150  10218.126    44.968869   5.823036   9.547510    3455.692 1
 41.701125 -25.389083   0.034804  0.000150  10433.977    44.968869   5.830586   9.559889    3666.834 1
 40.595875 -25.562306   0.024067  0.000150   7215.105    44.968869   5.835000   9.567125     518.178 1
 44.657500 -36.698278   0.020898  0.000150   6265.063    44.968869   5.837260   9.570831    -411.141 1
 45.409076 -36.430504   0.021058  0.000150   6313.030    44.968869   5.838421   9.572735    -364.220 1
 47.873697 -27.685112   0.019684  0.000297   5901.115    89.038360   5.845549   9.584422    -767.150 1
 35.758583 -29.809111   0.024310  0.000150   7287.955    44.968869   5.849748   9.591307     589.438 1
 35.560585 -31.376008   0.027062  0.000103   8112.983    30.878623   5.857146   9.603436    1396.470 1
 49.236194 -30.507730   0.016660  0.000297   4994.542    89.038360   5.884413   9.648144   -1653.946 1
 35.722417 -29.744833   0.033481  0.000213  10037.351    63.855794   5.895231   9.665880    3278.861 1
 36.525458 -27.981000   0.033505  0.000297  10044.546    89.038360   5.964631   9.779669    3285.899 1
 46.033250 -26.069639   0.005624  0.000037   1686.033    11.092321   5.986987   9.816325   -4890.286 1
 36.241875 -28.261028   0.033256  0.000213   9969.898    63.855794   6.029722   9.886394    3212.879 1
 36.232875 -28.255583   0.033803  0.000150  10133.884    44.968869   6.039097   9.901765    3373.288 1
 39.621173 -25.633594   0.024851  0.000150   7450.142    44.968869   6.043560   9.909083     748.088 1
 35.535517 -32.638863   0.034978  0.000150  10486.141    44.968869   6.051929   9.922804    3717.860 1
 48.927004 -33.541885   0.015144  0.000030   4540.057     8.993774   6.056292   9.929959   -2098.518 1
 41.898083 -25.146639   0.021938  0.000050   6576.847    14.989623   6.057430   9.931824    -106.158 1
 49.304898 -32.575876   0.015137  0.000013   4537.958     3.897302   6.064469   9.943365   -2100.571 1
 44.224522 -37.055742   0.019407  0.000150   5818.072    44.968869   6.070369   9.953038    -848.381 1
 36.266125 -28.109972   0.034286  0.000213  10278.684    63.855794   6.086587   9.979630    3514.929 1
 37.711730 -35.809890   0.033320  0.000103   9989.085    30.878623   6.121096  10.036211    3231.647 1
 49.468583 -30.097583   0.016445  0.000213   4930.087    63.855794   6.141377  10.069465   -1716.996 1
 35.264122 -31.846014   0.033683  0.000150  10097.909    44.968869   6.143040  10.072191    3338.098 1
 36.211250 -28.068917   0.033557  0.000150  10060.136    44.968869   6.147860  10.080094    3301.148 1
 35.265679 -31.928259   0.031592  0.000333   9471.043    99.830889   6.151063  10.085345    2724.906 1
 49.497417 -30.124222   0.016845  0.000150   5050.004    44.968869   6.160995  10.101631   -1599.695 1
 35.440329 -32.816826   0.035528  0.000150  10651.026    44.968869   6.175535  10.125470    3879.150 1
 45.090426 -36.921189   0.005424  0.000150   1626.074    44.968869   6.176152  10.126482   -4948.936 1
 43.687667 -25.110444   0.015711  0.000033   4710.039     9.893151   6.176589  10.127199   -1932.243 1
 35.782875 -28.711194   0.020536  0.000213   6156.538    63.855794   6.182092  10.136222    -517.298 1
 37.204458 -35.486611   0.020284  0.000103   6080.990    30.878623   6.185177  10.141280    -591.198 1
 36.714250 -27.348000   0.015058  0.000213   4514.275    63.855794   6.200006  10.165594   -2123.738 1
 42.664208 -24.985944   0.035058  0.000150  10510.124    44.968869   6.206655  10.176495    3741.321 1
 46.672292 -26.145694   0.036132  0.000103  10832.101    30.878623   6.226135  10.208434    4056.274 1
 46.316042 -25.921833   0.037993  0.000150  11390.015    44.968869   6.240182  10.231466    4602.018 1
 41.584167 -24.975278   0.023833  0.000150   7144.954    44.968869   6.252760  10.252089     449.557 1
 35.622153 -28.855693   0.005456  0.000025   1635.668     7.494811   6.252967  10.252428   -4939.552 1
 36.852375 -27.102944   0.014667  0.000150   4397.056    44.968869   6.264677  10.271629   -2238.400 1
 37.714177 -36.002269   0.015574  0.000150   4668.968    44.968869   6.266267  10.274235   -1972.419 1
 35.655684 -33.665416   0.016975  0.000100   5088.977    29.979246   6.281700  10.299539   -1561.572 1
 35.109766 -31.971217   0.034861  0.000150  10451.065    44.968869   6.288695  10.311009    3683.550 1
 35.108203 -31.968201   0.035561  0.000150  10660.920    44.968869   6.289647  10.312570    3888.827 1
 49.471311 -33.058312   0.015324  0.000150   4594.020    44.968869   6.328526  10.376315   -2045.732 1
 44.165958 -37.335627   0.037196  0.000150  11151.080    44.968869   6.329171  10.377373    4368.295 1
 37.366740 -26.535509   0.016241  0.000040   4868.929    11.991698   6.341852  10.398165   -1776.819 1
 37.365875 -26.532750   0.016218  0.000150   4862.034    44.968869   6.344379  10.402308   -1783.564 1
 45.428833 -25.373444   0.035962  0.000150  10781.136    44.968869   6.364969  10.436069    4006.421 1
 43.245625 -24.862417   0.038607  0.000150  11574.087    44.968869   6.367041  10.439466    4782.075 1
 45.308792 -25.323806   0.036802  0.000150  11032.962    44.968869   6.369589  10.443642    4252.754 1
 39.969375 -25.134917   0.024550  0.000150   7359.905    44.968869   6.401889  10.496602     659.819 1
 35.703687 -34.054174   0.032516  0.000150   9748.052    44.968869   6.408137  10.506846    2995.872 1
 45.435458 -25.312833   0.036799  0.000150  11032.063    44.968869   6.422678  10.530689    4251.874 1
 49.333212 -33.690179   0.025137  0.000053   7535.883    15.889000   6.434106  10.549426     831.959 1
 43.225667 -24.786806   0.012409  0.000017   3720.125     5.096472   6.440286  10.559559   -2900.565 1
 36.182625 -34.832278   0.021001  0.000183   6295.941    54.862020   6.449822  10.575193    -380.936 1
 36.507208 -27.168028   0.033824  0.000213  10140.180    63.855794   6.450611  10.576488    3379.447 1
 44.845143 -37.307549   0.020301  0.000033   6086.087     9.893151   6.465549  10.600980    -586.213 1
 37.249219 -35.937523   0.021532  0.000113   6455.131    33.876548   6.480480  10.625462    -225.218 1
 40.940250 -37.556583   0.017002  0.000033   5097.071     9.893151   6.489897  10.640901   -1553.654 1
 41.417083 -24.731667   0.023039  0.000333   6906.918    99.830889   6.511873  10.676934     216.714 1
 36.750000 -26.826083   0.014767  0.000150   4427.035    44.968869   6.513421  10.679471   -2209.074 1
 36.203667 -27.405472   0.033386  0.000297  10008.871    89.038360   6.514951  10.681981    3251.002 1
 35.402500 -33.809444   0.016104  0.000100   4827.858    29.979246   6.537701  10.719281   -1816.995 1
 43.830292 -24.764833   0.035091  0.000150  10520.017    44.968869   6.538651  10.720839    3750.998 1
 49.854061 -32.649454   0.005841  0.000010   1751.088     2.997925   6.538732  10.720972   -4826.650 1
 36.505417 -27.019583   0.033752  0.000297  10118.595    89.038360   6.545345  10.731815    3358.332 1
 35.417692 -33.880749   0.015484  0.000100   4641.986    29.979246   6.554759  10.747250   -1998.812 1
 34.745387 -31.669359   0.035278  0.000150  10576.078    44.968869   6.569138  10.770825    3805.836 1
 46.689000 -25.716444   0.012936  0.000023   3878.115     6.895227   6.586572  10.799411   -2746.020 1
 35.276730 -33.720630   0.015671  0.000004   4698.048     1.199170   6.601839  10.824443   -1943.974 1
 39.492412 -37.305687   0.031759  0.000150   9521.109    44.968869   6.604682  10.829104    2773.879 1
 35.603773 -34.419983   0.019497  0.000150   5845.054    44.968869   6.654447  10.910699    -821.988 1
 37.965583 -36.667611   0.017846  0.000183   5350.096    54.862020   6.665948  10.929557   -1306.148 1
 35.124358 -33.579762   0.031589  0.000100   9470.144    29.979246   6.670624  10.937224    2724.026 1
 37.962426 -36.671892   0.016945  0.000020   5079.983     5.995849   6.671005  10.937849   -1570.369 1
 38.293452 -36.859667   0.031812  0.000103   9536.998    30.878623   6.672716  10.940654    2789.422 1
 43.691607 -37.772785   0.037082  0.000150  11116.904    44.968869   6.675716  10.945572    4334.865 1
 41.315000 -24.563056   0.021989  0.000333   6592.136    99.830889   6.690695  10.970132     -91.202 1
 35.477203 -34.314458   0.020880  0.000333   6259.667    99.830889   6.699423  10.984442    -416.419 1
 43.847875 -24.581111   0.015901  0.000150   4767.000    44.968869   6.721981  11.021428   -1876.525 1
 41.127042 -24.539750   0.023096  0.000150   6924.007    44.968869   6.737964  11.047635     233.429 1
 49.575542 -28.345000   0.005640  0.000297   1690.829    89.038360   6.762147  11.087285   -4885.594 1
 35.430458 -27.848139   0.035108  0.000150  10525.114    44.968869   6.837066  11.210122    3755.983 1
 35.397345 -34.501671   0.020531  0.000103   6155.039    30.878623   6.848503  11.228876    -518.764 1
 34.625098 -32.844164   0.033296  0.000103   9981.890    30.878623   6.857278  11.243264    3224.609 1
 37.688792 -25.642056   0.033967  0.000150  10183.050    44.968869   6.858102  11.244613    3421.382 1
 35.948958 -27.118083   0.026631  0.000213   7983.773    63.855794   6.860070  11.247840    1270.078 1
 34.961567 -33.799824   0.031128  0.000150   9331.940    44.968869   6.881273  11.282606    2588.837 1
 48.842958 -26.999917   0.037668  0.000297  11292.582    89.038360   6.920153  11.346353    4506.711 1
 48.072880 -26.221655   0.021518  0.000327   6450.934    98.032134   6.941920  11.382043    -229.324 1
 50.564583 -31.178028   0.029884  0.000297   8958.998    89.038360   6.981291  11.446596    2224.030 1
 48.260167 -26.243306   0.038410  0.000110  11515.028    32.977170   7.039555  11.542126    4724.305 1
 49.748875 -27.956472   0.029687  0.000297   8899.939    89.038360   7.066022  11.585522    2166.259 1
 50.069833 -28.509639   0.029775  0.000297   8926.320    89.038360   7.084118  11.615192    2192.066 1
 50.146375 -28.662472   0.029495  0.000297   8842.379    89.038360   7.088888  11.623014    2109.955 1
 34.189519 -32.218187   0.022045  0.000150   6608.925    44.968869   7.102075  11.644634     -74.779 1
 44.877083 -24.381556   0.035535  0.000150  10653.125    44.968869   7.128290  11.687616    3881.202 1
 50.736833 -31.058250   0.014648  0.000297   4391.360    89.038360   7.129829  11.690140   -2243.971 1
 35.421042 -27.281472   0.016296  0.000027   4885.418     8.094396   7.137829  11.703257   -1760.691 1
 37.512292 -25.404472   0.034034  0.000150  10203.137    44.968869   7.139075  11.705300    3441.030 1
 41.345000 -24.104583   0.024187  0.000183   7251.080    54.862020   7.141688  11.709585     553.368 1
 46.125292 -37.587194   0.034187  0.000150  10249.005    44.968869   7.146846  11.718042    3485.897 1
 34.057319 -30.849112   0.011645  0.000100   3491.083    29.979246   7.148208  11.720274   -3124.610 1
 48.947542 -26.734917   0.014076  0.000150   4219.879    44.968869   7.153490  11.728935   -2411.712 1
 48.948261 -26.735584   0.014027  0.000033   4205.189     9.893151   7.153556  11.729044   -2426.081 1
 50.228582 -33.715966   0.013833  0.000017   4147.029     5.096472   7.155078  11.731539   -2482.972 1
 34.164667 -29.950694   0.012352  0.000020   3703.036     5.995849   7.156191  11.733364   -2917.280 1
 34.163750 -29.949278   0.012349  0.000103   3702.137    30.878623   7.157209  11.735032   -2918.160 1
 50.476167 -29.082167   0.029628  0.000213   8882.251    63.855794   7.219765  11.837600    2148.957 1
 44.917042 -24.293333   0.035711  0.000150  10705.888    44.968869   7.222686  11.842389    3932.815 1
 33.958206 -31.201184   0.011746  0.000026   3521.362     7.794604   7.224941  11.846086   -3094.991 1
 36.691024 -36.572644   0.031415  0.000150   9417.980    44.968869   7.271287  11.922076    2673.000 1
 50.671125 -29.289972   0.029562  0.000213   8862.465    63.855794   7.322841  12.006605    2129.603 1
 33.928708 -29.415083   0.008716  0.000213   2612.991    63.855794   7.463929  12.237935   -3983.548 1
 48.417387 -25.766484   0.005701  0.000333   1709.117    99.830889   7.474254  12.254863   -4867.705 1
 48.374500 -25.725528   0.005387  0.000150   1614.982    44.968869   7.478914  12.262503   -4959.787 1
 34.538083 -27.882667   0.027227  0.000213   8162.449    63.855794   7.497119  12.292354    1444.857 1
 35.364161 -35.658237   0.015888  0.000150   4763.103    44.968869   7.499621  12.296456   -1880.338 1
 34.611833 -27.665056   0.009873  0.000150   2959.851    44.968869   7.539754  12.362258   -3644.254 1
 41.460510 -38.709138   0.033793  0.000150  10130.887    44.968869   7.563707  12.401531    3370.356 1
 38.004208 -24.627361   0.039134  0.000150  11732.078    44.968869   7.564083  12.402147    4936.620 1
 38.176625 -24.535028   0.015861  0.000150   4755.008    44.968869   7.572780  12.416407   -1888.256 1
 36.443322 -36.802065   0.019433  0.000150   5825.867    44.968869   7.583583  12.434120    -840.756 1
 33.698470 -32.709802   0.012165  0.000150   3646.975    44.968869   7.600903  12.462518   -2972.118 1
 44.839549 -38.504626   0.037586  0.000150  11267.999    44.968869   7.606974  12.472473    4482.664 1
 48.054625 -25.304917   0.021315  0.000053   6390.076    15.889000   7.614868  12.485415    -288.854 1
 48.073500 -25.282444   0.021405  0.000150   6417.058    44.968869   7.642482  12.530692    -262.461 1
 47.827792 -25.108944   0.021532  0.000034   6455.131    10.192944   7.648023  12.539777    -225.218 1
 48.009583 -25.206111   0.020161  0.000333   6044.116    99.830889   7.667308  12.571396    -627.268 1
 34.478917 -34.803250   0.020951  0.000009   6280.952     2.698132   7.682904  12.596968    -395.598 1
 46.497886 -38.035726   0.026248  0.000150   7868.952    44.968869   7.690880  12.610045    1157.763 1
 35.964292 -25.821250   0.035101  0.000150  10523.015    44.968869   7.691242  12.610638    3753.931 1
 48.055644 -25.202893   0.021444  0.000333   6428.749    99.830889   7.694518  12.616010    -251.024 1
 48.057760 -25.204289   0.021585  0.000033   6471.020     9.893151   7.694569  12.616095    -209.676 1
 45.089333 -23.840417   0.035521  0.000150  10648.928    44.968869   7.698946  12.623271    3877.097 1
 48.073042 -25.147639   0.021625  0.000150   6483.012    44.968869   7.746888  12.701876    -197.946 1
 33.958083 -28.374528   0.035224  0.000053  10559.890    15.889000   7.753717  12.713074    3790.001 1
 44.810859 -23.661171   0.009063  0.000150   2717.019    44.968869   7.803994  12.795509   -3881.789 1
 33.371333 -29.767889   0.033709  0.000213  10105.704    63.855794   7.856503  12.881603    3345.723 1
 43.615333 -23.381083   0.028830  0.000150   8643.017    44.968869   7.876008  12.913583    1914.942 1
 33.352542 -29.651250   0.035368  0.000113  10603.060    33.876548   7.894197  12.943406    3832.229 1
 41.913950 -23.298514   0.022758  0.000040   6822.677    11.991698   7.901206  12.954898     134.310 1
 33.217083 -32.029722   0.011551  0.000333   3462.903    99.830889   7.903819  12.959183   -3152.176 1
 33.328833 -29.695278   0.035710  0.000213  10705.589    63.855794   7.905658  12.962197    3932.522 1
 33.318292 -29.723833   0.035141  0.000150  10535.007    44.968869   7.909175  12.967964    3765.661 1
 33.263208 -29.740222   0.034584  0.000297  10368.022    89.038360   7.952486  13.038977    3602.319 1
 50.894333 -27.905972   0.037605  0.000297  11273.695    89.038360   7.970711  13.068860    4488.236 1
 47.463000 -24.479139   0.034884  0.000150  10457.960    44.968869   7.984252  13.091061    3690.295 1
 33.146875 -30.016583   0.035174  0.000150  10544.900    44.968869   8.005257  13.125500    3775.338 1
 50.232540 -35.595668   0.013713  0.000047   4111.054    14.090246   8.017179  13.145048   -2518.163 1
 33.156625 -29.781778   0.035101  0.000150  10523.015    44.968869   8.034776  13.173901    3753.931 1
 33.140667 -29.800417   0.034328  0.000297  10291.275    89.038360   8.044980  13.190631    3527.246 1
 49.291667 -25.695833   0.005377  0.000333   1611.984    99.830889   8.055447  13.207792   -4962.719 1
 46.122472 -38.602759   0.020938  0.000150   6277.054    44.968869   8.067825  13.228088    -399.410 1
 50.073682 -26.464561   0.005844  0.000007   1751.987     2.098547   8.085026  13.256290   -4825.770 1
 45.272522 -38.922060   0.038133  0.000150  11431.986    44.968869   8.113507  13.302989    4643.073 1
 33.475750 -28.414139   0.035002  0.000297  10493.336    89.038360   8.125971  13.323425    3724.899 1
 49.636750 -25.835667   0.005991  0.000025   1796.057     7.494811   8.181668  13.414747   -4782.662 1
 37.782375 -24.009750   0.033050  0.000150   9908.141    44.968869   8.195479  13.437391    3152.469 1
 39.963818 -23.257370   0.009386  0.000024   2813.852     7.195019   8.201301  13.446936   -3787.068 1
 32.843647 -30.377661   0.038950  0.000103  11676.916    30.878623   8.218505  13.475144    4882.661 1
 36.490375 -24.709611   0.035001  0.000150  10493.036    44.968869   8.219986  13.477573    3724.605 1
 42.720125 -22.973056   0.036839  0.000077  11044.054    23.084019   8.219999  13.477595    4263.604 1
 36.483667 -24.710750   0.034077  0.000050  10216.028    14.989623   8.222621  13.481894    3453.640 1
 43.857000 -23.047222   0.035318  0.000150  10588.070    44.968869   8.235745  13.503411    3817.566 1
 50.564572 -35.626676   0.013786  0.000150   4132.939    44.968869   8.272527  13.563719   -2496.755 1
 36.268417 -24.788167   0.010282  0.000018   3082.466     5.396264   8.277291  13.571531   -3524.314 1
 32.840225 -32.624539   0.032766  0.000103   9823.000    30.878623   8.306384  13.619232    3069.185 1
 52.002292 -29.922694   0.010456  0.000297   3134.630    89.038360   8.308204  13.622217   -3473.288 1
 35.124939 -36.732234   0.031265  0.000150   9373.011    44.968869   8.336981  13.669400    2629.012 1
 44.606667 -23.057583   0.036162  0.000150  10841.095    44.968869   8.346539  13.685070    4065.072 1
 51.904840 -29.280130   0.022655  0.000333   6791.798    99.830889   8.348884  13.688915     104.105 1
 44.589375 -23.051250   0.026839  0.000150   8046.130    44.968869   8.349383  13.689734    1331.075 1
 51.819208 -33.486361   0.005430  0.000013   1627.873     3.897302   8.375910  13.733227   -4947.177 1
 36.125125 -24.745583   0.010537  0.000150   3158.913    44.968869   8.388222  13.753415   -3449.534 1
 40.458188 -39.412151   0.025568  0.000150   7665.094    44.968869   8.390295  13.756813     958.351 1
 38.894787 -39.025326   0.006758  0.000150   2025.997    44.968869   8.391981  13.759578   -4557.737 1
 38.433276 -38.873709   0.016311  0.000100   4889.915    29.979246   8.402271  13.776449   -1756.292 1
 45.797333 -23.260389   0.035458  0.000150  10630.041    44.968869   8.443001  13.843231    3858.622 1
 50.300097 -36.265710   0.006021  0.000333   1805.050    99.830889   8.450290  13.855181   -4773.864 1
 52.020530 -29.225540   0.024082  0.000333   7219.602    99.830889   8.457766  13.867440     522.577 1
 32.521292 -31.712333   0.014547  0.000150   4361.081    44.968869   8.470370  13.888104   -2273.590 1
 51.916625 -33.557917   0.031272  0.000150   9375.110    44.968869   8.475804  13.897015    2631.065 1
 45.789125 -23.198917   0.035478  0.000150  10636.037    44.968869   8.498356  13.933991    3864.487 1
 34.090625 -35.856222   0.031358  0.000150   9400.892    44.968869   8.506601  13.947509    2656.285 1
 34.665278 -36.531092   0.008186  0.000019   2454.101     5.696057   8.506898  13.947997   -4138.972 1
 40.018500 -22.922750   0.033156  0.000150   9939.919    44.968869   8.513995  13.959632    3183.554 1
 43.868750 -22.754222   0.036435  0.000150  10922.938    44.968869   8.526974  13.980913    4145.130 1
 38.406167 -39.032750   0.006555  0.000150   1965.140    44.968869   8.557221  14.030506   -4617.267 1
 41.722740 -22.646090   0.023073  0.000023   6917.111     6.895227   8.562355  14.038925     226.685 1
 41.724625 -22.642583   0.023069  0.000150   6915.912    44.968869   8.565745  14.044482     225.511 1
 38.393125 -39.045056   0.006585  0.000019   1974.133     5.696057   8.572962  14.056315   -4608.470 1
 51.714425 -34.373347   0.031162  0.000150   9342.133    44.968869   8.578042  14.064645    2598.807 1
 37.127042 -23.888194   0.035084  0.000150  10517.919    44.968869   8.583296  14.073260    3748.945 1
 46.535625 -23.362028   0.034264  0.000150  10272.089    44.968869   8.587719  14.080512    3508.478 1
 46.524082 -39.020424   0.021652  0.000050   6491.106    14.989623   8.588448  14.081708    -190.028 1
 46.522776 -39.027815   0.020641  0.000333   6188.016    99.830889   8.594731  14.092008    -486.507 1
 46.525076 -39.036185   0.020974  0.000050   6287.847    14.989623   8.603172  14.105848    -388.853 1
 37.276958 -23.785667   0.034611  0.000150  10376.117    44.968869   8.604595  14.108182    3610.237 1
 52.257130 -29.438010   0.038484  0.000333  11537.213    99.830889   8.609065  14.115511    4746.005 1
 51.982375 -28.432111   0.013939  0.000297   4178.807    89.038360   8.645372  14.175040   -2451.888 1
 34.561083 -25.720167   0.035718  0.000150  10707.987    44.968869   8.655459  14.191578    3934.868 1
 52.270150 -29.257100   0.033553  0.000333  10058.936    99.830889   8.658523  14.196603    3299.975 1
 52.227810 -29.085170   0.030434  0.000333   9123.884    99.830889   8.663350  14.204518    2385.319 1
 32.704917 -28.671639   0.035829  0.000297  10741.264    89.038360   8.670443  14.216147    3967.419 1
 52.107660 -28.685370   0.036705  0.000333  11003.882    99.830889   8.670543  14.216311    4224.308 1
 49.407743 -24.909452   0.006501  0.000007   1948.951     2.098547   8.679142  14.230409   -4633.103 1
 32.351551 -32.470065   0.014086  0.000150   4222.877    44.968869   8.694327  14.255307   -2408.779 1
 46.603292 -23.270806   0.034991  0.000150  10490.038    44.968869   8.694695  14.255910    3721.673 1
 32.285589 -30.347990   0.033933  0.000150  10172.857    44.968869   8.696521  14.258904    3411.411 1
 35.350750 -37.469528   0.018923  0.000150   5672.973    44.968869   8.709480  14.280151    -990.315 1
