359.452406   0.795563   0.061730  0.000017  18506.188     5.096472   0.020121   0.086963      36.712 0
359.452870   0.795039   0.061593  0.000022  18465.117     6.595434   0.020730   0.089596      -1.977 0
359.434175   0.775500   0.058751  0.000039  17613.107    11.691906   0.026454   0.114332    -804.549 1
359.401598   0.811248   0.062100  0.000022  18617.112     6.595434   0.033056   0.142867     141.198 0
359.480068   0.788197   0.062554  0.000007  18753.217     2.098547   0.048722   0.210572     269.407 0
359.380891   0.821642   0.060498  0.000017  18136.844     5.096472   0.056004   0.242045    -311.201 0
359.499330   0.769099   0.061210  0.000015  18350.296     4.496887   0.073722   0.318623    -110.135 0
359.344708   0.840974   0.061060  0.000036  18305.327    10.792528   0.096820   0.418451    -152.494 0
359.531818   0.783952   0.060720  0.000017  18203.398     5.096472   0.100118   0.432701    -248.509 0
359.332018   0.821049   0.060918  0.000027  18262.757     8.094396   0.103079   0.445499    -192.595 0
359.421293   0.693216   0.061328  0.000023  18385.672     6.895227   0.109387   0.472763     -76.812 0
359.523928   0.732344   0.061413  0.000021  18411.154     6.295642   0.114244   0.493757     -52.808 0
359.343972   0.885015   0.061421  0.000023  18413.553     6.895227   0.121996   0.527257     -50.549 0
359.528572   0.881468   0.061858  0.000009  18544.562     2.698132   0.124080   0.536265      72.858 0
359.541209   0.863344   0.059310  0.000008  17780.691     2.398340   0.124130   0.536480    -646.689 0
359.522313   0.701477   0.063107  0.000037  18919.003    11.092321   0.134205   0.580025     425.572 0
359.509327   0.690871   0.060616  0.000017  18172.220     5.096472   0.134582   0.581653    -277.878 0
359.575273   0.768875   0.061460  0.000007  18425.244     2.098547   0.145739   0.629876     -39.536 0
359.471932   0.945190   0.074243  0.000009  22257.491     2.698132   0.148362   0.641208    3570.343 1
359.411992   0.955293   0.062148  0.000067  18631.502    20.086095   0.154829   0.669159     154.753 0
359.575116   0.701472   0.074643  0.000012  22377.408     3.597509   0.173770   0.751021    3683.302 1
359.612616   0.760238   0.061407  0.000018  18409.355     5.396264   0.184065   0.795515     -54.503 0
359.450795   0.614179   0.051641  0.000018  15481.582     5.396264   0.188572   0.814996   -2812.390 1
359.605273   0.724307   0.062317  0.000017  18682.167     5.096472   0.188650   0.815333     202.479 0
359.585538   0.935252   0.061249  0.000007  18361.988     2.098547   0.202331   0.874461     -99.121 0
359.226859   0.765627   0.073246  0.000018  21958.598     5.396264   0.209610   0.905920    3288.793 1
359.496928   0.592981   0.062534  0.000009  18747.222     2.698132   0.218424   0.944013     263.759 0
359.496490   0.592286   0.062872  0.000006  18848.551     1.798755   0.218962   0.946339     359.209 0
359.240428   0.689399   0.072110  0.000020  21618.034     5.995849   0.223306   0.965112    2967.991 1
359.615113   0.669477   0.074389  0.000009  22301.261     2.698132   0.224919   0.972085    3611.573 1
359.498652   0.586312   0.061476  0.000008  18430.041     2.398340   0.225306   0.973757     -35.017 0
359.625909   0.681134   0.061887  0.000008  18553.256     2.398340   0.227327   0.982489      81.048 0
359.216493   0.718384   0.072142  0.000074  21627.628    22.184642   0.232350   1.004198    2977.027 1
359.240060   0.667976   0.073195  0.000006  21943.309     1.798755   0.235135   1.016237    3274.391 1
359.668679   0.780976   0.061158  0.000009  18334.707     2.698132   0.236268   1.021133    -124.819 0
359.225971   0.687225   0.072969  0.000017  21875.556     5.096472   0.236949   1.024076    3210.569 1
359.205454   0.726989   0.073575  0.000013  22057.230     3.897302   0.239855   1.036636    3381.702 1
359.222533   0.686795   0.073564  0.000023  22053.932     6.895227   0.240168   1.037990    3378.595 1
359.594252   0.595940   0.074246  0.000011  22258.391     3.297717   0.261400   1.129753    3571.190 1
359.190910   0.701929   0.074155  0.000008  22231.110     2.398340   0.262208   1.133246    3545.492 1
359.190318   0.700688   0.073887  0.000008  22150.765     2.398340   0.263231   1.137664    3469.810 1
359.412350   0.533265   0.074387  0.000013  22300.662     3.897302   0.269492   1.164725    3611.008 1
359.714678   0.800377   0.060706  0.000009  18199.201     2.698132   0.281335   1.215909    -252.463 0
359.718674   0.793151   0.060386  0.000005  18103.267     1.498962   0.285461   1.233744    -342.830 0
359.245507   1.017241   0.073001  0.000007  21885.149     2.098547   0.285694   1.234751    3219.606 1
359.725093   0.845717   0.060569  0.000017  18158.129     5.096472   0.295011   1.275015    -291.151 0
359.638460   0.581601   0.075580  0.000016  22658.314     4.796679   0.301037   1.301062    3947.907 1
359.185385   0.985429   0.061701  0.000013  18497.494     3.897302   0.308428   1.333005      28.522 0
359.738049   0.869295   0.060036  0.000025  17998.340     7.494811   0.312055   1.348679    -441.669 1
359.734019   0.885675   0.060632  0.000035  18177.016    10.492736   0.312112   1.348925    -273.360 0
359.767902   0.814065   0.061097  0.000007  18316.420     2.098547   0.334769   1.446847    -142.046 0
359.770034   0.816252   0.060685  0.000038  18192.905    11.392113   0.336985   1.456425    -258.393 0
359.771104   0.758285   0.063010  0.000016  18889.923     4.796679   0.340560   1.471878     398.180 1
359.714150   0.593366   0.074517  0.000014  22339.635     4.197094   0.349790   1.511768    3647.720 1
359.715730   0.593069   0.074160  0.000008  22232.609     2.398340   0.351236   1.518018    3546.904 1
359.083785   0.863563   0.072367  0.000028  21695.081     8.394189   0.354892   1.533817    3040.566 1
359.616527   0.489124   0.063011  0.000011  18890.223     3.297717   0.362508   1.566734     398.462 1
359.815552   0.789702   0.061342  0.000027  18389.869     8.094396   0.382390   1.652664     -72.858 0
359.154131   1.069066   0.072193  0.000012  21642.917     3.597509   0.386377   1.669896    2991.429 1
359.161063   1.083034   0.071972  0.000016  21576.663     4.796679   0.391310   1.691212    2929.020 1
359.184935   1.106712   0.061892  0.000007  18554.755     2.098547   0.393153   1.699178      82.460 0
359.539883   0.418542   0.074687  0.000007  22390.599     2.098547   0.397929   1.719821    3695.727 1
359.819530   0.639675   0.061021  0.000009  18293.636     2.698132   0.418878   1.810361    -163.508 0
359.820430   0.641514   0.061894  0.000018  18555.354     5.396264   0.419000   1.810890      83.025 0
359.852803   0.854026   0.054077  0.000022  16211.877     6.595434   0.422664   1.826722   -2124.471 1
359.853870   0.854780   0.053934  0.000019  16169.006     5.696057   0.423816   1.831701   -2164.854 1
359.018169   0.706544   0.072937  0.000006  21865.963     1.798755   0.425931   1.840842    3201.533 1
359.222317   0.425437   0.072918  0.000019  21860.266     5.696057   0.431588   1.865292    3196.167 1
359.297312   0.347387   0.073692  0.000005  22092.306     1.498962   0.474461   2.050585    3414.742 1
359.545686   0.326380   0.073918  0.000007  22160.059     2.098547   0.488652   2.111920    3478.564 1
359.217546   0.350977   0.073201  0.000006  21945.108     1.798755   0.499917   2.160605    3276.085 1
359.758787   0.417064   0.077228  0.000017  23152.372     5.096472   0.504021   2.178344    4413.297 1
359.487048   1.304384   0.061405  0.000013  18408.756     3.897302   0.505308   2.183905     -55.067 0
359.861895   0.531323   0.062509  0.000007  18739.727     2.098547   0.506827   2.190472     256.699 0
358.918106   0.866024   0.051785  0.000009  15524.752     2.698132   0.519134   2.243661   -2771.725 1
358.922031   0.658996   0.072847  0.000011  21838.981     3.297717   0.530847   2.294282    3176.117 1
359.839546   0.458625   0.076694  0.000016  22992.283     4.796679   0.531839   2.298569    4262.498 1
358.906998   0.651700   0.072588  0.000012  21761.335     3.597509   0.547296   2.365373    3102.976 1
359.932619   0.511784   0.074363  0.000005  22293.467     1.498962   0.577444   2.495670    3604.231 1
359.932941   0.487644   0.076947  0.000021  23068.130     6.295642   0.590215   2.550869    4333.944 1
359.065738   0.336094   0.073741  0.000008  22106.996     2.398340   0.593382   2.564556    3428.580 1
358.885126   1.042284   0.052788  0.000016  15825.444     4.796679   0.598517   2.586749   -2488.481 1
  0.038518   0.770108   0.072268  0.000099  21665.401    29.679453   0.605975   2.618982    3012.609 1
359.006935   0.358054   0.062325  0.000009  18684.565     2.698132   0.615470   2.660018     204.738 1
  0.042146   0.634304   0.054081  0.000010  16213.076     2.997925   0.631426   2.728977   -2123.342 1
359.951383   0.411455   0.062891  0.000013  18854.247     3.897302   0.648703   2.803647     364.574 1
358.810957   0.583932   0.061348  0.000006  18391.668     1.798755   0.659384   2.849811     -71.164 1
358.847769   1.116665   0.071753  0.000024  21511.008     7.195019   0.664721   2.872879    2867.175 1
  0.091898   0.642530   0.062294  0.000016  18675.271     4.796679   0.677533   2.928251     195.983 1
358.752755   0.903708   0.071803  0.000006  21525.998     1.798755   0.688066   2.973772    2881.295 1
359.312090   0.110968   0.073722  0.000008  22101.300     2.398340   0.701524   3.031937    3423.214 1
  0.106998   0.567662   0.061777  0.000013  18520.279     3.897302   0.713190   3.082354      49.984 1
359.667413   0.095382   0.074979  0.000008  22478.139     2.398340   0.744320   3.216900    3778.187 1
  0.183898   0.673038   0.062546  0.000014  18750.819     4.197094   0.761494   3.291122     267.147 1
358.835801   0.327465   0.062050  0.000019  18602.122     5.696057   0.762945   3.297395     127.079 1
358.653277   0.887590   0.071828  0.000007  21533.493     2.098547   0.784655   3.391224    2888.355 1
  0.221368   0.706664   0.061948  0.000012  18571.543     3.597509   0.793710   3.430358      98.274 1
359.552167   1.592306   0.061539  0.000019  18448.928     5.696057   0.799250   3.454301     -17.226 1
  0.206717   1.025538   0.054149  0.000008  16233.462     2.398340   0.804998   3.479144   -2104.139 1
358.729015   0.410543   0.061104  0.000008  18318.518     2.398340   0.805692   3.482144    -140.069 1
358.647312   1.054696   0.061696  0.000008  18495.995     2.398340   0.825574   3.568074      27.110 1
359.179597   0.014086   0.073513  0.000023  22038.643     6.895227   0.827694   3.577233    3364.193 1
359.213904  -0.008232   0.079263  0.000019  23762.450     5.696057   0.839353   3.627622    4987.975 1
  0.173775   0.398466   0.054287  0.000005  16274.833     1.498962   0.843183   3.644177   -2065.168 1
359.911423   0.094869   0.079232  0.000006  23753.156     1.798755   0.853515   3.688829    4979.221 1
359.379059  -0.073692   0.074077  0.000012  22207.726     3.597509   0.877311   3.791677    3523.465 1
  0.172116   0.306547   0.078860  0.000007  23641.633     2.098547   0.889453   3.844153    4874.169 1
359.469344  -0.087908   0.074621  0.000011  22370.813     3.297717   0.890577   3.849009    3677.089 1
359.424455  -0.099900   0.073099  0.000008  21914.529     2.398340   0.901884   3.897876    3247.281 1
358.546992   0.980653   0.061694  0.000007  18495.396     2.098547   0.904081   3.907372      26.545 1
359.391469  -0.109444   0.074395  0.000021  22303.060     6.295642   0.912344   3.943087    3613.267 1
358.541183   1.025170   0.061287  0.000012  18373.380     3.597509   0.919556   3.974258     -88.390 1
358.536504   1.110543   0.071145  0.000006  21328.734     1.798755   0.948344   4.098677    2695.478 1
  0.313646   1.158399   0.053339  0.000009  15990.630     2.698132   0.949676   4.104433   -2332.880 1
  0.313820   1.158664   0.053339  0.000009  15990.630     2.698132   0.949937   4.105560   -2332.880 1
  0.281316   1.241980   0.061312  0.000027  18380.875     8.094396   0.955297   4.128724     -81.330 1
358.582240   0.353883   0.044292  0.000039  13278.408    11.691906   0.961743   4.156586   -4887.724 1
  0.316913   1.204697   0.061158  0.000007  18334.707     2.098547   0.970977   4.196495    -124.819 1
  0.374731   1.047859   0.060664  0.000031  18186.610     9.293566   0.972912   4.204855    -264.323 1
359.433773  -0.174881   0.075807  0.000026  22726.367     7.794604   0.976821   4.221751    4012.012 1
358.544227   0.394203   0.061212  0.000010  18350.896     2.997925   0.978050   4.227061    -109.570 1
  0.379628   1.072320   0.060606  0.000013  18169.222     3.897302   0.984088   4.253157    -280.702 1
358.805909   0.041523   0.073092  0.000011  21912.430     3.297717   0.985800   4.260557    3245.304 1
  0.381791   1.097418   0.061172  0.000023  18338.904     6.895227   0.993342   4.293153    -120.866 1
358.813024   0.013462   0.073097  0.000010  21913.929     2.997925   1.003190   4.335714    3246.716 1
359.952174  -0.073770   0.062110  0.000009  18620.110     2.698132   1.017853   4.399088     144.022 1
  0.417546   1.091972   0.061096  0.000018  18316.120     5.396264   1.025977   4.434201    -142.328 1
  0.423067   1.088319   0.061204  0.000083  18348.498    24.882774   1.030252   4.452678    -111.829 1
  0.391282   0.422428   0.060621  0.000026  18173.719     7.794604   1.030311   4.452931    -276.466 1
  0.153398   0.043083   0.061328  0.000004  18385.672     1.199170   1.046076   4.521065     -76.812 1
  0.456533   0.566967   0.061067  0.000015  18307.426     4.496887   1.049749   4.536938    -150.518 1
  0.006460  -0.092563   0.078133  0.000020  23423.684     5.995849   1.062337   4.591346    4668.867 1
  0.175620   0.026648   0.078651  0.000017  23578.977     5.096472   1.073303   4.638738    4815.148 1
  0.515040   0.631890   0.079206  0.000025  23745.361     7.494811   1.094900   4.732080    4971.878 1
  0.394266   0.274411   0.062007  0.000009  18589.231     2.698132   1.096140   4.737439     114.936 1
  0.520168   0.629884   0.078829  0.000022  23632.340     6.595434   1.100277   4.755321    4865.415 1
359.557496  -0.304703   0.075629  0.000016  22673.004     4.796679   1.113587   4.812842    3961.745 1
  0.289274   0.084619   0.078487  0.000009  23529.811     2.698132   1.116720   4.826383    4768.835 1
  0.415234   1.337029   0.061556  0.000011  18454.025     3.297717   1.118162   4.832617     -12.425 1
358.310662   0.684288   0.060797  0.000011  18226.482     3.297717   1.128697   4.878146    -226.765 1
  0.222382  -0.008259   0.079047  0.000008  23697.694     2.398340   1.130893   4.887640    4926.977 1
358.390749   1.244706   0.061823  0.000007  18534.069     2.098547   1.132600   4.895017      62.974 1
358.546900   1.508156   0.072938  0.000016  21866.262     4.796679   1.133282   4.897963    3201.815 1
358.380644   1.226800   0.061080  0.000017  18311.323     5.096472   1.135084   4.905752    -146.846 1
359.792585  -0.293559   0.077299  0.000006  23173.657     1.798755   1.152894   4.982725    4433.348 1
  0.353312   1.497078   0.061815  0.000013  18531.671     3.897302   1.153012   4.983235      60.715 1
  0.588444   0.937206   0.065241  0.000011  19558.760     3.297717   1.162905   5.025991    1028.207 1
359.808297  -0.310874   0.075653  0.000009  22680.199     2.698132   1.174281   5.075158    3968.522 1
  0.581570   0.513751   0.078783  0.000039  23618.549    11.691906   1.183754   5.116099    4852.424 1
  0.590608   0.492730   0.077645  0.000035  23277.385    10.492736   1.197775   5.176696    4531.057 1
  0.601586   1.101244   0.078529  0.000017  23542.402     5.096472   1.205886   5.211753    4780.696 1
359.640663  -0.386289   0.075783  0.000009  22719.172     2.698132   1.206180   5.213025    4005.234 1
  0.646446   0.595606   0.061751  0.000026  18512.484     7.794604   1.230431   5.317835      42.642 1
358.196305   0.648505   0.078470  0.000006  23524.714     1.798755   1.246374   5.386740    4764.034 1
358.231972   1.143559   0.078277  0.000008  23466.854     2.398340   1.248863   5.397495    4709.532 1
358.814508   1.888579   0.068703  0.000006  20596.641     1.798755   1.250455   5.404377    2005.865 1
358.815090   1.889372   0.068691  0.000008  20593.044     2.398340   1.250856   5.406112    2002.476 1
  0.651550   0.495747   0.078744  0.000021  23606.857     6.295642   1.256005   5.428363    4841.411 1
  0.496681   0.114356   0.062262  0.000008  18665.678     2.398340   1.266210   5.472468     186.947 1
  0.679526   0.572011   0.078335  0.000018  23484.242     5.396264   1.267120   5.476401    4725.911 1
  0.677497   1.050241   0.053599  0.000006  16068.576     1.798755   1.268592   5.482766   -2259.457 1
358.518603  -0.078365   0.072965  0.000038  21874.357    11.392113   1.269441   5.486433    3209.440 1
  0.667969   0.493811   0.060634  0.000030  18177.616     8.993774   1.272400   5.499224    -272.795 1
358.160361   0.878983   0.061639  0.000011  18478.907     3.297717   1.275164   5.511167      11.013 1
359.393820   2.082004   0.076083  0.000015  22809.110     4.496887   1.280673   5.534978    4089.953 1
  0.480162   0.047764   0.078728  0.000028  23602.061     8.394189   1.290134   5.575866    4836.893 1
  0.721685   0.947218   0.053813  0.000012  16132.732     3.597509   1.296405   5.602968   -2199.024 1
359.893006  -0.410499   0.078001  0.000009  23384.112     2.698132   1.296641   5.603990    4631.590 1
  0.421760  -0.049184   0.079234  0.000009  23753.756     2.698132   1.304314   5.637151    4979.785 1
  0.703706   0.476170   0.060780  0.000017  18221.386     5.096472   1.311370   5.667646    -231.565 1
359.757388  -0.481435   0.062797  0.000008  18826.067     2.398340   1.323651   5.720723     338.029 1
  0.767148   0.843824   0.078650  0.000012  23578.677     3.597509   1.334355   5.766987    4814.866 1
  0.677456   0.317476   0.061434  0.000007  18417.450     2.098547   1.335019   5.769858     -46.878 1
  0.765095   0.697445   0.078692  0.000024  23591.268     7.195019   1.335738   5.772965    4826.726 1
  0.261192  -0.257184   0.078283  0.000008  23468.653     2.398340   1.344240   5.809710    4711.226 1
359.876777  -0.467481   0.077541  0.000008  23246.207     2.398340   1.344636   5.811420    4501.688 1
  0.531645   0.022666   0.078493  0.000007  23531.609     2.098547   1.346607   5.819938    4770.529 1
  0.777740   0.913667   0.061428  0.000080  18415.651    23.983397   1.348923   5.829950     -48.572 1
359.824167  -0.501944   0.078000  0.000333  23383.812    99.830889   1.361192   5.882977    4631.308 1
359.812276  -0.507452   0.078321  0.000019  23480.045     5.696057   1.363117   5.891293    4721.957 1
359.826857  -0.504176   0.077645  0.000023  23277.385     6.895227   1.364104   5.895561    4531.057 1
358.111934   1.154128   0.060825  0.000025  18234.876     7.494811   1.367390   5.909762    -218.858 1
359.027983  -0.508125   0.044568  0.000009  13361.150     2.698132   1.371326   5.926775   -4809.783 1
  0.803044   0.880700   0.078079  0.000008  23407.495     2.398340   1.371853   5.929049    4653.617 1
359.420640  -0.578339   0.044474  0.000009  13332.970     2.698132   1.380337   5.965719   -4836.328 1
  0.678433   0.189860   0.061541  0.000005  18449.528     1.498962   1.387316   5.995879     -16.661 1
  0.793924   1.111507   0.077777  0.000027  23316.958     8.094396   1.395246   6.030155    4568.333 1
  0.792492   1.134832   0.077142  0.000028  23126.590     8.394189   1.399215   6.047309    4389.011 1
  0.747534   0.304375   0.062207  0.000018  18649.189     5.396264   1.405130   6.072873     171.415 1
  0.813315   1.088834   0.075781  0.000007  22718.572     2.098547   1.409369   6.091193    4004.669 1
  0.818474   1.085025   0.076234  0.000011  22854.378     3.297717   1.413652   6.109705    4132.595 1
  0.475199  -0.162955   0.062121  0.000005  18623.407     1.498962   1.419972   6.137019     147.129 1
  0.622571   1.580855   0.055320  0.000020  16584.519     5.995849   1.421531   6.143754   -1773.452 1
  0.116561  -0.448201   0.078924  0.000020  23660.820     5.995849   1.424633   6.157162    4892.242 1
  0.857932   0.883211   0.078716  0.000009  23598.463     2.698132   1.426789   6.166480    4833.504 1
359.674835  -0.605935   0.062639  0.000011  18778.700     3.297717   1.428436   6.173600     293.410 1
  0.840142   1.059538   0.077212  0.000018  23147.575     5.396264   1.430076   6.180686    4408.779 1
358.037525   1.146161   0.060071  0.000007  18008.833     2.098547   1.437480   6.212688    -431.785 1
358.037370   1.146345   0.060071  0.000007  18008.833     2.098547   1.437675   6.213529    -431.785 1
359.677126  -0.623539   0.044422  0.000006  13317.381     1.798755   1.446174   6.250262   -4851.012 1
359.311535  -0.643395   0.044777  0.000013  13423.807     3.897302   1.450456   6.268766   -4750.762 1
359.410297  -0.660360   0.044607  0.000026  13372.842     7.794604   1.462481   6.320739   -4798.769 1
357.963293   0.728451   0.061011  0.000007  18290.638     2.098547   1.471719   6.360664    -166.332 1
  0.813504   0.279016   0.079304  0.000070  23774.741    20.985472   1.475800   6.378300    4999.553 1
  0.814626   0.279318   0.078859  0.000028  23641.333     8.394189   1.476742   6.382373    4873.887 1
  0.887265   1.080497   0.079299  0.000033  23773.242     9.893151   1.480249   6.397529    4998.141 1
  0.895916   1.045863   0.077734  0.000023  23304.067     6.895227   1.482655   6.407930    4556.190 1
359.700655  -0.661322   0.078123  0.000026  23420.686     7.794604   1.487478   6.428772    4666.043 1
359.146064  -0.665292   0.074695  0.000007  22392.998     2.098547   1.495082   6.461637    3697.986 1
357.947490   0.972815   0.071708  0.000021  21497.518     6.295642   1.495479   6.463352    2854.467 1
357.943783   0.956752   0.071867  0.000035  21545.185    10.492736   1.497415   6.471722    2899.368 1
359.744217  -0.668810   0.078369  0.000036  23494.435    10.792528   1.503244   6.496915    4735.512 1
  0.880489   1.224193   0.065041  0.000008  19498.801     2.398340   1.507377   6.514776     971.727 1
  0.941684   0.854900   0.061091  0.000009  18314.621     2.698132   1.509146   6.522421    -143.740 1
  0.719474   0.008344   0.079055  0.000019  23700.093     5.696057   1.511179   6.531209    4929.236 1
  0.880846   0.329012   0.079188  0.000049  23739.965    14.689830   1.522689   6.580954    4966.795 1
359.396717  -0.727057   0.063322  0.000021  18983.458     6.295642   1.529435   6.610109     486.287 1
357.903939   0.885401   0.070765  0.000015  21214.813     4.496887   1.531507   6.619064    2588.167 1
357.913309   1.009297   0.071262  0.000011  21363.810     3.297717   1.533942   6.629588    2728.518 1
  0.956686   0.991513   0.078737  0.000022  23604.759     6.595434   1.534968   6.634023    4839.434 1
  0.398071  -0.393838   0.077386  0.000019  23199.739     5.696057   1.536375   6.640102    4457.916 1
  0.398863  -0.395108   0.078033  0.000011  23393.705     3.297717   1.537860   6.646523    4640.627 1
357.897837   0.904258   0.070890  0.000018  21252.287     5.396264   1.538738   6.650317    2623.466 1
358.030282   0.155596   0.078987  0.000008  23679.707     2.398340   1.544633   6.675793    4910.033 1
  0.503862  -0.343135   0.078151  0.000009  23429.080     2.698132   1.567492   6.774590    4673.950 1
359.241872  -0.761732   0.074625  0.000034  22372.012    10.192944   1.575346   6.808533    3678.219 1
359.289410   2.377482   0.060417  0.000009  18112.561     2.698132   1.582099   6.837721    -334.075 1
359.211458  -0.765942   0.074878  0.000042  22447.860    12.591283   1.583498   6.843767    3749.665 1
358.685576  -0.597405   0.061581  0.000015  18461.519     4.496887   1.586562   6.857007      -5.366 1
357.884391   0.448495   0.061587  0.000014  18463.318     4.197094   1.588595   6.865795      -3.671 1
358.090103  -0.050060   0.044604  0.000015  13371.943     4.496887   1.590529   6.874153   -4799.616 1
  1.000310   0.506287   0.062984  0.000011  18882.128     3.297717   1.594487   6.891257     390.837 1
359.271669  -0.787452   0.075222  0.000012  22550.988     3.597509   1.597590   6.904669    3846.809 1
359.224744  -0.783872   0.074697  0.000010  22393.597     2.997925   1.599467   6.912783    3698.551 1
359.220417  -0.791583   0.075000  0.000333  22484.434    99.830889   1.607680   6.948278    3784.117 1
359.215748  -0.791768   0.073726  0.000027  22102.499     8.094396   1.608488   6.951770    3424.344 1
  0.790597  -0.069567   0.078193  0.000013  23441.672     3.897302   1.612875   6.970729    4685.810 1
359.226035  -0.797666   0.076372  0.000028  22895.750     8.394189   1.612978   6.971176    4171.566 1
  1.042154   0.670216   0.062681  0.000017  18791.291     5.096472   1.614060   6.975854     305.271 1
  0.573095  -0.343558   0.074211  0.000007  22247.898     2.098547   1.615858   6.983625    3561.306 1
  1.057548   1.001102   0.060699  0.000015  18197.102     4.496887   1.636235   7.071691    -254.440 1
359.144804  -0.810583   0.073338  0.000014  21986.179     4.197094   1.638126   7.079862    3314.774 1
359.251586  -0.846059   0.074756  0.000009  22411.285     2.698132   1.657987   7.165702    3715.212 1
  0.763017  -0.190945   0.073954  0.000006  22170.851     1.798755   1.659388   7.171756    3488.730 1
  1.094142   0.728033   0.061839  0.000014  18538.866     4.197094   1.662303   7.184356      67.493 1
359.211176  -0.847563   0.076392  0.000010  22901.745     2.997925   1.664391   7.193381    4177.214 1
357.822046   1.227647   0.059938  0.000006  17968.960     1.798755   1.666410   7.202105    -469.344 1
358.336856  -0.453866   0.061711  0.000008  18500.492     2.398340   1.667047   7.204859      31.346 1
357.792437   1.103243   0.070887  0.000007  21251.388     2.098547   1.668159   7.209663    2622.619 1
  1.110746   0.736922   0.062318  0.000008  18682.466     2.398340   1.678521   7.254450     202.761 1
357.792470   1.161562   0.061192  0.000013  18344.900     3.897302   1.679640   7.259283    -115.218 1
359.224901  -0.866351   0.074702  0.000017  22395.096     5.096472   1.681257   7.266273    3699.963 1
  1.090925   1.089180   0.061025  0.000015  18294.835     4.496887   1.682148   7.270125    -162.378 1
  1.084860   1.127819   0.079224  0.000026  23750.758     7.794604   1.683225   7.274779    4976.961 1
  0.034606  -0.773818   0.077229  0.000016  23152.672     4.796679   1.686561   7.289196    4413.580 1
358.221885  -0.382380   0.044769  0.000010  13421.409     2.997925   1.694078   7.321685   -4753.021 1
  0.995811   0.119783   0.074329  0.000006  22283.274     1.798755   1.704769   7.367891    3594.629 1
  1.135071   0.908804   0.054528  0.000017  16347.083     5.096472   1.704937   7.368615   -1997.110 1
  1.030668   0.167129   0.079000  0.000333  23683.604    99.830889   1.718722   7.428195    4913.705 1
357.754294   1.219495   0.071047  0.000018  21299.355     5.396264   1.730008   7.476972    2667.803 1
  0.945889  -0.064012   0.062399  0.000007  18706.750     2.098547   1.742782   7.532180     225.635 1
  1.168463   0.584054   0.061824  0.000016  18534.369     4.796679   1.748601   7.557329      63.257 1
  0.482640  -0.619338   0.076226  0.000010  22851.980     2.997925   1.766604   7.635134    4130.336 1
359.225759  -0.954054   0.073812  0.000013  22128.281     3.897302   1.768216   7.642104    3448.630 1
358.934894  -0.898961   0.073661  0.000005  22083.012     1.498962   1.772412   7.660238    3405.988 1
  0.774479  -0.357092   0.077158  0.000010  23131.386     2.997925   1.772487   7.660563    4393.530 1
  0.290763  -0.752709   0.076626  0.000006  22971.897     1.798755   1.775387   7.673095    4243.295 1
359.607744  -0.965574   0.078510  0.000017  23536.706     5.096472   1.776098   7.676168    4775.330 1
359.551956  -0.970900   0.064062  0.000006  19205.304     1.798755   1.776804   7.679221     695.261 1
359.515798  -0.976730   0.062954  0.000022  18873.134     6.595434   1.780581   7.695544     382.365 1
357.969380  -0.213225   0.076874  0.000029  23046.245     8.693981   1.781365   7.698932    4313.329 1
  0.462007  -0.653729   0.077116  0.000018  23118.795     5.396264   1.782403   7.703420    4381.669 1
  0.458233  -0.656606   0.077681  0.000011  23288.178     3.297717   1.782582   7.704191    4541.223 1
359.526166  -0.987302   0.063678  0.000017  19090.184     5.096472   1.791649   7.743379     586.821 1
359.104202  -0.964284   0.074095  0.000015  22213.122     4.496887   1.796620   7.764865    3528.548 1
359.208526  -0.994268   0.078042  0.000008  23396.403     2.398340   1.810217   7.823629    4643.168 1
  0.908181  -0.267018   0.061046  0.000005  18301.130     1.498962   1.821390   7.871916    -156.448 1
358.917948  -0.945797   0.073834  0.000006  22134.876     1.798755   1.822125   7.875096    3454.843 1
358.926345  -0.948383   0.073975  0.000007  22177.147     2.098547   1.822252   7.875645    3494.661 1
  1.222084   0.452482   0.075271  0.000007  22565.678     2.098547   1.822408   7.876317    3860.647 1
359.565309  -1.028684   0.078734  0.000009  23603.859     2.698132   1.835375   7.932361    4838.587 1
  0.916944  -0.280356   0.061329  0.000005  18385.972     1.498962   1.836321   7.936447     -76.530 1
  0.917603  -0.280543   0.061121  0.000009  18323.615     2.698132   1.836963   7.939224    -135.268 1
359.540983  -1.031877   0.063937  0.000016  19167.830     4.796679   1.836974   7.939271     659.961 1
358.956361  -0.979916   0.074815  0.000016  22428.973     4.796679   1.844575   7.972121    3731.874 1
359.201377  -1.032134   0.074564  0.000025  22353.725     7.494811   1.848679   7.989859    3660.992 1
357.995154  -0.364609   0.044463  0.000047  13329.672    14.090246   1.851689   8.002869   -4839.434 1
359.882419  -1.011684   0.076849  0.000012  23038.751     3.597509   1.868390   8.075050    4306.269 1
357.810570   1.749809   0.070823  0.000021  21232.201     6.295642   1.879164   8.121613    2604.546 1
  0.368946  -0.830769   0.076005  0.000007  22785.726     2.098547   1.881745   8.132767    4067.926 1
  0.348885  -0.851949   0.078152  0.000020  23429.380     5.995849   1.890355   8.169982    4674.232 1
  1.025037  -0.225846   0.076614  0.000013  22968.299     3.897302   1.894574   8.188214    4239.906 1
  1.029945  -0.262209   0.076978  0.000015  23077.424     4.496887   1.918626   8.292164    4342.698 1
  1.327403   0.465508   0.062537  0.000021  18748.121     6.295642   1.923547   8.313434     264.606 1
  0.381126  -0.879916   0.078596  0.000007  23562.488     2.098547   1.930492   8.343449    4799.616 1
  0.835715  -0.526668   0.076009  0.000014  22786.925     4.197094   1.931716   8.348738    4069.056 1
  1.230599   0.076819   0.062533  0.000005  18746.922     1.498962   1.937880   8.375380     263.476 1
359.636573  -1.128179   0.063483  0.000022  19031.725     6.595434   1.940789   8.387953     531.753 1
359.642823  -1.128943   0.063245  0.000016  18960.374     4.796679   1.942213   8.394107     464.543 1
  1.317457   0.325086   0.078281  0.000008  23468.053     2.398340   1.943365   8.399084    4710.661 1
358.074141  -0.594584   0.061527  0.000011  18445.331     3.297717   1.948662   8.421980     -20.615 1
  0.566239  -0.786594   0.073654  0.000007  22080.914     2.098547   1.951075   8.432408    3404.011 1
359.735673  -1.128701   0.064158  0.000017  19234.085     5.096472   1.954168   8.445776     722.371 1
  0.539678  -0.812774   0.076084  0.000012  22809.409     3.597509   1.957317   8.459384    4090.235 1
359.637566  -1.144911   0.063411  0.000015  19010.140     4.496887   1.957533   8.460320     511.421 1
  1.392080   0.861780   0.061078  0.000017  18310.724     5.096472   1.959482   8.468742    -147.411 1
  1.094383  -0.238319   0.062485  0.000016  18732.532     4.796679   1.959778   8.470019     249.921 1
359.935268  -1.100274   0.076319  0.000022  22879.861     6.595434   1.967313   8.502587    4156.599 1
359.469522  -1.173974   0.078795  0.000006  23622.147     1.798755   1.976246   8.541192    4855.813 1
357.467081   0.598659   0.071359  0.000016  21392.890     4.796679   1.976528   8.542412    2755.911 1
  0.316786  -0.967250   0.078209  0.000011  23446.468     3.297717   1.977471   8.546490    4690.329 1
  0.997334  -0.416160   0.061131  0.000007  18326.613     2.098547   1.982279   8.567267    -132.444 1
358.760033  -1.064707   0.074310  0.000009  22277.578     2.698132   1.984338   8.576168    3589.264 1
  0.878346  -0.565736   0.077753  0.000013  23309.763     3.897302   1.989530   8.598606    4561.556 1
  0.541238  -0.850929   0.075993  0.000008  22782.128     2.398340   1.989778   8.599680    4064.537 1
  1.407241   0.549515   0.061752  0.000024  18512.784     7.195019   1.989804   8.599790      42.924 1
359.593699  -1.182866   0.063870  0.000011  19147.744     3.297717   1.991274   8.606143     641.041 1
  0.583186  -0.830113   0.076068  0.000029  22804.613     8.693981   1.996379   8.628208    4085.717 1
  0.199394  -1.047562   0.075524  0.000024  22641.526     7.195019   2.001852   8.651862    3932.093 1
  1.426870   0.607070   0.062885  0.000010  18852.449     2.997925   2.002857   8.656207     362.880 1
  1.102848  -0.312053   0.077073  0.000008  23105.904     2.398340   2.006928   8.673798    4369.526 1
357.546224   0.096613   0.071137  0.000019  21326.336     5.696057   2.014428   8.706214    2693.218 1
  1.461615   0.809789   0.049869  0.000017  14950.350     5.096472   2.028112   8.765353   -3312.797 1
359.922683  -1.167353   0.076356  0.000020  22890.953     5.995849   2.029173   8.769942    4167.047 1
359.912823  -1.179776   0.076663  0.000025  22982.989     7.494811   2.038891   8.811941    4253.743 1
357.525296   0.071100   0.071203  0.000012  21346.122     3.597509   2.043030   8.829828    2711.857 1
359.598143  -1.239386   0.078419  0.000010  23509.425     2.997925   2.047968   8.851172    4749.632 1
357.410293   0.427263   0.071080  0.000023  21309.248     6.895227   2.057236   8.891227    2677.122 1
359.231751  -1.246840   0.077885  0.000024  23349.336     7.195019   2.058670   8.897424    4598.832 1
  1.429451   0.296337   0.051852  0.000015  15544.839     4.496887   2.058979   8.898759   -2752.804 1
  1.496434   0.824702   0.061001  0.000007  18287.640     2.098547   2.063037   8.916301    -169.156 1
  1.482291   0.549260   0.062195  0.000013  18645.592     3.897302   2.064293   8.921729     168.026 1
  0.233448  -1.101559   0.074079  0.000007  22208.325     2.098547   2.064797   8.923907    3524.030 1
357.401374   0.431505   0.070281  0.000011  21069.714     3.297717   2.065240   8.925822    2451.487 1
357.401150   0.431687   0.070400  0.000024  21105.389     7.195019   2.065428   8.926633    2485.092 1
  1.474236   0.453662   0.062109  0.000016  18619.810     4.796679   2.070222   8.947353     143.740 1
359.823886  -1.237478   0.057360  0.000007  17196.095     2.098547   2.076472   8.974366   -1197.362 1
359.228671  -1.270337   0.078961  0.000150  23671.912    44.968869   2.082356   8.999793    4902.691 1
  1.492447   0.483445   0.061347  0.000005  18391.368     1.498962   2.083414   9.004365     -71.446 1
  1.391204   0.084069   0.073619  0.000008  22070.421     2.398340   2.085161   9.011918    3394.127 1
359.249165  -1.276158   0.078814  0.000013  23627.843     3.897302   2.086240   9.016581    4861.179 1
  0.579346  -0.944608   0.076202  0.000007  22844.785     2.098547   2.088911   9.028123    4123.558 1
  0.781685   2.405823   0.064064  0.000012  19205.904     3.597509   2.095274   9.055624     695.826 1
359.986885  -1.223399   0.057134  0.000033  17128.342     9.893151   2.099612   9.074375   -1261.184 1
  0.792501  -0.802150   0.077706  0.000010  23295.673     2.997925   2.102407   9.086454    4548.283 1
357.857542   2.199056   0.073246  0.000018  21958.598     5.396264   2.105831   9.101250    3288.793 1
357.360698   0.425445   0.070909  0.000025  21257.983     7.494811   2.106340   9.103452    2628.832 1
  0.055924  -1.213600   0.078158  0.000013  23431.179     3.897302   2.109493   9.117079    4675.926 1
  1.543332   0.682377   0.061510  0.000007  18440.234     2.098547   2.113190   9.133058     -25.416 1
357.356496   0.406508   0.070998  0.000018  21284.665     5.396264   2.113935   9.136275    2653.965 1
357.347234   0.435739   0.069973  0.000006  20977.378     1.798755   2.117783   9.152908    2364.509 1
357.775106  -0.519653   0.055113  0.000007  16522.462     2.098547   2.120317   9.163858   -1831.908 1
357.346564   0.400007   0.071072  0.000019  21306.850     5.696057   2.124911   9.183715    2674.863 1
  0.128625  -1.213069   0.075351  0.000013  22589.662     3.897302   2.131576   9.212519    3883.239 1
  0.288064  -1.151794   0.075697  0.000008  22693.390     2.398340   2.132492   9.216477    3980.948 1
357.334678   0.422172   0.072709  0.000019  21797.610     5.696057   2.132524   9.216617    3137.146 1
357.331966   0.419969   0.073094  0.000015  21913.030     4.496887   2.135586   9.229848    3245.869 1
357.602273  -0.306300   0.072026  0.000025  21592.852     7.494811   2.140157   9.249606    2944.269 1
357.335216   0.370905   0.070230  0.000011  21054.424     3.297717   2.141721   9.256366    2437.085 1
  1.573076   1.024267   0.062411  0.000011  18710.347     3.297717   2.151067   9.296757     229.024 1
357.293698   1.099674   0.072928  0.000007  21863.264     2.098547   2.160030   9.335497    3198.991 1
357.717976  -0.511315   0.045081  0.000021  13514.944     6.295642   2.160201   9.336234   -4664.913 1
357.299472   0.440532   0.070264  0.000023  21064.617     6.895227   2.164031   9.352789    2446.686 1
  1.572282   0.461461   0.062063  0.000009  18606.019     2.698132   2.165684   9.359933     130.750 1
  1.611350   0.496273   0.063045  0.000020  18900.416     5.995849   2.199163   9.504626     408.063 1
357.272494   0.380997   0.071308  0.000020  21377.601     5.995849   2.201238   9.513592    2741.508 1
357.298253   0.259377   0.071822  0.000013  21531.694     3.897302   2.202724   9.520016    2886.660 1
  1.617918   0.505294   0.061663  0.000006  18486.102     1.798755   2.204435   9.527410      17.791 1
  1.618943   0.484853   0.062241  0.000013  18659.382     3.897302   2.208293   9.544083     181.016 1
357.586295  -0.409743   0.044740  0.000016  13412.715     4.796679   2.208848   9.546483   -4761.210 1
  1.610103   0.390723   0.077800  0.000016  23323.853     4.796679   2.215075   9.573394    4574.828 1
357.291482   0.225807   0.071268  0.000046  21365.609    13.790453   2.217769   9.585041    2730.212 1
357.249988   0.409723   0.071489  0.000022  21431.863     6.595434   2.218071   9.586345    2792.622 1
  1.650802   0.875377   0.071485  0.000008  21430.664     2.398340   2.218481   9.588115    2791.493 1
357.467311  -0.237169   0.044506  0.000016  13342.563     4.796679   2.223552   9.610032   -4827.291 1
  1.663515   0.569506   0.061950  0.000007  18572.143     2.098547   2.242057   9.690012      98.839 1
358.236078  -1.094513   0.070985  0.000009  21280.768     2.698132   2.242686   9.692730    2650.294 1
358.185137  -1.066071   0.071103  0.000009  21316.143     2.698132   2.246580   9.709558    2683.617 1
  1.648069   0.392691   0.074073  0.000005  22206.527     1.498962   2.252030   9.733111    3522.335 1
357.825470   2.391146   0.060140  0.000009  18029.518     2.698132   2.260586   9.770093    -412.299 1
  1.176409  -0.644115   0.073650  0.000018  22079.715     5.396264   2.264694   9.787846    3402.882 1
357.950630   2.515936   0.052000  0.000333  15589.208    99.830889   2.266213   9.794411   -2711.009 1
357.250940   1.474972   0.061406  0.000011  18409.056     3.297717   2.283598   9.869549     -54.785 1
357.187016   0.381347   0.071123  0.000026  21322.139     7.794604   2.285124   9.876143    2689.265 1
358.024560  -1.004405   0.071476  0.000061  21427.966    18.287340   2.290655   9.900046    2788.951 1
358.024922  -1.004764   0.071028  0.000021  21293.659     6.295642   2.290715   9.900307    2662.437 1
357.526214  -0.469146   0.055366  0.000013  16598.309     3.897302   2.291724   9.904669   -1760.462 1
357.896032  -0.905438   0.070775  0.000009  21217.811     2.698132   2.297375   9.929090    2590.991 1
357.941236  -0.945699   0.070846  0.000017  21239.096     5.096472   2.297851   9.931150    2611.041 1
  1.737547   0.857248   0.073682  0.000004  22089.308     1.199170   2.304665   9.960598    3411.918 1
  1.737903   0.691299   0.054071  0.000015  16210.078     4.496887   2.307012   9.970741   -2126.166 1
358.070759  -1.068600   0.071355  0.000009  21391.691     2.698132   2.314115  10.001440    2754.781 1
357.116731   0.816344   0.061015  0.000041  18291.837    12.291491   2.316407  10.011345    -165.202 1
358.130690  -1.127540   0.071262  0.000010  21363.810     2.997925   2.327962  10.061284    2728.518 1
  1.321883  -0.600989   0.062879  0.000007  18850.650     2.098547   2.352484  10.167268     361.186 1
  1.781531   0.618269   0.053792  0.000009  16126.436     2.698132   2.355154  10.178807   -2204.954 1
  1.788608   0.878782   0.045333  0.000022  13590.491     6.595434   2.356311  10.183806   -4593.749 1
  1.322502  -0.614420   0.062751  0.000007  18812.277     2.098547   2.361014  10.204132     325.039 1
357.552958  -0.633985   0.072358  0.000014  21692.383     4.197094   2.365787  10.224764    3038.025 1
  1.641624  -0.056130   0.076345  0.000022  22887.655     6.595434   2.368952  10.238443    4163.941 1
  1.652420  -0.033155   0.076902  0.000021  23054.640     6.295642   2.370828  10.246548    4321.236 1
  1.647255  -0.116667   0.076550  0.000007  22949.113     2.098547   2.396745  10.358561    4221.832 1
  1.824059   0.611768   0.053749  0.000011  16113.545     3.297717   2.398057  10.364233   -2217.097 1
  0.541919   2.939430   0.063966  0.000009  19176.524     2.698132   2.407824  10.406442     668.151 1
  0.539375   2.941056   0.064034  0.000120  19196.910    35.975095   2.408098  10.407627     687.354 1
357.573182  -0.734885   0.072562  0.000030  21753.540     8.993774   2.412730  10.427648    3095.634 1
  1.440862  -0.542725   0.043972  0.000017  13182.474     5.096472   2.416104  10.442230   -4978.091 1
359.187047  -1.602395   0.074017  0.000016  22189.738     4.796679   2.416912  10.445723    3506.521 1
  1.855931   0.728801   0.061034  0.000012  18297.533     3.597509   2.423478  10.474097    -159.837 1
357.792379  -0.987178   0.070639  0.000040  21177.039    11.991698   2.427571  10.491791    2552.585 1
  1.866169   0.785265   0.059754  0.000007  17913.799     2.098547   2.432668  10.513817    -521.305 1
  1.868473   0.777022   0.060559  0.000019  18155.131     5.696057   2.435042  10.524078    -293.975 1
357.654859  -0.866339   0.044991  0.000012  13487.962     3.597509   2.438331  10.538293   -4690.329 1
  1.863590   1.047414   0.071041  0.000007  21297.556     2.098547   2.442399  10.555874    2666.108 1
  1.727131  -0.061287   0.062782  0.000006  18821.570     1.798755   2.450653  10.591547     333.793 1
357.618044  -0.848268   0.070900  0.000007  21255.285     2.098547   2.453114  10.602183    2626.290 1
  1.730153  -0.065239   0.062179  0.000009  18640.795     2.698132   2.454874  10.609792     163.508 1
357.556361  -0.782339   0.071692  0.000022  21492.721     6.595434   2.456059  10.614911    2849.949 1
359.354417  -1.655194   0.073224  0.000150  21952.003    44.968869   2.458400  10.625031    3282.581 1
357.578597  -0.814650   0.071892  0.000026  21552.679     7.794604   2.460221  10.632899    2906.428 1
  1.876234   1.167713   0.051846  0.000012  15543.040     3.597509   2.469909  10.674770   -2754.499 1
359.347163  -1.666940   0.073377  0.000150  21997.871    44.968869   2.470383  10.676817    3325.787 1
  1.877255   1.168413   0.051758  0.000012  15516.658     3.597509   2.471022  10.679582   -2779.349 1
357.671445   2.535766   0.069000  0.000333  20685.680    99.830889   2.471790  10.682902    2089.736 1
358.036748  -1.247332   0.045793  0.000006  13728.396     1.798755   2.479828  10.717640   -4463.846 1
357.315467  -0.497732   0.055265  0.000016  16568.030     4.796679   2.484667  10.738554   -1788.984 1
357.666412  -0.966703   0.071789  0.000018  21521.801     5.396264   2.499890  10.804347    2877.341 1
357.646542  -0.967992   0.072094  0.000018  21613.237     5.396264   2.514878  10.869122    2963.472 1
357.646192  -0.968095   0.072094  0.000018  21613.237     5.396264   2.515199  10.870510    2963.472 1
  1.815058  -0.021274   0.065317  0.000009  19581.544     2.698132   2.519771  10.890271    1049.669 1
  1.688066  -0.338265   0.075748  0.000018  22708.679     5.396264   2.526450  10.919138    3995.350 1
  1.707287  -0.302868   0.074314  0.000014  22278.777     4.197094   2.527947  10.925605    3590.393 1
357.165203  -0.347659   0.072859  0.000007  21842.579     2.098547   2.542622  10.989030    3179.506 1
357.254599  -0.525435   0.055538  0.000012  16649.874     3.597509   2.551043  11.025425   -1711.889 1
357.604447  -0.985935   0.072039  0.000033  21596.749     9.893151   2.557463  11.053174    2947.940 1
  1.981625   0.548060   0.062483  0.000006  18731.932     1.798755   2.560672  11.067042     249.356 1
  1.516323  -0.726880   0.073682  0.000012  22089.308     3.597509   2.583668  11.166430    3411.918 1
  1.392431   2.508026   0.062235  0.000018  18657.584     5.396264   2.597709  11.227114     179.322 1
  1.889738  -0.056160   0.077324  0.000006  23181.152     1.798755   2.601758  11.244611    4440.408 1
  1.572998  -0.682160   0.073346  0.000018  21988.578     5.396264   2.603820  11.253524    3317.033 1
357.525741  -0.991199   0.072199  0.000029  21644.716     8.693981   2.617918  11.314453    2993.124 1
356.859742   0.302672   0.071673  0.000028  21487.025     8.394189   2.621312  11.329122    2844.583 1
357.028686  -0.252302   0.072853  0.000013  21840.780     3.897302   2.625368  11.346654    3177.811 1
357.651826  -1.128098   0.045224  0.000033  13557.814     9.893151   2.626432  11.351253   -4624.530 1
357.302297  -0.765387   0.063651  0.000015  19082.090     4.496887   2.645162  11.432203     579.196 1
  0.120339  -1.754751   0.074752  0.000012  22410.086     3.597509   2.647371  11.441747    3714.083 1
359.656970  -1.839195   0.073757  0.000014  22111.792     4.197094   2.650586  11.455642    3433.098 1
359.628447  -1.843709   0.073861  0.000150  22142.971    44.968869   2.652834  11.465357    3462.467 1
  1.794762  -0.414669   0.073432  0.000014  22014.360     4.197094   2.656210  11.479952    3341.319 1
  2.093833   0.846460   0.049411  0.000008  14813.045     2.398340   2.660625  11.499031   -3442.135 1
  2.094018   0.846667   0.049411  0.000008  14813.045     2.398340   2.660813  11.499846   -3442.135 1
  1.843862  -0.336044   0.076012  0.000007  22787.824     2.098547   2.665442  11.519851    4069.903 1
357.497476  -1.030747   0.072512  0.000008  21738.551     2.398340   2.665614  11.520595    3081.514 1
  1.334755  -1.067902   0.044413  0.000012  13314.682     3.597509   2.666656  11.525099   -4853.554 1
  1.901112  -0.231942   0.073579  0.000018  22058.429     5.396264   2.675391  11.562849    3382.831 1
  1.890614  -0.259194   0.044174  0.000008  13243.032     2.398340   2.676400  11.567209   -4921.047 1
  2.098633   1.056280   0.054623  0.000007  16375.563     2.098547   2.677161  11.570499   -1970.283 1
356.921946  -0.130910   0.070491  0.000018  21132.670     5.396264   2.678801  11.577586    2510.790 1
  1.771040  -0.512170   0.044157  0.000004  13237.936     1.199170   2.681557  11.589499   -4925.848 1
359.533833  -1.879417   0.075973  0.000150  22776.132    44.968869   2.683240  11.596771    4058.889 1
359.561690  -1.895938   0.072652  0.000012  21780.522     3.597509   2.700930  11.673226    3121.050 1
  1.620235  -0.784097   0.044242  0.000013  13263.418     3.897302   2.701328  11.674948   -4901.844 1
  2.110516   0.369282   0.054629  0.000028  16377.362     8.394189   2.711672  11.719655   -1968.588 1
  2.136946   1.038941   0.059854  0.000028  17943.778     8.394189   2.713730  11.728548    -493.065 1
  2.111722   0.318917   0.063037  0.000012  18898.017     3.597509   2.721350  11.761479     405.804 1
  1.940879  -0.264009   0.073905  0.000021  22156.162     6.295642   2.724494  11.775069    3474.893 1
  1.248506  -1.230168   0.065912  0.000008  19759.920     2.398340   2.724650  11.775743    1217.695 1
356.709397   0.713478   0.060810  0.000009  18230.379     2.698132   2.725092  11.777655    -223.093 1
  2.156088   0.934049   0.049434  0.000010  14819.940     2.997925   2.725705  11.780301   -3435.640 1
  2.167648   0.666935   0.063333  0.000026  18986.756     7.794604   2.737391  11.830810     489.394 1
  2.142197   0.340820   0.062810  0.000010  18829.964     2.997925   2.747582  11.874855     341.700 1
  1.850823  -0.511061   0.072709  0.000010  21797.610     2.997925   2.750845  11.888955    3137.146 1
  2.166334   1.150117   0.048121  0.000031  14426.313     9.293566   2.754837  11.906211   -3806.427 1
  2.082169  -0.000756   0.078959  0.000021  23671.313     6.295642   2.767553  11.961165    4902.126 1
358.665660  -1.858767   0.078117  0.000150  23418.887    44.968869   2.769214  11.968347    4664.348 1
  1.657624  -0.853555   0.074034  0.000025  22194.835     7.494811   2.772584  11.982911    3511.322 1
358.151196  -1.660710   0.066523  0.000013  19943.094     3.897302   2.776358  11.999222    1390.240 1
  1.874222  -0.521830   0.053054  0.000020  15905.189     5.995849   2.776545  12.000030   -2413.363 1
357.438464  -1.131761   0.072688  0.000011  21791.314     3.297717   2.778106  12.006774    3131.216 1
  2.208426   1.014333   0.062470  0.000011  18728.035     3.297717   2.782951  12.027715     245.685 1
  2.117525   0.065832   0.057576  0.000009  17260.851     2.698132   2.783056  12.028169   -1136.365 1
359.925930  -1.942465   0.077353  0.000014  23189.846     4.197094   2.788257  12.050647    4448.597 1
  1.762478  -0.736281   0.074469  0.000015  22325.245     4.496887   2.791064  12.062780    3634.165 1
357.215128  -0.894007   0.072272  0.000018  21666.601     5.396264   2.792069  12.067122    3013.739 1
357.253425  -0.948652   0.072831  0.000025  21834.185     7.494811   2.795637  12.082542    3171.599 1
  2.058819  -0.163986   0.078486  0.000008  23529.511     2.398340   2.797304  12.089747    4768.553 1
357.227947  -0.924787   0.072025  0.000013  21592.552     3.897302   2.800768  12.104721    2943.987 1
356.895024  -0.395928   0.073322  0.000007  21981.383     2.098547   2.806523  12.129593    3310.255 1
357.224651  -0.930807   0.072200  0.000009  21645.015     2.698132   2.807076  12.131982    2993.406 1
356.942216  -0.496001   0.071317  0.000021  21380.299     6.295642   2.808742  12.139185    2744.050 1
  2.140518   0.024419   0.079200  0.000023  23743.563     6.895227   2.816385  12.172215    4970.184 1
357.117116  -0.806654   0.072478  0.000006  21728.358     1.798755   2.819809  12.187015    3071.913 1
  1.723021  -0.848000   0.073417  0.000024  22009.863     7.195019   2.822057  12.196729    3337.083 1
  1.963852  -0.452519   0.075768  0.000032  22714.675     9.593359   2.824182  12.205914    4000.998 1
  1.950660  -0.481233   0.075582  0.000008  22658.914     2.398340   2.825295  12.210724    3948.472 1
356.638248   1.234708   0.059437  0.000085  17818.764    25.482359   2.828106  12.222874    -610.824 1
356.634539   1.234609   0.059386  0.000016  17803.475     4.796679   2.831756  12.238648    -625.227 1
356.918815  -0.517701   0.072230  0.000160  21654.009    47.966793   2.839533  12.272260    3001.878 1
  2.151469  -0.051292   0.076052  0.000045  22799.816    13.490661   2.848665  12.311726    4081.199 1
  0.150653  -1.958157   0.074041  0.000014  22196.933     4.197094   2.851772  12.325154    3513.299 1
  1.861299  -0.705963   0.072855  0.000011  21841.380     3.297717   2.857919  12.351720    3178.376 1
  1.884344  -0.669222   0.073206  0.000034  21946.607    10.192944   2.858437  12.353959    3277.497 1
358.889088  -2.006810   0.073161  0.000183  21933.116    54.862020   2.860980  12.364952    3264.790 1
  2.298491   0.656262   0.059447  0.000016  17821.762     4.796679   2.868592  12.397849    -608.000 1
  2.074997  -0.333899   0.072878  0.000017  21848.275     5.096472   2.875277  12.426744    3184.871 1
  1.856980  -0.752044   0.071878  0.000022  21548.482     6.595434   2.878861  12.442234    2902.474 1
356.987795  -0.731803   0.071870  0.000009  21546.084     2.698132   2.886484  12.475177    2900.215 1
  1.893239  -0.719636   0.072319  0.000043  21680.691    12.891076   2.892267  12.500173    3027.011 1
  2.218428   0.002442   0.078864  0.000011  23642.832     3.297717   2.897327  12.522041    4875.299 1
  1.921792  -0.695917   0.073439  0.000011  22016.458     3.297717   2.904282  12.552101    3343.296 1
  2.130357  -0.276859   0.074644  0.000007  22377.708     2.098547   2.904547  12.553243    3683.584 1
  2.331407   0.599246   0.059931  0.000018  17966.862     5.396264   2.904883  12.554699    -471.320 1
  2.021009  -0.520340   0.074995  0.000019  22482.935     5.696057   2.905727  12.558343    3782.705 1
  2.337757   0.621646   0.059476  0.000018  17830.456     5.396264   2.909744  12.575704    -599.811 1
  2.306514   0.317511   0.062645  0.000006  18780.499     1.798755   2.913468  12.591803     295.105 1
356.537478   1.133074   0.060657  0.000021  18184.511     6.295642   2.914431  12.595963    -266.300 1
356.528021   1.040582   0.052177  0.000006  15642.271     1.798755   2.914800  12.597558   -2661.025 1
357.282297  -1.171243   0.072274  0.000015  21667.200     4.496887   2.918809  12.614883    3014.304 1
  2.123283  -0.335773   0.074600  0.000034  22364.517    10.192944   2.920424  12.621863    3671.159 1
  1.852039   2.440920   0.063669  0.000017  19087.486     5.096472   2.921525  12.626625     584.279 1
  1.877454  -0.804351   0.073441  0.000010  22017.058     2.997925   2.924516  12.639548    3343.861 1
  1.877157  -0.807606   0.072701  0.000039  21795.211    11.691906   2.926057  12.646208    3134.887 1
357.101030  -0.975864   0.045006  0.000010  13492.459     2.997925   2.932422  12.673718   -4686.093 1
  2.328159   0.329016   0.062528  0.000007  18745.423     2.098547   2.932935  12.675936     262.064 1
  1.672853   2.698523   0.061189  0.000015  18344.001     4.496887   2.934545  12.682893    -116.065 1
  1.829353  -0.896507   0.073293  0.000008  21972.689     2.398340   2.936762  12.692477    3302.066 1
  2.070761  -0.491981   0.074301  0.000015  22274.879     4.496887   2.937510  12.695708    3586.722 1
  1.854568  -0.862842   0.073612  0.000007  22068.322     2.098547   2.938161  12.698524    3392.151 1
  2.277020   0.042472   0.073479  0.000027  22028.450     8.094396   2.943100  12.719868    3354.592 1
  1.899883  -0.813149   0.072117  0.000007  21620.133     2.098547   2.948093  12.741449    2969.967 1
  1.920309  -0.787691   0.073566  0.000018  22054.532     5.396264   2.951411  12.755790    3379.160 1
356.751831  -0.447342   0.071174  0.000005  21337.428     1.498962   2.957986  12.784204    2703.667 1
356.636668  -0.162958   0.073647  0.000006  22078.815     1.798755   2.958168  12.784992    3402.034 1
356.558042   0.088500   0.070937  0.000009  21266.378     2.698132   2.962195  12.802397    2636.739 1
  2.401640   0.886031   0.052708  0.000013  15801.461     3.897302   2.969220  12.832758   -2511.072 1
  1.993980  -0.721086   0.062776  0.000007  18819.771     2.098547   2.979145  12.875651     332.099 1
  2.402533   1.051251   0.051981  0.000007  15583.512     2.098547   2.979372  12.876631   -2716.375 1
  1.916043  -0.857389   0.073977  0.000027  22177.747     8.094396   2.985980  12.905194    3495.225 1
  2.425737   0.967245   0.079304  0.000010  23774.741     2.997925   2.996687  12.951466    4999.553 1
  2.055288  -0.653996   0.073025  0.000012  21892.344     3.597509   2.998853  12.960829    3226.384 1
359.143083  -2.183250   0.074018  0.000150  22190.038    44.968869   2.999263  12.962602    3506.804 1
  2.409830   0.426580   0.059983  0.000005  17982.451     1.498962   2.999795  12.964901    -456.636 1
356.463849   0.366566   0.070027  0.000011  20993.566     3.297717   3.000930  12.969806    2379.758 1
  2.429445   0.990803   0.059526  0.000007  17845.446     2.098547   3.001779  12.973474    -585.691 1
  2.404672   0.348475   0.063270  0.000007  18967.869     2.098547   3.005467  12.989415     471.603 1
356.431838   0.996801   0.060702  0.000018  18198.002     5.396264   3.007507  12.998232    -253.592 1
  1.979070  -0.801291   0.073882  0.000022  22149.266     6.595434   3.008309  13.001697    3468.398 1
  2.443199   0.848801   0.079262  0.000006  23762.150     1.798755   3.009949  13.008785    4987.693 1
  2.019253  -0.751251   0.063221  0.000020  18953.179     5.995849   3.016313  13.036288     457.765 1
359.181292  -2.211556   0.072636  0.000017  21775.725     5.096472   3.024015  13.069575    3116.531 1
  2.303462  -0.174431   0.075955  0.000009  22770.736     2.698132   3.031403  13.101506    4053.806 1
  2.299423  -0.192483   0.076671  0.000010  22985.388     2.997925   3.033449  13.110351    4256.002 1
  2.339849  -0.070332   0.057666  0.000012  17287.832     3.597509   3.034323  13.114127   -1110.949 1
  2.340685  -0.072718   0.057370  0.000007  17199.093     2.098547   3.035810  13.120554   -1194.539 1
  2.269019  -0.285767   0.074750  0.000032  22409.486     9.593359   3.036893  13.125236    3713.518 1
  2.347065  -0.056028   0.075753  0.000011  22710.178     3.297717   3.037162  13.126400    3996.762 1
  1.928746  -0.930701   0.075505  0.000009  22635.830     2.698132   3.037758  13.128975    3926.728 1
  2.030114  -0.779736   0.063216  0.000017  18951.680     5.096472   3.040348  13.140168     456.353 1
  2.151098  -0.596073   0.073199  0.000029  21944.508     8.693981   3.056029  13.207938    3275.521 1
  2.307156  -0.251187   0.075378  0.000018  22597.756     5.396264   3.060456  13.227073    3890.863 1
356.509448  -0.132133   0.062686  0.000038  18792.790    11.392113   3.069177  13.264763     306.683 1
  2.476537   0.391525   0.059705  0.000006  17899.109     1.798755   3.070472  13.270359    -535.142 1
  2.476819   0.391081   0.059850  0.000005  17942.579     1.498962   3.070810  13.271824    -494.194 1
  2.319072  -0.252412   0.075443  0.000034  22617.242    10.192944   3.072066  13.277252    3909.219 1
359.812410   3.852168   0.064295  0.000015  19275.156     4.496887   3.073690  13.284270     761.059 1
  2.284175  -0.353625   0.075813  0.000014  22728.166     4.197094   3.075892  13.293787    4013.706 1
  1.885578  -1.069101   0.075046  0.000029  22498.225     8.693981   3.084345  13.330320    3797.108 1
359.722900   3.876020   0.059707  0.000013  17899.708     3.897302   3.087687  13.344761    -534.577 1
356.628699  -0.495495   0.070496  0.000013  21134.169     3.897302   3.089935  13.354477    2512.202 1
  2.522984   0.673524   0.062721  0.000012  18803.283     3.597509   3.092029  13.363530     316.567 1
  2.431764   0.035523   0.076353  0.000005  22890.054     1.498962   3.094560  13.374467    4166.200 1
  2.069685  -0.822228   0.044353  0.000054  13296.695    16.188793   3.096285  13.381923   -4870.498 1
356.349961   1.097867   0.059336  0.000019  17788.485     5.696057   3.097227  13.385993    -639.346 1
356.357116   0.430984   0.055668  0.000020  16688.847     5.995849   3.098191  13.390159   -1675.178 1
  2.499592   0.346792   0.062842  0.000038  18839.558    11.392113   3.099571  13.396126     350.737 1
  2.325460  -0.325603   0.075086  0.000024  22510.217     7.195019   3.103899  13.414830    3808.403 1
  2.139841  -0.725857   0.044379  0.000016  13304.489     4.796679   3.107730  13.431387   -4863.156 1
359.107958  -2.290722   0.074248  0.000150  22258.990    44.968869   3.109726  13.440016    3571.755 1
  1.064250  -1.850306   0.074105  0.000150  22216.120    44.968869   3.113490  13.456282    3531.372 1
  1.843681  -1.171702   0.044645  0.000013  13384.234     3.897302   3.115119  13.463321   -4788.038 1
356.556709  -0.405602   0.074130  0.000030  22223.615     8.993774   3.119524  13.482359    3538.432 1
358.613958  -2.209528   0.073908  0.000150  22157.061    44.968869   3.120923  13.488408    3475.740 1
  1.984545  -1.001809   0.075242  0.000009  22556.984     2.698132   3.124257  13.502818    3852.457 1
  2.363087  -0.297316   0.074786  0.000055  22420.279    16.488585   3.128932  13.523022    3723.684 1
  2.552932   0.494087   0.060858  0.000012  18244.769     3.597509   3.134461  13.546917    -209.538 1
  2.489807   0.100620   0.054879  0.000007  16452.310     2.098547   3.135623  13.551940   -1897.989 1
  2.539360   0.368894   0.063423  0.000016  19013.737     4.796679   3.135781  13.552623     514.809 1
  2.243854  -0.593592   0.072121  0.000020  21621.332     5.995849   3.137684  13.560848    2971.097 1
  2.376676  -0.293038   0.075728  0.000030  22702.683     8.993774   3.140163  13.571561    3989.702 1
  2.264860  -0.582497   0.073349  0.000024  21989.477     7.195019   3.151621  13.621081    3317.880 1
  2.375716  -0.331534   0.075442  0.000023  22616.943     6.895227   3.152897  13.626597    3908.937 1
  2.349669  -0.400020   0.075174  0.000011  22536.598     3.297717   3.154066  13.631649    3833.254 1
  2.413352  -0.232663   0.075194  0.000034  22542.594    10.192944   3.154244  13.632417    3838.902 1
356.280869   1.063848   0.061236  0.000014  18358.091     4.197094   3.163004  13.670279    -102.792 1
  2.267782  -0.607063   0.073302  0.000029  21975.387     8.693981   3.165105  13.679359    3304.608 1
356.798664  -0.953298   0.074450  0.000010  22319.548     2.997925   3.165583  13.681422    3628.799 1
356.286761   0.409212   0.062123  0.000022  18624.007     6.595434   3.170667  13.703397     147.694 1
  2.602195   0.922527   0.059612  0.000007  17871.228     2.098547   3.170858  13.704224    -561.405 1
356.272616   1.071154   0.061901  0.000012  18557.453     3.597509   3.171840  13.708466      85.001 1
  2.605763   0.961435   0.059447  0.000019  17821.762     5.696057   3.176139  13.727048    -608.000 1
  2.606591   0.972171   0.059775  0.000015  17920.094     4.496887   3.177523  13.733030    -515.374 1
  2.282677  -0.606364   0.073978  0.000018  22178.046     5.396264   3.178139  13.735689    3495.508 1
  2.094573  -0.939739   0.063609  0.000008  19069.498     2.398340   3.180303  13.745042     567.335 1
  2.494588  -0.063537   0.048736  0.000020  14610.685     5.995849   3.180971  13.747930   -3632.753 1
  2.275207  -0.634921   0.073234  0.000022  21955.001     6.595434   3.184228  13.762007    3285.405 1
356.268377   1.178892   0.061201  0.000016  18347.598     4.796679   3.187004  13.774004    -112.676 1
  2.292758  -0.608424   0.072960  0.000030  21872.858     8.993774   3.188089  13.778693    3208.028 1
  2.328617  -0.535692   0.045022  0.000028  13497.256     8.394189   3.189100  13.783065   -4681.574 1
356.406997  -0.205598   0.049515  0.000011  14844.224     3.297717   3.189353  13.784154   -3412.766 1
356.265403   1.175126   0.063516  0.000033  19041.618     9.893151   3.189514  13.784852     541.072 1
  2.291195  -0.618187   0.071692  0.000014  21492.721     4.197094   3.191020  13.791362    2849.949 1
356.408154  -0.217928   0.050241  0.000033  15061.873     9.893151   3.192173  13.796343   -3207.745 1
  2.307895  -0.594459   0.071954  0.000011  21571.267     3.297717   3.195543  13.810908    2923.937 1
356.240787   0.956690   0.061162  0.000018  18335.906     5.396264   3.195969  13.812750    -123.690 1
356.261584   1.197978   0.062148  0.000017  18631.502     5.096472   3.196058  13.813133     154.753 1
  2.298309  -0.615202   0.073332  0.000010  21984.381     2.997925   3.196067  13.813175    3313.079 1
356.258685   1.174142   0.060144  0.000022  18030.718     6.595434   3.196071  13.813189    -411.170 1
  0.212229  -2.299834   0.046022  0.000008  13797.049     2.398340   3.198059  13.821784   -4399.178 1
  2.298878  -0.622626   0.071565  0.000006  21454.647     1.798755   3.199875  13.829633    2814.084 1
  1.603724   3.156399   0.057715  0.000012  17302.522     3.597509   3.202063  13.839088   -1097.112 1
  2.301919  -0.621712   0.070603  0.000007  21166.247     2.098547   3.202192  13.839645    2542.419 1
356.404871  -0.241784   0.048982  0.000006  14684.434     1.798755   3.202978  13.843042   -3563.283 1
  2.358157  -0.531982   0.074314  0.000009  22278.777     2.698132   3.214396  13.892392    3590.393 1
359.361120  -2.412471   0.075966  0.000017  22774.034     5.096472   3.215222  13.895959    4056.913 1
356.233815   1.126978   0.058714  0.000014  17602.014     4.197094   3.215661  13.897858    -814.997 1
356.235584   1.146570   0.058428  0.000020  17516.274     5.995849   3.215942  13.899072    -895.763 1
356.965998  -1.263406   0.078546  0.000010  23547.498     2.997925   3.217474  13.905694    4785.496 1
  2.413736  -0.420603   0.073751  0.000009  22109.994     2.698132   3.221141  13.921543    3431.404 1
  2.401150  -0.466142   0.072338  0.000023  21686.387     6.895227   3.227123  13.947395    3032.377 1
  2.655410   0.567480   0.064337  0.000006  19287.747     1.798755   3.230294  13.961102     772.920 1
  2.303550   2.294124   0.064508  0.000012  19339.012     3.597509   3.234690  13.980100     821.210 1
356.210068   1.135198   0.059956  0.000022  17974.357     6.595434   3.240120  14.003569    -464.260 1
  2.325621  -0.661681   0.073627  0.000041  22072.819    12.291491   3.241289  14.008619    3396.386 1
  2.261226  -0.794046   0.072846  0.000017  21838.681     5.096472   3.246946  14.033068    3175.835 1
  2.551744  -0.110052   0.075251  0.000014  22559.682     4.197094   3.248752  14.040877    3854.999 1
356.194817   1.086008   0.059376  0.000008  17800.477     2.398340   3.250622  14.048956    -628.051 1
  2.619956   0.156167   0.062793  0.000024  18824.868     7.195019   3.251105  14.051043     336.899 1
358.987950   4.031527   0.072199  0.000019  21644.716     5.696057   3.260145  14.090116    2993.124 1
  2.679579   0.489017   0.066237  0.000022  19857.353     6.595434   3.260990  14.093765    1309.474 1
  2.698053   0.608431   0.064583  0.000007  19361.496     2.098547   3.270144  14.133328     842.390 1
  2.698070   0.608216   0.064583  0.000007  19361.496     2.098547   3.270173  14.133456     842.390 1
356.335476  -0.251836   0.049847  0.000009  14943.755     2.698132   3.271880  14.140834   -3319.010 1
  2.344579  -0.692042   0.073008  0.000021  21887.248     6.295642   3.271964  14.141197    3221.583 1
356.170073   1.114908   0.058886  0.000011  17653.579     3.297717   3.277902  14.166860    -766.425 1
  2.469878  -0.446540   0.067554  0.000014  20252.180     4.197094   3.282923  14.188557    1681.391 1
  2.060670  -1.182250   0.051013  0.000009  15293.313     2.698132   3.292207  14.228683   -2989.735 1
  2.636493   0.019737   0.065198  0.000006  19545.869     1.798755   3.296991  14.249360    1016.064 1
356.148689   1.119442   0.059376  0.000021  17800.477     6.295642   3.299620  14.260724    -628.051 1
356.151912   1.177639   0.060317  0.000009  18082.582     2.698132   3.302526  14.273283    -362.315 1
  2.544010  -0.310296   0.074397  0.000006  22303.659     1.798755   3.303266  14.276480    3613.832 1
  2.544530  -0.311318   0.074132  0.000005  22224.214     1.498962   3.304100  14.280083    3538.997 1
