 62.037500 -30.890111   0.062170  0.000150  18638.097    44.968869   0.020583   0.086848     606.641 0
 62.085000 -30.873000   0.061343  0.000333  18390.169    99.830889   0.033969   0.143331     372.752 0
 62.070439 -30.936712   0.057366  0.000153  17197.894    45.868246   0.039112   0.165030    -752.009 0
 62.014575 -30.910196   0.063000  0.000333  18886.925    99.830889   0.039990   0.168735     841.379 0
 62.116922 -30.903538   0.059818  0.000130  17932.985    38.973020   0.049717   0.209778     -58.543 0
 62.122125 -30.887991   0.058784  0.000157  17623.000    47.067416   0.055027   0.232182    -350.975 0
 62.087003 -30.843036   0.055989  0.000254  16785.080    76.147284   0.060636   0.255849   -1141.447 1
 62.027729 -30.841864   0.070465  0.000177  21124.876    53.063265   0.063031   0.265955    2952.603 1
 62.053962 -30.971412   0.057743  0.000103  17310.916    30.878623   0.072755   0.306988    -645.387 0
 62.008923 -30.977762   0.060895  0.000173  18255.862    51.864095   0.089999   0.379749     246.050 0
 62.060693 -30.990937   0.060262  0.000087  18066.093    26.081944   0.092147   0.388811      67.027 0
 61.974583 -30.834457   0.061279  0.000177  18370.982    53.063265   0.097043   0.409469     354.652 0
 61.982490 -30.826560   0.069908  0.000130  20957.891    38.973020   0.097756   0.412476    2795.075 1
 61.989653 -30.819703   0.069751  0.000147  20910.824    44.069491   0.099106   0.418174    2750.672 1
 62.135211 -30.822823   0.059991  0.000140  17984.849    41.970944   0.100106   0.422391      -9.616 0
 62.060833 -31.001185   0.055432  0.000404  16618.096    99.990000   0.102396   0.432055   -1298.976 1
 62.008208 -30.991583   0.053854  0.000180  16145.023    53.962642   0.102601   0.432921   -1745.260 1
 61.969410 -30.827202   0.060318  0.000394  18082.881    99.990000   0.105206   0.443911      82.865 0
 61.979065 -30.813418   0.071323  0.000093  21382.097    27.880699   0.109651   0.462668    3195.260 1
 62.137571 -30.810556   0.062513  0.000090  18740.926    26.981321   0.110922   0.468030     703.647 0
 62.138459 -30.810398   0.062427  0.000150  18715.144    44.968869   0.111510   0.470513     679.325 0
 61.972045 -30.982519   0.055325  0.000277  16586.018    83.042511   0.112285   0.473783   -1329.237 1
 62.046906 -31.010626   0.062460  0.000147  18725.037    44.069491   0.112328   0.473964     688.658 0
 62.108064 -31.003182   0.056649  0.000153  16982.943    45.868246   0.112476   0.474585    -954.788 0
 62.088534 -30.785278   0.059838  0.000177  17938.981    53.063265   0.116269   0.490590     -52.887 0
 62.038207 -31.027506   0.060031  0.000113  17996.841    33.876548   0.129968   0.548394       1.697 0
 61.940674 -30.987037   0.055535  0.000147  16648.974    44.069491   0.134677   0.568264   -1269.846 1
 62.190441 -30.801390   0.061569  0.000233  18457.922    69.851643   0.148867   0.628139     436.669 0
 62.034971 -31.053180   0.060455  0.000110  18123.953    32.977170   0.155781   0.657310     121.611 0
 62.061397 -31.057668   0.062463  0.000147  18725.936    44.069491   0.158881   0.670390     689.506 0
 62.138652 -30.754462   0.061349  0.000230  18391.968    68.952265   0.159610   0.673468     374.449 0
 62.263410 -30.880329   0.061279  0.000150  18370.982    44.968869   0.176159   0.743295     354.652 0
 61.969189 -30.729457   0.062466  0.000150  18726.836    44.968869   0.186139   0.785407     690.355 0
 62.004898 -30.717225   0.057797  0.000147  17327.105    44.069491   0.187466   0.791005    -630.115 0
 62.224823 -31.026480   0.059268  0.000140  17768.099    41.970944   0.191020   0.806001    -214.092 0
 62.171149 -30.721896   0.058163  0.000160  17436.829    47.966793   0.201282   0.849299    -526.604 0
 62.105360 -31.113398   0.058590  0.000130  17564.840    38.973020   0.218218   0.920759    -405.842 0
 61.799894 -30.910715   0.054875  0.000330  16451.111    98.931511   0.222862   0.940358   -1456.504 1
 62.068680 -30.675654   0.061866  0.000143  18546.960    42.870321   0.223291   0.942165     520.665 0
 61.981686 -30.679849   0.061406  0.000100  18409.056    29.979246   0.228840   0.965581     390.569 0
 61.943433 -30.687848   0.058684  0.000304  17593.021    91.136907   0.233186   0.983916    -379.257 0
 61.916463 -30.699939   0.057626  0.000107  17275.840    32.077793   0.233572   0.985545    -678.477 0
 61.967061 -30.677914   0.061689  0.000143  18493.897    42.870321   0.234621   0.989971     470.606 0
 61.758601 -30.959815   0.058474  0.000120  17530.064    35.975095   0.265094   1.118551    -438.648 0
 62.301006 -30.705062   0.061232  0.000333  18356.892    99.830889   0.283846   1.197674     341.359 0
 61.757871 -31.020293   0.075826  0.000180  22732.063    53.962642   0.285721   1.205585    4468.782 1
 61.897428 -30.645989   0.058954  0.000177  17673.965    53.063265   0.288431   1.217020    -302.896 0
 62.050738 -31.204291   0.058921  0.000123  17664.071    36.874472   0.305580   1.289381    -312.229 0
 62.434994 -30.947473   0.058304  0.000217  17479.099    65.054963   0.326074   1.375853    -486.727 0
 61.667263 -30.863858   0.060705  0.000103  18198.901    30.878623   0.338161   1.426854     192.315 0
 62.457498 -30.962286   0.060125  0.000150  18025.022    44.968869   0.347578   1.466588      28.282 0
 61.776506 -30.647523   0.059284  0.000157  17772.896    47.067416   0.349285   1.473791    -209.567 0
 61.668382 -31.032717   0.070288  0.000274  21071.812    82.143133   0.361139   1.523809    2902.545 1
 62.499358 -30.931170   0.061292  0.000123  18374.879    36.874472   0.379034   1.599318     358.328 0
 61.816271 -31.251421   0.057573  0.000110  17259.951    32.977170   0.409648   1.728490    -693.466 1
 61.919942 -30.500366   0.059434  0.000150  17817.865    44.968869   0.415976   1.755192    -167.144 0
 61.787129 -30.552540   0.070555  0.000043  21151.857    12.891076   0.417631   1.762173    2978.057 1
 61.852484 -31.318544   0.071056  0.000173  21302.053    51.864095   0.455701   1.922810    3119.748 1
 61.864500 -31.332389   0.070335  0.000040  21085.903    11.991698   0.464678   1.960688    2915.837 1
 62.635063 -30.882286   0.070462  0.000150  21123.976    44.968869   0.494370   2.085973    2951.755 1
 61.818601 -30.444143   0.060455  0.000193  18123.953    57.859944   0.499350   2.106982     121.611 0
 62.441153 -31.282383   0.056556  0.000200  16955.062    59.958492   0.504508   2.128747    -981.090 1
 62.395585 -30.483189   0.060238  0.000177  18058.898    53.063265   0.505987   2.134990      60.240 0
 62.367647 -30.464644   0.060959  0.000117  18275.048    35.075718   0.508448   2.145373     264.151 0
 61.539042 -31.179333   0.075062  0.000260  22503.021    77.946039   0.527210   2.224536    4252.710 1
 61.444053 -30.949425   0.065605  0.000300  19667.884    89.937737   0.530304   2.237594    1578.116 1
 61.666288 -31.340847   0.074498  0.000190  22333.939    56.960567   0.555970   2.345890    4093.202 1
 62.241392 -31.438522   0.057343  0.000150  17190.999    44.968869   0.561899   2.370905    -758.514 1
 62.298333 -31.429307   0.057460  0.000427  17226.075    99.990000   0.568795   2.400006    -725.424 1
 61.667262 -31.359741   0.074371  0.000127  22295.865    38.073642   0.570615   2.407682    4057.284 1
 62.283318 -30.360153   0.069281  0.000330  20769.921    98.931511   0.571932   2.413241    2617.749 1
 62.024554 -30.319442   0.060292  0.000133  18075.087    39.872397   0.580120   2.447790      75.512 0
 61.892089 -31.471937   0.072087  0.000150  21611.139    44.968869   0.590814   2.492913    3411.331 1
 61.578433 -30.458082   0.060865  0.000053  18246.868    15.889000   0.603695   2.547263     237.566 0
 62.427423 -30.381300   0.069078  0.000333  20709.063    99.830889   0.606310   2.558297    2560.337 1
 62.058627 -31.513358   0.057093  0.000213  17116.051    63.855794   0.614560   2.593108    -829.218 1
 61.333072 -30.867332   0.059318  0.000123  17783.089    36.874472   0.623906   2.632543    -199.951 0
 62.788285 -30.834862   0.071002  0.000280  21285.864    83.941888   0.628829   2.653316    3104.476 1
 61.443957 -30.532031   0.059725  0.000060  17905.105    17.987547   0.642857   2.712503     -84.845 0
 61.518462 -30.407972   0.059168  0.000150  17738.120    44.968869   0.675453   2.850044    -242.374 0
 61.864649 -31.572992   0.070395  0.000333  21103.890    99.830889   0.694564   2.930681    2932.806 1
 62.644920 -30.415721   0.060895  0.000200  18255.862    59.958492   0.697081   2.941302     246.050 0
 62.707813 -30.453464   0.060705  0.000213  18198.901    63.855794   0.712767   3.007486     192.315 0
 62.760965 -30.514992   0.059047  0.000200  17701.845    59.958492   0.714048   3.012894    -276.594 0
 61.333328 -30.529231   0.060629  0.000073  18176.117    21.884849   0.724275   3.056046     170.821 0
 62.717964 -30.407114   0.061726  0.000073  18504.989    21.884849   0.749158   3.161038     481.071 0
 61.479114 -30.335254   0.059178  0.000150  17741.118    44.968869   0.751920   3.172692    -239.545 0
 61.444055 -30.356698   0.059358  0.000073  17795.081    21.884849   0.756657   3.192680    -188.639 0
 61.240476 -30.542330   0.061172  0.000103  18338.904    30.878623   0.787826   3.324193     324.390 0
 61.244795 -30.509979   0.058774  0.000320  17620.002    95.933587   0.799741   3.374471    -353.803 0
 61.204533 -30.549196   0.061599  0.000140  18466.916    41.970944   0.812471   3.428184     445.153 0
 61.343267 -30.365519   0.058410  0.000187  17510.877    56.061190   0.813529   3.432648    -456.748 0
 61.373545 -30.302453   0.059064  0.000050  17706.942    14.989623   0.837748   3.534840    -271.787 0
 61.159739 -30.552601   0.064218  0.000203  19252.072    60.857869   0.845930   3.569361    1185.849 1
 61.338652 -30.319076   0.058791  0.000067  17625.098    20.086095   0.847586   3.576350    -348.995 0
 63.061821 -30.895089   0.059568  0.000150  17858.037    44.968869   0.860293   3.629967    -129.247 0
 61.486833 -30.184778   0.061226  0.000083  18355.093    24.882774   0.866646   3.656774     339.663 0
 61.297927 -30.326492   0.058577  0.000213  17560.943    63.855794   0.868502   3.664602    -409.518 0
 61.386712 -30.244209   0.059378  0.000103  17801.077    30.878623   0.872648   3.682096    -182.982 0
 61.277248 -30.299025   0.058517  0.000217  17542.955    65.054963   0.899993   3.797477    -426.487 0
 61.140593 -30.452130   0.069838  0.000327  20936.906    98.032134   0.906029   3.822945    2775.277 1
 61.274310 -30.274283   0.058077  0.000113  17411.047    33.876548   0.918514   3.875626    -550.926 1
 61.296192 -30.234160   0.058981  0.000100  17682.059    29.979246   0.932980   3.936666    -295.260 0
 61.262840 -31.549760   0.058734  0.000150  17608.010    44.968869   0.943798   3.982312    -365.116 0
 61.312583 -30.195056   0.057680  0.000117  17292.029    35.075718   0.951704   4.015671    -663.204 1
 62.959024 -30.302021   0.075189  0.000150  22541.095    44.968869   0.975831   4.117474    4288.628 1
 61.245964 -30.214149   0.059484  0.000073  17832.855    21.884849   0.977624   4.125040    -153.004 0
 60.913031 -30.849106   0.060075  0.000333  18010.032    99.830889   0.984794   4.155291      14.141 0
 61.296600 -30.150624   0.058867  0.000130  17647.883    38.973020   0.993989   4.194090    -327.501 0
 60.863648 -30.710409   0.060388  0.000053  18103.867    15.889000   1.043067   4.401173     102.662 0
 62.418042 -29.901889   0.060675  0.000150  18189.907    44.968869   1.043367   4.402437     183.831 0
 62.878859 -31.671951   0.076456  0.000247  22920.932    74.048737   1.045171   4.410050    4646.956 1
 61.181792 -30.171972   0.059238  0.000083  17759.106    24.882774   1.046502   4.415668    -222.577 0
 61.240375 -30.114778   0.058390  0.000103  17504.882    30.878623   1.052810   4.442283    -462.405 0
 61.657452 -29.893715   0.075302  0.000270  22574.972    80.943964   1.062571   4.483470    4320.586 1
 60.822434 -30.802696   0.059881  0.000103  17951.872    30.878623   1.065621   4.496336     -40.726 0
 60.830664 -30.735199   0.060675  0.000083  18189.907    24.882774   1.066835   4.501460     183.831 0
 61.367122 -30.005506   0.060085  0.000187  18013.030    56.061190   1.072698   4.526200      16.969 0
 61.315561 -30.021176   0.071182  0.000130  21339.827    38.973020   1.085099   4.578526    3155.383 1
 61.169785 -30.082556   0.060772  0.000113  18218.987    33.876548   1.117481   4.715157     211.264 0
 60.940704 -30.309331   0.059651  0.000073  17882.920    21.884849   1.126355   4.752601    -105.773 0
 61.003521 -30.227771   0.059604  0.000107  17868.830    32.077793   1.127350   4.756799    -119.066 0
 62.441917 -29.816000   0.047429  0.000150  14218.856    44.968869   1.131491   4.774274   -3562.355 1
 60.736622 -30.815434   0.068564  0.000150  20554.970    44.968869   1.137969   4.801607    2414.969 1
 61.148833 -30.058694   0.057253  0.000123  17164.018    36.874472   1.147194   4.840530    -783.967 1
 60.741850 -30.665824   0.063957  0.000230  19173.826    68.952265   1.154183   4.870021    1112.034 1
 60.793750 -31.294188   0.065610  0.000333  19669.383    99.830889   1.155635   4.876149    1579.530 1
 60.807400 -30.459861   0.060508  0.000117  18139.842    35.075718   1.160399   4.896248     136.600 0
 63.425658 -31.128469   0.070766  0.000150  21215.113    44.968869   1.194768   5.041266    3037.731 1
 61.363042 -29.863722   0.059147  0.000100  17731.825    29.979246   1.195100   5.042668    -248.313 0
 60.984659 -30.090548   0.061156  0.000060  18334.108    17.987547   1.226170   5.173769     319.865 0
 63.301474 -30.280312   0.059484  0.000150  17832.855    44.968869   1.232365   5.199904    -153.004 0
 63.444230 -30.529947   0.060519  0.000150  18143.140    44.968869   1.244345   5.250457     139.711 0
 61.180333 -29.889750   0.060025  0.000150  17995.042    44.968869   1.259744   5.315433       0.000 0
 62.798210 -31.998454   0.064948  0.000213  19470.921    63.855794   1.269374   5.356063    1392.305 1
 62.576736 -32.114935   0.059589  0.000213  17864.333    63.855794   1.294668   5.462792    -123.308 0
 61.013519 -29.931864   0.058047  0.000153  17402.053    45.868246   1.319141   5.566052    -559.411 1
 60.808042 -30.126139   0.059845  0.000087  17941.080    26.081944   1.322754   5.581299     -50.907 0
 60.791935 -30.110731   0.061839  0.000067  18538.866    20.086095   1.342980   5.666640     513.029 1
 60.774708 -30.102528   0.059968  0.000150  17977.954    44.968869   1.359764   5.737461     -16.121 0
 60.784042 -30.074139   0.060655  0.000150  18183.912    44.968869   1.370176   5.781395     178.174 0
 60.980125 -29.871944   0.060812  0.000077  18230.979    23.084019   1.382695   5.834216     222.577 0
 60.849125 -29.978889   0.059975  0.000150  17980.053    44.968869   1.387248   5.853426     -14.141 0
 63.286500 -29.919056   0.059538  0.000150  17849.043    44.968869   1.438355   6.069071    -137.732 0
 60.808917 -29.896694   0.057633  0.000177  17277.939    53.063265   1.468086   6.194521    -676.497 1
 63.852974 -31.002712   0.071449  0.000150  21419.871    44.968869   1.542658   6.509174    3230.895 1
 60.334817 -31.454396   0.059088  0.000150  17714.137    44.968869   1.580561   6.669103    -264.999 1
 60.326152 -31.453076   0.059358  0.000150  17795.081    44.968869   1.587062   6.696536    -188.639 1
 63.910689 -31.006364   0.070999  0.000150  21284.965    44.968869   1.592316   6.718701    3103.627 1
 60.597208 -29.904083   0.060815  0.000103  18231.878    30.878623   1.601039   6.755510     223.425 1
 60.426083 -30.058889   0.068531  0.000150  20545.077    44.968869   1.633801   6.893747    2405.636 1
 63.985708 -30.643694   0.059328  0.000150  17786.087    44.968869   1.672619   7.057536    -197.123 1
 60.144102 -30.322277   0.061993  0.000267  18585.034    80.044586   1.741533   7.348318     556.583 1
 60.564417 -29.701611   0.063484  0.000150  19032.024    44.968869   1.754570   7.403325     978.262 1
 61.687708 -29.166083   0.063607  0.000150  19068.899    44.968869   1.761800   7.433833    1013.048 1
 63.728728 -31.964344   0.070038  0.000150  20996.864    44.968869   1.785375   7.533307    2831.841 1
 60.057951 -30.245214   0.067153  0.000454  20131.963    99.990000   1.837434   7.752965    2015.915 1
 60.334333 -29.797111   0.061329  0.000123  18385.972    36.874472   1.845109   7.785351     368.793 1
 63.055642 -32.553427   0.058333  0.000297  17487.793    89.038360   1.862470   7.858603    -478.525 1
 63.782000 -32.143583   0.057951  0.000213  17373.273    63.855794   1.932543   8.154275    -586.561 1
 63.742917 -32.197861   0.075955  0.000213  22770.736    63.855794   1.942877   8.197880    4505.265 1
 60.161010 -29.831010   0.062883  0.000577  18851.849    99.990000   1.947629   8.217929     808.289 1
 63.115917 -29.160417   0.058677  0.000150  17590.922    44.968869   1.960633   8.272797    -381.237 1
 60.156243 -32.015686   0.058787  0.000150  17623.899    44.968869   1.978350   8.347555    -350.127 1
 64.223375 -30.194639   0.059348  0.000150  17792.083    44.968869   1.986011   8.379879    -191.467 1
 63.869375 -32.152528   0.076352  0.000297  22889.754    89.038360   1.996085   8.422387    4617.543 1
 63.645109 -32.387613   0.076267  0.000213  22864.271    63.855794   2.017008   8.510670    4593.504 1
 59.972450 -31.888538   0.042853  0.000150  12847.006    44.968869   2.045956   8.632816   -4856.523 1
 63.116458 -29.059556   0.062250  0.000150  18662.081    44.968869   2.050796   8.653238     629.266 1
 63.523903 -32.532636   0.069101  0.000213  20715.959    63.855794   2.061295   8.697539    2566.842 1
 63.720042 -29.377083   0.073621  0.000150  22071.021    44.968869   2.084825   8.796820    3845.172 1
 63.773583 -29.392083   0.068077  0.000150  20408.971    44.968869   2.105735   8.885052    2277.238 1
 60.631458 -29.160944   0.064388  0.000150  19303.037    44.968869   2.126295   8.971801    1233.928 1
 63.950735 -32.280365   0.075381  0.000213  22598.655    63.855794   2.131429   8.993464    4342.929 1
 63.934958 -32.311222   0.058068  0.000213  17408.348    63.855794   2.141364   9.035386    -553.472 1
 61.617542 -28.789333   0.075212  0.000150  22547.990    44.968869   2.143244   9.043318    4295.133 1
 62.953500 -28.896500   0.049834  0.000150  14939.857    44.968869   2.144296   9.047755   -2882.182 1
 59.955011 -29.695726   0.068537  0.000053  20546.876    15.889000   2.169688   9.154898    2407.333 1
 64.412167 -30.065333   0.058927  0.000150  17665.870    44.968869   2.184253   9.216353    -310.532 1
 62.983833 -28.863611   0.062060  0.000150  18605.120    44.968869   2.184357   9.216791     575.531 1
 59.818292 -29.830917   0.059871  0.000107  17948.874    32.077793   2.199533   9.280826     -43.554 1
 59.452264 -30.666823   0.071209  0.000360  21347.921    99.990000   2.248984   9.489480    3163.019 1
 60.481958 -29.092389   0.062887  0.000150  18853.048    44.968869   2.257187   9.524094     809.421 1
 60.612333 -29.012444   0.064852  0.000150  19442.140    44.968869   2.258275   9.528684    1365.155 1
 59.498616 -30.358956   0.061196  0.000147  18346.099    44.069491   2.262561   9.546768     331.178 1
 63.793708 -29.190167   0.065639  0.000150  19678.077    44.968869   2.265934   9.561001    1587.731 1
 60.485875 -29.076000   0.063077  0.000150  18910.009    44.968869   2.268322   9.571079     863.156 1
 62.894208 -28.733361   0.063557  0.000150  19053.909    44.968869   2.280884   9.624084     998.908 1
 64.127212 -32.394318   0.069007  0.000297  20687.778    89.038360   2.320631   9.791794    2540.257 1
 63.508875 -32.867917   0.065272  0.000297  19568.053    89.038360   2.329098   9.827518    1483.938 1
 63.065449 -33.073911   0.068284  0.000297  20471.028    89.038360   2.340208   9.874398    2335.781 1
 63.237054 -33.015825   0.068972  0.000213  20677.285    63.855794   2.345893   9.898385    2530.358 1
 63.296649 -33.009714   0.068689  0.000297  20592.444    89.038360   2.362912   9.970198    2450.321 1
 63.389353 -32.975869   0.074086  0.000297  22210.424    89.038360   2.369992  10.000071    3976.681 1
 59.965014 -32.455668   0.058587  0.000150  17563.941    44.968869   2.377622  10.032265    -406.690 1
 64.638583 -29.971083   0.058581  0.000150  17562.142    44.968869   2.399834  10.125987    -408.387 1
 62.483350 -33.273758   0.066191  0.000213  19843.563    63.855794   2.402679  10.137993    1743.846 1
 60.268500 -29.037556   0.068271  0.000150  20467.131    44.968869   2.413576  10.183969    2332.104 1
 59.792958 -29.377000   0.063464  0.000150  19026.029    44.968869   2.469316  10.419161     972.606 1
 62.386247 -33.365751   0.066383  0.000297  19901.123    89.038360   2.482859  10.476307    1798.147 1
 63.852333 -28.924889   0.062470  0.000150  18728.035    44.968869   2.502723  10.560120     691.486 1
 59.705042 -29.419056   0.058454  0.000150  17524.068    44.968869   2.504073  10.565818    -444.305 1
 59.345417 -29.914944   0.063370  0.000063  18997.848    18.886925   2.527979  10.666687     946.021 1
 59.360000 -29.851667   0.060215  0.000137  18052.003    41.071567   2.541863  10.725272      53.735 1
 62.938419 -33.340954   0.056615  0.000297  16972.750    89.038360   2.556020  10.785008    -964.404 1
 63.947837 -32.947461   0.066492  0.000297  19933.800    89.038360   2.612129  11.021754    1828.974 1
 63.301248 -33.330428   0.075705  0.000213  22695.788    63.855794   2.654922  11.202317    4434.561 1
 63.382552 -33.317334   0.076965  0.000213  23073.527    63.855794   2.671829  11.273656    4790.910 1
 60.392667 -28.628278   0.063954  0.000150  19172.927    44.968869   2.683339  11.322222    1111.186 1
 62.709501 -33.533304   0.042636  0.000213  12781.951    63.855794   2.692945  11.362753   -4917.894 1
 62.804643 -33.529257   0.063724  0.000297  19103.975    89.038360   2.707104  11.422498    1046.138 1
 63.941637 -33.109844   0.076841  0.000213  23036.352    63.855794   2.738194  11.553680    4755.841 1
 65.271812 -30.687820   0.058747  0.000150  17611.908    44.968869   2.764687  11.665465    -361.439 1
 63.809500 -28.538528   0.075619  0.000150  22670.006    44.968869   2.797576  11.804239    4410.239 1
 60.944958 -28.265861   0.064878  0.000103  19449.935    30.878623   2.801173  11.819416    1372.508 1
 60.724409 -33.460131   0.051569  0.000150  15459.997    44.968869   2.805770  11.838817   -2391.496 1
 64.783875 -29.338444   0.075622  0.000150  22670.905    44.968869   2.810811  11.860085    4411.087 1
 63.716458 -33.342889   0.058789  0.000213  17624.499    63.855794   2.827667  11.931210    -349.561 1
 63.636158 -33.384081   0.059104  0.000213  17718.933    63.855794   2.829759  11.940037    -260.474 1
 63.436525 -33.520475   0.064441  0.000213  19318.926    63.855794   2.875737  12.134038    1248.917 1
 62.727388 -33.745545   0.076084  0.000297  22809.409    89.038360   2.903904  12.252888    4541.749 1
 58.688688 -30.383192   0.072020  0.000103  21591.053    30.878623   2.937794  12.395885    3392.383 1
 64.466708 -28.792306   0.044311  0.000150  13284.104    44.968869   2.950385  12.449013   -4444.177 1
 64.265793 -33.161934   0.059166  0.000213  17737.521    63.855794   2.950710  12.450382    -242.939 1
 64.050000 -28.490972   0.075609  0.000150  22667.008    44.968869   2.952225  12.456775    4407.411 1
 64.098292 -28.494028   0.076329  0.000150  22882.859    44.968869   2.973922  12.548326    4611.039 1
 64.005843 -33.365301   0.065043  0.000297  19499.401    89.038360   2.978864  12.569177    1419.173 1
 59.193042 -29.167056   0.067844  0.000150  20339.120    44.968869   3.007936  12.691843    2211.341 1
 65.577978 -30.488249   0.058577  0.000150  17560.943    44.968869   3.047122  12.857190    -409.518 1
 59.559542 -28.734139   0.063934  0.000103  19166.931    30.878623   3.047375  12.858257    1105.529 1
 59.579430 -33.099208   0.074298  0.000150  22273.980    44.968869   3.060986  12.915686    4036.639 1
 59.033833 -29.194028   0.060222  0.000150  18054.101    44.968869   3.105741  13.104530      55.715 1
 60.089292 -28.286250   0.060642  0.000103  18180.014    30.878623   3.111713  13.129726     174.498 1
 64.018000 -28.213056   0.063437  0.000150  19017.934    44.968869   3.168306  13.368517     964.970 1
 65.774378 -30.696266   0.058724  0.000150  17605.012    44.968869   3.194292  13.478163    -367.944 1
 60.277958 -28.060861   0.061933  0.000103  18567.046    30.878623   3.223374  13.600874     539.614 1
 59.305427 -33.107994   0.074105  0.000150  22216.120    44.968869   3.234849  13.649292    3982.055 1
 58.376167 -30.015222   0.067413  0.000150  20209.909    44.968869   3.281552  13.846356    2089.448 1
 60.438083 -27.909917   0.065035  0.000150  19497.003    44.968869   3.296743  13.910453    1416.910 1
 65.916376 -31.121027   0.070519  0.000150  21141.064    44.968869   3.317162  13.996608    2967.875 1
 65.913824 -31.195786   0.058564  0.000150  17557.046    44.968869   3.320826  14.012071    -413.195 1
 58.711333 -29.178028   0.060342  0.000103  18090.077    30.878623   3.348703  14.129697      89.653 1
 60.025667 -28.030083   0.060005  0.000150  17989.046    44.968869   3.357741  14.167832      -5.656 1
 58.165179 -31.336507   0.042843  0.000103  12844.008    30.878623   3.369951  14.219351   -4859.351 1
