335.967782  -1.633341   0.090127  0.000031  27019.395     9.293566   0.008403   0.051408      -3.850 0
335.974793  -1.633510   0.086727  0.000147  26000.101    44.069491   0.008688   0.053153    -938.862 0
335.959134  -1.638081   0.084839  0.000073  25434.092    21.884849   0.012025   0.073569   -1458.068 0
335.971706  -1.655753   0.092926  0.000029  27858.514     8.693981   0.014582   0.089212     765.884 0
335.959393  -1.653516   0.088758  0.000060  26608.979    17.987547   0.016750   0.102473    -380.330 0
335.952509  -1.648353   0.088690  0.000180  26588.593    53.962642   0.019588   0.119834    -399.030 0
335.956278  -1.654781   0.091577  0.000057  27454.094    17.088170   0.019842   0.121392     394.905 0
335.965905  -1.620681   0.087180  0.000113  26135.906    33.876548   0.021085   0.128997    -814.285 0
335.949820  -1.648280   0.090191  0.000122  27038.582    36.574680   0.022088   0.135133      13.750 0
335.987761  -1.656659   0.089940  0.000210  26963.334    62.956416   0.022978   0.140576     -55.276 0
335.961962  -1.616074   0.094128  0.000077  28218.864    23.084019   0.026620   0.162857    1096.438 0
335.967722  -1.612836   0.093328  0.000067  27979.031    20.086095   0.028527   0.174526     876.436 0
335.970695  -1.612438   0.093421  0.000067  28006.911    20.086095   0.028764   0.175975     902.011 0
335.946962  -1.657842   0.096450  0.000240  28914.983    71.950190   0.029024   0.177565    1734.996 0
335.997971  -1.655772   0.088717  0.000030  26596.687     8.993774   0.030863   0.188818    -391.605 0
335.973913  -1.609273   0.087549  0.000036  26246.530    10.792528   0.032085   0.196292    -712.809 0
335.955264  -1.612010   0.092214  0.000037  27645.062    11.092321   0.033043   0.202154     570.082 0
335.990948  -1.614911   0.093131  0.000197  27919.971    59.059114   0.033148   0.202792     822.260 0
335.979995  -1.603493   0.086710  0.000200  25995.004    59.958492   0.038824   0.237522    -943.537 0
335.949048  -1.673449   0.084709  0.000022  25395.119     6.595434   0.038866   0.237776   -1493.818 0
336.008745  -1.653009   0.087461  0.000213  26220.148    63.855794   0.039770   0.243311    -737.009 0
335.974751  -1.601540   0.092551  0.000013  27746.092     3.897302   0.039863   0.243876     662.758 0
335.938530  -1.667369   0.086246  0.000047  25855.900    14.090246   0.041498   0.253882   -1071.138 0
336.001042  -1.611815   0.092220  0.000180  27646.860    53.962642   0.042194   0.258137     571.732 0
335.966505  -1.598331   0.090079  0.000287  27005.005    86.040435   0.043081   0.263562     -17.050 0
335.927196  -1.643026   0.091102  0.000027  27311.693     8.094396   0.043576   0.266594     264.278 0
335.932555  -1.664245   0.094761  0.000039  28408.633    11.691906   0.044596   0.272832    1270.516 0
335.983333  -1.598056   0.089926  0.000107  26959.137    32.077793   0.044941   0.274946     -59.126 0
335.977799  -1.594549   0.093770  0.000180  28111.539    53.962642   0.047182   0.288652     997.987 0
335.929404  -1.668231   0.089549  0.000047  26846.115    14.090246   0.049384   0.302128    -162.802 0
335.989269  -1.595363   0.095108  0.000026  28512.661     7.794604   0.049435   0.302436    1365.942 0
335.921263  -1.641460   0.091036  0.000067  27291.906    20.086095   0.049469   0.302647     246.128 0
335.969496  -1.590894   0.093655  0.000087  28077.063    26.081944   0.050324   0.307874     966.362 0
335.995375  -1.597293   0.089345  0.000180  26784.957    53.962642   0.050337   0.307954    -218.903 0
335.922928  -1.619773   0.091326  0.000034  27378.846    10.192944   0.052388   0.320501     325.879 0
335.968930  -1.586966   0.091576  0.000023  27453.794     6.895227   0.054267   0.331996     394.630 0
335.914162  -1.637931   0.086196  0.000087  25840.911    26.081944   0.056661   0.346646   -1084.888 0
335.979169  -1.699262   0.090286  0.000137  27067.062    41.071567   0.058666   0.358914      39.875 0
335.936826  -1.697847   0.091655  0.000029  27477.478     8.693981   0.066020   0.403904     416.355 0
335.994563  -1.578851   0.086893  0.000187  26049.866    56.061190   0.066739   0.408303    -893.211 0
335.933199  -1.585606   0.095430  0.000140  28609.194    41.970944   0.067082   0.410399    1454.493 0
335.929999  -1.694560   0.088118  0.000097  26417.112    29.079868   0.067131   0.410696    -556.332 0
335.970634  -1.572677   0.084392  0.000107  25300.085    32.077793   0.068525   0.419228   -1580.994 0
335.982646  -1.572758   0.086511  0.000035  25935.345    10.492736   0.069469   0.425002    -998.262 0
336.008508  -1.582847   0.088591  0.000020  26558.914     5.995849   0.069496   0.425166    -426.255 0
335.906342  -1.613455   0.086346  0.000093  25885.880    27.880699   0.070108   0.428912   -1043.638 0
336.009733  -1.579836   0.087511  0.000173  26235.138    51.864095   0.072692   0.444717    -723.259 0
336.049125  -1.638640   0.094355  0.000037  28286.917    11.092321   0.078383   0.479535    1158.864 0
335.959270  -1.559767   0.088274  0.000127  26463.879    38.073642   0.082240   0.503133    -513.431 0
335.890384  -1.666250   0.089116  0.000054  26716.305    16.188793   0.084149   0.514815    -281.878 0
335.971384  -1.552786   0.089554  0.000023  26847.614     6.895227   0.088418   0.540931    -161.427 0
335.890659  -1.601208   0.085733  0.000117  25702.107    35.075718   0.089494   0.547512   -1212.215 0
335.943190  -1.554705   0.086316  0.000010  25876.886     2.997925   0.090779   0.555372   -1051.888 0
336.050538  -1.596259   0.086306  0.000120  25873.888    35.975095   0.091545   0.560059   -1054.638 0
336.050764  -1.596128   0.086272  0.000036  25863.695    10.792528   0.091806   0.561657   -1063.988 0
335.885275  -1.674967   0.087040  0.000060  26093.936    17.987547   0.091872   0.562059    -852.785 0
335.955831  -1.546938   0.093091  0.000150  27907.980    44.968869   0.095437   0.583869     811.260 0
335.919488  -1.560545   0.086828  0.000019  26030.380     5.696057   0.095558   0.584613    -911.086 0
335.878443  -1.616324   0.093813  0.000048  28124.430    14.390038   0.095566   0.584661    1009.812 0
336.012307  -1.554925   0.089348  0.000024  26785.857     7.195019   0.095756   0.585820    -218.078 0
336.014807  -1.556073   0.085870  0.000110  25743.178    32.977170   0.095845   0.586365   -1174.539 0
335.889367  -1.589628   0.083318  0.000013  24978.108     3.897302   0.096322   0.589287   -1876.348 1
335.901843  -1.573314   0.077240  0.000240  23155.969    71.950190   0.096713   0.591675   -3547.819 1
336.062477  -1.672115   0.092841  0.000087  27833.032    26.081944   0.096758   0.591955     742.509 0
336.043630  -1.576896   0.091086  0.000020  27306.896     5.995849   0.097171   0.594477     259.878 0
336.052176  -1.695252   0.090476  0.000113  27124.022    33.876548   0.097703   0.597733      92.126 0
335.915975  -1.558606   0.093958  0.000070  28167.900    20.985472   0.099097   0.606261    1049.688 0
336.068421  -1.616902   0.093498  0.000070  28029.995    20.985472   0.100608   0.615505     923.186 0
335.974061  -1.540440   0.093581  0.000070  28054.878    20.985472   0.100816   0.616781     946.012 0
336.019701  -1.547497   0.093508  0.000107  28032.993    32.077793   0.105710   0.646722     925.936 0
335.875185  -1.697194   0.088846  0.000036  26635.361    10.792528   0.110728   0.677419    -356.129 0
336.062151  -1.577819   0.090519  0.000097  27136.914    29.079868   0.111195   0.680277     103.951 0
336.036056  -1.550881   0.093388  0.000057  27997.018    17.088170   0.111441   0.681779     892.936 0
335.865271  -1.682659   0.088024  0.000047  26388.931    14.090246   0.113295   0.693125    -582.182 0
336.078575  -1.676644   0.089262  0.000050  26760.074    14.989623   0.113457   0.694113    -241.728 0
336.012506  -1.535411   0.093892  0.000097  28148.113    29.079868   0.113726   0.695764    1031.538 0
335.906199  -1.735154   0.089332  0.000120  26781.060    35.975095   0.113977   0.697294    -222.478 0
335.950029  -1.521427   0.091930  0.000117  27559.921    35.075718   0.121553   0.743646     491.981 0
336.092960  -1.622591   0.086670  0.000207  25983.012    62.057039   0.123567   0.755970    -954.537 0
335.923603  -1.523835   0.094809  0.000053  28423.023    15.889000   0.126476   0.773765    1283.716 0
335.882628  -1.733596   0.087527  0.000067  26239.934    20.086095   0.127656   0.780984    -718.859 0
336.102055  -1.662559   0.088278  0.000013  26465.079     3.897302   0.132975   0.813526    -512.331 0
335.858047  -1.714253   0.085703  0.000057  25693.113    17.088170   0.134270   0.821447   -1220.465 0
335.913716  -1.764798   0.090086  0.000130  27007.103    38.973020   0.136112   0.832714     -15.125 0
335.848143  -1.705432   0.091202  0.000020  27341.672     5.995849   0.138370   0.846527     291.779 0
336.044610  -1.518341   0.097147  0.000070  29123.938    20.985472   0.143337   0.876914    1926.674 1
335.925244  -1.503816   0.088074  0.000057  26403.921    17.088170   0.144721   0.885385    -568.432 0
336.027614  -1.505721   0.094118  0.000163  28215.867    48.866171   0.146921   0.898843    1093.688 0
335.887646  -1.765518   0.092100  0.000073  27610.885    21.884849   0.149517   0.914727     538.732 0
336.053804  -1.515198   0.094510  0.000180  28333.385    53.962642   0.150894   0.923150    1201.490 0
336.064384  -1.519899   0.092940  0.000130  27862.711    38.973020   0.153213   0.937336     769.734 0
336.043679  -1.490959   0.085846  0.000080  25735.983    23.983397   0.166994   1.021647   -1181.140 0
335.801717  -1.646251   0.083314  0.000057  24976.909    17.088170   0.169041   1.034171   -1877.448 1
336.059776  -1.495589   0.096100  0.000200  28810.055    59.958492   0.170651   1.044023    1638.745 0
335.814245  -1.565668   0.091807  0.000107  27523.046    32.077793   0.173723   1.062816     458.156 0
335.873863  -1.495705   0.087690  0.000170  26288.801    50.964718   0.174783   1.069301    -674.033 0
336.117084  -1.544521   0.093865  0.000017  28140.019     5.096472   0.175336   1.072683    1024.113 0
336.147016  -1.633400   0.087180  0.000130  26135.906    38.973020   0.176364   1.078974    -814.285 0
336.020056  -1.471273   0.087420  0.000110  26207.857    32.977170   0.176931   1.082444    -748.284 0
335.999507  -1.462005   0.087660  0.000120  26279.807    35.975095   0.181488   1.110317    -682.283 0
336.102313  -1.515704   0.088384  0.000013  26496.857     3.897302   0.181780   1.112104    -483.181 0
336.155763  -1.653605   0.092710  0.000230  27793.759    68.952265   0.185351   1.133951     706.484 0
335.852454  -1.493093   0.093270  0.000150  27961.643    44.968869   0.189524   1.159481     860.486 0
336.023081  -1.456602   0.088460  0.000200  26519.641    59.958492   0.191868   1.173822    -462.281 0
336.002527  -1.447413   0.091497  0.000013  27430.111     3.897302   0.196375   1.201395     372.905 0
335.905857  -1.827827   0.089190  0.000230  26738.489    68.952265   0.197577   1.208752    -261.528 0
336.093013  -1.482286   0.091223  0.000057  27347.967    17.088170   0.200474   1.226473     297.554 0
336.114783  -1.500037   0.095196  0.000043  28539.043    12.891076   0.201632   1.233559    1390.142 0
336.136788  -1.523734   0.094842  0.000143  28432.916    42.870321   0.203332   1.243961    1292.791 0
335.981763  -1.434620   0.088278  0.000203  26465.079    60.857869   0.206875   1.265634    -512.331 0
335.903757  -1.840208   0.083590  0.000170  25059.652    50.964718   0.209972   1.284578   -1801.547 1
336.037746  -1.431877   0.095776  0.000040  28712.922    11.991698   0.219776   1.344561    1549.644 0
336.010298  -1.424845   0.089055  0.000017  26698.017     5.096472   0.219939   1.345555    -298.654 0
336.188352  -1.679485   0.098351  0.000153  29484.888    45.868246   0.220854   1.351156    2257.778 1
336.064253  -1.433399   0.089278  0.000080  26764.871    23.983397   0.227854   1.393980    -237.328 0
335.898341  -1.423278   0.089272  0.000157  26763.072    47.067416   0.229630   1.404846    -238.978 0
335.813581  -1.812267   0.093415  0.000240  28005.112    71.950190   0.232262   1.420950     900.361 0
335.746646  -1.574988   0.083671  0.000100  25083.935    29.979246   0.233595   1.429104   -1779.272 1
336.152437  -1.489334   0.093942  0.000063  28163.103    18.886925   0.236741   1.448350    1045.288 0
336.182263  -1.519526   0.087958  0.000147  26369.145    44.069491   0.243937   1.492375    -600.332 0
336.205127  -1.572888   0.088868  0.000187  26641.956    56.061190   0.244036   1.492978    -350.079 0
335.738212  -1.733467   0.091874  0.000023  27543.132     6.895227   0.250087   1.529998     476.581 0
335.973190  -1.389746   0.090488  0.000198  27127.620    59.358907   0.251468   1.538447      95.426 0
335.714832  -1.637129   0.091773  0.000157  27512.853    47.067416   0.255847   1.565241     448.806 0
336.184357  -1.475957   0.089272  0.000173  26763.072    51.864095   0.269992   1.651775    -238.978 0
335.810876  -1.415832   0.088354  0.000120  26487.863    35.975095   0.276281   1.690249    -491.431 0
336.165614  -1.432753   0.093081  0.000077  27904.982    23.084019   0.285291   1.745374     808.510 0
336.261364  -1.654405   0.091340  0.000220  27383.043    65.954341   0.290793   1.779032     329.729 0
335.778102  -1.861557   0.085310  0.000017  25575.295     5.096472   0.292643   1.790352   -1328.541 1
336.073944  -1.362935   0.090946  0.000167  27264.925    50.065340   0.296770   1.815600     221.378 0
336.239073  -1.506809   0.092784  0.000170  27815.943    50.964718   0.299998   1.835347     726.834 0
335.721650  -1.812996   0.084625  0.000097  25369.937    29.079868   0.302513   1.850735   -1516.919 0
336.019772  -1.321492   0.089795  0.000110  26919.864    32.977170   0.323443   1.978783     -95.151 0
336.251307  -1.804912   0.098868  0.000067  29639.881    20.086095   0.324727   1.986637    2399.954 1
336.034866  -1.318208   0.093224  0.000063  27947.852    18.886925   0.329291   2.014558     847.835 0
336.248564  -1.832337   0.098341  0.000113  29481.890    33.876548   0.337118   2.062446    2255.028 1
335.674461  -1.815308   0.085993  0.000067  25780.053    20.086095   0.343554   2.101818   -1140.714 0
336.240521  -1.426875   0.090910  0.000177  27254.132    53.063265   0.344459   2.107353     211.478 0
336.299306  -1.750897   0.092077  0.000083  27603.990    24.882774   0.346254   2.118340     532.407 0
336.184322  -1.362767   0.077397  0.000063  23203.037    18.886925   0.350857   2.146499   -3504.643 1
335.790805  -1.945857   0.093838  0.000067  28131.925    20.086095   0.353792   2.164456    1016.687 0
335.865467  -1.987337   0.084862  0.000015  25440.988     4.496887   0.361781   2.213327   -1451.743 0
336.019381  -2.016086   0.092444  0.000067  27714.014    20.086095   0.378022   2.312691     633.333 0
335.760036  -1.960477   0.087757  0.000053  26308.887    15.889000   0.382494   2.340046    -655.608 0
335.682648  -1.898676   0.086030  0.000130  25791.145    38.973020   0.386301   2.363341   -1130.539 0
336.107847  -1.275062   0.088838  0.000053  26632.962    15.889000   0.390945   2.391752    -358.329 0
336.057144  -1.249328   0.089223  0.000028  26748.382     8.394189   0.401276   2.454957    -252.453 0
335.791672  -1.277374   0.091297  0.000020  27370.152     5.995849   0.405480   2.480675     317.904 0
336.033115  -1.238618   0.090589  0.000147  27157.899    44.069491   0.407382   2.492308     123.202 0
335.959846  -1.230196   0.101118  0.000026  30314.414     7.794604   0.411151   2.515366    3018.712 1
336.098852  -1.242938   0.088172  0.000008  26433.301     2.398340   0.418342   2.559365    -541.482 0
336.390201  -1.644277   0.092341  0.000070  27683.135    20.985472   0.419288   2.565151     605.007 0
335.549790  -1.644548   0.107031  0.000022  32087.087     6.595434   0.420803   2.574416    4644.807 1
335.549367  -1.644607   0.107401  0.000080  32198.010    23.983397   0.421226   2.577005    4746.558 1
335.635150  -1.386371   0.081903  0.000050  24553.902    14.989623   0.421278   2.577324   -2265.478 1
335.689915  -1.962205   0.094339  0.000019  28282.121     5.696057   0.426436   2.608880    1154.464 1
335.952104  -1.214253   0.095736  0.000032  28700.931     9.593359   0.427356   2.614507    1538.644 1
336.285143  -1.349210   0.092010  0.000310  27583.904    92.935662   0.428975   2.624416     513.981 0
335.926890  -1.209752   0.101310  0.000011  30371.974     3.297717   0.433672   2.653149    3071.513 1
335.986478  -2.080915   0.095059  0.000057  28497.971    17.088170   0.439994   2.691826    1352.467 1
335.880667  -2.077361   0.097431  0.000050  29209.079    14.989623   0.445358   2.724640    2004.775 1
335.826556  -2.064848   0.087350  0.000160  26186.871    47.966793   0.447495   2.737714    -767.534 0
335.643159  -1.946526   0.086393  0.000127  25899.970    38.073642   0.447719   2.739084   -1030.713 0
335.874850  -1.202335   0.090377  0.000025  27094.343     7.494811   0.449215   2.748238      64.901 0
336.293121  -1.295447   0.090326  0.000220  27079.054    65.954341   0.472634   2.891515      50.876 0
335.765265  -1.205806   0.101557  0.000008  30446.023     2.398340   0.481415   2.945232    3139.439 1
335.633446  -1.986288   0.088972  0.000150  26673.135    44.968869   0.482459   2.951620    -321.479 0
336.230081  -2.048735   0.097217  0.000217  29144.923    65.054963   0.482990   2.954871    1945.924 1
336.483602  -1.673415   0.092067  0.000093  27600.992    27.880699   0.513651   3.142448     529.657 0
336.448053  -1.401458   0.092561  0.000047  27749.090    14.090246   0.533954   3.266660     665.508 0
336.003336  -1.095952   0.087654  0.000009  26278.008     2.698132   0.546222   3.341715    -683.933 0
336.277190  -1.180729   0.089829  0.000025  26930.057     7.494811   0.553048   3.383479     -85.801 0
335.573379  -1.237635   0.101247  0.000012  30353.087     3.597509   0.566253   3.464260    3054.188 1
335.633866  -1.180485   0.100910  0.000015  30252.057     4.496887   0.570666   3.491258    2961.511 1
336.346069  -1.202781   0.079021  0.000009  23689.900     2.698132   0.577027   3.530177   -3058.038 1
336.074025  -1.072101   0.088273  0.000006  26463.580     1.798755   0.578388   3.538502    -513.706 0
335.586941  -1.192594   0.100745  0.000008  30202.591     2.398340   0.590287   3.611302    2916.136 1
335.556839  -1.216935   0.100297  0.000027  30068.284     8.094396   0.592609   3.625508    2792.934 1
335.545497  -1.223803   0.101031  0.000028  30288.332     8.394189   0.595748   3.644708    2994.787 1
336.168292  -1.075995   0.098185  0.000035  29435.122    10.492736   0.598706   3.662806    2212.127 1
336.199337  -1.080177   0.093047  0.000007  27894.789     2.098547   0.605770   3.706022     799.160 0
335.943066  -1.029374   0.091266  0.000027  27360.858     8.094396   0.612454   3.746912     309.379 0
335.585201  -1.136701   0.100427  0.000027  30107.257     8.094396   0.634861   3.883999    2828.685 1
336.464876  -1.239170   0.093460  0.000008  28018.603     2.398340   0.636858   3.896214     912.736 1
335.789229  -1.018646   0.089741  0.000027  26903.675     8.094396   0.648459   3.967190    -110.001 0
335.526953  -1.167449   0.099660  0.000045  29877.316    13.490661   0.649028   3.970672    2617.757 1
336.298292  -2.201639   0.090646  0.000013  27174.987     3.897302   0.649064   3.970889     138.877 0
335.971544  -0.991030   0.093749  0.000006  28105.243     1.798755   0.650172   3.977671     992.212 1
335.971817  -0.990918   0.093749  0.000006  28105.243     1.798755   0.650285   3.978359     992.212 1
335.509488  -1.174491   0.101386  0.000046  30394.758    13.790453   0.656056   4.013664    3092.413 1
335.504565  -1.167928   0.100440  0.000025  30111.154     7.494811   0.664184   4.063391    2832.260 1
336.636270  -1.589890   0.091604  0.000012  27462.188     3.597509   0.667221   4.081971     402.330 0
335.654185  -1.025423   0.077522  0.000010  23240.511     2.997925   0.692327   4.235565   -3470.268 1
335.524289  -1.106276   0.077484  0.000008  23229.119     2.398340   0.696643   4.261972   -3480.718 1
335.491079  -1.121747   0.100612  0.000029  30162.719     8.693981   0.706917   4.324824    2879.560 1
335.759025  -0.949657   0.090058  0.000032  26998.709     9.593359   0.723205   4.424477     -22.825 0
336.202880  -0.955523   0.108037  0.000044  32388.678    13.190868   0.723875   4.428573    4921.460 1
335.608924  -1.004332   0.099888  0.000006  29945.669     1.798755   0.732404   4.480752    2680.458 1
335.241161  -1.558937   0.102025  0.000015  30586.326     4.496887   0.733917   4.490008    3268.140 1
336.006399  -0.907698   0.089711  0.000020  26894.681     5.995849   0.734369   4.492774    -118.251 0
335.413815  -1.137857   0.092385  0.000007  27696.326     2.098547   0.750520   4.591585     617.108 0
335.404445  -1.133803   0.100172  0.000028  30030.810     8.394189   0.760194   4.650766    2758.559 1
335.481993  -1.055314   0.107250  0.000022  32152.741     6.595434   0.762859   4.667074    4705.033 1
336.167299  -0.897131   0.099001  0.000025  29679.753     7.494811   0.769572   4.708140    2436.530 1
335.357860  -1.174924   0.101403  0.000015  30399.855     4.496887   0.769898   4.710139    3097.088 1
336.138812  -0.888520   0.091384  0.000016  27396.234     4.796679   0.771201   4.718109     341.829 0
336.605833  -1.194500   0.093000  0.000333  27880.699    99.830889   0.776234   4.748901     786.235 0
336.603994  -1.191795   0.092906  0.000028  27852.518     8.394189   0.776295   4.749269     760.384 0
336.737040  -1.464679   0.078781  0.000011  23617.950     3.297717   0.786051   4.808957   -3124.038 1
335.400249  -1.089756   0.106877  0.000009  32040.919     2.698132   0.793284   4.853208    4602.457 1
335.886850  -0.843947   0.090148  0.000020  27025.691     5.995849   0.801654   4.904416       1.925 0
335.886750  -0.843623   0.090156  0.000023  27028.089     6.895227   0.801987   4.906451       4.125 0
335.666697  -0.894506   0.100096  0.000007  30008.026     2.098547   0.806181   4.932114    2737.659 1
335.653903  -0.894160   0.099488  0.000010  29825.752     2.997925   0.811408   4.964088    2570.457 1
335.549163  -0.935270   0.103165  0.000028  30928.089     8.394189   0.822151   5.029810    3581.644 1
336.409186  -0.936644   0.087655  0.000023  26278.308     6.895227   0.829740   5.076242    -683.658 0
335.630567  -0.880090   0.092156  0.000008  27627.674     2.398340   0.833620   5.099979     554.132 0
335.567368  -0.909011   0.092422  0.000008  27707.419     2.398340   0.835876   5.113782     627.283 0
336.184128  -0.820550   0.098718  0.000009  29594.912     2.698132   0.847916   5.187441    2358.704 1
335.399683  -0.998731   0.099954  0.000011  29965.455     3.297717   0.859431   5.257886    2698.608 1
335.289282  -1.113533   0.093167  0.000023  27930.764     6.895227   0.861658   5.271514     832.160 1
335.301760  -1.085103   0.107213  0.000019  32141.649     5.696057   0.869729   5.320892    4694.858 1
335.317755  -1.062118   0.106676  0.000030  31980.660     8.993774   0.872579   5.338323    4547.181 1
335.286002  -1.097396   0.099840  0.000023  29931.279     6.895227   0.874198   5.348233    2667.258 1
335.385819  -0.983692   0.092135  0.000014  27621.378     4.197094   0.879878   5.382980     548.357 0
336.304745  -0.820797   0.091453  0.000022  27416.920     6.595434   0.885734   5.418804     360.804 0
335.515515  -0.881116   0.102516  0.000008  30733.524     2.398340   0.885890   5.419761    3403.167 1
335.385925  -0.974412   0.106153  0.000031  31823.869     9.293566   0.886764   5.425109    4403.354 1
336.828705  -1.413884   0.103872  0.000017  31140.042     5.096472   0.887216   5.427875    3776.071 1
335.998676  -0.749899   0.076996  0.000007  23082.820     2.098547   0.891740   5.455549   -3614.919 1
335.322199  -1.027882   0.107021  0.000021  32084.089     6.295642   0.892433   5.459792    4642.057 1
335.435896  -0.926139   0.104565  0.000015  31347.798     4.496887   0.892833   5.462239    3966.649 1
335.399015  -0.949083   0.105494  0.000006  31626.306     1.798755   0.897577   5.491257    4222.127 1
336.859477  -1.429809   0.102954  0.000018  30864.833     5.396264   0.913166   5.586628    3523.618 1
335.224265  -1.095674   0.092055  0.000006  27597.395     1.798755   0.924330   5.654933     526.356 0
336.741124  -1.109675   0.108133  0.000005  32417.458     1.498962   0.935685   5.724402    4947.861 1
336.202037  -0.715457   0.108016  0.000011  32382.382     3.297717   0.954176   5.837528    4915.685 1
336.235930  -0.714765   0.090980  0.000040  27275.118    11.991698   0.963612   5.895250     230.728 0
336.772776  -1.105957   0.091576  0.000007  27453.794     2.098547   0.963951   5.897329     394.630 0
335.174813  -1.089362   0.100105  0.000010  30010.724     2.997925   0.968260   5.923687    2740.134 1
336.678975  -0.943455   0.103311  0.000031  30971.859     9.293566   0.993992   6.081112    3621.794 1
335.080944  -1.166225   0.078181  0.000009  23438.074     2.698132   1.008321   6.168779   -3289.040 1
335.887946  -0.619500   0.091975  0.000074  27573.411    22.184642   1.025049   6.271119     504.356 0
336.701514  -0.910637   0.095710  0.000011  28693.136     3.297717   1.033102   6.320386    1531.494 1
337.017047  -1.572367   0.078718  0.000150  23599.063    44.968869   1.048129   6.412315   -3141.364 1
336.826544  -1.034475   0.092153  0.000008  27626.774     2.398340   1.048760   6.416176     553.307 0
337.018390  -1.571012   0.078892  0.000021  23651.227     6.295642   1.049558   6.421059   -3093.513 1
335.145633  -0.987946   0.107254  0.000020  32153.940     5.995849   1.052144   6.436879    4706.133 1
335.040119  -1.111096   0.106513  0.000042  31931.794    12.591283   1.070691   6.550350    4502.355 1
336.489125  -2.578833   0.090686  0.000017  27186.979     5.096472   1.071281   6.553956     149.877 0
336.821890  -0.956638   0.091921  0.000006  27557.223     1.798755   1.092003   6.680730     489.506 0
334.879926  -1.560272   0.106941  0.000012  32060.105     3.597509   1.093378   6.689144    4620.057 1
336.933160  -2.189735   0.089556  0.000017  26848.213     5.096472   1.107410   6.774993    -160.877 0
335.366230  -2.570659   0.077504  0.000013  23235.115     3.897302   1.108620   6.782391   -3475.218 1
336.024100  -0.527278   0.078867  0.000026  23643.732     7.794604   1.115200   6.822647   -3100.388 1
336.010079  -0.522176   0.079024  0.000027  23690.799     8.094396   1.119716   6.850279   -3057.213 1
334.996115  -1.067715   0.099474  0.000032  29821.555     9.593359   1.130498   6.916239    2566.607 1
336.539958  -2.618500   0.094505  0.000150  28331.886    44.968869   1.130859   6.918446    1200.115 1
337.000554  -1.168448   0.077566  0.000024  23253.702     7.195019   1.132748   6.930007   -3458.167 1
335.401181  -0.660949   0.103027  0.000008  30886.718     2.398340   1.133596   6.935196    3543.694 1
335.224379  -0.772034   0.094902  0.000034  28450.904    10.192944   1.145456   7.007749    1309.291 1
334.838123  -1.867279   0.107323  0.000022  32174.626     6.595434   1.154516   7.063179    4725.108 1
335.223372  -0.730793   0.078567  0.000023  23553.794     6.895227   1.177694   7.204979   -3182.889 1
336.417940  -2.731397   0.096062  0.000016  28798.663     4.796679   1.178278   7.208550    1628.295 1
337.068487  -1.189265   0.108193  0.000013  32435.445     3.897302   1.186710   7.260138    4964.361 1
336.359280  -2.782619   0.094303  0.000011  28271.328     3.297717   1.205679   7.376191    1144.564 1
335.627162  -0.485333   0.091432  0.000010  27410.624     2.997925   1.205815   7.377021     355.029 1
336.399039  -0.497375   0.081415  0.000038  24407.603    11.392113   1.221319   7.471870   -2399.679 1
336.588042  -2.700472   0.090749  0.000017  27205.866     5.096472   1.225882   7.499789     167.202 1
336.402451  -0.485793   0.098994  0.000033  29677.655     9.893151   1.233362   7.545547    2434.605 1
334.862164  -1.098495   0.085293  0.000008  25570.198     2.398340   1.233892   7.548793   -1333.216 1
336.872759  -0.795799   0.104427  0.000011  31306.427     3.297717   1.235984   7.561587    3928.698 1
336.955604  -0.862619   0.090043  0.000020  26994.212     5.995849   1.255121   7.678669     -26.950 1
335.866744  -0.387520   0.077626  0.000029  23271.689     8.693981   1.257985   7.696192   -3441.667 1
335.715688  -0.408151   0.077364  0.000021  23193.144     6.295642   1.259134   7.703220   -3513.718 1
337.127020  -2.167054   0.077942  0.000011  23366.424     3.297717   1.269795   7.768441   -3354.766 1
336.875512  -0.731055   0.089987  0.000006  26977.424     1.798755   1.283077   7.849699     -42.351 1
334.703409  -1.431462   0.100913  0.000150  30252.956    44.968869   1.284068   7.855764    2962.336 1
335.204608  -0.608555   0.095122  0.000018  28516.858     5.396264   1.285634   7.865343    1369.792 1
336.271910  -0.390229   0.088157  0.000035  26428.804    10.492736   1.286684   7.871765    -545.607 1
334.941611  -0.855428   0.091463  0.000021  27419.918     6.295642   1.294490   7.919519     363.554 1
336.789246  -0.622028   0.090077  0.000011  27004.405     3.297717   1.306942   7.995704     -17.600 1
335.594146  -0.389431   0.077659  0.000013  23281.582     3.897302   1.307152   7.996987   -3432.592 1
337.188937  -1.163865   0.091888  0.000005  27547.329     1.498962   1.307902   8.001576     480.431 1
334.909580  -0.872805   0.085239  0.000026  25554.009     7.794604   1.309808   8.013234   -1348.067 1
334.909419  -0.872033   0.085305  0.000015  25573.796     4.496887   1.310391   8.016803   -1329.916 1
334.804401  -1.032760   0.099230  0.000024  29748.406     7.195019   1.315090   8.045547    2499.506 1
334.830566  -0.977965   0.098448  0.000033  29513.968     9.893151   1.318651   8.067337    2284.453 1
335.366750  -2.833254   0.092065  0.000015  27600.393     4.496887   1.336229   8.174874     529.107 1
335.430680  -2.888137   0.090030  0.000018  26990.315     5.396264   1.358781   8.312845     -30.525 1
334.740442  -1.054348   0.098461  0.000042  29517.865    12.591283   1.362651   8.336524    2288.028 1
335.154260  -2.740738   0.089870  0.000013  26942.348     3.897302   1.369340   8.377444     -74.526 1
335.152450  -2.740127   0.093474  0.000016  28022.800     4.796679   1.369929   8.381047     916.586 1
335.007570  -2.619019   0.088606  0.000021  26563.411     6.295642   1.372255   8.395280    -422.130 1
334.678436  -1.158067   0.085312  0.000011  25575.894     3.297717   1.379177   8.437628   -1327.991 1
336.540257  -0.384742   0.088352  0.000017  26487.263     5.096472   1.379406   8.439029    -491.981 1
334.708532  -1.082996   0.105798  0.000017  31717.442     5.096472   1.379669   8.440636    4305.728 1
336.744140  -0.492746   0.095994  0.000047  28778.277    14.090246   1.384409   8.469638    1609.595 1
337.269019  -1.118766   0.103514  0.000016  31032.716     4.796679   1.398947   8.558579    3677.620 1
335.357583  -2.899417   0.091146  0.000150  27324.883    44.968869   1.399562   8.562337     276.378 1
336.902396  -0.594084   0.108284  0.000021  32462.727     6.295642   1.401322   8.573109    4989.386 1
335.286058  -0.418082   0.084969  0.000012  25473.065     3.597509   1.401586   8.574723   -1422.317 1
334.930125  -2.589750   0.103732  0.000150  31098.071    44.968869   1.407750   8.612431    3737.571 1
335.148400  -2.785792   0.092858  0.000020  27838.128     5.995849   1.409182   8.621194     747.184 1
335.148459  -2.786204   0.092854  0.000020  27836.929     5.995849   1.409482   8.623031     746.084 1
334.790130  -0.851119   0.098249  0.000034  29454.309    10.192944   1.420196   8.688574    2229.727 1
335.135090  -2.790871   0.093991  0.000019  28177.793     5.696057   1.421090   8.694045    1058.763 1
337.306597  -1.150713   0.090779  0.000010  27214.860     2.997925   1.422532   8.702867     175.452 1
335.169720  -2.818512   0.093199  0.000022  27940.357     6.595434   1.423792   8.710577     840.960 1
335.062540  -2.745651   0.092002  0.000014  27581.506     4.197094   1.429678   8.746586     511.781 1
335.121781  -2.798093   0.091000  0.000333  27281.114    99.830889   1.434767   8.777721     236.228 1
334.881917  -0.700964   0.097673  0.000006  29281.629     1.798755   1.438276   8.799184    2071.325 1
336.341134  -0.245597   0.091438  0.000018  27412.423     5.396264   1.443878   8.833458     356.679 1
335.007958  -2.721333   0.090803  0.000020  27222.055     5.995849   1.446684   8.850626     182.052 1
334.683670  -0.949698   0.098167  0.000025  29429.726     7.494811   1.460616   8.935859    2207.177 1
337.389480  -1.251747   0.104701  0.000017  31388.570     5.096472   1.470651   8.997250    4004.049 1
335.542764  -0.232851   0.094847  0.000028  28434.415     8.394189   1.471895   9.004865    1294.166 1
336.090447  -0.173359   0.096783  0.000010  29014.813     2.997925   1.472711   9.009856    1826.572 1
336.088869  -0.172320   0.096207  0.000009  28842.133     2.698132   1.473620   9.015413    1668.170 1
336.091667  -0.172028   0.096000  0.000333  28780.076    99.830889   1.474137   9.018581    1611.245 1
334.609420  -1.064037   0.095807  0.000025  28722.216     7.494811   1.478115   9.042916    1558.169 1
334.761118  -0.788340   0.097708  0.000022  29292.121     6.595434   1.479658   9.052356    2080.951 1
337.287656  -0.962502   0.091360  0.000013  27389.039     3.897302   1.481029   9.060744     335.229 1
335.147610  -2.872910   0.097309  0.000017  29172.504     5.096472   1.481253   9.062116    1971.224 1
334.678044  -0.909980   0.087007  0.000037  26084.042    11.092321   1.484725   9.083356    -861.861 1
337.373904  -1.148292   0.107313  0.000010  32171.628     2.997925   1.486668   9.095240    4722.358 1
337.402004  -1.199862   0.103357  0.000006  30985.649     1.798755   1.497192   9.159625    3634.445 1
336.910786  -0.471423   0.100878  0.000016  30242.464     4.796679   1.500441   9.179501    2952.711 1
334.476191  -1.500955   0.090126  0.000023  27019.095     6.895227   1.500516   9.179965      -4.125 1
335.068420  -2.841336   0.092624  0.000016  27767.977     4.796679   1.501285   9.184667     682.833 1
335.067800  -2.841371   0.092604  0.000016  27761.981     4.796679   1.501685   9.187117     677.333 1
335.956162  -0.130766   0.097657  0.000007  29276.832     2.098547   1.510506   9.241082    2066.925 1
337.343375  -0.985447   0.082535  0.000009  24743.371     2.698132   1.520711   9.303515   -2091.676 1
337.416196  -1.142854   0.108253  0.000008  32453.433     2.398340   1.528380   9.350430    4980.861 1
334.530400  -1.117692   0.095582  0.000007  28654.763     2.098547   1.531984   9.372479    1496.293 1
334.530180  -1.116324   0.095851  0.000011  28735.407     3.297717   1.532659   9.376606    1570.269 1
335.138650  -2.929080   0.094450  0.000024  28315.398     7.195019   1.533120   9.379427    1184.990 1
335.046790  -2.870944   0.092506  0.000017  27732.601     5.096472   1.537944   9.408940     650.383 1
335.444417  -3.102583   0.091377  0.000013  27394.135     3.897302   1.553202   9.502287     339.904 1
334.508392  -1.112380   0.098173  0.000006  29431.525     1.798755   1.554476   9.510082    2208.827 1
334.997840  -0.426980   0.098600  0.000333  29559.536    99.830889   1.555672   9.517402    2326.254 1
336.384005  -0.141346   0.079351  0.000008  23788.831     2.398340   1.555701   9.517578   -2967.286 1
337.054070  -2.761078   0.107017  0.000018  32082.889     5.396264   1.557799   9.530412    4640.957 1
337.486724  -1.270901   0.104268  0.000047  31258.760    14.090246   1.559939   9.543503    3884.973 1
334.976334  -0.438360   0.097623  0.000027  29266.639     8.094396   1.560412   9.546397    2057.575 1
334.499217  -1.118485   0.093154  0.000009  27926.867     2.698132   1.561048   9.550292     828.585 1
337.021470  -0.484609   0.087404  0.000009  26203.060     2.698132   1.562309   9.558005    -752.684 1
334.548071  -0.992561   0.104716  0.000014  31393.067     4.197094   1.563041   9.562480    4008.174 1
337.000583  -0.461758   0.088200  0.000013  26441.695     3.897302   1.565494   9.577487    -533.782 1
334.568518  -0.935992   0.093139  0.000008  27922.370     2.398340   1.569066   9.599343     824.460 1
337.443570  -1.092683   0.103257  0.000013  30955.670     3.897302   1.571078   9.611653    3606.944 1
334.664269  -0.757591   0.095053  0.000008  28496.173     2.398340   1.576790   9.646596    1350.817 1
334.712062  -0.690438   0.108125  0.000047  32415.060    14.090246   1.577008   9.647928    4945.661 1
337.472898  -1.151546   0.079598  0.000021  23862.880     6.295642   1.579353   9.662275   -2899.361 1
335.793154  -0.069879   0.094401  0.000024  28300.708     7.195019   1.581319   9.674307    1171.514 1
335.792732  -0.064949   0.094719  0.000015  28396.042     4.496887   1.586266   9.704567    1258.965 1
337.033582  -0.462006   0.088036  0.000006  26392.529     1.798755   1.587194   9.710246    -578.882 1
337.356162  -0.853546   0.108009  0.000010  32380.284     2.997925   1.593169   9.746803    4913.760 1
336.788202  -0.271418   0.081526  0.000010  24440.880     2.997925   1.594987   9.757926   -2369.154 1
334.374668  -1.680037   0.087584  0.000020  26257.023     5.995849   1.595902   9.763520    -703.184 1
334.521917  -0.965011   0.106248  0.000007  31852.349     2.098547   1.598323   9.778331    4429.479 1
336.403238  -0.102042   0.096167  0.000007  28830.141     2.098547   1.598720   9.780759    1657.170 1
334.985852  -0.373035   0.086773  0.000011  26013.891     3.297717   1.605453   9.821954    -926.211 1
337.047261  -0.445798   0.087726  0.000006  26299.593     1.798755   1.608388   9.839909    -664.133 1
334.462000  -2.207667   0.093000  0.000333  27880.699    99.830889   1.611008   9.855940     786.235 1
334.462208  -2.208333   0.091844  0.000150  27534.139    44.968869   1.611048   9.856183     468.331 1
337.277952  -0.696432   0.089915  0.000010  26955.839     2.997925   1.612439   9.864695     -62.151 1
336.491038  -0.113718   0.088260  0.000010  26459.682     2.997925   1.613593   9.871754    -517.281 1
336.822139  -0.266679   0.081470  0.000012  24424.092     3.597509   1.616657   9.890496   -2384.554 1
336.537568  -0.122374   0.089097  0.000008  26710.609     2.398340   1.621066   9.917472    -287.104 1
336.357043  -0.065662   0.091046  0.000023  27294.904     6.895227   1.622167   9.924205     248.878 1
335.693847  -0.042625   0.096993  0.000008  29077.770     2.398340   1.622363   9.925407    1884.323 1
337.271500  -2.612472   0.090089  0.000013  27008.003     3.897302   1.622937   9.928915     -14.300 1
336.360921  -0.065461   0.090709  0.000023  27193.874     6.895227   1.623289   9.931071     156.202 1
336.369952  -0.066451   0.097774  0.000008  29311.908     2.398340   1.624522   9.938613    2099.101 1
336.377735  -0.067814   0.097846  0.000031  29333.493     9.293566   1.625130   9.942338    2118.901 1
334.700778  -0.625168   0.094804  0.000021  28421.524     6.295642   1.625988   9.947582    1282.341 1
337.061530  -0.433292   0.087763  0.000009  26310.685     2.698132   1.627227   9.955163    -653.958 1
334.394999  -1.227318   0.078397  0.000011  23502.829     3.297717   1.628576   9.963419   -3229.640 1
337.020134  -0.395141   0.106504  0.000006  31929.096     1.798755   1.628793   9.964746    4499.880 1
335.719423  -0.026554   0.094152  0.000026  28226.060     7.794604   1.634075   9.997062    1103.039 1
334.429125  -1.092332   0.094991  0.000010  28477.585     2.997925   1.635825  10.007764    1333.766 1
336.820772  -0.242449   0.081392  0.000025  24400.708     7.494811   1.636597  10.012491   -2406.005 1
336.765320  -0.206695   0.089069  0.000014  26702.214     4.197094   1.639704  10.031499    -294.804 1
334.414030  -1.117971   0.098329  0.000019  29478.293     5.696057   1.641696  10.043684    2251.728 1
335.995240   0.004020   0.089585  0.000021  26856.907     6.295642   1.645404  10.066369    -152.902 1
334.389085  -1.174030   0.094718  0.000007  28395.742     2.098547   1.648596  10.085895    1258.690 1
336.755914  -0.188248   0.096235  0.000012  28850.527     3.597509   1.651378  10.102916    1675.871 1
336.003536   0.010066   0.097113  0.000036  29113.745    10.792528   1.651593  10.104233    1917.324 1
336.428504  -0.053072   0.090983  0.000030  27276.017     8.993774   1.652732  10.111198     231.553 1
336.013547   0.013194   0.089793  0.000020  26919.264     5.995849   1.654949  10.124763     -95.701 1
334.381802  -1.156494   0.090513  0.000010  27135.115     2.997925   1.660612  10.159410     102.301 1
335.818292   0.018056   0.097177  0.000011  29132.932     3.297717   1.666242  10.193852    1934.924 1
336.868480  -0.236927   0.089636  0.000011  26872.197     3.297717   1.666506  10.195469    -138.877 1
334.308413  -1.514163   0.099768  0.000022  29909.694     6.595434   1.666506  10.195469    2647.458 1
334.377854  -1.139288   0.089563  0.000034  26850.312    10.192944   1.669479  10.213657    -158.952 1
335.009450  -3.007727   0.089985  0.000015  26976.824     4.496887   1.670549  10.220202     -42.901 1
334.364061  -1.168850   0.089968  0.000035  26971.728    10.492736   1.674053  10.241642     -47.576 1
334.295594  -1.665124   0.101203  0.000150  30339.896    44.968869   1.674642  10.245241    3042.087 1
334.380352  -1.113518   0.089349  0.000032  26786.156     9.593359   1.675037  10.247657    -217.803 1
334.294990  -1.663941   0.101172  0.000042  30330.603    12.591283   1.675229  10.248833    3033.562 1
334.707350  -0.539645   0.079075  0.000006  23706.089     1.798755   1.675799  10.252323   -3043.187 1
336.521699  -0.057600   0.089099  0.000006  26711.208     1.798755   1.676630  10.257406    -286.554 1
336.698525  -0.124523   0.090190  0.000035  27038.282    10.492736   1.682122  10.291004      13.475 1
335.043625  -3.045778   0.090796  0.000013  27219.956     3.897302   1.682764  10.294929     180.127 1
337.649662  -1.784212   0.088614  0.000015  26565.809     4.496887   1.684304  10.304351    -419.930 1
337.422223  -0.769487   0.090953  0.000007  27267.023     2.098547   1.692610  10.355166     223.303 1
336.772799  -0.147834   0.089099  0.000030  26711.208     8.993774   1.694963  10.369564    -286.554 1
334.329354  -1.209945   0.091494  0.000011  27429.211     3.297717   1.696455  10.378693     372.080 1
334.343677  -1.155849   0.081960  0.000008  24570.990     2.398340   1.697283  10.383756   -2249.803 1
336.776953  -0.144267   0.090736  0.000013  27201.968     3.897302   1.700071  10.400814     163.627 1
334.881676  -0.335289   0.090120  0.000013  27017.296     3.897302   1.700154  10.401320      -5.775 1
336.765398  -0.134726   0.090749  0.000033  27205.866     9.893151   1.703060  10.419102     167.202 1
334.349745  -1.080506   0.098941  0.000008  29661.766     2.398340   1.714610  10.489763    2420.030 1
336.764529  -0.119746   0.090376  0.000023  27094.043     6.895227   1.715923  10.497797      64.626 1
336.800947  -0.134028   0.089794  0.000030  26919.564     8.993774   1.720532  10.525994     -95.426 1
335.849080   0.078546   0.094422  0.000007  28307.003     2.098547   1.724043  10.547473    1177.289 1
336.318061   0.049522   0.096287  0.000006  28866.116     1.798755   1.725999  10.559438    1690.171 1
336.498350  -3.285626   0.090219  0.000012  27046.976     3.597509   1.726923  10.565088      21.450 1
335.859963   0.082681   0.094749  0.000029  28405.036     8.693981   1.727436  10.568232    1267.216 1
336.383819   0.038995   0.088582  0.000016  26556.216     4.796679   1.730187  10.585058    -428.730 1
334.245004  -1.502916   0.099727  0.000018  29897.402     5.396264   1.730574  10.587427    2636.182 1
335.794558   0.080438   0.089251  0.000007  26756.777     2.098547   1.730625  10.587740    -244.753 1
334.952708  -3.046056   0.090803  0.000150  27222.055    44.968869   1.734698  10.612659     182.052 1
336.914419  -0.184988   0.092865  0.000027  27840.227     8.094396   1.735032  10.614701     749.109 1
336.862022  -0.149155   0.090569  0.000027  27151.903     8.094396   1.737790  10.631575     117.701 1
334.715540  -2.848334   0.091619  0.000015  27466.685     4.496887   1.741101  10.651830     406.455 1
336.962628  -0.204035   0.092542  0.000008  27743.394     2.398340   1.745984  10.681703     660.283 1
336.922342  -0.176625   0.092335  0.000008  27681.337     2.398340   1.746358  10.683992     603.357 1
336.800264  -0.103903   0.102735  0.000010  30799.178     2.997925   1.746658  10.685827    3463.393 1
337.527497  -0.838468   0.091380  0.000003  27395.035     0.899377   1.750957  10.712125     340.729 1
334.840840  -2.979584   0.092595  0.000013  27759.283     3.897302   1.751262  10.713997     674.858 1
334.841190  -2.981015   0.093068  0.000014  27901.084     4.197094   1.752131  10.719310     804.935 1
337.481440  -0.751712   0.090283  0.000035  27066.162    10.492736   1.752569  10.721991      39.050 1
336.978368  -0.199362   0.094816  0.000007  28425.122     2.098547   1.758795  10.760080    1285.641 1
334.979604  -3.097360   0.090519  0.000033  27136.914     9.893151   1.761240  10.775035     103.951 1
337.697696  -1.251785   0.104315  0.000010  31272.850     2.997925   1.769614  10.826271    3897.898 1
337.227464  -0.392727   0.106736  0.000033  31998.648     9.893151   1.771079  10.835229    4563.681 1
336.057322   0.133693   0.072766  0.000008  21814.698     2.398340   1.777003  10.871475   -4778.184 1
334.294275  -1.046128   0.096870  0.000033  29040.895     9.893151   1.778309  10.879464    1850.498 1
334.777490  -2.961559   0.093050  0.000017  27895.688     5.096472   1.779339  10.885768     799.985 1
334.761350  -2.947210   0.093691  0.000021  28087.855     6.295642   1.779638  10.887593     976.262 1
337.708826  -1.250050   0.104715  0.000025  31392.767     7.494811   1.780849  10.895003    4007.899 1
337.632072  -0.993940   0.102698  0.000015  30788.086     4.496887   1.782321  10.904009    3453.217 1
337.420514  -0.599999   0.091170  0.000007  27332.078     2.098547   1.784430  10.916910     282.978 1
334.755760  -2.951573   0.087722  0.000015  26298.394     4.496887   1.786636  10.930405    -665.233 1
334.374179  -0.829613   0.103652  0.000005  31074.088     1.498962   1.790428  10.953604    3715.571 1
334.572665  -0.520574   0.086659  0.000015  25979.715     4.496887   1.791327  10.959104    -957.562 1
337.641568  -0.989789   0.103243  0.000025  30951.473     7.494811   1.792673  10.967339    3603.094 1
334.501542  -2.677694   0.090396  0.000010  27100.039     2.997925   1.797532  10.997071      70.126 1
334.666439  -0.400531   0.094779  0.000009  28414.029     2.698132   1.799750  11.010640    1275.466 1
337.509676  -0.703875   0.092729  0.000006  27799.455     1.798755   1.801368  11.020535     711.709 1
337.475820  -0.650234   0.091183  0.000010  27335.976     2.997925   1.801496  11.021321     286.554 1
334.670674  -0.393185   0.095042  0.000013  28492.875     3.897302   1.801767  11.022974    1347.792 1
337.443552  -0.599839   0.092952  0.000011  27866.309     3.297717   1.803274  11.032197     773.034 1
334.538990  -2.749562   0.088168  0.000016  26432.101     4.796679   1.810172  11.074398    -542.582 1
336.874338  -0.070578   0.090840  0.000030  27233.147     8.993774   1.811811  11.084422     192.227 1
334.545382  -0.521765   0.087109  0.000007  26114.621     2.098547   1.811947  11.085257    -833.810 1
334.716380  -2.951331   0.093217  0.000016  27945.754     4.796679   1.813449  11.094444     845.910 1
335.309107   0.048688   0.086567  0.000007  25952.134     2.098547   1.814702  11.102111    -982.862 1
334.277999  -0.984480   0.089498  0.000038  26830.825    11.392113   1.815033  11.104139    -176.827 1
334.278714  -0.975543   0.094756  0.000035  28407.134    10.492736   1.817621  11.119970    1269.141 1
334.474551  -0.604586   0.094031  0.000012  28189.785     3.597509   1.819713  11.132766    1069.763 1
334.684125  -2.928694   0.088584  0.000684  26556.815    99.990000   1.819804  11.133325    -428.180 1
334.691000  -2.936694   0.091330  0.000297  27380.045    89.038360   1.820638  11.138425     326.979 1
336.381449   0.133654   0.088745  0.000016  26605.082     4.796679   1.821716  11.145019    -383.905 1
334.694500  -2.942694   0.074415  0.000607  22309.056    99.990000   1.822461  11.149581   -4324.703 1
336.157633   0.171775   0.090559  0.000007  27148.905     2.098547   1.822576  11.150281     114.951 1
334.696500  -2.946500   0.092671  0.000294  27782.067    88.138983   1.823784  11.157676     695.759 1
336.106300  -3.459976   0.094654  0.000010  28376.555     2.997925   1.823814  11.157857    1241.090 1
334.363724  -0.777321   0.091377  0.000007  27394.135     2.098547   1.823927  11.158551     339.904 1
334.725583  -2.974694   0.089842  0.000260  26933.954    77.946039   1.824109  11.159665     -82.226 1
335.692688   0.161853   0.094923  0.000011  28457.199     3.297717   1.824353  11.161155    1315.066 1
336.797910  -0.009063   0.096145  0.000007  28823.546     2.098547   1.829619  11.193374    1651.120 1
334.725060  -2.983659   0.087839  0.000019  26333.470     5.696057   1.831029  11.201997    -633.058 1
336.129650  -3.470380   0.096048  0.000042  28794.466    12.591283   1.836061  11.232783    1624.445 1
336.400434   0.145318   0.088723  0.000015  26598.486     4.496887   1.837425  11.241125    -389.955 1
334.704083  -2.974889   0.085739  0.000333  25703.906    99.830889   1.838982  11.250654   -1210.565 1
334.699875  -2.973389   0.089262  0.000110  26760.074    32.977170   1.840795  11.261744    -241.728 1
335.153934   0.011433   0.091106  0.000020  27312.892     5.995849   1.843325  11.277223     265.378 1
334.759740  -3.032478   0.094748  0.000015  28404.736     4.496887   1.844179  11.282448    1266.941 1
334.727260  -3.004651   0.092104  0.000020  27612.085     5.995849   1.844992  11.287425     539.832 1
335.221317   0.046102   0.086192  0.000026  25839.712     7.794604   1.846128  11.294369   -1085.988 1
335.800696   0.200512   0.095211  0.000013  28543.540     3.897302   1.849542  11.315258    1394.267 1
335.538167  -3.444000   0.103816  0.000014  31123.254     4.197094   1.853930  11.342104    3760.671 1
336.932500  -3.229833   0.099125  0.000150  29716.927    44.968869   1.856865  11.360062    2470.630 1
334.294999  -0.835711   0.101936  0.000034  30559.644    10.192944   1.858672  11.371112    3243.665 1
334.618343  -0.357391   0.086883  0.000010  26046.868     2.997925   1.864318  11.405654    -895.961 1
336.305956   0.197177   0.091327  0.000007  27379.146     2.098547   1.868664  11.432247     326.154 1
336.929440  -3.246671   0.095145  0.000016  28523.753     4.796679   1.869722  11.438715    1376.117 1
337.702050  -2.352534   0.073048  0.000010  21899.239     2.997925   1.871077  11.447003   -4700.633 1
336.379170   0.190626   0.096666  0.000094  28979.738    28.180491   1.876769  11.481830    1794.397 1
336.590270   0.132428   0.090082  0.000027  27005.904     8.094396   1.878630  11.493215     -16.225 1
334.607912  -0.340532   0.095074  0.000009  28502.468     2.698132   1.883495  11.522976    1356.592 1
337.684404  -0.855695   0.089365  0.000022  26790.953     6.595434   1.884467  11.528924    -213.403 1
337.379754  -0.389097   0.091387  0.000010  27397.133     2.997925   1.884523  11.529264     342.654 1
334.745914  -0.207263   0.090089  0.000017  27008.003     5.096472   1.885518  11.535355     -14.300 1
336.416380   0.196138   0.098372  1.799697  29491.184    99.990000   1.890566  11.566238    2263.553 1
336.923821  -0.006698   0.090860  0.000007  27239.143     2.098547   1.891877  11.574258     197.727 1
337.381704  -0.379669   0.091747  0.000006  27505.059     1.798755   1.892252  11.576553     441.655 1
336.501723   0.175104   0.077610  0.000011  23266.893     3.297717   1.892265  11.576631   -3446.067 1
337.482854  -0.499586   0.093364  0.000007  27989.823     2.098547   1.894166  11.588261     886.336 1
334.202833  -2.329528   0.094178  0.000150  28233.854    44.968869   1.896514  11.602629    1110.189 1
337.631724  -0.720920   0.091410  0.000007  27404.029     2.098547   1.898284  11.613458     348.979 1
334.835641  -0.108237   0.077285  0.000025  23169.460     7.494811   1.907197  11.667986   -3535.443 1
337.671478  -0.776186   0.089790  0.000015  26918.365     4.496887   1.907446  11.669505     -96.526 1
336.835789   0.064447   0.095842  0.000008  28732.709     2.398340   1.912306  11.699239    1567.794 1
336.634652   0.158450   0.089992  0.000040  26978.923    11.991698   1.918111  11.734753     -40.976 1
337.865112  -1.965325   0.094708  0.000020  28392.744     5.995849   1.921123  11.753179    1255.940 1
336.139897   0.274059   0.083275  0.000029  24965.217     8.693981   1.922709  11.762887   -1888.173 1
336.491935   0.209693   0.090109  0.000031  27013.999     9.293566   1.922816  11.763539      -8.800 1
334.168203  -0.967545   0.077345  0.000008  23187.448     2.398340   1.923625  11.768486   -3518.943 1
334.168042  -0.966583   0.077110  0.000150  23116.996    44.968869   1.924112  11.771470   -3583.569 1
334.168303  -0.965854   0.076812  0.000011  23027.658     3.297717   1.924124  11.771540   -3665.520 1
335.043940   0.045955   0.100400  0.000333  30099.163    99.830889   1.924779  11.775549    2821.260 1
334.610005  -0.278353   0.092600  0.000333  27760.782    99.830889   1.925479  11.779833     676.233 1
334.183083  -0.923065   0.099544  0.000010  29842.540     2.997925   1.925840  11.782040    2585.857 1
334.044657  -1.514388   0.098991  0.000018  29676.755     5.396264   1.929477  11.804289    2433.780 1
334.140220  -2.253537   0.084537  0.000017  25343.555     5.096472   1.929521  11.804562   -1541.119 1
336.650583   0.169702   0.089223  0.000009  26748.382     2.698132   1.934209  11.833240    -252.453 1
336.380292  -3.532694   0.104336  0.000150  31279.146    44.968869   1.935285  11.839822    3903.673 1
337.347792  -3.004472   0.077414  0.000150  23208.133    44.968869   1.937315  11.852241   -3499.968 1
334.176125  -0.897988   0.098994  0.000034  29677.655    10.192944   1.941755  11.879403    2434.605 1
335.297421   0.181469   0.098499  0.000007  29529.257     2.098547   1.942970  11.886838    2298.478 1
336.297969   0.276182   0.095497  0.000011  28629.280     3.297717   1.945082  11.899760    1472.918 1
337.039542  -3.267278   0.090286  0.000150  27067.062    44.968869   1.945636  11.903147      39.875 1
337.799914  -0.974564   0.106403  0.000006  31898.817     1.798755   1.946149  11.906286    4472.105 1
334.168343  -0.902622   0.098947  0.000007  29663.564     2.098547   1.947181  11.912601    2421.680 1
336.511555   0.232513   0.087568  0.000007  26252.226     2.098547   1.950137  11.930688    -707.584 1
336.511535   0.232850   0.087568  0.000007  26252.226     2.098547   1.950456  11.932635    -707.584 1
337.417649  -0.332262   0.090182  0.000020  27035.883     5.995849   1.950671  11.933953      11.275 1
334.090612  -1.114051   0.094785  0.000009  28415.828     2.698132   1.951900  11.941473    1277.116 1
334.698823  -0.157741   0.086843  0.000008  26034.876     2.398340   1.953748  11.952780    -906.961 1
335.777272   0.307721   0.094859  0.000023  28438.013     6.895227   1.958496  11.981822    1297.466 1
337.824440  -2.280873   0.078196  0.000013  23442.571     3.897302   1.960235  11.992461   -3284.915 1
336.482693   0.251241   0.074589  0.000025  22361.220     7.494811   1.960410  11.993537   -4276.853 1
337.666396  -0.653076   0.090799  0.000007  27220.855     2.098547   1.961949  12.002948     180.952 1
334.341492  -0.543478   0.077134  0.000005  23124.191     1.498962   1.964003  12.015517   -3576.969 1
334.344328  -0.538837   0.077394  0.000021  23202.137     6.295642   1.964254  12.017051   -3505.468 1
334.344956  -0.537443   0.077127  0.000011  23122.093     3.297717   1.964517  12.018662   -3578.894 1
336.545910   0.237745   0.078750  0.000026  23608.656     7.794604   1.964937  12.021229   -3132.563 1
337.669616  -0.652301   0.091170  0.000010  27332.078     2.997925   1.965120  12.022349     282.978 1
334.155260  -2.404282   0.093200  0.000017  27940.657     5.096472   1.968654  12.043970     841.235 1
334.153710  -2.404268   0.091892  0.000014  27548.529     4.197094   1.970077  12.052675     481.531 1
333.998901  -1.611126   0.099260  0.000100  29757.399    29.979246   1.971272  12.059984    2507.756 1
335.457053   0.263703   0.086285  0.000011  25867.592     3.297717   1.972900  12.069945   -1060.413 1
334.118338  -0.949450   0.100349  0.000005  30083.873     1.498962   1.976650  12.092886    2807.234 1
336.505630   0.262318   0.079003  0.000017  23684.504     5.096472   1.977182  12.096142   -3062.988 1
334.137255  -0.892136   0.099718  0.000008  29894.704     2.398340   1.979913  12.112848    2633.707 1
334.343250  -2.771217   0.089423  0.000013  26808.341     3.897302   1.980789  12.118209    -197.452 1
334.154222  -0.847766   0.092743  0.000008  27803.652     2.398340   1.981569  12.122981     715.559 1
337.614199  -0.528006   0.091546  0.000012  27444.800     3.597509   1.984416  12.140401     386.380 1
337.505283  -0.381157   0.079762  0.000029  23912.046     8.693981   1.985086  12.144500   -2854.260 1
335.747192   0.332648   0.093842  0.000017  28133.124     5.096472   1.986460  12.152903    1017.788 1
334.192557  -0.752326   0.095037  0.000014  28491.376     4.197094   1.987331  12.158233    1346.417 1
336.667158   0.222664   0.089728  0.000027  26899.778     8.094396   1.989618  12.172225    -113.576 1
335.463185   0.284565   0.085783  0.000012  25717.096     3.597509   1.991480  12.183615   -1198.465 1
336.905307   0.120258   0.093046  0.000007  27894.489     2.098547   1.993845  12.198085     798.885 1
334.073689  -1.019711   0.076839  0.000008  23035.753     2.398340   1.995532  12.208405   -3658.095 1
337.331620  -0.177574   0.078556  0.000014  23550.496     4.197094   1.998162  12.224493   -3185.914 1
335.749316   0.344809   0.093400  0.000027  28000.616     8.094396   1.998308  12.225387     896.236 1
337.644581  -0.542293   0.091695  0.000023  27489.469     6.895227   2.001751  12.246452     427.355 1
336.960388   0.100121   0.088996  0.000011  26680.330     3.297717   2.002694  12.252220    -314.879 1
334.481350  -2.985078   0.089667  0.000013  26881.490     3.897302   2.005617  12.270108    -130.352 1
334.468567  -0.301422   0.100400  0.000333  30099.163    99.830889   2.012391  12.311550    2821.260 1
334.759660  -0.032061   0.086873  0.000007  26043.870     2.098547   2.013672  12.319385    -898.711 1
336.515886   0.297590   0.080241  0.000012  24055.647     3.597509   2.013912  12.320853   -2722.533 1
334.430735  -0.338347   0.094558  0.000008  28347.775     2.398340   2.016715  12.337999    1214.690 1
333.965117  -1.407249   0.097132  0.000018  29119.441     5.396264   2.018417  12.348412    1922.549 1
335.477195   0.318426   0.094578  0.000006  28353.771     1.798755   2.020777  12.362853    1220.190 1
334.972125  -3.398972   0.089352  0.000150  26787.056    44.968869   2.021433  12.366868    -216.978 1
334.199857  -0.656687   0.101826  0.000019  30526.667     5.696057   2.025529  12.391922    3213.414 1
334.173097  -0.706248   0.087966  0.000028  26371.543     8.394189   2.025599  12.392353    -598.132 1
337.795910  -0.752306   0.089825  0.000028  26928.858     8.394189   2.029435  12.415819     -86.901 1
334.981078   0.133679   0.106900  0.000333  32047.814    99.830889   2.031958  12.431256    4608.782 1
336.551670   0.306235   0.078649  0.000012  23578.377     3.597509   2.032166  12.432530   -3160.339 1
334.575286  -0.162802   0.089765  0.000010  26910.870     2.997925   2.032583  12.435081    -103.401 1
334.142440  -0.743067   0.089011  0.000037  26684.826    11.092321   2.036327  12.457987    -310.754 1
333.977990  -2.080525   0.077590  0.000015  23260.897     4.496887   2.039816  12.479327   -3451.567 1
336.548000   0.316389   0.080057  0.000010  24000.485     2.997925   2.040859  12.485709   -2773.134 1
336.811394   0.219839   0.092331  0.000015  27680.137     4.496887   2.041953  12.492405     602.257 1
337.519795  -0.309775   0.081591  0.000022  24460.366     6.595434   2.042122  12.493440   -2351.279 1
337.509668  -0.291075   0.081145  0.000008  24326.659     2.398340   2.046744  12.521717   -2473.930 1
337.944161  -1.090245   0.105282  0.000011  31562.750     3.297717   2.048097  12.529993    4163.826 1
337.508860  -0.287249   0.081534  0.000013  24443.278     3.897302   2.048664  12.533461   -2366.954 1
334.428997  -0.290722   0.094675  0.000007  28382.851     2.098547   2.049111  12.536194    1246.865 1
334.446950  -3.012237   0.090086  0.000082  27007.103    24.582982   2.049343  12.537612     -15.125 1
336.533603   0.330265   0.078715  0.000024  23598.163     7.195019   2.050176  12.542714   -3142.189 1
337.119690   0.059161   0.096004  0.000012  28781.275     3.597509   2.051880  12.553134    1612.345 1
334.413940  -2.981013   0.091764  0.000013  27510.155     3.897302   2.053477  12.562908     446.330 1
335.752372   0.403094   0.087603  0.000028  26262.719     8.394189   2.055918  12.577837    -697.959 1
337.841050  -0.783297   0.089259  0.000010  26759.175     2.997925   2.056975  12.584307    -242.553 1
334.548190  -3.127733   0.090034  0.000017  26991.514     5.096472   2.057133  12.585274     -29.425 1
337.740747  -0.577031   0.090331  0.000009  27080.553     2.698132   2.064648  12.631250      52.251 1
335.445319   0.356848   0.096732  0.000008  28999.524     2.398340   2.065928  12.639078    1812.547 1
337.710464  -0.524182   0.080681  0.000021  24187.555     6.295642   2.066845  12.644691   -2601.532 1
334.509917  -3.104694   0.094175  0.000150  28232.955    44.968869   2.067389  12.648018    1109.364 1
334.642630  -3.226155   0.088536  0.000020  26542.425     5.995849   2.067495  12.648669    -441.380 1
334.748935   0.028646   0.098228  0.000007  29448.014     2.098547   2.068817  12.656755    2223.952 1
334.413650  -3.012845   0.090056  0.000020  26998.110     5.995849   2.074604  12.692159     -23.375 1
337.716632  -0.518586   0.093538  0.000016  28041.987     4.796679   2.075057  12.694932     934.186 1
334.952227   0.168178   0.106796  0.000006  32016.635     1.798755   2.076150  12.701616    4580.181 1
334.745235   0.035945   0.097329  0.000029  29178.500     8.693981   2.076892  12.706158    1976.724 1
334.406410  -0.266172   0.078918  0.000014  23659.021     4.197094   2.082274  12.739084   -3086.363 1
335.020620  -3.497670   0.089982  0.000014  26975.925     4.197094   2.085302  12.757606     -43.726 1
337.921580  -0.875936   0.107859  0.000051  32335.315    15.289415   2.094813  12.815792    4872.510 1
336.247700   0.436441   0.102182  0.000034  30633.393    10.192944   2.096005  12.823088    3311.316 1
336.896331   0.243901   0.091164  0.000012  27330.280     3.597509   2.099906  12.846955     281.328 1
336.908017   0.239015   0.090822  0.000027  27227.751     8.094396   2.100705  12.851840     187.277 1
334.047225  -0.788210   0.099301  0.000010  29769.691     2.997925   2.103453  12.868656    2519.031 1
337.722848  -0.474796   0.091016  0.000027  27285.910     8.094396   2.104240  12.873466     240.628 1
337.534991  -0.229121   0.094452  0.000011  28315.997     3.297717   2.106848  12.889424    1185.540 1
334.556533  -0.078447   0.091562  0.000007  27449.597     2.098547   2.107268  12.891992     390.780 1
334.045980  -2.509438   0.093855  0.000013  28137.021     3.897302   2.110816  12.913696    1021.363 1
337.885800  -0.745055   0.089879  0.000023  26945.046     6.895227   2.113641  12.930984     -72.051 1
337.138330   0.121870   0.083889  0.000041  25149.290    12.291491   2.114366  12.935416   -1719.321 1
335.027250   0.251216   0.097589  0.000028  29256.446     8.394189   2.114406  12.935660    2048.225 1
337.905305  -0.758410   0.089646  0.000039  26875.195    11.691906   2.125734  13.004968    -136.127 1
334.488479  -0.114670   0.091489  0.000007  27427.712     2.098547   2.127353  13.014870     370.705 1
338.027929  -1.093659   0.105564  0.000049  31647.291    14.689830   2.127982  13.018721    4241.377 1
334.594039  -0.016292   0.091317  0.000012  27376.148     3.597509   2.129346  13.027066     323.404 1
333.915376  -1.060044   0.097851  0.000007  29334.992     2.098547   2.135146  13.062548    2120.276 1
334.860290  -3.467151   0.090416  0.000018  27106.035     5.396264   2.136868  13.073080      75.626 1
337.439220  -0.086546   0.081794  0.000024  24521.224     7.195019   2.138126  13.080780   -2295.453 1
333.845294  -1.923283   0.095385  0.000018  28595.704     5.396264   2.143230  13.112005    1442.118 1
338.050818  -1.119604   0.105066  0.000014  31497.994     4.197094   2.143639  13.114508    4104.425 1
334.281340  -2.961755   0.090696  0.000026  27189.977     7.794604   2.143743  13.115139     152.627 1
335.745215   0.490857   0.095046  0.000041  28494.074    12.291491   2.143945  13.116378    1348.892 1
334.479539  -0.096072   0.077283  0.000034  23168.861    10.192944   2.146932  13.134654   -3535.993 1
337.504520  -0.137660   0.088431  0.000008  26510.947     2.398340   2.147360  13.137268    -470.256 1
334.121055  -2.744313   0.076221  0.000034  22850.481    10.192944   2.153004  13.171800   -3828.047 1
334.173451  -0.451038   0.088542  0.000010  26544.224     2.997925   2.155025  13.184162    -439.730 1
334.169078  -0.450045   0.088644  0.000018  26574.803     5.396264   2.159218  13.209815    -411.680 1
334.833333  -3.478083   0.087851  0.000150  26337.067    44.968869   2.160276  13.216289    -629.758 1
336.595544   0.430594   0.097233  0.000017  29149.720     5.096472   2.163882  13.238347    1950.324 1
337.787386  -0.462001   0.090854  0.000027  27237.344     8.094396   2.165171  13.246238     196.077 1
337.546032  -0.154008   0.088534  0.000007  26541.825     2.098547   2.165922  13.250829    -441.930 1
337.547031  -0.154360   0.088659  0.000009  26579.300     2.698132   2.166406  13.253793    -407.555 1
337.819343  -0.508721   0.089046  0.000037  26695.319    11.092321   2.167256  13.258992    -301.129 1
334.027965  -0.677105   0.107212  0.000007  32141.349     2.098547   2.168135  13.264367    4694.583 1
337.785555  -0.444657   0.090363  0.000007  27090.146     2.098547   2.173138  13.294976      61.051 1
336.687613   0.416577   0.088191  0.000017  26438.997     5.096472   2.178973  13.330673    -536.257 1
334.522863  -0.001610   0.095471  0.000016  28621.486     4.796679   2.186990  13.379721    1465.768 1
337.817152  -0.467027   0.089685  0.000008  26886.887     2.398340   2.187483  13.382740    -125.402 1
336.770196   0.397018   0.088644  0.000008  26574.803     2.398340   2.189276  13.393704    -411.680 1
337.816667  -0.460750   0.090000  0.000333  26981.321    99.830889   2.190451  13.400893     -38.775 1
334.268800  -0.256990   0.108000  0.000333  32377.585    99.830889   2.193241  13.417966    4911.285 1
336.280690   0.531490   0.106221  0.000019  31844.255     5.696057   2.194669  13.426702    4422.054 1
337.298580   0.107821   0.089813  0.000009  26925.260     2.698132   2.195623  13.432540     -90.201 1
337.560622  -0.125871   0.087902  0.000006  26352.357     1.798755   2.195869  13.434043    -615.733 1
337.999277  -0.797865   0.103334  0.000030  30978.754     8.993774   2.196077  13.435316    3628.120 1
338.111870  -1.128450   0.090152  0.000023  27026.890     6.895227   2.200804  13.464237       3.025 1
337.884250  -0.552500   0.088855  0.000046  26638.059    13.790453   2.200851  13.464518    -353.654 1
334.385455  -0.113473   0.094892  0.000007  28447.906     2.098547   2.201150  13.466350    1306.541 1
334.385188  -0.113472   0.094892  0.000007  28447.906     2.098547   2.201343  13.467530    1306.541 1
334.936742   0.305881   0.097309  0.000007  29172.504     2.098547   2.204412  13.486306    1971.224 1
338.134074  -1.211741   0.078215  0.000007  23448.267     2.098547   2.204668  13.487872   -3279.690 1
336.620370   0.469138   0.097036  0.000006  29090.661     1.798755   2.207984  13.508158    1896.148 1
334.132240  -0.413430   0.089000  0.000333  26681.529    99.830889   2.210153  13.521432    -313.779 1
334.407281  -0.069388   0.076900  0.000013  23054.040     3.897302   2.216537  13.560485   -3641.320 1
336.721510   0.452936   0.088152  0.000007  26427.305     2.098547   2.224542  13.609462    -546.982 1
337.058534   0.299818   0.084435  0.000008  25312.976     2.398340   2.224828  13.611207   -1569.169 1
337.057972   0.300212   0.084435  0.000008  25312.976     2.398340   2.224897  13.611631   -1569.169 1
337.610065  -0.134939   0.088017  0.000011  26386.833     3.297717   2.225752  13.616861    -584.107 1
336.139007   0.579209   0.090231  0.000008  27050.573     2.398340   2.226772  13.623100      24.750 1
338.154525  -1.199737   0.089587  0.000011  26857.507     3.297717   2.227071  13.624930    -152.352 1
333.894422  -0.821122   0.090708  0.000012  27193.574     3.597509   2.231623  13.652780     155.927 1
338.004406  -0.719110   0.107578  0.000039  32251.073    11.691906   2.232176  13.656164    4795.234 1
334.054498  -0.486258   0.088324  0.000025  26478.869     7.494811   2.236719  13.683958    -499.681 1
338.009995  -0.713107   0.107450  0.000027  32212.700     8.094396   2.239746  13.702474    4760.033 1
336.875419   0.412300   0.107550  0.000009  32242.679     2.698132   2.243796  13.727254    4787.534 1
338.097934  -0.919768   0.080256  0.000012  24060.144     3.597509   2.245364  13.736845   -2718.408 1
338.014112  -0.705695   0.106712  0.000019  31991.453     5.696057   2.246568  13.744213    4557.081 1
334.546678   0.099239   0.097639  0.000007  29271.436     2.098547   2.248435  13.755631    2061.975 1
334.548023   0.101318   0.098021  0.000007  29385.957     2.098547   2.249194  13.760277    2167.027 1
334.620294   0.159484   0.095274  0.000010  28562.427     2.997925   2.250491  13.768214    1411.592 1
336.884841   0.415618   0.107479  0.000049  32221.394    14.689830   2.250640  13.769126    4768.009 1
336.541810   0.537201   0.079754  0.000008  23909.648     2.398340   2.251950  13.777139   -2856.460 1
337.808236  -0.331398   0.090280  0.000033  27065.263     9.893151   2.255918  13.801412      38.225 1
338.048883  -0.751199   0.090073  0.000054  27003.206    16.188793   2.259910  13.825834     -18.700 1
337.696127  -0.176576   0.094231  0.000006  28249.743     1.798755   2.262655  13.842628    1124.764 1
337.343498   0.158279   0.087518  0.000020  26237.236     5.995849   2.262967  13.844536    -721.334 1
338.102181  -0.854842   0.089420  0.000048  26807.442    14.390038   2.271041  13.893932    -198.277 1
336.716180   0.506409   0.107221  0.000017  32144.047     5.096472   2.273200  13.907145    4697.058 1
338.197894  -1.168323   0.080628  0.000026  24171.666     7.794604   2.275897  13.923643   -2616.107 1
336.497626   0.572974   0.091018  0.000006  27286.510     1.798755   2.275949  13.923961     241.178 1
338.131905  -0.919304   0.091275  0.000022  27363.557     6.595434   2.277694  13.934634     311.854 1
338.203333  -1.177306   0.080000  0.000333  23983.397    99.830889   2.279370  13.944892   -2788.809 1
338.206806  -1.187324   0.079784  0.000020  23918.641     5.995849   2.280755  13.953361   -2848.210 1
334.315774  -0.066577   0.077063  0.000013  23102.906     3.897302   2.283889  13.972537   -3596.494 1
338.157325  -0.977274   0.079236  0.000017  23754.355     5.096472   2.284290  13.974989   -2998.912 1
338.206522  -1.168173   0.079252  0.000012  23759.152     3.597509   2.284365  13.975449   -2994.512 1
333.739111  -1.140724   0.091372  0.000039  27392.636    11.691906   2.286179  13.986547     338.529 1
334.133771  -0.277707   0.095067  0.000038  28500.370    11.392113   2.287105  13.992213    1354.667 1
333.913040  -2.645344   0.090448  0.000015  27115.628     4.496887   2.288888  14.003118      84.426 1
334.499730  -3.396651   0.081383  0.000015  24398.010     4.496887   2.289920  14.009431   -2408.480 1
333.706628  -2.000823   0.093138  0.000150  27922.070    44.968869   2.291589  14.019644     824.185 1
333.926220  -0.602699   0.099112  0.000029  29713.030     8.693981   2.292416  14.024703    2467.055 1
337.188634   0.302120   0.096749  0.000006  29004.621     1.798755   2.293146  14.029172    1817.222 1
337.600780  -3.256573   0.097206  0.000011  29141.626     3.297717   2.294392  14.036794    1942.899 1
338.201735  -1.093963   0.090184  0.000011  27036.483     3.297717   2.296230  14.048038      11.825 1
337.856421  -0.327904   0.090296  0.000009  27070.060     2.698132   2.297299  14.054577      42.626 1
338.165621  -0.949515   0.106860  0.000007  32035.822     2.098547   2.300419  14.073667    4597.781 1
334.791982   0.335696   0.077656  0.000007  23280.683     2.098547   2.301409  14.079724   -3433.417 1
334.004589  -0.426217   0.088398  0.000010  26501.054     2.997925   2.310587  14.135875    -479.331 1
335.433523   0.616341   0.098211  0.000011  29442.917     3.297717   2.320534  14.196727    2219.277 1
338.086273  -0.682641   0.107394  0.000042  32195.911    12.591283   2.321766  14.204263    4744.633 1
334.092980  -0.272928   0.095206  0.000052  28542.041    15.589208   2.322780  14.210470    1392.892 1
336.966579   0.458233   0.097115  0.000024  29114.345     7.195019   2.323464  14.214652    1917.874 1
338.116118  -0.746570   0.089955  0.000030  26967.831     8.993774   2.323615  14.215575     -51.151 1
338.091100  -0.684967   0.107035  0.000029  32088.286     8.693981   2.325204  14.225296    4645.907 1
334.576733   0.223133   0.095351  0.000005  28585.511     1.498962   2.327539  14.239585    1432.768 1
337.573869   0.052448   0.089172  0.000009  26733.093     2.698132   2.331593  14.264384    -266.478 1
337.442720  -3.450506   0.107058  0.000014  32095.181     4.197094   2.332058  14.267227    4652.232 1
334.982279   0.473479   0.086713  0.000030  25995.903     8.993774   2.334128  14.279892    -942.712 1
