318.488042   2.567000   0.048157  0.000057  14437.105    17.088170   0.005408   0.018793    -326.563 0
318.484300   2.581619   0.047964  0.000013  14379.245     3.897302   0.016398   0.056986    -381.705 0
318.514167   2.566917   0.051040  0.000090  15301.407    26.981321   0.031269   0.108664     497.130 0
318.445238   2.564008   0.048460  0.000057  14527.943    17.088170   0.037656   0.130861    -239.994 0
318.457390   2.535830   0.048986  0.000008  14685.633     2.398340   0.038952   0.135366     -89.712 0
318.524720   2.575573   0.050477  0.000011  15132.624     3.297717   0.043018   0.149495     336.277 0
318.451208   2.519333   0.046899  0.000390  14059.966    99.990000   0.055804   0.193931    -685.983 0
318.434958   2.596667   0.047980  0.000150  14384.042    44.968869   0.057271   0.199027    -377.133 0
318.481100   2.623262   0.048072  0.000010  14411.623     2.997925   0.058010   0.201597    -350.848 0
318.521208   2.613083   0.048847  0.000090  14643.962    26.981321   0.061228   0.212781    -129.425 0
318.437000   2.516667   0.051160  0.000110  15337.382    32.977170   0.066834   0.232260     531.415 0
318.516875   2.623444   0.046152  0.000057  13836.022    17.088170   0.067338   0.234012    -899.406 0
318.414830   2.548819   0.049727  0.000011  14907.780     3.297717   0.069975   0.243178     121.997 0
318.410708   2.580944   0.056170  0.000480  16839.342    99.990000   0.073811   0.256507    1962.808 1
318.408708   2.548083   0.049354  0.000077  14795.957    23.084019   0.076096   0.264449      15.428 0
318.501708   2.639028   0.047970  0.000007  14381.044     2.098547   0.076101   0.264467    -379.990 0
318.554458   2.530000   0.049950  0.000080  14974.633    23.983397   0.079709   0.277005     185.710 0
318.402708   2.558472   0.055720  0.000340  16704.436    99.990000   0.080410   0.279442    1834.240 1
318.396430   2.562528   0.050761  0.000009  15217.765     2.698132   0.086437   0.300386     417.418 0
318.457000   2.648389   0.046550  0.000230  13955.339    68.952265   0.087046   0.302504    -785.695 0
318.577667   2.569722   0.050760  0.000170  15217.465    50.964718   0.094766   0.329331     417.132 0
318.447820   2.477002   0.051196  0.000009  15348.175     2.698132   0.094983   0.330086     541.701 0
318.447583   2.476361   0.050788  0.000053  15225.859    15.889000   0.095667   0.332460     425.132 0
318.446045   2.476927   0.050570  0.000200  15160.505    59.958492   0.095721   0.332650     362.848 0
318.414200   2.493703   0.045686  0.000010  13696.318     2.997925   0.099171   0.344638   -1032.545 0
318.416625   2.639639   0.048070  0.000130  14411.023    38.973020   0.099570   0.346025    -351.420 0
318.561417   2.500889   0.050538  0.000093  15150.911    27.880699   0.101475   0.352646     353.705 0
318.582458   2.543389   0.048410  0.000190  14512.953    56.960567   0.101829   0.353876    -254.279 0
318.391000   2.609778   0.052090  0.000200  15616.189    59.958492   0.102032   0.354582     797.123 0
318.461375   2.676472   0.046050  0.000120  13805.443    35.975095   0.113254   0.393580    -928.548 0
318.396570   2.640867   0.053935  0.000012  16169.306     3.597509   0.114687   0.398559    1324.252 0
318.593792   2.532417   0.050670  0.000180  15190.484    53.962642   0.115543   0.401534     391.419 0
318.599080   2.574243   0.046494  0.000012  13938.551     3.597509   0.116399   0.404510    -801.694 0
318.370958   2.515528   0.048910  0.000200  14662.849    59.958492   0.122407   0.425387    -111.426 0
318.443708   2.446083   0.043660  0.000350  13088.939    99.990000   0.125466   0.436018   -1611.388 0
318.535110   2.451007   0.047145  0.000009  14133.715     2.698132   0.125609   0.436517    -615.699 0
318.606833   2.591056   0.043620  0.000550  13076.947    99.990000   0.126454   0.439451   -1622.816 0
318.361167   2.523126   0.048594  0.000067  14568.115    20.086095   0.128719   0.447324    -201.709 0
318.587000   2.643528   0.047350  0.000180  14195.173    53.962642   0.130138   0.452253    -557.129 0
318.557750   2.675778   0.052650  0.000230  15784.073    68.952265   0.133415   0.463644     957.119 0
318.391410   2.464107   0.048559  0.000011  14557.622     3.297717   0.136350   0.473845    -211.709 0
318.517375   2.431250   0.053866  0.000012  16148.621     3.597509   0.138382   0.480904    1304.539 0
318.607750   2.627667   0.051899  0.000187  15558.929    56.061190   0.139449   0.484612     742.553 0
318.611250   2.620861   0.049210  0.000250  14752.787    74.948115   0.139741   0.485626     -25.714 0
318.344458   2.587111   0.046770  0.000230  14021.293    68.952265   0.140026   0.486616    -722.839 0
318.456640   2.427063   0.051046  0.000009  15303.206     2.698132   0.140686   0.488913     498.845 0
318.407060   2.445041   0.048682  0.000015  14594.496     4.496887   0.142124   0.493907    -176.567 0
318.623833   2.538083   0.061540  0.000300  18449.228    89.937737   0.143385   0.498290    3497.055 1
318.539792   2.700639   0.049210  0.000150  14752.787    44.968869   0.146803   0.510169     -25.714 0
318.593167   2.664194   0.049691  0.000007  14896.987     2.098547   0.148041   0.514473     111.711 0
318.628340   2.594701   0.049215  0.000009  14754.286     2.698132   0.148233   0.515140     -24.285 0
318.633058   2.604482   0.050782  0.000090  15224.061    26.981321   0.155036   0.538779     423.418 0
318.597292   2.450667   0.049980  0.000210  14983.627    62.956416   0.161843   0.562436     194.281 0
318.643970   2.542066   0.046438  0.000012  13921.762     3.597509   0.162565   0.564944    -817.694 0
318.324830   2.628228   0.044304  0.000015  13282.005     4.496887   0.170005   0.590800   -1427.393 0
318.312280   2.547648   0.048397  0.000012  14509.056     3.597509   0.171368   0.595539    -257.994 0
318.622100   2.665871   0.050477  0.000015  15132.624     4.496887   0.171620   0.596415     336.277 0
318.624225   2.465778   0.050570  0.000160  15160.505    47.966793   0.172715   0.600219     362.848 0
318.309908   2.522527   0.047590  0.000007  14267.123     2.098547   0.178038   0.618717    -488.559 0
318.359583   2.694222   0.052723  0.000057  15805.958    17.088170   0.178340   0.619766     977.975 0
318.366083   2.424639   0.047680  0.000073  14294.104    21.884849   0.182760   0.635126    -462.845 0
318.598725   2.707626   0.049948  0.000007  14974.034     2.098547   0.183436   0.637475     185.138 0
318.545458   2.746694   0.047520  0.000180  14246.138    53.962642   0.191874   0.666798    -508.559 0
318.308060   2.478432   0.051653  0.000016  15485.180     4.796679   0.195074   0.677920     672.269 0
318.578730   2.394460   0.047350  0.000012  14195.173     3.597509   0.195813   0.680487    -557.129 0
318.284510   2.562471   0.048527  0.000008  14548.029     2.398340   0.198221   0.688857    -220.852 0
318.598333   2.729917   0.044090  0.000120  13217.849    35.975095   0.201000   0.698515   -1488.534 0
318.666809   2.660570   0.044280  0.000200  13274.810    59.958492   0.206957   0.719217   -1434.250 0
318.513954   2.771668   0.048607  0.000007  14572.012     2.098547   0.208705   0.725291    -197.995 0
318.275667   2.537833   0.046910  0.000210  14063.264    62.956416   0.208847   0.725783    -682.840 0
318.634340   2.420866   0.048979  0.000015  14683.535     4.496887   0.209142   0.726811     -91.712 0
318.285790   2.489903   0.050550  0.000019  15154.509     5.696057   0.210856   0.732765     357.134 0
318.419250   2.362361   0.048120  0.000180  14426.013    53.962642   0.212651   0.739005    -337.134 0
318.580625   2.363917   0.051330  0.000330  15388.347    98.931511   0.223777   0.777669     579.985 0
318.310542   2.402972   0.048780  0.000080  14623.876    23.983397   0.236633   0.822345    -148.568 0
318.392500   2.343917   0.044970  0.000610  13481.667    99.990000   0.239080   0.830849   -1237.112 0
318.290833   2.419986   0.049590  0.000270  14866.708    80.943964   0.240687   0.836433      82.855 0
318.471000   2.809694   0.050030  0.000180  14998.617    53.962642   0.244703   0.850392     208.566 0
318.364875   2.782778   0.048890  0.000340  14656.853    99.990000   0.247406   0.859784    -117.140 0
318.492542   2.312556   0.047603  0.000244  14271.020    73.149360   0.252907   0.878902    -484.845 0
318.638458   2.788222   0.049190  0.000170  14746.791    50.964718   0.271753   0.944396     -31.428 0
318.202220   2.574510   0.051881  0.000018  15553.533     5.396264   0.280561   0.975003     737.410 0
318.215667   2.477500   0.033940  0.000450  10174.956    99.990000   0.281036   0.976654   -4388.461 1
318.741119   2.683694   0.047890  0.000160  14357.061    47.966793   0.283831   0.986369    -402.847 0
318.192542   2.571694   0.049810  0.000260  14932.662    77.946039   0.290148   1.008321     145.711 0
318.766937   2.502003   0.051680  0.000220  15493.274    65.954341   0.290712   1.010283     679.983 0
318.767829   2.486739   0.049940  0.000570  14971.635    99.990000   0.295271   1.026124     182.853 0
318.182917   2.580667   0.051760  0.000120  15517.258    35.975095   0.300087   1.042861     702.839 0
318.605542   2.288028   0.046420  0.000270  13916.366    80.943964   0.303112   1.053375    -822.836 0
318.549340   2.870067   0.045904  0.000008  13761.673     2.398340   0.311928   1.084012    -970.261 0
318.765533   2.719002   0.048350  0.000150  14494.965    44.968869   0.321475   1.117189    -271.422 0
318.779114   2.409471   0.049870  0.000160  14950.650    47.966793   0.334421   1.162179     162.853 0
318.794190   2.410802   0.049960  0.000130  14977.631    38.973020   0.347224   1.206672     188.567 0
318.372450   2.235889   0.047510  0.000070  14243.140    20.985472   0.347384   1.207226    -511.416 0
318.673859   2.855922   0.048260  0.000110  14467.984    32.977170   0.347651   1.208155    -297.135 0
318.140917   2.500722   0.046330  0.000230  13889.385    68.952265   0.347696   1.208312    -848.550 0
318.219833   2.334472   0.050795  0.000103  15227.958    30.878623   0.349776   1.215540     427.132 0
318.736939   2.319512   0.051930  0.000770  15568.222    99.990000   0.353275   1.227700     751.410 0
318.837738   2.594978   0.046780  0.000210  14024.291    62.956416   0.355714   1.236177    -719.982 0
318.833069   2.500526   0.048090  0.000660  14417.019    99.990000   0.355751   1.236304    -345.706 0
318.838074   2.501656   0.048210  0.000220  14452.994    65.954341   0.360467   1.252695    -311.421 0
318.134875   2.463972   0.043980  0.000030  13184.872     8.993774   0.362145   1.258525   -1519.962 1
318.739716   2.305498   0.050350  0.000190  15094.550    56.960567   0.365108   1.268822     299.992 0
318.110500   2.546917   0.047020  0.000170  14096.241    50.964718   0.372490   1.294475    -651.412 0
318.847565   2.465070   0.045820  0.001020  13736.490    99.990000   0.377821   1.313003    -994.261 0
318.112940   2.467442   0.045875  0.000017  13752.979     5.096472   0.382330   1.328670    -978.547 0
318.141000   2.384222   0.046320  0.000130  13886.387    38.973020   0.386588   1.343469    -851.407 0
318.827292   2.381694   0.049114  0.000057  14724.007    17.088170   0.389955   1.355171     -53.142 0
318.235667   2.255500   0.050885  0.000053  15254.939    15.889000   0.396195   1.376854     452.846 0
318.081790   2.514774   0.047809  0.000013  14332.778     3.897302   0.403888   1.403591    -425.989 0
318.240450   2.895139   0.048267  0.000087  14470.083    26.081944   0.409238   1.422183    -295.135 0
318.149920   2.326739   0.060769  0.000008  18218.088     2.398340   0.409343   1.422548    3276.775 1
318.095550   2.703127   0.047756  0.000008  14316.889     2.398340   0.410791   1.427578    -441.132 0
318.449768   2.152119   0.050110  0.000510  15022.600    99.990000   0.414485   1.440418     231.423 0
318.709045   2.215077   0.047580  0.000720  14264.125    99.990000   0.416745   1.448272    -491.416 0
318.600000   2.152444   0.048951  0.000007  14675.141     2.098547   0.429088   1.491163     -99.712 0
318.241516   2.206111   0.050170  0.000230  15040.588    68.952265   0.432616   1.503426     248.565 0
318.279053   2.175144   0.047160  0.000150  14138.212    44.968869   0.440091   1.529404    -611.413 0
318.918917   2.643417   0.047880  0.000057  14354.063    17.088170   0.442523   1.537854    -405.704 0
318.400625   3.003972   0.061052  0.000080  18302.929    23.983397   0.446327   1.551074    3357.630 1
318.940667   2.591684   0.048610  0.000410  14572.911    99.990000   0.458060   1.591848    -197.138 0
318.937000   2.684611   0.045980  0.000230  13784.457    68.952265   0.469068   1.630102    -948.548 0
318.964650   2.628019   0.048000  0.000067  14390.038    20.086095   0.485329   1.686615    -371.419 0
318.628208   3.030667   0.061460  0.000160  18425.244    47.966793   0.487498   1.694151    3474.198 1
317.998290   2.746890   0.049174  0.000008  14741.994     2.398340   0.517077   1.796943     -35.999 0
318.993333   2.354583   0.061590  0.000110  18464.217    32.977170   0.551727   1.917360    3511.340 1
319.035190   2.549210   0.048780  0.000300  14623.876    89.937737   0.551961   1.918171    -148.568 0
317.969355   2.328975   0.048737  0.000080  14610.985    23.983397   0.564846   1.962949    -160.853 0
318.143830   2.061830   0.050040  0.000630  15001.615    99.990000   0.606800   2.108750     211.423 0
319.147190   2.645320   0.048120  0.000160  14426.013    47.966793   0.668424   2.322903    -337.134 0
317.895250   2.171778   0.048513  0.000110  14543.832    32.977170   0.706751   2.456096    -224.851 0
319.135710   2.280740   0.048630  0.000300  14578.907    89.937737   0.711518   2.472663    -191.424 0
319.194583   2.450611   0.047970  0.000133  14381.044    39.872397   0.720148   2.502655    -379.990 0
319.191250   2.416500   0.047170  0.000100  14141.210    29.979246   0.723102   2.512920    -608.556 0
319.202910   2.712480   0.046630  0.000180  13979.322    53.962642   0.734186   2.551441    -762.838 0
319.261960   2.468400   0.049290  0.000300  14776.770    89.937737   0.784276   2.725513      -2.857 0
318.533399   1.776114   0.048277  0.000113  14473.080    33.876548   0.790776   2.748102    -292.278 0
319.262940   2.718660   0.047810  0.000180  14333.077    53.962642   0.794200   2.760000    -425.704 0
319.270500   2.816222   0.049144  0.000007  14733.001     2.098547   0.825849   2.869988     -44.570 0
317.750792   1.932222   0.047633  0.000147  14280.014    44.069491   0.967308   3.361586    -476.274 1
319.442917   2.368833   0.047796  0.000012  14328.880     3.597509   0.978958   3.402070    -429.703 1
319.454530   2.236950   0.049940  0.000180  14971.635    53.962642   1.024673   3.560939     182.853 1
317.913292   1.670194   0.050001  0.001001  14989.923    99.990000   1.060657   3.685991     200.281 1
319.528125   2.362444   0.048610  0.000090  14572.911    26.981321   1.063686   3.696518    -197.138 1
319.503620   2.089250   0.045516  0.000010  13645.354     2.997925   1.125329   3.910740   -1081.116 1
319.642850   2.499240   0.046276  0.000012  13873.196     3.597509   1.160658   4.033513    -863.978 1
319.779440   2.635138   0.062790  0.000011  18823.968     3.297717   1.297113   4.507722    3854.189 1
318.993351   1.111942   0.049000  0.000008  14689.830     2.398340   1.540201   5.352500     -85.712 1
320.118875   2.776194   0.046999  0.000333  14089.946    99.830889   1.647879   5.726702    -657.412 1
319.055351   1.011988   0.031812  0.000011   9536.998     3.297717   1.655219   5.752208   -4996.446 1
320.078120   3.105373   0.047401  0.000008  14210.462     2.398340   1.682646   5.847524    -542.558 1
317.581589   1.078825   0.047931  0.000013  14369.352     3.897302   1.737901   6.039547    -391.133 1
318.332650   0.773158   0.051600  0.000021  15469.291     6.295642   1.798398   6.249784     657.126 1
317.392018   1.127385   0.048254  0.000007  14466.185     2.098547   1.804218   6.270011    -298.850 1
318.142051   0.789674   0.046423  0.000007  13917.265     2.098547   1.807963   6.283024    -821.979 1
318.692260   4.362401   0.047999  0.000021  14389.738     6.295642   1.809249   6.287496    -371.705 1
319.371610   4.142866   0.052933  0.000007  15868.914     2.098547   1.810244   6.290952    1037.974 1
318.176378   0.769476   0.046740  0.000009  14012.299     2.698132   1.821726   6.330854    -731.410 1
319.649730   4.023979   0.062411  0.000010  18710.347     2.997925   1.867229   6.488986    3745.906 1
319.303910   0.834108   0.034669  0.000007  10393.505     2.098547   1.915632   6.657197   -4180.181 1
317.256905   1.077145   0.066736  0.000014  20006.949     4.197094   1.927336   6.697869    4981.589 1
319.496410   4.211104   0.049079  0.000009  14713.514     2.698132   1.932320   6.715191     -63.141 1
317.355962   0.971782   0.049411  0.000006  14813.045     1.798755   1.951078   6.780376      31.713 1
319.476450   4.261611   0.052484  0.000009  15734.307     2.698132   1.965371   6.830049     909.691 1
317.312920   0.984366   0.049254  0.000009  14765.978     2.698132   1.966068   6.832471     -13.143 1
320.261038   1.712970   0.035401  0.000070  10612.953    20.985472   1.970238   6.846963   -3971.043 1
318.433151   0.574913   0.047117  0.000014  14125.321     4.197094   1.990988   6.919072    -623.699 1
318.167745   0.533709   0.057945  0.000033  17371.474     9.893151   2.055824   7.144389    2469.938 1
320.538978   2.474565   0.064320  0.000130  19282.651    38.973020   2.056010   7.145036    4291.321 1
319.738194   0.930106   0.052464  0.000020  15728.312     5.995849   2.060674   7.161244     903.977 1
320.243760   3.674850   0.037925  0.000012  11369.629     3.597509   2.079790   7.227678   -3249.918 1
316.805278   1.303687   0.048033  0.000080  14399.931    23.983397   2.097720   7.289987    -361.991 1
318.556514   0.462242   0.059895  0.000006  17956.069     1.798755   2.104323   7.312934    3027.067 1
318.596094   0.461275   0.060036  0.000015  17998.340     4.496887   2.107041   7.322380    3067.351 1
320.149960   1.212663   0.033759  0.000006  10120.694     1.798755   2.145475   7.455944   -4440.174 1
320.151610   1.212352   0.033403  0.000007  10013.967     2.098547   2.146950   7.461073   -4541.886 1
316.754939   3.843251   0.053991  0.000077  16186.095    23.084019   2.147816   7.464080    1340.252 1
316.766351   1.257084   0.047941  0.000011  14372.350     3.297717   2.156861   7.495514    -388.276 1
318.307797   0.410697   0.046530  0.000034  13949.343    10.192944   2.161673   7.512237    -791.409 1
319.577721   0.700375   0.039863  0.000005  11950.627     1.498962   2.161962   7.513242   -2696.218 1
320.639199   2.794278   0.058810  0.000120  17630.794    35.975095   2.166266   7.528198    2717.075 1
318.488113   0.394744   0.057953  0.000009  17373.872     2.698132   2.170542   7.543059    2472.224 1
320.594583   3.104874   0.037633  0.000097  11282.090    29.079868   2.177474   7.567147   -3333.345 1
316.751970   1.205786   0.048322  0.000033  14486.571     9.893151   2.199631   7.644147    -279.422 1
320.188792   1.163040   0.035340  0.000012  10594.665     3.597509   2.206917   7.669467   -3988.471 1
320.610480   1.967263   0.048275  0.000016  14472.481     4.796679   2.207965   7.673111    -292.850 1
320.095343   1.054234   0.036158  0.000015  10839.896     4.496887   2.208618   7.675379   -3754.763 1
319.458136   0.579921   0.039459  0.000011  11829.511     3.297717   2.211518   7.685457   -2811.644 1
317.633238   0.522348   0.050574  0.000011  15161.704     3.297717   2.212254   7.688015     363.991 1
318.516299   0.347051   0.060037  0.000015  17998.640     4.496887   2.218480   7.709651    3067.637 1
317.780900   4.670188   0.061666  0.000009  18487.002     2.698132   2.218664   7.710290    3533.054 1
320.166216   1.117356   0.036040  0.000018  10804.520     5.396264   2.219082   7.711746   -3788.476 1
320.147361   1.086812   0.034359  0.000013  10300.569     3.897302   2.225020   7.732381   -4268.750 1
320.155207   1.092438   0.035354  0.000103  10598.863    30.878623   2.227159   7.739814   -3984.471 1
317.446723   0.587202   0.052749  0.000016  15813.752     4.796679   2.232560   7.758584     985.404 1
319.503596   0.570832   0.034978  0.000013  10486.141     3.897302   2.239986   7.784389   -4091.897 1
318.456408   0.325307   0.057911  0.000013  17361.281     3.897302   2.240129   7.784888    2460.224 1
318.151939   0.348876   0.050936  0.000007  15270.229     2.098547   2.240930   7.787672     467.417 1
316.659031   1.254471   0.048349  0.000019  14494.666     5.696057   2.244569   7.800317    -271.707 1
318.130378   0.340401   0.050549  0.000016  15154.209     4.796679   2.252580   7.828156     356.848 1
319.516502   0.562699   0.035303  0.000047  10583.573    14.090246   2.253110   7.829997   -3999.042 1
320.312057   1.241566   0.049005  0.000008  14691.329     2.398340   2.256390   7.841396     -84.284 1
316.963350   0.894365   0.058152  0.000006  17433.531     1.798755   2.257519   7.845322    2529.079 1
318.505176   0.307622   0.059824  0.000003  17934.784     0.899377   2.257768   7.846184    3006.782 1
319.233643   0.434572   0.035161  0.000009  10541.003     2.698132   2.258847   7.849934   -4039.613 1
317.292127   0.640301   0.053022  0.000005  15895.596     1.498962   2.262889   7.863983    1063.402 1
316.974751   0.875865   0.058071  0.000008  17409.248     2.398340   2.263650   7.866626    2505.937 1
317.475746   0.536927   0.047077  0.000019  14113.330     5.696057   2.264192   7.868509    -635.127 1
319.993070   0.875979   0.033754  0.000004  10119.195     1.199170   2.264896   7.870956   -4441.603 1
319.774416   0.700283   0.036343  0.000013  10895.357     3.897302   2.267788   7.881005   -3701.907 1
320.236208   4.016250   0.038230  0.000077  11461.066    23.084019   2.274469   7.904225   -3162.778 1
317.359856   0.585749   0.047439  0.000006  14221.854     1.798755   2.275361   7.907324    -531.701 1
320.332743   1.220181   0.061782  0.000018  18521.778     5.396264   2.285677   7.943174    3566.196 1
320.334344   1.219549   0.062492  0.000018  18734.630     5.396264   2.287342   7.948961    3769.048 1
317.766160   0.392556   0.058519  0.000012  17543.555     3.597509   2.287669   7.950099    2633.934 1
317.766333   0.392167   0.058519  0.000012  17543.555     3.597509   2.287985   7.951195    2633.934 1
317.765439   0.392417   0.058881  0.000011  17652.080     3.297717   2.288027   7.951341    2737.360 1
319.545090   4.593888   0.062665  0.000010  18786.494     2.997925   2.289370   7.956010    3818.475 1
320.231746   1.081726   0.035388  0.000070  10609.056    20.985472   2.291993   7.965125   -3974.757 1
319.521868   0.509045   0.039740  0.000004  11913.752     1.199170   2.303340   8.004556   -2731.360 1
320.288053   1.130465   0.037122  0.000010  11128.896     2.997925   2.304497   8.008579   -3479.341 1
319.507804   0.493232   0.039579  0.000005  11865.486     1.498962   2.311209   8.031903   -2777.359 1
319.526710   0.500457   0.039409  0.000007  11814.521     2.098547   2.313186   8.038774   -2825.929 1
320.102730   4.221100   0.037798  0.000007  11331.555     2.098547   2.315232   8.045885   -3286.203 1
319.885614   4.409631   0.039706  0.000011  11903.559     3.297717   2.316305   8.049612   -2741.074 1
320.290350   1.111913   0.035089  0.000045  10519.418    13.490661   2.317881   8.055089   -4060.184 1
320.600719   3.520148   0.064560  0.000070  19354.601    20.985472   2.321186   8.066575    4359.890 1
319.103083   4.810028   0.046771  0.000008  14021.593     2.398340   2.328677   8.092609    -722.553 1
318.723077   0.247008   0.058072  0.000006  17409.548     1.798755   2.330654   8.099480    2506.223 1
319.416573   0.421544   0.034638  0.000007  10384.211     2.098547   2.337859   8.124517   -4189.037 1
319.901827   0.704181   0.034684  0.000012  10398.002     3.597509   2.339440   8.130014   -4175.895 1
317.139699   0.643292   0.053705  0.000022  16100.354     6.595434   2.344065   8.146084    1258.540 1
319.908650   0.702427   0.034270  0.000017  10273.888     5.096472   2.344970   8.149229   -4294.178 1
319.127517   0.305549   0.035120  0.000017  10528.711     5.096472   2.349696   8.165652   -4051.327 1
317.314803   0.523483   0.050710  0.000010  15202.476     2.997925   2.351739   8.172753     402.847 1
318.470364   0.209908   0.060090  0.000008  18014.529     2.398340   2.355405   8.185495    3082.780 1
319.403208   0.387633   0.034472  0.000006  10334.446     1.798755   2.363768   8.214556   -4236.465 1
318.060505   0.235032   0.049621  0.000005  14876.002     1.498962   2.368148   8.229777      91.712 1
319.757790   4.563805   0.060956  0.000010  18274.149     2.997925   2.369845   8.235675    3330.202 1
316.519586   1.216161   0.058053  0.000014  17403.852     4.197094   2.380555   8.272894    2500.794 1
319.944206   0.674856   0.033690  0.000050  10100.008    14.989623   2.388475   8.300417   -4459.888 1
318.452460   0.175593   0.059032  0.000011  17697.348     3.297717   2.389881   8.305303    2780.501 1
318.448194   0.174497   0.059765  0.000016  17917.096     4.796679   2.391035   8.309313    2989.925 1
319.950751   0.672718   0.034313  0.000030  10286.779     8.993774   2.394166   8.320196   -4281.892 1
319.784130   4.576022   0.063003  0.000010  18887.824     2.997925   2.394340   8.320801    3915.044 1
319.990757   0.700327   0.034797  0.000030  10431.878     8.993774   2.397311   8.331123   -4143.610 1
320.693083   3.504889   0.053510  0.000113  16041.894    33.876548   2.399572   8.338981    1202.827 1
320.691044   3.516435   0.053097  0.000137  15918.080    41.071567   2.402246   8.348274    1084.830 1
318.422952   0.160217   0.060581  0.000007  18161.727     2.098547   2.405809   8.360656    3223.062 1
318.561094   0.158277   0.060516  0.000011  18142.240     3.297717   2.408270   8.369209    3204.491 1
320.413363   1.106611   0.036841  0.000009  11044.654     2.698132   2.418036   8.403149   -3559.625 1
319.917469   0.617353   0.035241  0.000011  10564.986     3.297717   2.418317   8.404124   -4016.756 1
319.851230   0.566477   0.037859  0.000005  11349.843     1.498962   2.421521   8.415258   -3268.775 1
317.959855   0.197239   0.056315  0.000013  16882.812     3.897302   2.425007   8.427372    2004.235 1
318.486791   0.139852   0.060408  0.000006  18109.863     1.798755   2.425431   8.428848    3173.634 1
317.446650   0.361342   0.047330  0.000019  14189.177     5.696057   2.434959   8.461960    -562.843 1
320.740000   3.486361   0.052530  0.000010  15748.098     2.997925   2.435701   8.464538     922.834 1
318.573034   0.131132   0.059698  0.000025  17897.010     7.494811   2.435813   8.464925    2970.782 1
319.951096   0.612730   0.042556  0.000017  12757.968     5.096472   2.442070   8.486669   -1926.809 1
317.990850   0.170158   0.050570  0.000007  15160.505     2.098547   2.445045   8.497012     362.848 1
318.632770   0.124196   0.060158  0.000009  18034.915     2.698132   2.445670   8.499184    3102.208 1
318.486382   0.114433   0.050495  0.000016  15138.020     4.796679   2.450849   8.517181     341.420 1
318.404913   0.112794   0.046434  0.000018  13920.563     5.396264   2.453723   8.527169    -818.837 1
320.190472   0.791018   0.043132  0.000011  12930.648     3.297717   2.461287   8.553453   -1762.241 1
320.507845   1.161447   0.048534  0.000013  14550.127     3.897302   2.462295   8.556956    -218.852 1
320.382599   0.994887   0.034119  0.000022  10228.619     6.595434   2.463275   8.560362   -4337.319 1
320.885448   2.002072   0.044240  0.000120  13262.818    35.975095   2.465325   8.567488   -1445.678 1
320.502702   1.148315   0.036586  0.000009  10968.207     2.698132   2.465599   8.568438   -3632.480 1
319.896016   0.534652   0.033891  0.000006  10160.266     1.798755   2.473119   8.594573   -4402.461 1
318.477217   0.081256   0.061153  0.000007  18333.208     2.098547   2.484031   8.632492    3386.486 1
320.951208   2.891083   0.061121  0.000008  18323.615     2.398340   2.487255   8.643698    3377.344 1
319.194504   0.179781   0.032121  0.000005   9629.634     1.498962   2.489168   8.650346   -4908.162 1
319.186106   0.172886   0.031817  0.000010   9538.497     2.997925   2.493400   8.665053   -4995.017 1
319.182599   0.170295   0.043885  0.000020  13156.392     5.995849   2.494902   8.670274   -1547.104 1
320.205677   0.757900   0.034452  0.000018  10328.450     5.396264   2.495717   8.673105   -4242.179 1
320.167883   0.719448   0.042962  0.000005  12879.684     1.498962   2.498108   8.681413   -1810.812 1
320.192871   0.741032   0.062148  0.000014  18631.502     4.197094   2.499198   8.685202    3670.765 1
320.818156   3.516713   0.053440  0.000110  16020.909    32.977170   2.519459   8.755613    1182.827 1
318.150561   0.066918   0.046702  0.000010  14000.907     2.997925   2.520327   8.758629    -742.267 1
317.446517   0.266038   0.050225  0.000013  15057.076     3.897302   2.521601   8.763058     264.279 1
318.371067   0.040118   0.050592  0.000009  15167.100     2.698132   2.527633   8.784018     369.134 1
319.612185   0.300867   0.041561  0.000014  12459.674     4.197094   2.529876   8.791815   -2211.087 1
319.594561   0.291637   0.041690  0.000013  12498.348     3.897302   2.530365   8.793512   -2174.231 1
321.008633   2.786472   0.063440  0.000220  19018.834    65.954341   2.532869   8.802214    4039.898 1
320.224930   0.724122   0.034862  0.000013  10451.365     3.897302   2.533460   8.804268   -4125.039 1
318.619411   0.026718   0.060373  0.000030  18099.370     8.993774   2.542222   8.834719    3163.635 1
321.025688   2.778311   0.062740  0.000220  18808.979    65.954341   2.549147   8.858784    3839.903 1
320.071110   4.562247   0.062616  0.000025  18771.805     7.494811   2.550530   8.863591    3804.476 1
320.868196   3.479040   0.062510  0.000120  18740.027    35.975095   2.552087   8.869002    3774.191 1
318.607754   0.011119   0.060172  0.000013  18039.112     3.897302   2.557204   8.886785    3106.208 1
319.662107   0.295109   0.042112  0.000027  12624.860     8.094396   2.557615   8.888214   -2053.663 1
316.330840   1.172013   0.064695  0.000012  19395.073     3.597509   2.561898   8.903096    4398.461 1
320.270660   4.410369   0.062738  0.000010  18808.379     2.997925   2.567879   8.923881    3839.332 1
320.540169   1.024974   0.037972  0.000007  11383.719     2.098547   2.568342   8.925490   -3236.490 1
317.323463   0.271921   0.049977  0.000013  14982.728     3.897302   2.569264   8.928697     193.424 1
320.445032   0.902458   0.035452  0.000007  10628.242     2.098547   2.570445   8.932799   -3956.472 1
320.868730   3.531231   0.032496  0.000014   9742.056     4.197094   2.571730   8.937265   -4801.022 1
316.566350   0.844897   0.066501  0.000008  19936.498     2.398340   2.574017   8.945212    4914.448 1
317.323957   0.264557   0.050765  0.000009  15218.964     2.698132   2.575618   8.950776     418.561 1
318.586389  -0.009689   0.046496  0.000015  13939.150     4.496887   2.577043   8.955730    -801.123 1
318.560084  -0.012851   0.050732  0.000006  15209.071     1.798755   2.579283   8.963515     409.133 1
320.465049   4.218208   0.048760  0.000070  14617.880    20.985472   2.579375   8.963833    -154.282 1
320.152160   0.597006   0.062020  0.000007  18593.128     2.098547   2.579712   8.965006    3634.194 1
320.152504   0.597287   0.062134  0.000006  18627.305     1.798755   2.579720   8.965033    3666.765 1
320.100836   0.550073   0.034692  0.000011  10400.400     3.297717   2.583312   8.977514   -4173.609 1
320.177667   0.597369   0.061857  0.000011  18544.262     3.297717   2.595982   9.021545    3587.624 1
316.248143   1.237261   0.063595  0.000008  19065.301     2.398340   2.597655   9.027361    4084.183 1
316.343997   1.074267   0.065164  0.000007  19535.676     2.098547   2.605553   9.054805    4532.457 1
320.202237   0.543144   0.061892  0.000006  18554.755     1.798755   2.653149   9.220211    3597.624 1
316.368708   0.954766   0.065297  0.000009  19575.548     2.698132   2.656059   9.230326    4570.456 1
320.205491   0.538935   0.062275  0.000013  18669.575     3.897302   2.658461   9.238672    3707.050 1
316.682225   0.606046   0.054775  0.000005  16421.132     1.498962   2.659806   9.243347    1564.246 1
318.468937  -0.099782   0.045956  0.000006  13777.262     1.798755   2.665099   9.261739    -955.405 1
316.359055   0.944696   0.065564  0.000015  19655.593     4.496887   2.669835   9.278197    4646.740 1
317.285410   0.178017   0.050646  0.000017  15183.289     5.096472   2.670236   9.279591     384.562 1
318.496136  -0.105409   0.060793  0.000012  18225.283     3.597509   2.670722   9.281281    3283.632 1
316.357500   0.942917   0.066000  0.000333  19786.302    99.830889   2.672149   9.286241    4771.309 1
319.557326   0.114127   0.050400  0.000008  15109.540     2.398340   2.675857   9.299125     314.278 1
321.107230   2.006791   0.047530  0.000011  14249.136     3.297717   2.680517   9.315320    -505.702 1
321.136480   3.009840   0.035257  0.000016  10569.783     4.796679   2.687929   9.341079   -4012.185 1
320.825095   1.222507   0.062827  0.000010  18835.061     2.997925   2.697755   9.375226    3864.760 1
321.111640   3.183004   0.052910  0.000120  15862.019    35.975095   2.697770   9.375278    1031.403 1
316.446078   0.784310   0.063204  0.000008  18948.083     2.398340   2.704113   9.397322    3972.471 1
318.758887  -0.126336   0.032827  0.000005   9841.287     1.498962   2.705699   9.402834   -4706.453 1
317.259394   0.148707   0.050894  0.000012  15257.637     3.597509   2.708102   9.411185     455.417 1
316.929713   0.343129   0.050991  0.000008  15286.717     2.398340   2.710266   9.418706     483.131 1
318.751521  -0.132877   0.032988  0.000012   9889.554     3.597509   2.711468   9.422882   -4660.454 1
318.299924  -0.143424   0.031963  0.000007   9582.266     2.098547   2.714865   9.434689   -4953.304 1
320.372709   0.609328   0.034619  0.000006  10378.515     1.798755   2.718443   9.447123   -4194.466 1
318.758972  -0.154565   0.032746  0.000006   9817.004     1.798755   2.733791   9.500459   -4729.595 1
318.328185  -0.165195   0.032924  0.000013   9870.367     3.897302   2.734847   9.504127   -4678.739 1
316.401316   0.788876   0.047041  0.000017  14102.537     5.096472   2.734952   9.504495    -645.412 1
318.327320  -0.166273   0.032895  0.000005   9861.673     1.498962   2.735972   9.508037   -4687.025 1
318.328130  -0.166427   0.032846  0.000006   9846.983     1.798755   2.736080   9.508412   -4701.025 1
316.210021   1.026755   0.058018  0.000006  17393.359     1.798755   2.742760   9.531629    2490.794 1
320.948118   1.353935   0.060680  0.000120  18191.406    35.975095   2.744528   9.537771    3251.347 1
320.561969   4.369486   0.062955  0.000008  18873.434     2.398340   2.751179   9.560886    3901.330 1
317.871422  -0.144377   0.046938  0.000010  14071.658     2.997925   2.777663   9.652921    -674.840 1
320.603708   4.376639   0.064375  0.000010  19299.139     2.997925   2.787435   9.686883    4307.035 1
318.023390  -0.184163   0.059580  0.000010  17861.635     2.997925   2.787503   9.687118    2937.069 1
317.833269  -0.160488   0.059254  0.000011  17763.902     3.297717   2.801963   9.737371    2843.928 1
317.636811  -0.111262   0.060330  0.000008  18086.479     2.398340   2.806836   9.754303    3151.349 1
320.846278   1.047310   0.062818  0.000011  18832.363     3.297717   2.806876   9.754443    3862.189 1
320.849324   1.031268   0.063583  0.000010  19061.704     2.997925   2.818136   9.793574    4080.754 1
316.955332   0.193913   0.050441  0.000011  15121.831     3.297717   2.819965   9.799930     325.992 1
318.365329  -0.257858   0.032103  0.000005   9624.237     1.498962   2.825581   9.819446   -4913.305 1
317.152767   0.070679   0.047317  0.000010  14185.280     2.997925   2.826441   9.822437    -566.557 1
317.994962  -0.219424   0.059772  0.000005  17919.195     1.498962   2.827047   9.824540    2991.925 1
317.996340  -0.220214   0.060097  0.000007  18016.627     2.098547   2.827588   9.826421    3084.780 1
317.996000  -0.220210   0.060097  0.000007  18016.627     2.098547   2.827642   9.826610    3084.780 1
318.003522  -0.223065   0.059746  0.000044  17911.400    13.190868   2.829173   9.831930    2984.496 1
316.039164   1.135479   0.064983  0.000011  19481.413     3.297717   2.829180   9.831956    4480.744 1
317.975088  -0.220204   0.059360  0.000011  17795.680     3.297717   2.831305   9.839339    2874.213 1
319.919748   0.120916   0.033224  0.000014   9960.305     4.197094   2.834657   9.850990   -4593.027 1
320.594920   4.459706   0.063874  0.000009  19148.943     2.698132   2.835578   9.854187    4163.895 1
320.999046   1.252875   0.050226  0.000012  15057.376     3.597509   2.835607   9.854288     264.565 1
318.093912  -0.244683   0.046675  0.000007  13992.813     2.098547   2.836707   9.858113    -749.981 1
317.938627  -0.219360   0.060058  0.000007  18004.935     2.098547   2.837229   9.859927    3073.637 1
317.890748  -0.218898   0.060221  0.000012  18053.802     3.597509   2.846331   9.891557    3120.207 1
319.389557  -0.134673   0.057472  0.000007  17229.672     2.098547   2.847825   9.896750    2334.798 1
319.150874  -0.205563   0.048768  0.000009  14620.279     2.698132   2.850062   9.904523    -151.996 1
320.173859   0.269636   0.033170  0.000006   9944.116     1.798755   2.850186   9.904955   -4608.455 1
318.046910  -0.254448   0.047676  0.000011  14292.905     3.297717   2.853170   9.915325    -463.988 1
318.047818  -0.258706   0.046866  0.000014  14050.073     4.197094   2.857240   9.929470    -695.411 1
318.039911  -0.259743   0.046662  0.000013  13988.916     3.897302   2.859477   9.937243    -753.695 1
316.975271   0.130479   0.047662  0.000020  14288.708     5.995849   2.862984   9.949430    -467.988 1
318.013837  -0.259187   0.059198  0.000027  17747.114     8.094396   2.863076   9.949748    2827.929 1
320.644680   4.445583   0.063495  0.000010  19035.322     2.997925   2.863464   9.951098    4055.612 1
321.036864   1.258329   0.049145  0.000016  14733.300     4.796679   2.866659   9.962202     -44.285 1
317.929676  -0.248949   0.060953  0.000008  18273.250     2.398340   2.867985   9.966810    3329.345 1
320.920156   1.034864   0.049449  0.000016  14824.437     4.796679   2.875838   9.994098      42.570 1
319.342185  -0.182089   0.058109  0.000012  17420.640     3.597509   2.878352  10.002837    2516.794 1
321.010925   1.183697   0.049742  0.000017  14912.276     5.096472   2.878685  10.003995     126.283 1
317.909683  -0.260401   0.043035  0.000012  12901.568     3.597509   2.883124  10.019420   -1789.955 1
321.012500   1.172333   0.050000  0.000333  14989.623    99.830889   2.885534  10.027797     199.995 1
318.042423  -0.288684   0.046903  0.000008  14061.166     2.398340   2.887689  10.035286    -684.840 1
318.047878  -0.289965   0.046044  0.000014  13803.644     4.197094   2.888130  10.036819    -930.262 1
318.071816  -0.302482   0.034425  0.000026  10320.355     7.794604   2.897019  10.067708   -4249.893 1
316.322089   0.632231   0.047544  0.000006  14253.333     1.798755   2.897667  10.069959    -501.702 1
321.061143   1.226788   0.049994  0.000013  14987.824     3.897302   2.902676  10.087368     198.281 1
319.411270  -0.193388   0.057625  0.000065  17275.540    19.486510   2.910391  10.114178    2378.512 1
319.175159  -0.263737   0.048765  0.000009  14619.379     2.698132   2.912316  10.120869    -152.853 1
320.992823   1.071778   0.049610  0.000006  14872.704     1.798755   2.918491  10.142329      88.569 1
319.381156  -0.212979   0.057788  0.000031  17324.407     9.293566   2.919581  10.146115    2425.082 1
319.689982  -0.109342   0.032965  0.000015   9882.658     4.496887   2.933889  10.195840   -4667.025 1
321.018388   1.082348   0.050870  0.000013  15250.442     3.897302   2.935108  10.200074     448.560 1
318.627729  -0.366551   0.045579  0.000030  13664.240     8.993774   2.935398  10.201084   -1063.116 1
321.043303   1.123961   0.048277  0.000019  14473.080     5.696057   2.935963  10.203047    -292.278 1
319.414628  -0.221685   0.057932  0.000024  17367.577     7.195019   2.938287  10.211124    2466.224 1
320.949585   0.964374   0.049832  0.000019  14939.258     5.696057   2.938571  10.212108     151.996 1
321.072422   1.167155   0.042824  0.000024  12838.312     7.195019   2.940560  10.219021   -1850.239 1
318.219030  -0.366203   0.031986  0.000015   9589.162     4.496887   2.943312  10.228585   -4946.733 1
320.537940   4.680941   0.062786  0.000015  18822.769     4.496887   2.948001  10.244880    3853.046 1
321.018808   1.057461   0.050406  0.000020  15111.339     5.995849   2.948120  10.245296     315.992 1
321.054369   1.118425   0.049447  0.000080  14823.838    23.983397   2.948312  10.245962      41.999 1
320.324987   0.258731   0.062373  0.000006  18698.955     1.798755   2.950698  10.254253    3735.049 1
320.925264   0.905174   0.050718  0.000017  15204.874     5.096472   2.951118  10.255711     405.133 1
316.389346   0.474833   0.054368  0.000026  16299.116     7.794604   2.957059  10.276359    1447.964 1
320.126691   0.101927   0.062327  0.000030  18685.165     8.993774   2.960525  10.288405    3721.906 1
316.096782   0.809226   0.047897  0.000017  14359.159     5.096472   2.960731  10.289119    -400.847 1
319.794842  -0.092359   0.050546  0.000016  15153.310     4.796679   2.963235  10.297822     355.991 1
318.007969  -0.364235   0.046298  0.000014  13879.791     4.197094   2.967689  10.313298    -857.693 1
318.182814  -0.387480   0.032437  0.000006   9724.368     1.798755   2.967940  10.314173   -4817.879 1
318.172300  -0.395091   0.032584  0.000012   9768.437     3.597509   2.976589  10.344229   -4775.880 1
316.213986   0.632276   0.047981  0.000014  14384.342     4.197094   2.978961  10.352472    -376.848 1
318.671358  -0.411056   0.032045  0.000012   9606.849     3.597509   2.982284  10.364020   -4929.876 1
318.073421  -0.391365   0.033861  0.000005  10151.272     1.498962   2.984811  10.372801   -4411.032 1
318.591523  -0.420999   0.045509  0.000009  13643.255     2.698132   2.988250  10.384752   -1083.116 1
320.938350   0.858171   0.050917  0.000008  15264.533     2.398340   2.988533  10.385737     461.988 1
321.112679   1.136885   0.051619  0.000019  15474.987     5.696057   2.990342  10.392023     662.555 1
321.155329   1.200331   0.048891  0.000022  14657.153     6.595434   2.998433  10.420143    -116.854 1
316.023477   0.841769   0.048398  0.000009  14509.355     2.698132   3.001197  10.429747    -257.708 1
319.348872  -0.312693   0.057978  0.000011  17381.367     3.297717   3.005182  10.443594    2479.366 1
316.759635   0.096244   0.052369  0.000016  15699.831     4.796679   3.009961  10.460204     876.835 1
316.300781   0.486401   0.054448  0.000005  16323.100     1.498962   3.012289  10.468294    1470.820 1
316.846135   0.030872   0.062435  0.000025  18717.542     7.494811   3.016105  10.481555    3752.763 1
321.030690   4.195602   0.047949  0.000008  14374.749     2.398340   3.022603  10.504137    -385.990 1
320.044654  -0.030996   0.061490  0.000011  18434.238     3.297717   3.028994  10.526349    3482.770 1
315.919717   0.933023   0.048920  0.000005  14665.847     1.498962   3.036620  10.552848    -108.569 1
315.922683   0.927735   0.048769  0.000008  14620.578     2.398340   3.036970  10.554064    -151.710 1
319.329000  -0.354000   0.057838  0.000333  17339.396    99.830889   3.039182  10.561754    2439.367 1
321.158187   1.117699   0.050064  0.000018  15008.810     5.396264   3.039451  10.562686     218.280 1
321.173083   1.134969   0.050301  0.000022  15079.860     6.595434   3.044392  10.579858     285.993 1
316.654539   0.127709   0.050883  0.000026  15254.340     7.794604   3.045980  10.585378     452.274 1
318.434235  -0.484297   0.050838  0.000009  15240.849     2.698132   3.049965  10.599224     439.418 1
320.303738   0.115701   0.032826  0.000005   9840.987     1.498962   3.051100  10.603169   -4706.739 1
321.104845   0.999322   0.049748  0.000010  14914.075     2.997925   3.051720  10.605325     127.997 1
321.180697   1.119546   0.048537  0.000006  14551.027     1.798755   3.058369  10.628431    -217.995 1
321.144792   1.054413   0.050433  0.000025  15119.433     7.494811   3.058454  10.628726     323.706 1
321.260278   3.855384   0.033967  0.000024  10183.050     7.195019   3.059851  10.633581   -4380.747 1
315.740260   1.197786   0.048128  0.000009  14428.411     2.698132   3.062205  10.641762    -334.849 1
321.505250   3.097389   0.042536  0.000083  12751.972    24.882774   3.065841  10.654397   -1932.523 1
319.320851  -0.388261   0.058077  0.000006  17411.047     1.798755   3.069877  10.668422    2507.651 1
321.099547   0.948527   0.049066  0.000008  14709.617     2.398340   3.073591  10.681331     -66.855 1
319.265887  -0.408190   0.056977  0.000008  17081.275     2.398340   3.074630  10.684940    2193.373 1
319.401732  -0.372210   0.051115  0.000005  15323.891     1.498962   3.077562  10.695132     518.558 1
318.601565  -0.512692   0.050789  0.000008  15226.159     2.398340   3.080254  10.704484     425.418 1
318.011979  -0.483349   0.034295  0.000008  10281.382     2.398340   3.084716  10.719991   -4287.035 1
319.314321  -0.409857   0.057742  0.000025  17310.616     7.494811   3.088899  10.734530    2411.939 1
320.919417   4.467028   0.049114  0.000008  14724.007     2.398340   3.088903  10.734541     -53.142 1
320.662970   4.762200   0.063715  0.000012  19101.276     3.597509   3.093477  10.750437    4118.468 1
321.144319   0.979089   0.049494  0.000010  14837.928     2.997925   3.095951  10.759034      55.427 1
315.982750   0.733761   0.049026  0.000015  14697.625     4.496887   3.097215  10.763428     -78.284 1
316.133848   0.543680   0.048089  0.000018  14416.720     5.396264   3.097403  10.764081    -345.991 1
319.255298  -0.442683   0.057905  0.000009  17359.482     2.698132   3.105355  10.791716    2458.510 1
318.024694  -0.513102   0.034517  0.000005  10347.936     1.498962   3.112230  10.815609   -4223.608 1
317.415000  -0.358440   0.050942  0.000007  15272.027     2.098547   3.112280  10.815782     469.131 1
321.221917   1.072109   0.049499  0.000013  14839.427     3.897302   3.117161  10.832743      56.856 1
319.346935  -0.431820   0.043230  0.000013  12960.028     3.897302   3.118918  10.838852   -1734.242 1
318.552838  -0.553980   0.051003  0.000008  15290.315     2.398340   3.120042  10.842757     486.559 1
316.558732   0.097821   0.050593  0.000011  15167.400     3.297717   3.127842  10.869864     369.419 1
318.690464  -0.560081   0.060651  0.000015  18182.712     4.496887   3.132231  10.885117    3243.061 1
319.320169  -0.454243   0.058109  0.000010  17420.640     2.997925   3.133228  10.888580    2516.794 1
315.798602   0.918826   0.058506  0.000024  17539.658     7.195019   3.146726  10.935489    2630.220 1
320.970314   0.621831   0.062686  0.000009  18792.790     2.698132   3.154644  10.963005    3824.475 1
321.133380   4.287073   0.033669  0.000006  10093.712     1.798755   3.158400  10.976058   -4465.888 1
318.861326  -0.570665   0.043695  0.000008  13099.431     2.398340   3.158649  10.976923   -1601.388 1
320.875167   4.635111   0.033514  0.000017  10047.244     5.096472   3.161587  10.987132   -4510.172 1
319.298615  -0.489595   0.057831  0.000007  17337.298     2.098547   3.161693  10.987502    2437.367 1
320.875640   4.636374   0.033236  0.000013   9963.902     3.897302   3.162771  10.991247   -4589.599 1
320.769150   4.753181   0.063725  0.000009  19104.274     2.698132   3.162805  10.991365    4121.325 1
316.597928   0.019361   0.050395  0.000029  15108.041     8.693981   3.166661  11.004767     312.849 1
315.979913   0.621433   0.048781  0.000006  14624.176     1.798755   3.167173  11.006546    -148.282 1
320.228208  -0.079563   0.062281  0.000007  18671.374     2.098547   3.167832  11.008835    3708.764 1
315.742216   0.969647   0.057836  0.000007  17338.797     2.098547   3.168975  11.012808    2438.796 1
320.901333   4.616000   0.048632  0.000010  14579.507     2.997925   3.168991  11.012865    -190.852 1
317.706700  -0.507627   0.051511  0.000015  15442.609     4.496887   3.169235  11.013713     631.698 1
317.707110  -0.507951   0.051343  0.000019  15392.244     5.696057   3.169449  11.014457     583.700 1
319.291340  -0.507848   0.057958  0.000009  17375.371     2.698132   3.177478  11.042357    2473.652 1
318.648051  -0.615377   0.044761  0.000009  13419.010     2.698132   3.184933  11.068264   -1296.825 1
315.986367   0.570963   0.051953  0.000013  15575.118     3.897302   3.193359  11.097547     757.981 1
321.178709   0.844436   0.048756  0.000011  14616.681     3.297717   3.195947  11.106542    -155.425 1
321.390570   1.205186   0.049628  0.000007  14878.100     2.098547   3.207399  11.146338      93.712 1
321.394790   1.204585   0.050090  0.000027  15016.604     8.094396   3.211472  11.160493     225.709 1
321.238601   0.909313   0.049560  0.000027  14857.714     8.094396   3.212608  11.164440      74.284 1
320.470127   0.030529   0.062255  0.000009  18663.579     2.698132   3.219640  11.188880    3701.335 1
319.473348  -0.499852   0.063875  0.000006  19149.243     1.798755   3.220875  11.193171    4164.181 1
321.710350   2.676848   0.042764  0.000018  12820.325     5.396264   3.226135  11.211452   -1867.382 1
321.704787   2.340015   0.050390  0.000120  15106.542    35.975095   3.226522  11.212794     311.421 1
315.389375   1.625583   0.032562  0.000070   9761.842    20.985472   3.230142  11.225376   -4782.165 1
319.279785  -0.567021   0.057722  0.000008  17304.620     2.398340   3.231880  11.231415    2406.225 1
315.564842   1.133677   0.048687  0.000014  14595.995     4.197094   3.247699  11.286390    -175.138 1
320.426979  -0.039345   0.050735  0.000013  15209.970     3.897302   3.248985  11.290859     409.990 1
319.695033  -0.457025   0.035372  0.000008  10604.259     2.398340   3.255860  11.314752   -3979.328 1
316.076286   0.368543   0.047662  0.000014  14288.708     4.197094   3.256669  11.317561    -467.988 1
319.288874  -0.591229   0.051272  0.000007  15370.959     2.098547   3.257580  11.320727     563.414 1
320.620200   0.104972   0.062440  0.000007  18719.041     2.098547   3.257602  11.320806    3754.191 1
318.661576  -0.688353   0.056714  0.000022  17002.429     6.595434   3.258525  11.324012    2118.232 1
320.618444   0.100289   0.062215  0.000008  18651.588     2.398340   3.259992  11.329111    3689.907 1
315.993080   0.456139   0.051607  0.000016  15471.389     4.796679   3.261182  11.333247     659.126 1
321.287942   0.896789   0.049043  0.000013  14702.722     3.897302   3.261335  11.333777     -73.427 1
315.988018   0.457902   0.051484  0.000007  15434.515     2.098547   3.263902  11.342700     623.984 1
319.012840  -0.660244   0.057428  0.000005  17216.481     1.498962   3.268680  11.359302    2322.227 1
321.277134   0.862175   0.063310  0.000120  18979.861    35.975095   3.269956  11.363738    4002.756 1
319.707513  -0.469922   0.063732  0.000010  19106.373     2.997925   3.272476  11.372495    4123.325 1
315.945412   0.476789   0.051571  0.000005  15460.597     1.498962   3.284477  11.414202     648.841 1
316.008009   0.401825   0.051324  0.000013  15386.548     3.897302   3.285331  11.417170     578.271 1
315.945609   0.472928   0.051871  0.000006  15550.535     1.798755   3.286782  11.422211     734.553 1
319.090863  -0.669038   0.061455  0.000026  18423.746     7.794604   3.290848  11.436340    3472.770 1
316.005187   0.396154   0.051112  0.000011  15322.992     3.297717   3.291188  11.437524     517.701 1
315.665413   0.857211   0.062319  0.000010  18682.766     2.997925   3.292398  11.441729    3719.621 1
321.777990   2.687826   0.051882  0.000012  15553.832     3.597509   3.294058  11.447497     737.696 1
321.778200   2.688400   0.051883  0.000012  15554.132     3.597509   3.294289  11.448300     737.981 1
315.573629   1.014082   0.047980  0.000008  14384.042     2.398340   3.294416  11.448740    -377.133 1
316.283240   0.110731   0.050993  0.000014  15287.317     4.197094   3.294490  11.448998     483.702 1
315.671756   0.819667   0.033304  0.000017   9984.288     5.096472   3.306648  11.491249   -4570.171 1
315.904585   0.491161   0.033421  0.000011  10019.364     3.297717   3.307025  11.492558   -4536.743 1
315.495246   1.140842   0.047606  0.000071  14271.920    21.285265   3.307156  11.493013    -483.988 1
319.864043  -0.441702   0.051303  0.000010  15380.252     2.997925   3.308421  11.497410     572.271 1
319.864650  -0.441536   0.051379  0.000011  15403.037     3.297717   3.308523  11.497764     593.985 1
319.870804  -0.443414   0.050621  0.000005  15175.794     1.498962   3.312798  11.512621     377.419 1
315.590077   0.941076   0.050804  0.000006  15230.656     1.798755   3.315080  11.520553     429.703 1
315.491775   1.128986   0.048311  0.000013  14483.273     3.897302   3.315404  11.521679    -282.564 1
316.284299   0.079587   0.054649  0.000006  16383.358     1.798755   3.317058  11.527427    1528.247 1
317.646036  -0.645147   0.033853  0.000005  10148.874     1.498962   3.317499  11.528957   -4413.318 1
317.656229  -0.652469   0.033755  0.000005  10119.494     1.498962   3.322039  11.544735   -4441.317 1
321.236044   0.696239   0.049799  0.000006  14929.365     1.798755   3.325339  11.556203     142.568 1
317.513775  -0.618132   0.059296  0.000012  17776.494     3.597509   3.327379  11.563294    2855.928 1
317.714020  -0.673472   0.031943  0.000010   9576.270     2.997925   3.328592  11.567507   -4959.018 1
316.271168   0.068330   0.054244  0.000016  16261.942     4.796679   3.334181  11.586931    1412.536 1
321.439974   1.013130   0.050128  0.000010  15027.996     2.997925   3.337047  11.596890     236.565 1
315.811953   0.560190   0.063920  0.000012  19162.734     3.597509   3.337680  11.599090    4177.038 1
317.509051  -0.629097   0.059355  0.000029  17794.181     8.693981   3.339243  11.604524    2872.785 1
317.668099  -0.678502   0.046839  0.000014  14041.979     4.197094   3.344355  11.622287    -703.125 1
315.903140   0.433605   0.063692  0.000006  19094.381     1.798755   3.344536  11.622916    4111.897 1
315.868310   0.472284   0.052314  0.000014  15683.343     4.197094   3.347099  11.631824     861.121 1
319.091524  -0.730127   0.061039  0.000018  18299.032     5.396264   3.351026  11.645472    3353.916 1
319.204282  -0.713322   0.060503  0.000006  18138.343     1.798755   3.356869  11.665775    3200.777 1
320.444168  -0.160660   0.050273  0.000014  15071.466     4.197094   3.357019  11.666298     277.993 1
321.307458   0.744899   0.049556  0.000012  14856.515     3.597509   3.357957  11.669558      73.141 1
317.617991  -0.680288   0.059631  0.000009  17876.924     2.698132   3.358615  11.671846    2951.640 1
319.276390  -0.703066   0.060673  0.000006  18189.308     1.798755   3.363099  11.687427    3249.347 1
319.617224  -0.610570   0.051213  0.000014  15353.271     4.197094   3.371960  11.718221     546.558 1
318.998616  -0.774112   0.061423  0.000011  18414.152     3.297717   3.378899  11.742335    3463.627 1
316.933832  -0.440172   0.062416  0.000007  18711.846     2.098547   3.380470  11.747795    3747.334 1
319.143698  -0.751470   0.060428  0.000021  18115.859     6.295642   3.381804  11.752430    3179.349 1
319.135744  -0.753716   0.061692  0.000035  18494.796    10.492736   3.382466  11.754730    3540.482 1
321.028064   0.326097   0.061983  0.000011  18582.036     3.297717   3.388034  11.774080    3623.623 1
319.143533  -0.765127   0.061133  0.000018  18327.212     5.396264   3.395167  11.798870    3380.772 1
315.959839   0.290596   0.052681  0.000014  15793.366     4.197094   3.395191  11.798953     965.976 1
321.036958   0.321338   0.062635  0.000012  18777.501     3.597509   3.397848  11.808186    3809.904 1
319.149797  -0.770249   0.060545  0.000015  18150.934     4.496887   3.401412  11.820571    3212.776 1
321.053290   0.329044   0.062880  0.000011  18850.950     3.297717   3.405051  11.833217    3879.902 1
319.167092  -0.773712   0.059546  0.000013  17851.442     3.897302   3.408230  11.844268    2927.355 1
321.506808   0.975720   0.060500  0.000007  18137.444     2.098547   3.413553  11.862764    3199.919 1
315.949900   0.255000   0.051410  0.000333  15412.330    99.830889   3.426468  11.907645     602.842 1
315.949887   0.254750   0.058514  0.000010  17542.056     2.997925   3.426646  11.908265    2632.505 1
319.203864  -0.785158   0.060760  0.000015  18215.390     4.496887   3.426977  11.909414    3274.203 1
320.482540  -0.224011   0.050911  0.000014  15262.734     4.197094   3.430839  11.922836     460.274 1
315.481217   0.894986   0.047825  0.000006  14337.574     1.798755   3.432491  11.928577    -421.418 1
315.891057   0.304507   0.050771  0.000010  15220.763     2.997925   3.437345  11.945446     420.275 1
316.002263   0.178331   0.063465  0.000017  19026.328     5.096472   3.440757  11.957304    4047.041 1
316.192234  -0.004970   0.054291  0.000005  16276.032     1.498962   3.441347  11.959355    1425.964 1
320.187923  -0.427358   0.061864  0.000009  18546.361     2.698132   3.443418  11.966552    3589.624 1
319.148113  -0.819422   0.059472  0.000036  17829.257    10.792528   3.449321  11.987066    2906.213 1
318.189428  -0.875558   0.031986  0.000037   9589.162    11.092321   3.453306  12.000916   -4946.733 1
315.972345   0.189990   0.051024  0.000012  15296.610     3.597509   3.454318  12.004431     492.559 1
321.250918   4.635575   0.048302  0.000013  14480.575     3.897302   3.454366  12.004596    -285.136 1
321.251250   4.635361   0.048287  0.000012  14476.078     3.597509   3.454503  12.005073    -289.421 1
315.688284   0.530549   0.051973  0.000011  15581.113     3.297717   3.454623  12.005491     763.695 1
319.064053  -0.845670   0.061436  0.000016  18418.049     4.796679   3.460004  12.024192    3467.341 1
321.217208   4.692083   0.048035  0.000009  14400.531     2.698132   3.461892  12.030754    -361.419 1
315.942993   0.208663   0.054313  0.000017  16282.628     5.096472   3.462932  12.034367    1432.250 1
318.215225  -0.891165   0.058464  0.000007  17527.066     2.098547   3.466774  12.047719    2618.220 1
318.717727  -0.896196   0.043787  0.000012  13127.012     3.597509   3.469416  12.056898   -1575.103 1
320.333540  -0.371308   0.058121  0.000005  17424.237     1.498962   3.470089  12.059239    2520.222 1
317.827506  -0.842627   0.051950  0.000018  15574.218     5.396264   3.470234  12.059742     757.124 1
317.533961  -0.772996   0.033647  0.000013  10087.117     3.897302   3.470272  12.059874   -4472.173 1
317.244405  -0.701284   0.033807  0.000008  10135.084     2.398340   3.493031  12.138965   -4426.460 1
315.938921   0.164273   0.051148  0.000028  15333.785     8.394189   3.496248  12.150146     527.987 1
316.621138  -0.399071   0.048294  0.000017  14478.177     5.096472   3.499518  12.161511    -287.421 1
315.890331   0.210969   0.051960  0.000040  15577.216    11.991698   3.500112  12.163573     759.981 1
321.106567   0.229760   0.033267  0.000006   9973.196     1.798755   3.510618  12.200085   -4580.742 1
319.261110  -0.867423   0.052543  0.000005  15751.995     1.498962   3.519635  12.231421     926.548 1
319.317788  -0.865112   0.062281  0.000010  18671.374     2.997925   3.530328  12.268580    3708.764 1
316.306744  -0.220443   0.054284  0.000007  16273.934     2.098547   3.533619  12.280018    1423.964 1
321.230316   0.328075   0.049319  0.000006  14785.464     1.798755   3.540933  12.305434       5.428 1
316.488460  -0.369976   0.033805  0.000007  10134.484     2.098547   3.547618  12.328665   -4427.031 1
319.849636  -0.709944   0.032216  0.000005   9658.114     1.498962   3.548421  12.331457   -4881.020 1
315.208059   1.190058   0.056500  0.000016  16938.274     4.796679   3.548859  12.332980    2057.091 1
318.718347  -0.977725   0.043985  0.000007  13186.371     2.098547   3.550803  12.339736   -1518.533 1
321.679983   4.121792   0.062680  0.000120  18790.991    35.975095   3.552961  12.347234    3822.761 1
318.480062  -0.988213   0.056849  0.000007  17042.901     2.098547   3.553494  12.349088    2156.803 1
315.767615   0.266357   0.051705  0.000011  15500.769     3.297717   3.555714  12.356803     687.126 1
321.426883   0.558375   0.049788  0.000025  14926.067     7.494811   3.560517  12.373494     139.425 1
321.745244   1.131128   0.048113  0.000006  14423.915     1.798755   3.560659  12.373988    -339.134 1
321.707791   4.088571   0.062610  0.000120  18770.006    35.975095   3.563627  12.384302    3802.761 1
322.014994   2.044089   0.037816  0.000087  11336.952    26.081944   3.566829  12.395427   -3281.060 1
319.648503  -0.823449   0.061469  0.000006  18427.943     1.798755   3.583207  12.452344    3476.770 1
321.309760   4.772870   0.057369  0.000012  17198.794     3.597509   3.584484  12.456784    2305.371 1
318.298807  -1.014525   0.046194  0.000014  13848.613     4.197094   3.584526  12.456931    -887.406 1
319.628756  -0.831907   0.057633  0.000007  17277.939     2.098547   3.584859  12.458086    2380.797 1
315.213335   1.081920   0.060057  0.000007  18004.636     2.098547   3.587348  12.466735    3073.351 1
316.451367  -0.396085   0.034013  0.000006  10196.841     1.798755   3.590067  12.476186   -4367.604 1
320.592388  -0.345439   0.058319  0.000017  17483.596     5.096472   3.593504  12.488128    2576.792 1
320.034654  -0.679637   0.057971  0.000005  17379.269     1.498962   3.596189  12.497459    2477.366 1
316.187171  -0.215930   0.047659  0.000006  14287.809     1.798755   3.604856  12.527581    -468.845 1
315.793118   0.160462   0.049827  0.000041  14937.759    12.291491   3.606056  12.531749     150.568 1
317.912338  -1.007690   0.052137  0.000005  15630.279     1.498962   3.618151  12.573782     810.551 1
318.198792  -1.042167   0.060911  0.000010  18260.658     2.997925   3.618596  12.575328    3317.345 1
318.199114  -1.042481   0.060911  0.000010  18260.658     2.997925   3.618884  12.576329    3317.345 1
321.780437   1.062809   0.048508  0.000010  14542.333     2.997925   3.620680  12.582570    -226.280 1
318.199269  -1.045073   0.060025  0.000010  17995.042     2.997925   3.621455  12.585267    3064.209 1
315.626589   0.331683   0.050896  0.000018  15258.237     5.396264   3.623697  12.593057     455.989 1
321.061175   0.012141   0.063077  0.000005  18910.009     1.498962   3.626659  12.603348    3936.187 1
318.691075  -1.056119   0.044089  0.000013  13217.550     3.897302   3.627365  12.605803   -1488.820 1
321.593559   0.691383   0.050820  0.000120  15235.453    35.975095   3.628807  12.610816     434.275 1
321.443208   4.677361   0.064382  0.000018  19301.238     5.396264   3.634102  12.629215    4309.034 1
315.102403   1.217044   0.058023  0.000005  17394.858     1.498962   3.636300  12.636853    2492.223 1
315.635662   0.282283   0.050405  0.000055  15111.039    16.488585   3.647281  12.675014     315.706 1
315.566344   0.370873   0.051172  0.000023  15340.980     6.895227   3.647566  12.676006     534.844 1
321.242989   0.177082   0.062217  0.000012  18652.187     3.597509   3.647775  12.676733    3690.479 1
319.466381  -0.947825   0.061529  0.000007  18445.930     2.098547   3.647901  12.677171    3493.912 1
315.689395   0.210070   0.050261  0.000027  15067.869     8.094396   3.651727  12.690465     274.565 1
321.774161   0.974183   0.049781  0.000005  14923.968     1.498962   3.652701  12.693850     137.425 1
315.174822   1.007689   0.048674  0.000009  14592.098     2.698132   3.653439  12.696414    -178.853 1
318.832931  -1.074554   0.052038  0.000010  15600.600     2.997925   3.656591  12.707371     782.266 1
320.681954  -0.358790   0.062117  0.000030  18622.208     8.993774   3.657361  12.710047    3661.908 1
320.452894  -0.518518   0.058214  0.000012  17452.118     3.597509   3.658261  12.713173    2546.793 1
319.475850  -0.956892   0.061280  0.000005  18371.282     1.498962   3.659187  12.716391    3422.771 1
321.485660   0.469614   0.050060  0.000010  15007.610     2.997925   3.659271  12.716681     217.137 1
321.484661   0.467618   0.049905  0.000009  14961.143     2.698132   3.659596  12.717813     172.853 1
315.605772   0.296489   0.052239  0.000018  15660.858     5.396264   3.661796  12.725459     839.693 1
315.684015   0.196184   0.052828  0.000007  15837.436     2.098547   3.664797  12.735886    1007.975 1
315.606654   0.271189   0.054674  0.000016  16390.853     4.796679   3.676837  12.777728    1535.390 1
321.129237  -0.004869   0.062991  0.000006  18884.227     1.798755   3.687097  12.813383    3911.616 1
315.394847   0.545408   0.057870  0.000008  17348.990     2.398340   3.687399  12.814434    2448.510 1
316.707790  -0.668808   0.054294  0.000005  16276.932     1.498962   3.688369  12.817803    1426.821 1
321.158426   0.020363   0.062821  0.000006  18833.262     1.798755   3.690616  12.825614    3863.046 1
321.837151   0.998508   0.052026  0.000018  15597.002     5.396264   3.699077  12.855016     778.838 1
317.951187  -1.095652   0.052335  0.000011  15689.638     3.297717   3.699268  12.855681     867.121 1
320.754814  -0.357152   0.062164  0.000007  18636.298     2.098547   3.700245  12.859077    3675.336 1
315.838199  -0.030011   0.054408  0.000008  16311.108     2.398340   3.703515  12.870438    1459.392 1
321.325965   0.184825   0.062621  0.000012  18773.304     3.597509   3.705852  12.878559    3805.904 1
321.745230   0.798437   0.060599  0.000006  18167.123     1.798755   3.707175  12.883158    3228.205 1
315.576038   0.253651   0.050934  0.000016  15269.629     4.796679   3.711685  12.898832     466.845 1
321.501667   0.390687   0.050570  0.000120  15160.505    35.975095   3.717996  12.920763     362.848 1
319.120056  -1.098797   0.060734  0.000015  18207.595     4.496887   3.718952  12.924085    3266.775 1
315.357966   0.536386   0.033425  0.000006  10020.563     1.798755   3.723187  12.938804   -4535.600 1
321.799380   0.855884   0.048170  0.000011  14441.003     3.297717   3.728133  12.955991    -322.849 1
321.312913   0.129790   0.062870  0.000120  18847.952    35.975095   3.731553  12.967876    3877.045 1
315.533836   0.274775   0.051430  0.000029  15418.326     8.693981   3.731759  12.968594     608.556 1
315.426492   0.412975   0.051678  0.000027  15492.675     8.094396   3.735692  12.982261     679.411 1
315.599504   0.186564   0.051202  0.000013  15349.973     3.897302   3.735728  12.982386     543.415 1
316.205329  -0.404977   0.063324  0.000008  18984.058     2.398340   3.741579  13.002718    4006.756 1
315.479648   0.326460   0.051693  0.000022  15497.172     6.595434   3.743505  13.009412     683.697 1
315.657475   0.100778   0.049891  0.000008  14956.946     2.398340   3.747114  13.021953     168.853 1
318.714513  -1.179467   0.043334  0.000006  12991.206     1.798755   3.751888  13.038545   -1704.529 1
321.467024   0.285281   0.050729  0.000007  15208.172     2.098547   3.753064  13.042634     408.275 1
321.838272   0.869592   0.052020  0.000010  15595.204     2.997925   3.756496  13.054557     777.123 1
316.066409  -0.318908   0.047520  0.000017  14246.138     5.096472   3.761159  13.070765    -508.559 1
321.676407   4.558134   0.057210  0.000130  17151.127    38.973020   3.761577  13.072216    2259.943 1
315.585533   0.162593   0.051222  0.000007  15355.969     2.098547   3.761766  13.072872     549.129 1
318.637399  -1.194416   0.040193  0.000013  12049.558     3.897302   3.762862  13.076683   -2601.935 1
318.801225  -1.187342   0.060827  0.000042  18235.476    12.591283   3.766071  13.087835    3293.346 1
315.610564   0.117307   0.051759  0.000029  15516.958     8.693981   3.771792  13.107716     702.554 1
319.565574  -1.049516   0.052851  0.000005  15844.331     1.498962   3.773137  13.112390    1014.546 1
321.952608   1.070716   0.047864  0.000018  14349.266     5.396264   3.774706  13.117844    -410.275 1
318.094724  -1.192556   0.060616  0.000018  18172.220     5.396264   3.777793  13.128569    3233.062 1
321.913431   0.975202   0.048116  0.000011  14424.814     3.297717   3.777995  13.129272    -338.277 1
321.352458   0.103200   0.033454  0.000007  10029.257     2.098547   3.778842  13.132216   -4527.315 1
316.048655  -0.327693   0.051681  0.000006  15493.574     1.798755   3.779288  13.133766     680.269 1
315.527182   0.202350   0.050391  0.000014  15106.842     4.197094   3.781834  13.142612     311.706 1
315.798974  -0.102781   0.054335  0.000010  16289.223     2.997925   3.782543  13.145077    1438.535 1
321.991292   1.141900   0.048340  0.000013  14491.967     3.897302   3.782869  13.146210    -274.279 1
321.438541   0.199185   0.063524  0.000011  19044.016     3.297717   3.783736  13.149224    4063.898 1
316.070116  -0.355729   0.047120  0.000009  14126.221     2.698132   3.787111  13.160950    -622.841 1
315.518292   0.204400   0.050762  0.000063  15218.065    18.886925   3.787494  13.162282     417.704 1
315.425506   0.313010   0.050739  0.000018  15211.170     5.396264   3.794959  13.188225     411.133 1
315.398625   0.349746   0.051279  0.000025  15373.057     7.494811   3.795043  13.188516     565.414 1
320.238097  -0.810603   0.058145  0.000007  17431.432     2.098547   3.804089  13.219955    2527.079 1
321.150489  -0.149568   0.062308  0.000009  18679.468     2.698132   3.804224  13.220424    3716.478 1
322.284250   2.797872   0.043081  0.000019  12915.359     5.696057   3.804647  13.221892   -1776.812 1
315.240223   0.568850   0.057803  0.000020  17328.903     5.995849   3.805218  13.223879    2429.367 1
322.284833   2.799889   0.042269  0.000033  12671.927     9.893151   3.805352  13.224343   -2008.807 1
319.656365  -1.055304   0.061332  0.000013  18386.871     3.897302   3.805636  13.225330    3437.628 1
315.528050   0.153716   0.050546  0.000024  15153.310     7.195019   3.811738  13.246536     355.991 1
320.913124  -0.376441   0.062238  0.000013  18658.483     3.897302   3.814162  13.254959    3696.478 1
321.387233   0.084500   0.063328  0.000017  18985.257     5.096472   3.817390  13.266176    4007.899 1
321.904272   0.858293   0.049888  0.000008  14956.046     2.398340   3.820481  13.276918     167.996 1
320.966039  -0.341331   0.050970  0.000120  15280.422    35.975095   3.821252  13.279598     477.131 1
318.862840  -1.240339   0.043525  0.000006  13048.467     1.798755   3.824499  13.290883   -1649.958 1
321.590735   0.319614   0.063374  0.000120  18999.047    35.975095   3.831742  13.316052    4021.042 1
319.682371  -1.075676   0.060573  0.000010  18159.329     2.997925   3.833065  13.320650    3220.776 1
316.590368  -0.771134   0.048686  0.000014  14595.696     4.197094   3.834866  13.326910    -175.424 1
321.890713   0.798659   0.060403  0.000017  18108.364     5.096472   3.835467  13.328998    3172.206 1
319.655391  -1.093831   0.061295  0.000023  18375.779     6.895227   3.842011  13.351741    3427.057 1
315.587315   0.028406   0.052952  0.000006  15874.610     1.798755   3.847519  13.370882    1043.402 1
317.925057  -1.243115   0.032407  0.000004   9715.374     1.199170   3.848954  13.375869   -4826.450 1
321.707375   0.451896   0.063060  0.000053  18904.912    15.889000   3.852627  13.388634    3931.330 1
321.561940   4.885635   0.048614  0.000007  14574.111     2.098547   3.852983  13.389872    -195.995 1
320.822578  -0.498251   0.050637  0.000007  15180.591     2.098547   3.853350  13.391144     381.990 1
321.917374   0.806629   0.052073  0.000005  15611.093     1.498962   3.855485  13.398566     792.266 1
320.398165  -0.785624   0.058155  0.000006  17434.430     1.798755   3.858680  13.409668    2529.936 1
322.111933   1.242559   0.048915  0.000016  14664.348     4.796679   3.859147  13.411291    -109.997 1
322.111221   1.227754   0.049268  0.000019  14770.175     5.696057   3.863579  13.426694      -9.143 1
319.036138  -1.259846   0.041606  0.000012  12473.165     3.597509   3.864846  13.431097   -2198.230 1
315.443982   0.170165   0.050604  0.000022  15170.698     6.595434   3.866931  13.438344     372.562 1
321.007933  -0.366298   0.061798  0.000017  18526.574     5.096472   3.867443  13.440123    3570.767 1
322.004689   4.192575   0.053604  0.000077  16070.075    23.084019   3.876360  13.471111    1229.683 1
317.564464  -1.205438   0.032698  0.000007   9802.614     2.098547   3.880743  13.486342   -4743.309 1
322.129625   1.221402   0.049351  0.000057  14795.058    17.088170   3.883027  13.494279      14.571 1
315.796161  -0.243986   0.054556  0.000007  16355.477     2.098547   3.885374  13.502437    1501.677 1
319.650733  -1.142168   0.061388  0.000025  18403.659     7.494811   3.886676  13.506959    3453.627 1
316.532880  -0.799039   0.034752  0.000007  10418.388     2.098547   3.887627  13.510264   -4156.467 1
321.649867   0.305077   0.062111  0.000009  18620.409     2.698132   3.888193  13.512231    3660.194 1
321.826440   4.556051   0.053290  0.000012  15975.940     3.597509   3.888440  13.513091    1139.971 1
321.688628   0.355285   0.062671  0.000007  18788.293     2.098547   3.891031  13.522093    3820.190 1
321.689495   0.354433   0.063051  0.000056  18902.214    16.788378   3.892227  13.526252    3928.758 1
322.119163   1.164334   0.049685  0.000013  14895.188     3.897302   3.893392  13.530298     109.997 1
321.651560   0.296468   0.062900  0.000034  18856.946    10.192944   3.894578  13.534421    3885.617 1
322.319333   3.263389   0.032240  0.000160   9665.309    47.966793   3.895640  13.538113   -4874.163 1
321.762135   0.450557   0.051325  0.000005  15386.848     1.498962   3.899209  13.550513     578.557 1
321.666144   0.308372   0.063006  0.000015  18888.724     4.496887   3.899527  13.551621    3915.901 1
322.001229   0.871412   0.048576  0.000008  14562.718     2.398340   3.901661  13.559036    -206.852 1
322.156676   1.230158   0.049408  0.000015  14812.146     4.496887   3.905390  13.571994      30.856 1
318.074803  -1.320319   0.032539  0.000150   9754.947    44.968869   3.906929  13.577344   -4788.737 1
321.665581   0.294399   0.063619  0.000027  19072.496     8.094396   3.907173  13.578192    4091.040 1
322.222518   1.411452   0.049780  0.000010  14923.669     2.997925   3.909984  13.587958     137.139 1
321.655579   0.274797   0.063764  0.000013  19115.966     3.897302   3.910496  13.589738    4132.467 1
322.163089   1.230779   0.049961  0.000033  14977.931     9.893151   3.911199  13.592183     188.852 1
321.600375   0.197333   0.063003  0.000036  18887.824    10.792528   3.912326  13.596097    3915.044 1
320.938744  -0.500952   0.051170  0.000008  15340.380     2.398340   3.926935  13.646867     534.272 1
315.296756   0.254244   0.051432  0.000036  15418.926    10.792528   3.933463  13.669553     609.128 1
320.846687  -0.588322   0.050948  0.000019  15273.826     5.696057   3.939728  13.691325     470.845 1
321.818521   0.461164   0.063351  0.000005  18992.152     1.498962   3.940979  13.695674    4014.470 1
315.555627  -0.076849   0.051546  0.000010  15453.102     2.997925   3.941150  13.696269     641.698 1
321.822167   0.461384   0.063397  0.000055  19005.942    16.488585   3.943942  13.705970    4027.613 1
321.822260   0.461003   0.063519  0.000006  19042.517     1.798755   3.944224  13.706950    4062.469 1
320.912290  -0.547927   0.051490  0.000009  15436.314     2.698132   3.947420  13.718056     625.699 1
322.212324   1.258298   0.049609  0.000010  14872.404     2.997925   3.948274  13.721025      88.283 1
320.913261  -0.548793   0.050923  0.000010  15266.331     2.997925   3.948699  13.722502     463.703 1
317.089584  -1.137006   0.058893  0.000014  17655.677     4.197094   3.955299  13.745438    2740.788 1
318.289231  -1.388102   0.044781  0.000150  13425.006    44.968869   3.958114  13.755220   -1291.110 1
315.260445   0.261248   0.051901  0.000046  15559.528    13.790453   3.958793  13.757580     743.124 1
319.929925  -1.129127   0.062333  0.000024  18686.963     7.195019   3.967153  13.786632    3723.621 1
321.998770   4.414873   0.058709  0.000011  17600.515     3.297717   3.969572  13.795040    2688.218 1
322.204063   1.168532   0.048384  0.000012  14505.158     3.597509   3.971164  13.800573    -261.708 1
321.726305   0.261849   0.064311  0.000010  19279.953     2.997925   3.975466  13.815523    4288.749 1
321.694164   0.211548   0.063093  0.000015  18914.806     4.496887   3.978888  13.827414    3940.758 1
321.168210  -0.379628   0.062466  0.000005  18726.836     1.498962   3.983576  13.843705    3761.620 1
316.840552  -1.067802   0.052883  0.000005  15853.925     1.498962   3.986379  13.853449    1023.689 1
322.166250   4.156667   0.049364  0.000120  14798.955    35.975095   4.009031  13.932167      18.285 1
315.323448   0.088122   0.050743  0.000012  15212.369     3.597509   4.012295  13.943512     412.275 1
315.177007   0.283493   0.051252  0.000032  15364.963     9.593359   4.014181  13.950066     557.700 1
314.732998   1.116316   0.057976  0.000017  17380.768     5.096472   4.016611  13.958511    2478.795 1
315.769571  -0.404132   0.063487  0.000008  19032.924     2.398340   4.020556  13.972218    4053.327 1
322.240340   4.021658   0.053656  0.000014  16085.664     4.197094   4.026293  13.992156    1244.540 1
321.758860   4.916947   0.057394  0.000011  17206.288     3.297717   4.029974  14.004947    2312.513 1
318.099960  -1.446860   0.032341  0.000008   9695.588     2.398340   4.030338  14.006213   -4845.307 1
314.724251   1.098081   0.048510  0.000030  14542.932     8.993774   4.031363  14.009776    -225.709 1
314.844300   0.818906   0.046638  0.000006  13981.721     1.798755   4.032714  14.014471    -760.552 1
321.935201   0.462037   0.053345  0.000007  15992.429     2.098547   4.039563  14.038272    1155.685 1
316.155258  -0.738949   0.045724  0.000333  13707.710    99.830889   4.040426  14.041270   -1021.689 1
315.136966   0.294430   0.050285  0.000015  15075.064     4.496887   4.040999  14.043263     281.421 1
315.132003   0.298536   0.050161  0.000025  15037.889     7.494811   4.042798  14.049513     245.994 1
321.833261   0.289219   0.049834  0.000110  14939.857    32.977170   4.047570  14.066096     152.568 1
314.733112   1.028145   0.048282  0.000011  14474.579     3.297717   4.049148  14.071583    -290.850 1
315.525976  -0.205221   0.051389  0.000005  15406.035     1.498962   4.049891  14.074165     596.842 1
318.361930  -1.490165   0.044555  0.000009  13357.253     2.698132   4.057245  14.099722   -1355.680 1
316.357379  -0.892930   0.034966  0.000010  10482.543     2.997925   4.058084  14.102637   -4095.326 1
321.810291   0.235944   0.050305  0.000007  15081.060     2.098547   4.058952  14.105653     287.136 1
321.759525   0.162878   0.065525  0.000057  19643.901    17.088170   4.060324  14.110422    4635.598 1
315.517690  -0.218618   0.051575  0.000005  15461.796     1.498962   4.065096  14.127004     649.984 1
318.749710  -1.498848   0.061563  0.000008  18456.123     2.398340   4.072858  14.153980    3503.626 1
317.996260  -1.478482   0.056706  0.000010  17000.031     2.997925   4.072882  14.154061    2115.947 1
322.532881   2.071381   0.038043  0.000090  11405.004    26.981321   4.075947  14.164713   -3216.205 1
321.957217   0.416629   0.051429  0.000023  15418.026     6.895227   4.082074  14.186007     608.270 1
320.209956  -1.136509   0.061721  0.000006  18503.490     1.798755   4.084110  14.193082    3548.768 1
318.039875  -1.495833   0.032042  0.000150   9605.950    44.968869   4.085159  14.196728   -4930.733 1
315.530835  -0.262483   0.050485  0.000014  15135.022     4.197094   4.085772  14.198857     338.563 1
318.039230  -1.496598   0.032185  0.000011   9648.820     3.297717   4.085990  14.199613   -4889.877 1
315.454757  -0.181810   0.054593  0.000005  16366.570     1.498962   4.086300  14.200691    1512.248 1
319.678042  -1.345055   0.060232  0.000183  18057.099    54.862020   4.088545  14.208493    3123.350 1
320.205969  -1.144774   0.062054  0.000015  18603.321     4.496887   4.089925  14.213289    3643.908 1
322.580118   2.599221   0.058450  0.000100  17522.869    29.979246   4.093243  14.224820    2614.220 1
320.911480  -0.744010   0.062471  0.000007  18728.335     2.098547   4.103357  14.259968    3763.048 1
316.862640  -1.205685   0.056606  0.000010  16970.052     2.997925   4.103680  14.261092    2087.376 1
321.287141  -0.433961   0.061961  0.000006  18575.440     1.798755   4.104072  14.262453    3617.338 1
316.915046  -1.228196   0.059384  0.000016  17802.875     4.796679   4.104112  14.262592    2881.070 1
321.338258  -0.388180   0.064757  0.000005  19413.660     1.498962   4.106045  14.269310    4416.175 1
