153.452004  -0.105179   0.091545  0.000031  27444.501     9.293566   0.015703   0.096471      -1.648 0
153.425989  -0.123788   0.095946  0.000029  28763.887     8.693981   0.018565   0.114052    1207.079 1
153.442132  -0.133572   0.096162  0.000027  28828.642     8.094396   0.025550   0.156964    1266.403 1
153.473045  -0.094138   0.092320  0.000030  27676.840     8.993774   0.039139   0.240442     211.204 0
153.474264  -0.154915   0.098474  0.000018  29521.763     5.396264   0.059638   0.366375    1901.389 1
153.380826  -0.082812   0.091547  0.000032  27445.100     9.593359   0.061524   0.377960      -1.099 0
153.499177  -0.090474   0.091698  0.000031  27490.369     9.293566   0.065075   0.399776      40.373 0
153.496088  -0.081590   0.090375  0.000019  27093.743     5.696057   0.065264   0.400936    -322.986 0
153.449416  -0.174753   0.088731  0.000026  26600.885     7.794604   0.067358   0.413801    -774.508 1
153.496774  -0.060967   0.089192  0.000039  26739.089    11.691906   0.076689   0.471121    -647.895 0
153.502770  -0.152353   0.098682  0.000028  29584.119     8.394189   0.079255   0.486886    1958.516 1
153.437100  -0.194671   0.092618  0.000027  27766.178     8.094396   0.086062   0.528705     293.050 0
153.349153  -0.113090   0.095744  0.000026  28703.329     7.794604   0.087641   0.538408    1151.600 1
153.385331  -0.036564   0.092300  0.000024  27670.844     7.195019   0.088472   0.543512     205.711 0
153.517412  -0.060352   0.097304  0.000011  29171.005     3.297717   0.094056   0.577812    1580.051 1
153.409795  -0.199370   0.098138  0.000033  29421.032     9.893151   0.094658   0.581514    1809.107 1
153.532220  -0.051039   0.092896  0.000013  27849.520     3.897302   0.111545   0.685254     369.402 0
153.323814  -0.127568   0.092731  0.000028  27800.054     8.394189   0.114447   0.703082     324.085 0
153.323606  -0.081160   0.095064  0.000030  28499.470     8.993774   0.116358   0.714822     964.839 1
153.458944   0.022696   0.092504  0.000033  27732.002     9.893151   0.133180   0.818166     261.740 0
153.357399  -0.230402   0.092779  0.000013  27814.444     3.897302   0.145323   0.892763     337.268 0
153.328750   0.004667   0.094000  0.000333  28180.491    99.830889   0.156463   0.961197     672.613 0
153.508563  -0.247921   0.097700  0.000008  29289.723     2.398340   0.156763   0.963044    1688.811 1
153.326205   0.008043   0.094054  0.000026  28196.680     7.794604   0.160663   0.987001     687.444 0
153.357078   0.031462   0.096121  0.000025  28816.351     7.494811   0.161111   0.989751    1255.142 1
153.420849  -0.269674   0.100200  0.000333  30039.204    99.830889   0.161840   0.994233    2375.432 1
153.496970  -0.261850   0.098521  0.000026  29535.853     7.794604   0.164674   1.011639    1914.298 1
153.421519   0.067398   0.089987  0.000030  26977.424     8.993774   0.176660   1.085274    -429.550 0
153.597230   0.008940   0.091105  0.000023  27312.592     6.895227   0.198983   1.222412    -122.493 0
153.511391  -0.297248   0.097130  0.000011  29118.841     3.297717   0.202894   1.246440    1532.262 1
153.516703   0.087679   0.090311  0.000011  27074.557     3.297717   0.211974   1.302221    -340.564 0
153.649368  -0.155274   0.095544  0.000022  28643.371     6.595434   0.217747   1.337683    1096.670 1
153.332259  -0.306496   0.107429  0.000022  32206.404     6.595434   0.223747   1.374543    4360.863 1
153.566459   0.075054   0.102884  0.000014  30843.847     4.197094   0.224889   1.381560    3112.587 1
153.527250  -0.325119   0.097039  0.000026  29091.560     7.794604   0.234689   1.441767    1507.269 1
153.520698  -0.335141   0.095193  0.000023  28538.143     6.895227   0.241610   1.484282    1000.269 1
153.600973  -0.290644   0.095574  0.000025  28652.364     7.494811   0.245211   1.506406    1104.909 1
153.336232   0.115435   0.095988  0.000016  28776.478     4.796679   0.245532   1.508377    1218.614 1
153.545494  -0.335452   0.107536  0.000297  32238.482    89.038360   0.251590   1.545596    4390.251 1
153.288675   0.100689   0.096127  0.000031  28818.150     9.293566   0.256342   1.574789    1256.790 1
153.376057   0.147897   0.092897  0.000012  27849.820     3.597509   0.263573   1.619212     369.676 0
153.669849  -0.255198   0.095494  0.000041  28628.381    12.291491   0.275419   1.691982    1082.938 1
153.117818  -0.086084   0.108600  0.000333  32557.461    99.830889   0.319656   1.963744    4682.476 1
153.540799   0.198224   0.097819  0.000018  29325.398     5.396264   0.324018   1.990542    1721.495 1
153.643639  -0.360155   0.095061  0.000021  28498.571     6.295642   0.325740   2.001121     964.015 1
153.654620  -0.387726   0.095323  0.000024  28577.116     7.195019   0.354123   2.175487    1035.973 1
153.490848  -0.458595   0.100830  0.000620  30228.074    99.990000   0.354152   2.175663    2548.460 1
153.747754   0.084751   0.081689  0.000008  24489.746     2.398340   0.366272   2.250119   -2708.580 1
153.555353   0.279743   0.094970  0.000023  28471.290     6.895227   0.406080   2.494675     939.022 1
153.787338   0.118369   0.093260  0.000024  27958.645     7.195019   0.417708   2.566107     469.374 1
153.053720  -0.277502   0.096302  0.000297  28870.613    89.038360   0.418548   2.571266    1304.853 1
153.676301   0.240280   0.095967  0.000023  28770.183     6.895227   0.423252   2.600165    1212.846 1
153.560305   0.299068   0.095896  0.000021  28748.898     6.295642   0.426010   2.617108    1193.346 1
153.587927  -0.507699   0.095669  0.000024  28680.845     7.195019   0.426788   2.621885    1131.001 1
153.567333   0.306841   0.095089  0.000020  28506.965     5.995849   0.435511   2.675475     971.705 1
153.740094  -0.422679   0.095340  0.000230  28582.213    68.952265   0.436691   2.682725    1040.642 1
153.659158   0.306325   0.094047  0.000010  28194.581     2.997925   0.470816   2.892363     685.522 1
153.507850   0.361958   0.083642  0.000009  25075.241     2.698132   0.475920   2.923717   -2172.192 1
152.961618  -0.064611   0.093530  0.000120  28039.589    35.975095   0.477094   2.930935     543.529 1
153.899950   0.013204   0.083842  0.000023  25135.199     6.895227   0.479017   2.942744   -2117.263 1
153.859437   0.120175   0.083519  0.000006  25038.366     1.798755   0.480693   2.953040   -2205.974 1
153.740325  -0.519814   0.102211  0.000008  30642.087     2.398340   0.511164   3.140235    2927.749 1
153.886191   0.145797   0.105400  0.000333  31598.125    99.830889   0.516510   3.173076    3803.602 1
153.934511  -0.252931   0.084863  0.000018  25441.287     5.396264   0.518327   3.184242   -1836.847 1
153.163887  -0.566233   0.080089  0.000150  24010.078    44.968869   0.532761   3.272913   -3148.017 1
153.960800   0.012277   0.093620  0.000024  28066.570     7.195019   0.537880   3.304357     568.247 1
153.595607  -0.625391   0.085927  0.000013  25760.267     3.897302   0.540667   3.321478   -1544.621 1
153.937431  -0.371643   0.084747  0.000015  25406.511     4.496887   0.565630   3.474835   -1868.706 1
153.627400   0.433828   0.096780  0.000024  29013.914     7.195019   0.574990   3.532335    1436.135 1
153.695776  -0.627170   0.104272  0.000297  31259.959    89.038360   0.579685   3.561182    3493.799 1
153.941374  -0.403586   0.084455  0.000019  25318.972     5.696057   0.584573   3.591211   -1948.903 1
154.008291   0.015555   0.092756  0.000029  27807.549     8.693981   0.584940   3.593464     330.951 1
153.916961   0.227969   0.082648  0.000007  24777.247     2.098547   0.586476   3.602901   -2445.192 1
154.003944   0.044344   0.093836  0.000025  28131.325     7.494811   0.587522   3.609326     627.571 1
153.980125  -0.343650   0.084750  0.000016  25407.411     4.796679   0.592094   3.637412   -1867.882 1
153.313896  -0.688377   0.086397  0.000028  25901.169     8.394189   0.592626   3.640681   -1415.537 1
153.643294  -0.665919   0.104309  0.000043  31271.052    12.891076   0.594376   3.651430    3503.961 1
153.365450   0.517341   0.096621  0.000027  28966.247     8.094396   0.629991   3.870224    1392.466 1
153.336506   0.529737   0.084196  0.000012  25241.326     3.597509   0.646159   3.969551   -2020.037 1
154.080960  -0.241277   0.083385  0.000009  24998.194     2.698132   0.657796   4.041041   -2242.777 1
154.097088  -0.080523   0.094831  0.000013  28429.619     3.897302   0.661004   4.060746     900.846 1
154.028155  -0.404453   0.082920  0.000120  24858.791    35.975095   0.661335   4.062783   -2370.488 1
154.100177  -0.105877   0.094311  0.000029  28273.727     8.693981   0.663501   4.076090     758.029 1
152.831892  -0.395661   0.086902  0.000016  26052.564     4.796679   0.669452   4.112644   -1276.839 1
154.113892  -0.120720   0.094431  0.000024  28309.702     7.195019   0.677319   4.160976     790.987 1
153.495253   0.567829   0.095311  0.000021  28573.519     6.295642   0.678970   4.171119    1032.677 1
153.583355  -0.776698   0.100436  0.000100  30109.955    29.979246   0.683999   4.202015    2440.249 1
153.420182   0.579586   0.096580  0.000120  28953.956    35.975095   0.688394   4.229011    1381.206 1
154.121596  -0.027095   0.104309  0.000035  31271.052    10.492736   0.689748   4.237333    3503.961 1
153.563865   0.585736   0.096474  0.000024  28922.178     7.195019   0.705898   4.336546    1352.093 1
152.792290  -0.396822   0.107998  0.000041  32376.986    12.291491   0.705906   4.336593    4517.138 1
153.740994  -0.749574   0.101639  0.000297  30470.606    89.038360   0.709536   4.358895    2770.650 1
152.729713  -0.305155   0.107998  0.000020  32376.986     5.995849   0.733778   4.507821    4517.138 1
152.721913   0.067929   0.095967  0.000012  28770.183     3.597509   0.736245   4.522973    1212.846 1
153.031307  -0.725917   0.086791  0.000297  26019.287    89.038360   0.738508   4.536880   -1307.325 1
152.760230   0.189972   0.094520  0.000026  28336.383     7.794604   0.739415   4.542448     815.430 1
154.066888  -0.495843   0.107872  0.000006  32339.212     1.798755   0.739669   4.544010    4482.532 1
153.726002   0.572432   0.086143  0.000021  25825.022     6.295642   0.739949   4.545733   -1485.297 1
153.658944  -0.818793   0.097110  0.000240  29112.846    71.950190   0.744151   4.571546    1526.769 1
152.718208   0.111775   0.094329  0.000017  28279.123     5.096472   0.751512   4.616763     762.973 1
153.945406   0.449950   0.094732  0.000007  28399.939     2.098547   0.755507   4.641306     873.656 1
154.078556   0.291730   0.094626  0.000026  28368.161     7.794604   0.756489   4.647340     844.543 1
152.770717   0.266364   0.088041  0.000027  26394.028     8.094396   0.764271   4.695150    -964.015 1
153.845288   0.549259   0.079948  0.000016  23967.807     4.796679   0.774436   4.757596   -3186.742 1
153.880217   0.528141   0.097890  0.000028  29346.684     8.394189   0.776000   4.767203    1740.995 1
153.163781  -0.840764   0.094245  0.000093  28253.940    27.880699   0.781360   4.800129     739.902 1
153.603415  -0.873910   0.097696  0.000027  29288.524     8.094396   0.783253   4.811757    1687.713 1
153.829852  -0.793903   0.098129  0.000016  29418.334     4.796679   0.790070   4.853637    1806.636 1
153.619580   0.665078   0.101583  0.000031  30453.817     9.293566   0.795013   4.884004    2755.270 1
154.036133   0.417942   0.096783  0.000016  29014.813     4.796679   0.797872   4.901568    1436.959 1
154.236239  -0.043337   0.106900  0.000333  32047.814    99.830889   0.802217   4.928264    4215.574 1
153.620439  -0.893837   0.098216  0.000024  29444.416     7.195019   0.806442   4.954217    1830.530 1
153.928754   0.532591   0.096536  0.000022  28940.765     6.595434   0.808254   4.965349    1369.121 1
153.821808  -0.822174   0.099694  0.000008  29887.509     2.398340   0.810862   4.981368    2236.460 1
153.621633  -0.905370   0.098080  0.000030  29403.644     8.993774   0.817945   5.024883    1793.178 1
154.172084   0.258722   0.095842  0.000009  28732.709     2.698132   0.822040   5.050041    1178.515 1
154.175417   0.255389   0.096000  0.000333  28780.076    99.830889   0.823545   5.059283    1221.910 1
153.738536   0.661961   0.096531  0.000028  28939.266     8.394189   0.827585   5.084103    1367.748 1
152.710586   0.290047   0.094376  0.000008  28293.213     2.398340   0.828334   5.088709     775.881 1
153.746011   0.665355   0.102160  0.000120  30626.798    35.975095   0.833491   5.120387    2913.742 1
153.970452   0.531757   0.097807  0.000010  29321.801     2.997925   0.833655   5.121397    1718.199 1
153.731906   0.672001   0.096618  0.000031  28965.348     9.293566   0.834573   5.127032    1391.642 1
152.809175   0.446380   0.099118  0.000028  29714.829     8.394189   0.837720   5.146368    2078.263 1
152.917355   0.549728   0.097993  0.000297  29377.562    89.038360   0.838514   5.151247    1769.283 1
152.972685  -0.810786   0.084650  0.000510  25377.432    99.990000   0.841630   5.170390   -1895.347 1
152.592516  -0.032821   0.097198  0.000028  29139.227     8.394189   0.847558   5.206804    1550.938 1
154.279630  -0.213557   0.096856  0.000031  29036.698     9.293566   0.849456   5.218467    1457.008 1
152.590067  -0.006247   0.095341  0.000019  28582.513     5.696057   0.852777   5.238869    1040.916 1
153.349365  -0.972247   0.099432  0.000087  29808.964    26.081944   0.868040   5.332630    2164.502 1
152.567199  -0.074770   0.096421  0.000012  28906.289     3.597509   0.870138   5.345519    1337.536 1
152.654492   0.276827   0.094214  0.000018  28244.647     5.396264   0.871996   5.356937     731.388 1
153.842934   0.664703   0.097634  0.000022  29269.937     6.595434   0.873530   5.366359    1670.685 1
154.304298  -0.258803   0.097976  0.000021  29372.466     6.295642   0.880520   5.409303    1764.614 1
152.785019   0.485728   0.100172  0.000036  30030.810    10.792528   0.881985   5.418303    2367.742 1
153.585535  -0.995372   0.092956  0.000019  27867.508     5.696057   0.899169   5.523866     385.881 1
152.779561   0.505502   0.094537  0.000012  28341.480     3.597509   0.899409   5.525344     820.099 1
154.122064  -0.724293   0.095823  0.000041  28727.013    12.291491   0.921312   5.659896    1173.297 1
154.071491  -0.777089   0.098791  0.000024  29616.797     7.195019   0.921872   5.663338    1988.453 1
152.585038  -0.481759   0.095057  0.000021  28497.372     6.295642   0.929802   5.712054     962.916 1
152.984293  -0.931185   0.104360  0.000016  31286.341     4.796679   0.938767   5.767128    3517.968 1
153.613955  -1.030656   0.098061  0.000270  29397.948    80.943964   0.938933   5.768149    1787.959 1
153.159258   0.793076   0.087237  0.000011  26152.995     3.297717   0.943398   5.795581   -1184.832 1
152.498964  -0.216244   0.096108  0.000046  28812.454    13.790453   0.943871   5.798487    1251.572 1
153.762421  -0.997282   0.098219  0.000035  29445.315    10.492736   0.946491   5.814579    1831.354 1
154.039099   0.627093   0.079532  0.000031  23843.094     9.293566   0.950877   5.841522   -3300.996 1
152.604496  -0.572962   0.095064  0.000297  28499.470    89.038360   0.952969   5.854379     964.839 1
153.182182   0.811746   0.086380  0.000024  25896.073     7.195019   0.954895   5.866208   -1420.206 1
154.385472  -0.272214   0.093434  0.000021  28010.809     6.295642   0.962792   5.914725     517.162 1
154.233740   0.440811   0.097572  0.000020  29251.350     5.995849   0.968073   5.947167    1653.656 1
152.570600   0.333700   0.092418  0.000008  27706.219     2.398340   0.972487   5.974279     238.120 1
153.501994  -1.079889   0.097401  0.000237  29200.085    71.050813   0.973473   5.980336    1606.692 1
154.411490  -0.034957   0.095691  0.000025  28687.440     7.494811   0.977587   6.005611    1137.043 1
154.396234   0.088945   0.095724  0.000018  28697.333     5.396264   0.979678   6.018457    1146.107 1
153.847735  -1.003144   0.083730  0.000297  25101.623    89.038360   0.984458   6.047820   -2148.023 1
154.308786   0.366426   0.096984  0.000013  29075.072     3.897302   0.993089   6.100845    1492.163 1
152.579765  -0.611024   0.094555  0.000297  28346.876    89.038360   0.993338   6.102376     825.043 1
154.427134  -0.193388   0.096043  0.000028  28792.967     8.394189   0.994074   6.106896    1233.719 1
154.082503   0.651917   0.079281  0.000016  23767.846     4.796679   0.997741   6.129425   -3369.933 1
153.106346   0.833459   0.102092  0.000009  30606.412     2.698132   0.998306   6.132893    2895.066 1
154.403510   0.140536   0.095143  0.000021  28523.154     6.295642   0.998414   6.133559     986.536 1
154.016875   0.708425   0.079356  0.000007  23790.330     2.098547   1.002083   6.156101   -3349.334 1
153.898235  -1.001582   0.083658  0.000027  25080.037     8.094396   1.005202   6.175260   -2167.798 1
152.432560  -0.052139   0.095370  0.000017  28591.207     5.096472   1.005705   6.178349    1048.881 1
154.411991  -0.398957   0.093980  0.000025  28174.495     7.494811   1.017610   6.251484     667.120 1
153.174464  -1.097372   0.097570  0.000110  29250.750    32.977170   1.022941   6.284233    1653.107 1
153.168505  -1.096369   0.098321  0.000153  29475.894    45.868246   1.023516   6.287769    1859.368 1
154.334296  -0.600709   0.093678  0.000021  28083.958     6.295642   1.023657   6.288632     584.177 1
154.334723   0.384776   0.084544  0.000018  25345.654     5.396264   1.024650   6.294736   -1924.460 1
153.562950   0.911074   0.101808  0.000028  30521.271     8.394189   1.027472   6.312073    2817.066 1
152.519440   0.354575   0.090175  0.000011  27033.785     3.297717   1.027554   6.312573    -377.916 1
153.179001  -1.104014   0.098140  0.000220  29421.632    65.954341   1.028216   6.316639    1809.657 1
152.518066   0.355001   0.090314  0.000083  27075.456    24.882774   1.028972   6.321287    -339.740 1
154.024595   0.735911   0.079297  0.000005  23772.643     1.498962   1.029009   6.321510   -3365.538 1
152.762106  -0.887632   0.087042  0.000021  26094.535     6.295642   1.030497   6.330654   -1238.388 1
153.166114  -1.106242   0.096869  0.000022  29040.596     6.595434   1.033671   6.350152    1460.579 1
152.514167   0.358306   0.090000  0.000333  26981.321    99.830889   1.033943   6.351823    -425.979 1
154.468983  -0.042705   0.104300  0.000333  31268.353    99.830889   1.034403   6.354649    3501.489 1
154.301503   0.470155   0.096783  0.000045  29014.813    13.490661   1.040618   6.392829    1436.959 1
154.297982   0.485356   0.096896  0.000030  29048.690     8.993774   1.046248   6.427415    1467.994 1
154.132001  -0.893168   0.095993  0.000007  28777.977     2.098547   1.048332   6.440223    1219.987 1
152.387964  -0.009531   0.096564  0.000026  28949.159     7.794604   1.053384   6.471257    1376.811 1
153.215708  -1.140586   0.098965  0.000177  29668.961    53.063265   1.055369   6.483448    2036.241 1
152.381655  -0.040931   0.095887  0.000022  28746.199     6.595434   1.057192   6.494648    1190.874 1
153.806611   0.888760   0.097809  0.000026  29322.401     7.794604   1.063765   6.535028    1718.748 1
153.746875  -1.127694   0.083208  0.000026  24945.131     7.794604   1.065248   6.544139   -2291.389 1
154.203073  -0.850298   0.098447  0.000020  29513.668     5.995849   1.066516   6.551933    1893.974 1
152.463758  -0.546705   0.094169  0.000025  28231.156     7.494811   1.067006   6.554938     719.029 1
152.949827  -1.062677   0.084202  0.000030  25243.125     8.993774   1.071106   6.580130   -2018.389 1
154.434859   0.295156   0.094817  0.000006  28425.421     1.798755   1.076747   6.614784     897.001 1
152.357083  -0.125472   0.095000  0.000333  28480.284    99.830889   1.079727   6.633088     947.261 1
152.354819  -0.129743   0.095048  0.000020  28494.674     5.995849   1.082065   6.647455     960.445 1
154.347940   0.475122   0.095178  0.000008  28533.647     2.398340   1.082190   6.648219     996.149 1
154.454813   0.268874   0.097374  0.000007  29191.991     2.098547   1.085857   6.670747    1599.276 1
152.818189   0.784228   0.082663  0.000023  24781.744     6.895227   1.086135   6.672456   -2441.073 1
153.447320  -1.198549   0.092160  0.000200  27628.873    59.958492   1.089991   6.696144     167.261 1
154.481495   0.228127   0.098089  0.000022  29406.342     6.595434   1.097737   6.743729    1795.650 1
154.416929   0.391066   0.094887  0.000009  28446.407     2.698132   1.100255   6.759198     916.226 1
152.426054  -0.544659   0.093945  0.000023  28164.002     6.895227   1.100682   6.761820     657.508 1
152.342666   0.013278   0.091993  0.000006  27578.808     1.798755   1.100781   6.762431     121.394 1
154.447815   0.330286   0.095958  0.000019  28767.485     5.696057   1.102279   6.771636    1210.374 1
152.361257  -0.364332   0.095541  0.000007  28642.471     2.098547   1.105407   6.790848    1095.846 1
152.439356   0.395771   0.097470  0.000019  29220.771     5.696057   1.117610   6.865815    1625.642 1
154.508827  -0.424398   0.107867  0.000017  32337.713     5.096472   1.117684   6.866270    4481.159 1
153.368512  -1.227233   0.083060  0.000360  24900.762    99.990000   1.120698   6.884787   -2332.037 1
152.429046   0.382725   0.096161  0.000030  28828.343     8.993774   1.121041   6.886893    1266.128 1
154.473808   0.322502   0.096480  0.000018  28923.976     5.396264   1.123160   6.899911    1353.741 1
152.344887  -0.374813   0.095989  0.000008  28776.778     2.398340   1.123776   6.903693    1218.888 1
153.132900  -1.192677   0.084999  0.000077  25482.059    23.084019   1.125826   6.916287   -1799.495 1
152.697976  -0.959775   0.092237  0.000008  27651.957     2.398340   1.127015   6.923596     188.409 1
154.420519   0.443455   0.094090  0.000019  28207.472     5.696057   1.128145   6.930537     697.332 1
152.972798   0.920345   0.101505  0.000025  30430.433     7.494811   1.128687   6.933865    2733.848 1
154.425417   0.441472   0.094000  0.000333  28180.491    99.830889   1.131454   6.950862     672.613 1
154.355830  -0.774218   0.095316  0.000027  28575.018     8.094396   1.134843   6.971681    1034.050 1
152.289475  -0.063066   0.095463  0.000018  28619.087     5.396264   1.148107   7.053166    1074.424 1
152.280326  -0.032764   0.095959  0.000032  28767.784     9.593359   1.158837   7.119084    1210.649 1
152.693530   0.783033   0.097072  0.000025  29101.453     7.494811   1.160731   7.130723    1516.332 1
154.551155   0.221168   0.094372  0.000008  28292.014     2.398340   1.162241   7.139996     774.782 1
152.715897   0.804830   0.094378  0.000007  28293.813     2.098547   1.163572   7.148172     776.430 1
153.051687  -1.208773   0.085343  0.000007  25585.188     2.098547   1.165580   7.160513   -1705.016 1
152.281793   0.059961   0.095840  0.000019  28732.109     5.696057   1.167123   7.169987    1177.966 1
154.535066   0.297024   0.094626  0.000011  28368.161     3.297717   1.170891   7.193139     844.543 1
152.271250   0.055694   0.096000  0.000333  28780.076    99.830889   1.176953   7.230377    1221.910 1
152.997420  -1.201421   0.095250  0.000660  28555.232    99.990000   1.177788   7.235508    1015.923 1
154.437726  -0.732318   0.085777  0.000007  25715.298     2.098547   1.179450   7.245715   -1585.818 1
153.327641   1.068248   0.087166  0.000012  26131.709     3.597509   1.181899   7.260760   -1204.332 1
154.541644   0.314875   0.096587  0.000007  28956.054     2.098547   1.183335   7.269582    1383.128 1
152.256674   0.050323   0.095610  0.000021  28663.157     6.295642   1.190659   7.314578    1114.797 1
152.259257   0.111682   0.095993  0.000008  28777.977     2.398340   1.197852   7.358765    1219.987 1
152.596565  -0.964571   0.087414  0.000010  26206.058     2.997925   1.199358   7.368019   -1136.219 1
152.234544  -0.042141   0.095712  0.000030  28693.736     8.993774   1.203970   7.396352    1142.811 1
153.572222   1.090315   0.102146  0.000027  30622.600     8.094396   1.206562   7.412277    2909.897 1
152.229945  -0.067815   0.095791  0.000028  28717.419     8.394189   1.207422   7.417560    1164.508 1
154.556940   0.346704   0.095632  0.000020  28669.752     5.995849   1.209251   7.428796    1120.839 1
153.575853   1.098149   0.105968  0.000025  31768.407     7.494811   1.214758   7.462624    3959.602 1
152.221428  -0.096986   0.095852  0.000010  28735.707     2.997925   1.215305   7.465988    1181.262 1
152.545578   0.729655   0.096088  0.000013  28806.458     3.897302   1.223417   7.515818    1246.079 1
153.239610  -1.317594   0.081644  0.000297  24476.255    89.038360   1.224940   7.525179   -2720.939 1
152.411822   0.569978   0.094699  0.000026  28390.046     7.794604   1.229151   7.551045     864.592 1
152.224497   0.112373   0.095440  0.000020  28612.192     5.995849   1.232159   7.569525    1068.107 1
154.223458   0.845267   0.076358  0.000017  22891.553     5.096472   1.236486   7.596110   -4172.729 1
154.580046   0.365786   0.095661  0.000007  28678.446     2.098547   1.237874   7.604636    1128.804 1
153.525883   1.126519   0.105778  0.000021  31711.447     6.295642   1.238346   7.607534    3907.419 1
154.216655  -1.070695   0.093792  0.000043  28118.134    12.891076   1.238534   7.608688     615.486 1
153.428758   1.130906   0.094935  0.000016  28460.797     4.796679   1.239541   7.614877     929.409 1
153.207467   1.110034   0.094434  0.000014  28310.601     4.197094   1.240013   7.617773     791.811 1
152.223987   0.168908   0.097026  0.000016  29087.663     4.796679   1.244040   7.642513    1503.699 1
153.455681   1.159833   0.106345  0.000012  31881.429     3.597509   1.268585   7.793303    4063.145 1
152.194155   0.155518   0.096224  0.000013  28847.229     3.897302   1.270286   7.803751    1283.431 1
153.534531  -1.385010   0.093058  0.000297  27898.087    89.038360   1.280145   7.864319     413.895 1
153.521739   1.170701   0.105436  0.000022  31608.918     6.595434   1.282136   7.876546    3813.490 1
154.720984  -0.102765   0.092766  0.000013  27810.547     3.897302   1.284315   7.889935     333.697 1
152.816640  -1.245201   0.091102  0.000020  27311.693     5.995849   1.294715   7.953827    -123.317 1
153.096739   1.142247   0.094162  0.000023  28229.057     6.895227   1.296226   7.963110     717.106 1
152.159839   0.137376   0.094255  0.000022  28256.938     6.595434   1.300318   7.988245     742.649 1
153.247302  -1.395732   0.089770  0.000100  26912.369    29.979246   1.300979   7.992309    -489.148 1
153.797660   1.143535   0.106379  0.000011  31891.622     3.297717   1.303140   8.005581    4072.483 1
152.148931   0.115981   0.095511  0.000022  28633.477     6.595434   1.307185   8.030433    1087.607 1
152.679736  -1.177461   0.087046  0.000012  26095.734     3.597509   1.309735   8.046095   -1237.290 1
152.527536   0.835658   0.097879  0.000012  29343.386     3.597509   1.310794   8.052606    1737.973 1
152.799757   1.039342   0.097981  0.000056  29373.965    16.788378   1.312807   8.064973    1765.988 1
154.749390  -0.182519   0.092288  0.000022  27667.246     6.595434   1.314787   8.077132     202.416 1
152.147740   0.166044   0.096601  0.000028  28960.251     8.394189   1.317875   8.096106    1386.973 1
152.120775  -0.002818   0.095515  0.000009  28634.677     2.698132   1.320148   8.110070    1088.705 1
154.575910   0.562854   0.098644  0.000012  29572.727     3.597509   1.322386   8.123816    1948.079 1
152.152127   0.221978   0.095125  0.000022  28517.758     6.595434   1.326408   8.148527     981.592 1
153.171826   1.194156   0.104737  0.000005  31399.363     1.498962   1.329416   8.167004    3621.510 1
154.739338  -0.398809   0.092963  0.000010  27869.606     2.997925   1.334589   8.198782     387.803 1
153.113238  -1.423094   0.081938  0.000297  24564.394    89.038360   1.353692   8.316140   -2640.193 1
152.099479   0.109916   0.095731  0.000013  28699.432     3.897302   1.354937   8.323786    1148.029 1
153.525916   1.244110   0.078745  0.000012  23607.157     3.597509   1.355660   8.328230   -3517.144 1
152.105020   0.175932   0.095529  0.000020  28638.874     5.995849   1.361718   8.365446    1092.550 1
153.300194   1.247064   0.105390  0.000010  31595.127     2.997925   1.362527   8.370416    3800.856 1
152.081168  -0.257046   0.089922  0.000009  26957.937     2.698132   1.363613   8.377085    -447.402 1
152.549941   0.928746   0.095273  0.000026  28562.127     7.794604   1.364702   8.383775    1022.240 1
152.681883  -1.247240   0.108276  0.000012  32460.328     3.597509   1.366087   8.392288    4593.490 1
152.081259   0.081040   0.095604  0.000012  28661.358     3.597509   1.368622   8.407860    1113.149 1
152.086752   0.161422   0.093330  0.000026  27979.630     7.794604   1.376669   8.457291     488.599 1
152.164900   0.420930   0.094875  0.000008  28442.809     2.398340   1.377618   8.463123     912.930 1
152.654934   1.026674   0.081780  0.000017  24517.027     5.096472   1.378403   8.467945   -2683.587 1
154.717688  -0.618957   0.094496  0.000022  28329.188     6.595434   1.378923   8.471143     808.839 1
153.439205   1.270471   0.105505  0.000011  31629.603     3.297717   1.379083   8.472126    3832.440 1
154.712545   0.419642   0.095358  0.000023  28587.609     6.895227   1.380897   8.483266    1045.585 1
154.799338   0.120170   0.094542  0.000014  28342.979     4.197094   1.381727   8.488369     821.473 1
152.076180  -0.360238   0.096377  0.000009  28893.098     2.698132   1.383572   8.499698    1325.452 1
153.470128   1.277111   0.094997  0.000007  28479.384     2.098547   1.386125   8.515382     946.438 1
154.724456   0.408645   0.095448  0.000007  28614.591     2.098547   1.387773   8.525509    1070.304 1
154.608299   0.635770   0.076598  0.000009  22963.503     2.698132   1.388088   8.527443   -4106.814 1
152.084000   0.215008   0.093500  0.000333  28030.595    99.830889   1.390851   8.544415     535.289 1
152.083217   0.212382   0.093599  0.000026  28060.274     7.794604   1.391004   8.545356     562.479 1
152.061168   0.116692   0.093778  0.000040  28113.937    11.991698   1.393839   8.562775     611.641 1
152.038352  -0.132029   0.096134  0.000014  28820.248     4.197094   1.398522   8.591541    1258.712 1
153.453420   1.290890   0.094427  0.000297  28308.502    89.038360   1.399600   8.598167     789.888 1
154.727667   0.434658   0.095535  0.000021  28640.672     6.295642   1.400636   8.604531    1094.198 1
154.234388   1.046626   0.077840  0.000007  23335.845     2.098547   1.403890   8.624518   -3765.701 1
152.204915  -0.791278   0.093217  0.000035  27945.754    10.492736   1.408288   8.651539     457.564 1
153.739572   1.268348   0.102420  0.000007  30704.744     2.098547   1.409878   8.661308    2985.151 1
152.276935   0.694366   0.097363  0.000030  29188.693     8.993774   1.410594   8.665702    1596.255 1
152.108920   0.376773   0.096394  0.000022  28898.194     6.595434   1.413696   8.684763    1330.121 1
154.212588   1.074884   0.078004  0.000007  23385.011     2.098547   1.415164   8.693780   -3720.658 1
152.185555  -0.775444   0.093330  0.000018  27979.630     5.396264   1.417736   8.709582     488.599 1
153.012339   1.244282   0.104118  0.000025  31213.791     7.494811   1.417879   8.710460    3451.503 1
152.987398   1.237825   0.104362  0.000297  31286.941    89.038360   1.419416   8.719899    3518.517 1
152.130829   0.456479   0.094451  0.000022  28315.697     6.595434   1.422873   8.741136     796.480 1
153.604884   1.306211   0.099158  0.000297  29726.821    89.038360   1.424785   8.752882    2089.248 1
153.934413   1.235255   0.094194  0.000021  28238.651     6.295642   1.433077   8.803827     725.895 1
154.870352  -0.016558   0.093480  0.000070  28024.599    20.985472   1.436622   8.825601     529.796 1
154.872420  -0.020730   0.092938  0.000010  27862.111     2.997925   1.438424   8.836676     380.937 1
154.826925  -0.491098   0.093840  0.000030  28132.524     8.993774   1.441899   8.858018     628.670 1
154.762452   0.463058   0.097112  0.000018  29113.445     5.396264   1.443769   8.869510    1527.318 1
154.882943  -0.166216   0.106300  0.000333  31867.938    99.830889   1.447407   8.891860    4050.785 1
154.766850   0.469720   0.097421  0.000035  29206.081    10.492736   1.450452   8.910566    1612.185 1
152.116370   0.492122   0.096180  0.000023  28834.039     6.895227   1.450549   8.911158    1271.346 1
154.828243   0.306011   0.095204  0.000008  28541.441     2.398340   1.452016   8.920175    1003.290 1
154.338669  -1.246903   0.094062  0.000009  28199.078     2.698132   1.452340   8.922165     689.641 1
152.047247   0.337247   0.095673  0.000028  28682.044     8.394189   1.459214   8.964393    1132.100 1
154.257939   1.101043   0.078140  0.000011  23425.783     3.297717   1.462096   8.982097   -3683.306 1
153.965552   1.256343   0.106585  0.000029  31953.379     8.693981   1.463831   8.992756    4129.060 1
154.866948   0.222328   0.096486  0.000021  28925.775     6.295642   1.468053   9.018692    1355.389 1
153.959223   1.265148   0.106462  0.000012  31916.505     3.597509   1.469783   9.029320    4095.278 1
152.172111   0.644001   0.097182  0.000019  29134.431     5.696057   1.471582   9.040370    1546.544 1
152.620772   1.116378   0.101997  0.000019  30577.931     5.696057   1.471835   9.041929    2868.975 1
153.607665  -1.575613   0.091315  0.000297  27375.548    89.038360   1.476934   9.073251     -64.817 1
154.669249   0.706993   0.101076  0.000297  30301.822    89.038360   1.477981   9.079687    2616.024 1
151.958474  -0.020203   0.095196  0.000014  28539.043     4.197094   1.480845   9.097276    1001.092 1
153.967042   1.277825   0.107033  0.000027  32087.686     8.094396   1.484414   9.119204    4252.103 1
153.968781   1.278204   0.106631  0.000028  31967.170     8.394189   1.485390   9.125200    4141.694 1
152.076552   0.515909   0.095771  0.000008  28711.423     2.398340   1.496651   9.194382    1159.015 1
153.334970  -1.606249   0.091156  0.000297  27327.881    89.038360   1.501089   9.221642    -108.486 1
154.883527   0.295915   0.095416  0.000025  28604.997     7.494811   1.502331   9.229275    1061.515 1
151.936784  -0.222158   0.094936  0.000021  28461.097     6.295642   1.504185   9.240664     929.684 1
152.031623   0.445170   0.096874  0.000032  29042.095     9.593359   1.510248   9.277913    1461.952 1
152.118115   0.629355   0.097527  0.000021  29237.859     6.295642   1.511026   9.282690    1641.297 1
154.324642   1.115745   0.078076  0.000020  23406.596     5.995849   1.512455   9.291466   -3700.884 1
152.116872  -0.848976   0.075606  0.000297  22666.109    89.038360   1.513284   9.296562   -4379.265 1
152.036621   0.505003   0.094260  0.000020  28258.437     5.995849   1.528620   9.390775     744.022 1
151.951916  -0.474823   0.088435  0.000026  26512.146     7.794604   1.529257   9.394690    -855.804 1
152.990840   1.355093   0.101530  0.000008  30437.928     2.398340   1.530098   9.399853    2740.714 1
152.026250   0.488944   0.097000  0.000333  29079.868    99.830889   1.531789   9.410241    1496.558 1
154.851889  -0.698760   0.092410  0.000009  27703.821     2.698132   1.533325   9.419681     235.923 1
152.023112   0.488419   0.097179  0.000010  29133.531     2.997925   1.534474   9.426739    1545.720 1
154.908072   0.332143   0.095557  0.000015  28647.268     4.496887   1.535985   9.436020    1100.240 1
152.093441  -0.859612   0.095364  0.000015  28589.408     4.496887   1.538924   9.454078    1047.233 1
154.308902   1.162153   0.098217  0.000011  29444.716     3.297717   1.541300   9.468675    1830.805 1
152.120085   0.697198   0.094926  0.000023  28458.099     6.895227   1.543614   9.482884     926.937 1
152.190543  -1.023182   0.079356  0.000011  23790.330     3.297717   1.545734   9.495912   -3349.334 1
151.914779   0.185616   0.093196  0.000021  27939.458     6.295642   1.550078   9.522601     451.796 1
154.718443  -0.982553   0.094737  0.000019  28401.438     5.696057   1.551350   9.530412     875.029 1
154.694583  -1.016667   0.094000  0.000333  28180.491    99.830889   1.551413   9.530798     672.613 1
153.902246   1.373775   0.106889  0.000010  32044.516     2.997925   1.553775   9.545308    4212.553 1
154.697788  -1.016637   0.092789  0.000033  27817.442     9.893151   1.553995   9.546661     340.014 1
152.046393   0.596854   0.097555  0.000017  29246.253     5.096472   1.559029   9.577584    1648.987 1
154.937691   0.324928   0.095638  0.000023  28671.551     6.895227   1.562364   9.598074    1122.487 1
152.070249   0.652599   0.097033  0.000017  29089.762     5.096472   1.564150   9.609048    1505.621 1
153.104439   1.423382   0.094768  0.000008  28410.732     2.398340   1.567604   9.630267     883.543 1
154.714804  -1.019718   0.098408  0.000138  29501.976    41.371359   1.569622   9.642662    1883.262 1
152.014040   0.561322   0.100240  0.000026  30051.196     7.794604   1.572484   9.660245    2386.418 1
152.740822  -1.518839   0.089843  0.000297  26934.254    89.038360   1.572566   9.660746    -469.099 1
152.063045   0.659503   0.096583  0.000016  28954.855     4.796679   1.573806   9.668363    1382.029 1
154.687971  -1.068453   0.094461  0.000009  28318.695     2.698132   1.577030   9.688169     799.226 1
154.932734  -0.610271   0.093616  0.000032  28065.371     9.593359   1.577921   9.693643     567.148 1
152.006643   0.565980   0.097127  0.000029  29117.942     8.693981   1.581161   9.713550    1531.438 1
154.825388  -0.865707   0.093317  0.000029  27975.733     8.693981   1.581676   9.716714     485.029 1
154.944250  -0.587091   0.092570  0.000032  27751.788     9.593359   1.581677   9.716722     279.866 1
154.914688  -0.672931   0.094702  0.000011  28390.945     3.297717   1.582074   9.719158     865.416 1
152.269836  -1.181238   0.094538  0.000009  28341.779     2.698132   1.584945   9.736797     820.374 1
154.921621   0.450188   0.093203  0.000021  27941.556     6.295642   1.586599   9.746959     453.719 1
154.934448  -0.638301   0.093574  0.000022  28052.779     6.595434   1.588670   9.759682     555.613 1
151.936852  -0.635394   0.087603  0.000009  26262.719     2.698132   1.589647   9.765682   -1084.311 1
151.969768   0.504899   0.098253  0.000021  29455.508     6.295642   1.590037   9.768075    1840.692 1
152.033116   0.640522   0.093559  0.000039  28048.283    11.691906   1.590969   9.773806     551.493 1
151.953636   0.468343   0.098080  0.000029  29403.644     8.693981   1.591316   9.775935    1793.178 1
155.017602  -0.301918   0.107100  0.000333  32107.772    99.830889   1.592694   9.784399    4270.504 1
154.939598  -0.643270   0.089881  0.000038  26945.646    11.392113   1.595185   9.799705    -458.662 1
151.848759  -0.285659   0.094295  0.000009  28268.930     2.698132   1.597758   9.815510     753.635 1
155.028586  -0.248940   0.094710  0.000006  28393.344     1.798755   1.598076   9.817466     867.613 1
151.913849   0.381121   0.097991  0.000032  29376.963     9.593359   1.599638   9.827061    1768.734 1
152.003538   0.602811   0.096448  0.000032  28914.383     9.593359   1.600003   9.829300    1344.952 1
155.023991  -0.321999   0.105018  0.000008  31483.604     2.398340   1.601587   9.839035    3698.687 1
155.010274  -0.409296   0.107220  0.000120  32143.747    35.975095   1.602062   9.841948    4303.462 1
154.739258  -1.043476   0.097670  0.000120  29280.729    35.975095   1.603333   9.849761    1680.572 1
154.946288  -0.649490   0.090512  0.000025  27134.815     7.494811   1.603577   9.851258    -285.359 1
154.903817  -0.764580   0.093300  0.000034  27970.636    10.192944   1.607103   9.872919     480.360 1
151.962025   0.530340   0.093495  0.000028  28029.096     8.394189   1.607127   9.873066     533.916 1
152.031439   0.672142   0.097129  0.000025  29118.542     7.494811   1.607566   9.875765    1531.987 1
151.952560   0.512135   0.095359  0.000022  28587.909     6.595434   1.608704   9.882755    1045.860 1
151.880811  -0.520623   0.095461  0.000040  28618.488    11.991698   1.609495   9.887615    1073.874 1
151.854259   0.186360   0.095850  0.000037  28735.107    11.092321   1.609675   9.888722    1180.712 1
154.751300  -1.038095   0.094672  0.000023  28381.952     6.895227   1.610019   9.890835     857.177 1
151.886678  -0.558486   0.088155  0.000016  26428.204     4.796679   1.613966   9.915080    -932.705 1
154.951700  -0.665150   0.093352  0.000032  27986.226     9.593359   1.614006   9.915324     494.641 1
151.968285   0.563163   0.093073  0.000031  27902.583     9.293566   1.614762   9.919969     418.014 1
151.981356   0.591384   0.098291  0.000035  29466.900    10.492736   1.614915   9.920914    1851.129 1
154.062519   1.380835   0.099710  0.000013  29892.306     3.897302   1.615586   9.925036    2240.854 1
151.988052   0.607052   0.095820  0.000034  28726.113    10.192944   1.615762   9.926116    1172.473 1
151.833070  -0.307895   0.094634  0.000017  28370.559     5.096472   1.615943   9.927223     846.740 1
154.997582   0.321366   0.097115  0.000030  29114.345     8.993774   1.619038   9.946243    1528.142 1
154.973746  -0.620867   0.092342  0.000028  27683.435     8.394189   1.620176   9.953232     217.247 1
154.969036  -0.635373   0.093737  0.000020  28101.646     5.995849   1.620366   9.954398     600.381 1
154.963724  -0.650821   0.098245  0.000033  29453.110     9.893151   1.620447   9.954894    1838.495 1
155.004714   0.319988   0.096651  0.000013  28975.241     3.897302   1.625552   9.986255    1400.706 1
152.387917   1.133667   0.101000  0.000333  30279.038    99.830889   1.625777   9.987642    2595.150 1
151.870335  -0.545683   0.096239  0.000047  28851.726    14.090246   1.626180   9.990114    1287.551 1
151.984175   0.623379   0.099006  0.000031  29681.252     9.293566   1.626521   9.992211    2047.502 1
152.387854   1.137222   0.101316  0.000014  30373.773     4.197094   1.628536  10.004589    2681.939 1
154.995393   0.363240   0.096658  0.000028  28977.339     8.394189   1.628564  10.004759    1402.628 1
151.874632  -0.572484   0.094945  0.000020  28463.795     5.995849   1.629467  10.010311     932.156 1
151.886199   0.396784   0.099465  0.000029  29818.857     8.693981   1.630768  10.018304    2173.565 1
151.953970   0.574342   0.098467  0.000026  29519.664     7.794604   1.632435  10.028542    1899.467 1
154.786114  -1.029548   0.094921  0.000007  28456.600     2.098547   1.633736  10.036532     925.564 1
151.929860  -0.740369   0.093163  0.000006  27929.565     1.798755   1.633897  10.037520     442.733 1
151.920026   0.500017   0.097967  0.000028  29369.768     8.394189   1.634215  10.039475    1762.143 1
151.978220   0.630135   0.095702  0.000036  28690.738    10.792528   1.634883  10.043580    1140.064 1
151.959497   0.592911   0.094843  0.000014  28433.216     4.197094   1.635296  10.046119     904.142 1
151.935006   0.549349   0.097175  0.000027  29132.332     8.094396   1.639490  10.071881    1544.621 1
151.993613   0.682364   0.095094  0.000026  28508.464     7.794604   1.645623  10.109559     973.078 1
154.426045   1.210328   0.078046  0.000297  23397.602    89.038360   1.648768  10.128882   -3709.123 1
154.982742  -0.685371   0.093315  0.000027  27975.133     8.094396   1.650137  10.137291     484.479 1
151.964338   0.639053   0.094942  0.000036  28462.896    10.792528   1.651297  10.144419     931.332 1
154.989884  -0.674150   0.093323  0.000028  27977.532     8.394189   1.652958  10.154619     486.677 1
151.818609   0.233473   0.094981  0.000036  28474.587    10.792528   1.653833  10.159999     942.043 1
152.715172   1.380022   0.099508  0.000021  29831.748     6.295642   1.654266  10.162658    2185.375 1
152.521463   1.270466   0.101207  0.000007  30341.095     2.098547   1.655134  10.167991    2652.002 1
151.832747  -0.539751   0.093622  0.000007  28067.170     2.098547   1.660866  10.203199     568.796 1
151.835252   0.338830   0.096860  0.000024  29037.897     7.195019   1.662758  10.214826    1458.107 1
154.746808  -1.135732   0.094715  0.000032  28394.843     9.593359   1.664755  10.227092     868.987 1
153.742275  -1.745296   0.092701  0.000297  27791.061    89.038360   1.664971  10.228421     315.845 1
152.023804  -0.990111   0.096420  0.000297  28905.989    89.038360   1.665309  10.230499    1337.262 1
155.033356  -0.591035   0.095274  0.000008  28562.427     2.398340   1.667963  10.246798    1022.515 1
152.361831   1.175365   0.094748  0.000013  28404.736     3.897302   1.674481  10.286845     878.050 1
154.936774   0.636662   0.098212  0.000032  29443.217     9.593359   1.675024  10.290177    1829.431 1
152.964173  -1.716246   0.085447  0.000297  25616.366    89.038360   1.675636  10.293938   -1676.452 1
154.980655   0.545482   0.095334  0.000013  28580.414     3.897302   1.676808  10.301141    1038.994 1
154.990181   0.528123   0.095248  0.000023  28554.632     6.895227   1.678924  10.314137    1015.374 1
155.014848  -0.687318   0.093941  0.000027  28162.803     8.094396   1.680925  10.326429     656.409 1
154.675707  -1.245306   0.095017  0.000017  28485.380     5.096472   1.681446  10.329630     951.930 1
152.155985   0.990301   0.095507  0.000038  28632.278    11.392113   1.687536  10.367046    1086.508 1
153.762256  -1.766392   0.092414  0.000297  27705.020    89.038360   1.689450  10.378801     237.021 1
152.736085   1.432315   0.080666  0.000014  24183.058     4.197094   1.692714  10.398855   -2989.545 1
152.712978  -1.642806   0.078044  0.000032  23397.003     9.593359   1.696320  10.421004   -3709.673 1
155.033641  -0.685089   0.094636  0.000027  28371.159     8.094396   1.697823  10.430241     847.290 1
155.047287   0.433310   0.095812  0.000019  28723.715     5.696057   1.699330  10.439499    1170.276 1
151.886056   0.594210   0.097910  0.000330  29352.680    98.931511   1.702464  10.458748    1746.488 1
153.356418   1.594567   0.094384  0.000016  28295.611     4.796679   1.705067  10.474743     778.078 1
152.026691  -1.072400   0.095972  0.000023  28771.682     6.895227   1.707909  10.492201    1214.219 1
151.778796   0.311034   0.096714  0.000030  28994.128     8.993774   1.710167  10.506072    1418.008 1
151.863011  -0.781841   0.094848  0.000297  28434.715    89.038360   1.711626  10.515039     905.515 1
154.817821  -1.121461   0.095505  0.000026  28631.679     7.794604   1.712720  10.521758    1085.959 1
154.796273   0.934230   0.097902  0.000006  29350.281     1.798755   1.713477  10.526404    1744.290 1
152.717476   1.449943   0.094568  0.000023  28350.773     6.895227   1.716491  10.544921     828.613 1
151.739156  -0.369649   0.095947  0.000009  28764.187     2.698132   1.717475  10.550965    1207.353 1
152.234705  -1.335833   0.086819  0.000297  26027.681    89.038360   1.717794  10.552926   -1299.635 1
151.850086   0.550367   0.097634  0.000040  29269.937    11.991698   1.717999  10.554190    1670.685 1
152.257110   1.141313   0.100729  0.000015  30197.795     4.496887   1.718630  10.558061    2520.721 1
151.837954   0.535763   0.097062  0.000026  29098.456     7.794604   1.723697  10.589193    1513.586 1
151.956676   0.776933   0.094461  0.000013  28318.695     3.897302   1.724700  10.595354     799.226 1
154.553575   1.219632   0.078360  0.000016  23491.737     4.796679   1.735418  10.661199   -3622.884 1
152.667464   1.451064   0.094419  0.000015  28306.104     4.496887   1.739044  10.683473     787.691 1
151.813868   0.518561   0.080919  0.000021  24258.906     6.295642   1.739785  10.688027   -2920.059 1
155.058778   0.525662   0.096750  0.000021  29004.920     6.295642   1.741693  10.699745    1427.896 1
152.576499  -1.627189   0.090093  0.000297  27009.202    89.038360   1.745277  10.721763    -400.437 1
151.765104  -0.619865   0.088195  0.000010  26440.196     2.997925   1.748010  10.738552    -921.719 1
151.765964   0.415967   0.095291  0.000017  28567.523     5.096472   1.751132  10.757733    1027.184 1
155.086169  -0.697365   0.076087  0.000004  22810.309     1.199170   1.751410  10.759440   -4247.159 1
152.304218  -1.447114   0.097524  0.000297  29236.960    89.038360   1.753299  10.771048    1640.473 1
152.403698  -1.527650   0.095812  0.000297  28723.715    89.038360   1.755199  10.782716    1170.276 1
155.075718  -0.747142   0.100476  0.000009  30121.947     2.698132   1.759022  10.806205    2451.235 1
151.829795   0.609718   0.100065  0.000027  29998.732     8.094396   1.760132  10.813024    2338.354 1
151.839739   0.635577   0.098454  0.000027  29515.767     8.094396   1.761825  10.823421    1895.896 1
154.999570   0.705595   0.100133  0.000297  30019.118    89.038360   1.762256  10.826071    2357.030 1
152.197370   1.146925   0.100230  0.000034  30048.198    10.192944   1.764158  10.837753    2383.671 1
154.072277  -1.764249   0.093755  0.000297  28107.042    89.038360   1.773449  10.894835     605.325 1
152.751800   1.528658   0.081126  0.000016  24320.963     4.796679   1.774741  10.902770   -2863.207 1
151.759358   0.471790   0.096522  0.000029  28936.568     8.693981   1.774898  10.903735    1365.276 1
151.800149   0.588643   0.098645  0.000032  29573.027     9.593359   1.778872  10.928149    1948.354 1
151.892917   0.776639   0.095000  0.000333  28480.284    99.830889   1.779568  10.932423     947.261 1
154.843919   0.982845   0.093865  0.000019  28140.019     5.696057   1.780895  10.940579     635.536 1
151.658425  -0.217996   0.095857  0.000007  28737.206     2.098547   1.781613  10.944987    1182.635 1
154.113304   1.544091   0.106655  0.000018  31974.365     5.396264   1.785844  10.970980    4148.286 1
151.693889   0.290122   0.097116  0.000023  29114.644     6.895227   1.787819  10.983112    1528.417 1
151.888279   0.786410   0.094931  0.000018  28459.598     5.396264   1.788462  10.987065     928.311 1
153.254266  -1.891271   0.091272  0.000297  27362.657    89.038360   1.791970  11.008611     -76.627 1
152.203607  -1.411385   0.098879  0.000297  29643.178    89.038360   1.793791  11.019800    2012.622 1
155.072639  -0.850228   0.084946  0.000030  25466.170     8.993774   1.796204  11.034625   -1814.051 1
154.432540   1.389303   0.093820  0.000005  28126.528     1.498962   1.798743  11.050223     623.177 1
151.786595   0.616985   0.094938  0.000022  28461.696     6.595434   1.802570  11.073733     930.233 1
155.105569  -0.794790   0.100267  0.000005  30059.290     1.498962   1.804445  11.085254    2393.833 1
155.105806  -0.795099   0.100440  0.000160  30111.154    47.966793   1.804782  11.087322    2441.347 1
154.109397   1.569654   0.106134  0.000021  31818.173     6.295642   1.808070  11.107520    4005.194 1
155.177968   0.380717   0.096652  0.000006  28975.541     1.798755   1.808733  11.111592    1400.980 1
151.694389  -0.604633   0.087486  0.000009  26227.643     2.698132   1.811520  11.128717   -1116.445 1
152.705405  -1.767681   0.091325  0.000297  27378.546    89.038360   1.813085  11.138330     -62.070 1
155.099514  -0.832810   0.085179  0.000023  25536.022     6.895227   1.813690  11.142048   -1750.058 1
151.629956  -0.311104   0.100959  0.000019  30266.747     5.696057   1.818033  11.168726    2583.890 1
155.168999  -0.661688   0.091838  0.000022  27532.340     6.595434   1.818465  11.171378      78.824 1
151.687387   0.392871   0.095709  0.000031  28692.836     9.293566   1.819752  11.179288    1141.987 1
151.673890   0.345389   0.096524  0.000031  28937.167     9.293566   1.820311  11.182721    1365.825 1
155.098352  -0.861839   0.084449  0.000023  25317.173     6.895227   1.824417  11.207946   -1950.551 1
155.140815   0.549326   0.096063  0.000020  28798.963     5.995849   1.826731  11.222160    1239.212 1
154.897777  -1.211970   0.093331  0.000018  27979.930     5.396264   1.830901  11.247781     488.874 1
153.376927  -1.940426   0.077477  0.000297  23227.020    89.038360   1.832790  11.259385   -3865.398 1
151.847346   0.806322   0.096362  0.000008  28888.601     2.398340   1.833869  11.266009    1321.332 1
152.464984  -1.668116   0.079339  0.000297  23785.234    89.038360   1.837457  11.288055   -3354.003 1
153.783940   1.703344   0.099821  0.000007  29925.583     2.098547   1.844930  11.333962    2271.340 1
155.222212   0.357967   0.095247  0.000024  28554.332     7.195019   1.845483  11.337359    1015.100 1
155.191863  -0.683796   0.092275  0.000025  27663.349     7.494811   1.847023  11.346823     198.845 1
155.195872  -0.677949   0.078925  0.000008  23661.120     2.398340   1.849025  11.359118   -3467.707 1
151.635301   0.336523   0.089243  0.000011  26754.378     3.297717   1.855559  11.399258    -633.888 1
151.662061   0.480597   0.096349  0.000017  28884.704     5.096472   1.869873  11.487197    1317.762 1
151.798076   0.804217   0.096039  0.000032  28791.768     9.593359   1.875704  11.523018    1232.621 1
151.611278  -0.550362   0.084470  0.000023  25323.469     6.895227   1.878091  11.537680   -1944.784 1
155.179749   0.597214   0.095613  0.000035  28664.056    10.492736   1.880549  11.552784    1115.621 1
152.606527   1.578844   0.094149  0.000007  28225.160     2.098547   1.880599  11.553088     713.536 1
151.795417   0.811000   0.096000  0.000333  28780.076    99.830889   1.881334  11.557603    1221.910 1
153.173850  -1.971928   0.080009  0.000297  23986.095    89.038360   1.881763  11.560241   -3169.989 1
155.225583   0.512912   0.097074  0.000026  29102.053     7.794604   1.893793  11.634143    1516.882 1
154.610609   1.379004   0.079206  0.000297  23745.361    89.038360   1.895020  11.641679   -3390.531 1
151.760991  -0.997349   0.092654  0.000019  27776.970     5.696057   1.896782  11.652503     302.937 1
155.176246   0.655430   0.095998  0.000013  28779.476     3.897302   1.899957  11.672009    1221.360 1
154.612065   1.385053   0.078548  0.000006  23548.098     1.798755   1.900672  11.676403   -3571.250 1
151.637083   0.534500   0.097000  0.000333  29079.868    99.830889   1.911054  11.740184    1496.558 1
151.638469   0.538854   0.097041  0.000035  29092.160    10.492736   1.911220  11.741200    1507.818 1
151.694382  -0.902264   0.095835  0.000297  28730.610    89.038360   1.914544  11.761621    1176.593 1
155.333826   0.149479   0.095950  0.000120  28765.086    35.975095   1.914617  11.762074    1208.177 1
154.979534   1.026979   0.094351  0.000010  28285.718     2.997925   1.915712  11.768798     769.015 1
152.556314  -1.814053   0.079547  0.000297  23847.591    89.038360   1.919265  11.790624   -3296.876 1
151.677059  -0.892555   0.095537  0.000007  28641.272     2.098547   1.926350  11.834151    1094.748 1
152.332207  -1.706493   0.081814  0.000297  24527.220    89.038360   1.942443  11.933017   -2674.249 1
155.338130   0.326457   0.094630  0.000018  28369.360     5.396264   1.950585  11.983034     845.642 1
155.185310  -0.979797   0.084116  0.000007  25217.342     2.098547   1.953628  12.001728   -2042.009 1
154.665874   1.411222   0.094264  0.000297  28259.636    89.038360   1.954687  12.008234     745.120 1
155.198382  -0.961850   0.076660  0.000010  22982.090     2.997925   1.957448  12.025193   -4089.786 1
155.201250  -0.961278   0.077000  0.000333  23084.019    99.830889   1.959780  12.039523   -3996.405 1
152.597131   1.667725   0.100604  0.000006  30160.320     1.798755   1.964741  12.069996    2486.390 1
155.259358  -0.851632   0.104100  0.000333  31208.395    99.830889   1.968305  12.091893    3446.560 1
155.200575  -0.985718   0.083792  0.000017  25120.210     5.096472   1.969932  12.101889   -2130.995 1
155.286460   0.574995   0.096117  0.000025  28815.152     7.494811   1.972052  12.114912    1254.043 1
155.244116  -0.899441   0.101157  0.000033  30326.106     9.893151   1.972873  12.119954    2638.270 1
151.934047  -1.395210   0.079024  0.000297  23690.799    89.038360   1.978190  12.152622   -3440.517 1
152.077955   1.331329   0.100572  0.000009  30150.727     2.698132   1.979786  12.162422    2477.601 1
155.233169  -0.946567   0.093660  0.000020  28078.562     5.995849   1.982305  12.177899     579.233 1
152.135033   1.387056   0.095091  0.000004  28507.565     1.199170   1.982750  12.180630     972.254 1
151.653538   0.759697   0.097473  0.000010  29221.670     2.997925   1.983316  12.184108    1626.466 1
155.212199  -0.996895   0.083862  0.000011  25141.195     3.297717   1.985323  12.196438   -2111.770 1
155.422284  -0.007628   0.078647  0.000009  23577.777     2.698132   1.988167  12.213908   -3544.060 1
155.411716   0.134035   0.078520  0.000019  23539.704     5.696057   1.989882  12.224446   -3578.940 1
155.405771  -0.395946   0.075236  0.000008  22555.185     2.398340   1.989942  12.224812   -4480.884 1
155.330259  -0.732248   0.091314  0.000023  27375.249     6.895227   1.993628  12.247460     -65.092 1
151.468216  -0.458900   0.095960  0.000019  28768.084     5.696057   1.999385  12.282825    1210.924 1
151.557567  -0.792022   0.085556  0.000008  25649.044     2.398340   1.999526  12.283694   -1646.516 1
155.433728  -0.262251   0.092820  0.000120  27826.736    35.975095   2.002946  12.304702     348.528 1
152.672162   1.747311   0.080617  0.000297  24168.369    89.038360   2.007219  12.330954   -3003.003 1
151.432344   0.059255   0.094230  0.000036  28249.443    10.792528   2.011350  12.356328     735.782 1
151.537429   0.582333   0.095915  0.000010  28754.594     2.997925   2.021025  12.415770    1198.565 1
155.457811  -0.169347   0.092498  0.000024  27730.203     7.195019   2.022040  12.422001     260.092 1
155.303865   0.669206   0.098152  0.000023  29425.229     6.895227   2.022712  12.426133    1812.952 1
151.468138  -0.599882   0.095595  0.000009  28658.660     2.698132   2.028914  12.464232    1110.677 1
151.858100   1.176054   0.082165  0.000011  24632.447     3.297717   2.035256  12.503193   -2577.847 1
151.843871  -1.378124   0.095498  0.000297  28629.580    89.038360   2.036835  12.512894    1084.036 1
152.643592   1.778634   0.093232  0.000011  27950.250     3.297717   2.047114  12.576041     461.684 1
155.484018  -0.071488   0.078703  0.000025  23594.566     7.494811   2.047671  12.579461   -3528.679 1
155.048993   1.155291   0.078313  0.000007  23477.647     2.098547   2.048656  12.585510   -3635.792 1
151.393890   0.089770   0.094082  0.000027  28205.074     8.094396   2.052396  12.608491     695.134 1
152.286784   1.593086   0.080517  0.000018  24138.389     5.396264   2.053783  12.617011   -3030.468 1
152.277325   1.590755   0.081093  0.000016  24311.070     4.796679   2.057168  12.637805   -2872.270 1
152.804791   1.855439   0.094593  0.000015  28358.268     4.496887   2.063194  12.674826     835.480 1
152.096045   1.461881   0.101551  0.000008  30444.224     2.398340   2.064882  12.685194    2746.481 1
155.330004   0.722316   0.096244  0.000008  28853.225     2.398340   2.067632  12.702087    1288.924 1
155.430625   0.447739   0.096482  0.000023  28924.576     6.895227   2.070103  12.717269    1354.290 1
155.435321  -0.672146   0.095941  0.000020  28762.388     5.995849   2.076566  12.756970    1205.705 1
155.301056  -1.024343   0.093892  0.000021  28148.113     6.295642   2.077126  12.760413     642.951 1
155.268920  -1.088442   0.096060  0.000016  28798.064     4.796679   2.077778  12.764419    1238.388 1
152.606826   1.796850   0.100336  0.000015  30079.976     4.496887   2.078325  12.767776    2412.784 1
152.566968   1.779449   0.100757  0.000006  30206.189     1.798755   2.078741  12.770333    2528.411 1
155.236791   0.952127   0.100284  0.000019  30064.387     5.696057   2.089390  12.835755    2398.502 1
155.377618   0.687871   0.096095  0.000008  28808.556     2.398340   2.098001  12.888655    1248.001 1
152.349481   1.688430   0.103267  0.000005  30958.668     1.498962   2.100321  12.902909    3217.778 1
152.470681   1.758115   0.095002  0.000017  28480.883     5.096472   2.101859  12.912358     947.811 1
155.347639  -0.988055   0.080105  0.000009  24014.875     2.698132   2.103610  12.923112   -3143.623 1
155.534000  -0.303946   0.078563  0.000022  23552.595     6.595434   2.106393  12.940209   -3567.130 1
155.249820  -1.194003   0.089656  0.000006  26878.193     1.798755   2.113183  12.981923    -520.458 1
155.480667   0.442837   0.098070  0.000120  29400.646    35.975095   2.117064  13.005766    1790.431 1
154.934755   1.392164   0.079567  0.000015  23853.587     4.496887   2.120505  13.026906   -3291.383 1
151.372209  -0.598213   0.095777  0.000008  28713.222     2.398340   2.121730  13.034426    1160.663 1
153.417827   2.013487   0.105450  0.000030  31613.115     8.993774   2.122181  13.037198    3817.335 1
152.203658   1.623443   0.080633  0.000019  24173.165     5.696057   2.126110  13.061339   -2998.608 1
151.340430  -0.471746   0.095697  0.000016  28689.239     4.796679   2.127467  13.069673    1138.691 1
151.478031   0.724003   0.097193  0.000297  29137.728    89.038360   2.128271  13.074611    1549.565 1
155.345030   0.841602   0.078432  0.000017  23513.322     5.096472   2.131828  13.096462   -3603.109 1
151.960756   1.430798   0.101579  0.000015  30452.618     4.496887   2.132632  13.101405    2754.172 1
152.309733  -1.923142   0.088766  0.000297  26611.377    89.038360   2.136008  13.122144    -764.895 1
151.537009  -1.088079   0.094159  0.000297  28228.158    89.038360   2.137311  13.130145     716.282 1
151.382319   0.481454   0.097168  0.000029  29130.234     8.693981   2.137419  13.130810    1542.699 1
155.346046  -1.081151   0.084115  0.000011  25217.043     3.297717   2.142779  13.163738   -2042.284 1
151.340437  -0.555070   0.096152  0.000297  28825.644    89.038360   2.143256  13.166668    1263.656 1
155.137566   1.198637   0.077741  0.000009  23306.165     2.698132   2.145203  13.178633   -3792.891 1
151.786495  -1.481152   0.094975  0.000297  28472.789    89.038360   2.146386  13.185897     940.395 1
155.373779  -1.042161   0.101627  0.000013  30467.008     3.897302   2.150315  13.210038    2767.355 1
155.522129   0.423852   0.096625  0.000028  28967.446     8.394189   2.152347  13.222518    1393.565 1
153.922169   1.989760   0.100905  0.000020  30250.558     5.995849   2.153800  13.231446    2569.059 1
155.516040   0.470005   0.094941  0.000023  28462.596     6.895227   2.158360  13.259458     931.057 1
155.520761   0.459201   0.100100  0.000333  30009.225    99.830889   2.160043  13.269799    2347.967 1
152.229124  -1.899905   0.089749  0.000150  26906.073    44.968869   2.160306  13.271416    -494.916 1
151.949502   1.461027   0.100956  0.000297  30265.847    89.038360   2.162279  13.283534    2583.066 1
151.526687  -1.126660   0.091146  0.000297  27324.883    89.038360   2.164367  13.296363    -111.232 1
152.336252  -1.973082   0.083618  0.000297  25068.046    89.038360   2.164993  13.300204   -2178.784 1
151.813187  -1.543089   0.096206  0.000297  28841.833    89.038360   2.166437  13.309078    1278.487 1
154.953980   1.438947   0.098543  0.000022  29542.448     6.595434   2.167285  13.314286    1920.340 1
153.962223   1.998743   0.100692  0.000009  30186.702     2.698132   2.171896  13.342612    2510.559 1
151.310636   0.338016   0.094354  0.000006  28286.618     1.798755   2.172446  13.345992     769.839 1
154.702461  -1.879034   0.092401  0.000150  27701.123    44.968869   2.176372  13.370114     233.451 1
151.677392  -1.396047   0.084772  0.000297  25414.006    89.038360   2.180041  13.392649   -1861.840 1
151.555292  -1.220955   0.095034  0.000297  28490.476    89.038360   2.185617  13.426903     956.599 1
152.526886   1.882592   0.095861  0.000018  28738.405     5.396264   2.189202  13.448933    1183.734 1
152.520929   1.884392   0.094436  0.000014  28311.201     4.197094   2.193320  13.474229     792.360 1
151.321276  -0.702709   0.084618  0.000012  25367.838     3.597509   2.197242  13.498321   -1904.136 1
155.577597   0.387039   0.094061  0.000029  28198.778     8.693981   2.197539  13.500145     689.367 1
155.349134  -1.198380   0.094568  0.000039  28350.773    11.691906   2.201151  13.522336     828.613 1
151.730803  -1.503839   0.088782  0.000297  26616.174    89.038360   2.203785  13.538519    -760.501 1
151.374698   0.671245   0.097446  0.000029  29213.576     8.693981   2.204525  13.543060    1619.051 1
155.595965   0.338811   0.109695  0.000025  32885.734     7.494811   2.205149  13.546895    4983.216 1
155.515669   0.632890   0.098406  0.000021  29501.377     6.295642   2.207261  13.559873    1882.713 1
151.593717   1.107077   0.082898  0.000009  24852.195     2.698132   2.207803  13.563203   -2376.530 1
154.610019   1.763305   0.106700  0.000120  31987.855    35.975095   2.209250  13.572090    4160.645 1
155.337142   1.020268   0.100436  0.000008  30109.955     2.398340   2.210454  13.579489    2440.249 1
155.501959   0.695832   0.095650  0.000070  28675.149    20.985472   2.216414  13.616098    1125.783 1
155.280867   1.122344   0.101250  0.000017  30353.986     5.096472   2.217264  13.621325    2663.812 1
151.530651  -1.242467   0.095045  0.000297  28493.774    89.038360   2.217784  13.624517     959.621 1
152.625073  -2.174479   0.079677  0.000297  23886.564    89.038360   2.219576  13.635527   -3261.172 1
151.449204   0.879718   0.095968  0.000019  28770.483     5.696057   2.219648  13.635971    1213.121 1
152.476718   1.894567   0.094207  0.000007  28242.548     2.098547   2.221315  13.646212     729.465 1
152.393975  -2.070123   0.080575  0.000297  24155.777    89.038360   2.221433  13.646932   -3014.538 1
152.973973   2.068518   0.078518  0.000016  23539.104     4.796679   2.225755  13.673483   -3579.489 1
152.520832   1.921951   0.100693  0.000019  30187.002     5.696057   2.227544  13.684476    2510.833 1
155.576099   0.514068   0.097251  0.000023  29155.116     6.895227   2.228189  13.688437    1565.494 1
152.862799  -2.263692   0.080565  0.000297  24152.779    89.038360   2.230183  13.700689   -3017.285 1
151.317137  -0.807402   0.086578  0.000297  25955.431    89.038360   2.231761  13.710382   -1365.825 1
152.237418   1.776801   0.103178  0.000012  30931.986     3.597509   2.234502  13.727221    3193.334 1
152.932009   2.072027   0.079599  0.000013  23863.180     3.897302   2.238274  13.750393   -3282.595 1
151.546602  -1.308795   0.086491  0.000297  25929.349    89.038360   2.238934  13.754449   -1389.720 1
151.413331   0.853348   0.096052  0.000035  28795.665    10.492736   2.240377  13.763314    1236.191 1
155.646854   0.265313   0.099640  0.000120  29871.321    35.975095   2.241578  13.770689    2221.629 1
152.817097  -2.267315   0.077357  0.000297  23191.045    89.038360   2.245860  13.796999   -3898.356 1
153.274138  -2.353380   0.089525  0.000297  26838.920    89.038360   2.250647  13.826405    -556.437 1
155.029193   1.485127   0.079402  0.000007  23804.121     2.098547   2.253017  13.840965   -3336.700 1
151.522105  -1.298282   0.095523  0.000297  28637.075    89.038360   2.254086  13.847532    1090.902 1
155.666603  -0.444804   0.098331  0.000018  29478.892     5.396264   2.255120  13.853882    1862.114 1
152.018037  -1.862191   0.088758  0.000297  26608.979    89.038360   2.255568  13.856636    -767.092 1
152.380129   1.887612   0.102681  0.000297  30782.989    89.038360   2.258583  13.875160    3056.834 1
152.874915   2.079784   0.094270  0.000018  28261.435     5.396264   2.259347  13.879849     746.768 1
154.757982   1.725463   0.076080  0.000120  22808.210    35.975095   2.260455  13.886658   -4249.081 1
152.167262  -1.980863   0.090243  0.000297  27054.171    89.038360   2.262023  13.896290    -359.240 1
151.470824  -1.235039   0.086451  0.000297  25917.358    89.038360   2.265705  13.918909   -1400.706 1
152.062718   1.694338   0.093998  0.000006  28179.891     1.798755   2.266801  13.925643     672.064 1
155.695697  -0.304284   0.093258  0.000025  27958.045     7.494811   2.267472  13.929764     468.824 1
151.182285  -0.352666   0.093873  0.000297  28142.417    89.038360   2.267563  13.930325     637.733 1
153.156134   2.144513   0.093830  0.000120  28129.526    35.975095   2.270522  13.948501     625.923 1
155.375556   1.073614   0.109676  0.000028  32880.038     8.394189   2.270877  13.950681    4977.998 1
151.451402  -1.220064   0.085922  0.000017  25758.768     5.096472   2.275224  13.977389   -1545.994 1
151.458957  -1.244850   0.084998  0.000297  25481.759    89.038360   2.280880  14.012138   -1799.769 1
152.068799  -1.935184   0.081855  0.000297  24539.512    89.038360   2.281987  14.018935   -2662.988 1
151.233837  -0.709507   0.084637  0.000019  25373.534     5.696057   2.283326  14.027161   -1898.917 1
152.151031   1.780352   0.080333  0.000297  24083.228    89.038360   2.284965  14.037230   -3081.003 1
151.221262  -0.677080   0.095895  0.000023  28748.598     6.895227   2.287185  14.050872    1193.072 1
