 50.576292 -41.327914   0.067046  0.000137  20099.885    41.071567   0.011617   0.052291     756.833 0
 50.579739 -41.347383   0.063447  0.000163  19020.932    48.866171   0.013050   0.058743    -256.878 0
 50.584708 -41.362639   0.064218  0.000137  19252.072    41.071567   0.027872   0.125465     -39.715 0
 50.544333 -41.301528   0.067873  0.000153  20347.814    45.868246   0.040345   0.181612     989.770 0
 50.512542 -41.299833   0.058951  0.000110  17673.065    32.977170   0.056326   0.253549   -1523.243 0
 50.555375 -41.273250   0.062680  0.000103  18790.991    30.878623   0.065184   0.293421    -472.915 0
 50.619708 -41.395750   0.060682  0.000173  18192.006    51.864095   0.069792   0.314164   -1035.681 0
 50.573042 -41.413750   0.070255  0.000103  21061.919    30.878623   0.076106   0.342587    1660.696 1
 50.604367 -41.442838   0.063400  0.000333  19006.842    99.830889   0.108584   0.488785    -270.117 0
 50.551042 -41.227361   0.062937  0.000150  18868.038    44.968869   0.111111   0.500160    -400.527 0
 50.702958 -41.278056   0.065612  0.000097  19669.983    29.079868   0.117578   0.529273     352.926 0
 50.649708 -41.439833   0.064551  0.000133  19351.903    39.872397   0.119098   0.536111      54.080 0
 50.405197 -41.337869   0.062560  0.000257  18755.016    77.046662   0.122262   0.550357    -506.715 0
 50.417708 -41.290167   0.061516  0.000127  18442.033    38.073642   0.122483   0.551353    -800.773 0
 50.405542 -41.355194   0.063260  0.000137  18964.871    41.071567   0.123246   0.554784    -309.550 0
 50.670208 -41.171889   0.065602  0.000177  19666.985    53.063265   0.182732   0.822558     350.109 0
 50.335958 -41.230333   0.064591  0.000150  19363.895    44.968869   0.204691   0.921404      65.346 0
 50.841542 -41.320556   0.064678  0.000170  19389.977    50.964718   0.206076   0.927640      89.851 0
 50.866684 -41.375933   0.067376  0.000097  20198.817    29.079868   0.227466   1.023925     849.783 0
 50.702750 -41.131417   0.064855  0.000223  19443.040    66.853718   0.229781   1.034346     139.706 0
 50.815483 -41.202377   0.063317  0.000213  18981.959    63.855794   0.229872   1.034758    -293.495 0
 50.865042 -41.271250   0.062987  0.000087  18883.028    26.081944   0.232703   1.047502    -386.444 0
 50.323667 -41.176694   0.060192  0.000113  18045.108    33.876548   0.244128   1.098932   -1173.697 0
 50.592833 -41.599028   0.064835  0.000120  19437.044    35.975095   0.261954   1.179171     134.072 0
 50.198792 -41.439500   0.065282  0.000117  19571.051    35.075718   0.295324   1.329384     259.977 0
 50.237000 -41.126389   0.062960  0.000087  18874.933    26.081944   0.326259   1.468636    -394.049 0
 50.596792 -41.009528   0.062013  0.000213  18591.030    63.855794   0.328919   1.480610    -660.786 0
 51.011417 -41.376722   0.066016  0.000163  19791.099    48.866171   0.335181   1.508798     466.719 0
 50.890429 -41.583664   0.067597  0.000504  20265.071    99.990000   0.345073   1.553327     912.031 0
 50.868917 -41.057806   0.062503  0.000127  18737.928    38.073642   0.359719   1.619257    -522.770 0
 50.344667 -41.698361   0.062280  0.000120  18671.074    35.975095   0.397714   1.790288    -585.581 0
 50.975625 -41.069944   0.058434  0.000123  17518.072    36.874472   0.406655   1.830539   -1668.864 1
 50.491625 -41.748972   0.065448  0.000103  19620.817    30.878623   0.415217   1.869079     306.733 0
 50.277250 -41.722306   0.061336  0.000117  18388.070    35.075718   0.442222   1.990641    -851.473 0
 50.551583 -41.798750   0.064331  0.000093  19285.949    27.880699   0.461178   2.075971      -7.887 0
 50.260208 -41.764778   0.062813  0.000090  18830.864    26.981321   0.485574   2.185787    -435.454 0
 50.604815 -40.847555   0.061733  0.000333  18507.088    99.830889   0.490959   2.210028    -739.652 0
 50.963750 -41.773917   0.058550  0.000170  17552.848    50.964718   0.527760   2.375685   -1636.191 1
 50.774583 -41.846472   0.063541  0.000127  19049.113    38.073642   0.531848   2.394086    -230.402 0
 51.060333 -41.730278   0.058560  0.000113  17555.846    33.876548   0.539182   2.427100   -1633.374 1
 50.305292 -41.868028   0.063013  0.000087  18890.822    26.081944   0.565796   2.546903    -379.121 0
 50.460333 -40.773500   0.061659  0.000150  18484.903    44.968869   0.570002   2.565835    -760.495 0
 50.092281 -40.892114   0.056672  0.000103  16989.838    30.878623   0.571120   2.570866   -2165.157 1
 49.826167 -41.594861   0.064454  0.000123  19322.823    36.874472   0.613497   2.761623      26.758 0
 49.804958 -41.587583   0.065759  0.000170  19714.052    50.964718   0.625046   2.813611     394.331 0
 50.150888 -41.942955   0.065819  0.000407  19732.040    99.990000   0.681459   3.067551     411.231 0
 50.061167 -41.917278   0.055502  0.000150  16639.081    44.968869   0.693326   3.120972   -2494.705 1
 51.083833 -40.747444   0.065959  0.000237  19774.011    71.050813   0.705996   3.178003     450.664 0
 50.983625 -41.980472   0.059091  0.000150  17715.036    44.968869   0.714476   3.216178   -1483.810 1
 50.365971 -42.038314   0.063430  0.000103  19015.836    30.878623   0.716816   3.226710    -261.667 0
 51.069826 -41.961428   0.064531  0.000350  19345.907    99.990000   0.728656   3.280006      48.446 0
 49.763627 -41.765709   0.065075  0.000384  19508.994    99.990000   0.740231   3.332111     201.672 0
 51.243750 -41.892556   0.057840  0.000270  17339.996    80.943964   0.751815   3.384257   -1836.173 1
 51.282650 -41.907843   0.061109  0.000297  18320.017    89.038360   0.782887   3.524126    -915.411 1
 50.020417 -42.181444   0.063787  0.000150  19122.862    44.968869   0.938562   4.224889    -161.112 1
 51.730625 -41.686861   0.050325  0.000150  15087.055    44.968869   0.940136   4.231974   -3952.884 1
 51.540875 -41.944750   0.065012  0.000150  19490.107    44.968869   0.949739   4.275202     183.927 1
 51.527375 -40.646444   0.058510  0.000150  17540.857    44.968869   0.998359   4.494062   -1647.457 1
 50.550208 -40.331861   0.057937  0.000150  17369.076    44.968869   1.005965   4.528299   -1808.851 1
 50.633875 -40.192111   0.062226  0.000150  18654.885    44.968869   1.146692   5.161775    -600.791 1
 52.068083 -41.068806   0.059928  0.000150  17965.962    44.968869   1.157944   5.212424   -1248.057 1
 49.212333 -40.712833   0.064905  0.000150  19458.029    44.968869   1.194414   5.376591     153.789 1
 49.239171 -42.001444   0.062900  0.000333  18856.946    99.830889   1.198336   5.394247    -410.949 1
 49.326125 -42.167583   0.078287  0.000103  23469.852    30.878623   1.248250   5.618932    3923.027 1
 51.814042 -42.187778   0.064144  0.000150  19229.887    44.968869   1.264043   5.690024     -60.558 1
 51.239875 -40.178583   0.052860  0.000150  15847.029    44.968869   1.264158   5.690543   -3238.863 1
 49.203608 -42.088593   0.062000  0.000333  18587.132    99.830889   1.270151   5.717518    -664.447 1
 48.960375 -41.853444   0.058571  0.000150  17559.144    44.968869   1.312626   5.908719   -1630.276 1
 48.752224 -41.176403   0.079000  0.000333  23683.604    99.830889   1.372875   6.179926    4123.854 1
 50.248875 -42.695361   0.056342  0.000150  16890.907    44.968869   1.378611   6.205744   -2258.107 1
 51.502375 -42.528722   0.064274  0.000150  19268.860    44.968869   1.382241   6.222088     -23.942 1
 48.972417 -40.633583   0.060048  0.000150  18001.938    44.968869   1.389648   6.255428   -1214.257 1
 50.663083 -39.949028   0.053017  0.000150  15894.097    44.968869   1.390542   6.259451   -3194.642 1
 48.714917 -41.149417   0.078881  0.000150  23647.929    44.968869   1.404060   6.320304    4090.336 1
 49.420667 -42.486833   0.066392  0.000157  19903.821    47.067416   1.436162   6.464810     572.625 1
 49.842667 -42.690944   0.063290  0.000150  18973.865    44.968869   1.458693   6.566233    -301.100 1
 50.900333 -42.793278   0.075876  0.000150  22747.053    44.968869   1.476770   6.647604    3243.933 1
 50.544583 -42.884417   0.061913  0.000103  18561.050    30.878623   1.546780   6.962751    -688.952 1
 49.129625 -42.474444   0.076623  0.000083  22970.998    24.882774   1.567961   7.058093    3454.337 1
 48.883375 -40.363778   0.078147  0.000150  23427.881    44.968869   1.596416   7.186184    3883.594 1
 50.187625 -42.926056   0.062467  0.000150  18727.135    44.968869   1.613796   7.264418    -532.910 1
 50.241500 -42.948694   0.063771  0.000150  19118.065    44.968869   1.629506   7.335138    -165.619 1
 48.799015 -42.321837   0.067000  0.003000  20086.095    99.990000   1.653073   7.441220     743.877 1
 51.352542 -39.783611   0.054131  0.000150  16228.066    44.968869   1.662007   7.481437   -2880.868 1
 49.474125 -42.821444   0.078601  0.000180  23563.987    53.962642   1.695872   7.633881    4011.470 1
 49.021417 -42.576167   0.076196  0.000157  22842.986    47.067416   1.697704   7.642125    3334.066 1
 49.442333 -42.813639   0.079188  0.000150  23739.965    44.968869   1.700783   7.655988    4176.807 1
 48.338459 -41.649905   0.056600  0.000333  16968.253    99.830889   1.702887   7.665456   -2185.437 1
 49.750458 -42.933222   0.079985  0.000150  23978.900    44.968869   1.709502   7.695232    4401.294 1
 52.704375 -40.716056   0.052840  0.000150  15841.033    44.968869   1.720289   7.743790   -3244.497 1
 52.749125 -41.910528   0.049414  0.000150  14813.945    44.968869   1.734910   7.809609   -4209.480 1
 48.958650 -42.603367   0.077574  0.000333  23256.100    99.830889   1.749852   7.876868    3722.200 1
 52.264208 -42.538500   0.063714  0.000150  19100.977    44.968869   1.750351   7.879116    -181.674 1
 48.605000 -40.387806   0.064915  0.000150  19461.027    44.968869   1.753499   7.893283     156.606 1
 52.586333 -42.220583   0.075039  0.000103  22496.126    30.878623   1.753810   7.894686    3008.180 1
 48.268667 -41.695472   0.057160  0.000150  17136.137    44.968869   1.763105   7.936526   -2027.705 1
 50.024333 -39.621750   0.062877  0.000334  18850.050    99.990000   1.763876   7.939998    -417.427 1
 52.384750 -40.209750   0.049311  0.000150  14783.066    44.968869   1.770020   7.967654   -4238.492 1
 48.986875 -42.653333   0.062039  0.000113  18598.824    33.876548   1.772058   7.976826    -653.462 1
 48.964167 -42.639222   0.064301  0.000140  19276.955    41.970944   1.773142   7.981706     -16.337 1
 48.985663 -42.675689   0.063567  0.000264  19056.907    79.145209   1.789322   8.054539    -223.079 1
 48.590250 -42.336139   0.056386  0.000087  16904.098    26.081944   1.789403   8.054906   -2245.713 1
 52.948875 -41.564528   0.062326  0.000150  18684.865    44.968869   1.801935   8.111316    -572.625 1
 49.026042 -42.753056   0.066553  0.000150  19952.087    44.968869   1.828541   8.231084     617.973 1
 49.036375 -42.764694   0.065052  0.000077  19502.099    23.084019   1.832686   8.249740     195.194 1
 53.020208 -41.263472   0.050075  0.000150  15012.107    44.968869   1.842662   8.294647   -4023.300 1
 53.017500 -41.164750   0.064898  0.000150  19455.931    44.968869   1.847249   8.315296     151.817 1
 49.060250 -42.827583   0.064274  0.000160  19268.860    47.966793   1.871166   8.422958     -23.942 1
 49.190125 -42.909056   0.076723  0.000127  23000.977    38.073642   1.881326   8.468690    3482.504 1
 49.461917 -39.647667   0.065275  0.000150  19568.953    44.968869   1.883102   8.476687     258.005 1
 49.119375 -42.880722   0.076416  0.000103  22908.940    30.878623   1.887825   8.497946    3396.032 1
 48.892875 -42.770740   0.063701  0.000193  19097.079    57.859944   1.906686   8.582848    -185.335 1
 48.866167 -42.777389   0.065188  0.000117  19542.871    35.075718   1.924941   8.665022     233.500 1
 51.175000 -39.464417   0.061459  0.000150  18424.945    44.968869   1.927957   8.678596    -816.828 1
 49.015542 -42.874750   0.067633  0.000103  20275.863    30.878623   1.929031   8.683435     922.171 1
 49.610875 -43.135583   0.062450  0.000150  18722.039    44.968869   1.936163   8.715535    -537.698 1
 48.783833 -42.738389   0.056913  0.000183  17062.088    54.862020   1.938152   8.724491   -2097.276 1
 50.181042 -43.257000   0.063150  0.000150  18931.894    44.968869   1.941133   8.737910    -340.533 1
 49.024296 -42.914167   0.065075  0.000127  19508.994    38.073642   1.956682   8.807903     201.672 1
 48.815625 -42.787417   0.065709  0.000190  19699.063    56.960567   1.957752   8.812721     380.247 1
 48.981792 -42.894583   0.068014  0.000137  20390.084    41.071567   1.960164   8.823575    1029.485 1
 52.483833 -39.990917   0.054491  0.000150  16335.991    44.968869   1.970541   8.870286   -2779.468 1
 52.289750 -42.837333   0.074985  0.000150  22479.937    44.968869   1.979874   8.912301    2992.970 1
 49.758958 -43.232722   0.065549  0.000150  19651.096    44.968869   1.989974   8.957765     335.181 1
 51.324144 -39.425001   0.062900  0.000333  18856.946    99.830889   1.995208   8.981324    -410.949 1
 53.217167 -41.573472   0.049731  0.000150  14908.979    44.968869   2.002968   9.016256   -4120.193 1
 49.172167 -39.629806   0.064388  0.000150  19303.037    44.968869   2.003859   9.020268       8.168 1
 48.529708 -42.645583   0.065935  0.000123  19766.816    36.874472   2.013129   9.061997     443.904 1
 49.383239 -43.159793   0.078858  0.000314  23641.034    94.134832   2.027619   9.127220    4083.858 1
 48.942115 -42.970256   0.076706  0.000097  22995.880    29.079868   2.038489   9.176154    3477.715 1
 53.176333 -40.757167   0.064631  0.000150  19375.886    44.968869   2.042632   9.194801      76.613 1
 48.524333 -42.691083   0.064121  0.000123  19222.992    36.874472   2.046007   9.209992     -67.036 1
 48.389708 -42.602222   0.067397  0.000143  20205.112    42.870321   2.067353   9.306080     855.698 1
 49.506750 -43.246444   0.080162  0.000210  24031.963    62.956416   2.068362   9.310623    4451.149 1
 51.740792 -43.215083   0.063484  0.000103  19032.024    30.878623   2.073592   9.334165    -246.457 1
 48.087824 -42.346784   0.063400  0.000333  19006.842    99.830889   2.118021   9.534164    -270.117 1
 48.491167 -39.901139   0.080312  0.000150  24076.932    44.968869   2.120249   9.544189    4493.398 1
 52.192125 -43.082111   0.056776  0.000150  17021.017    44.968869   2.128336   9.580595   -2135.864 1
 53.215500 -40.571556   0.078588  0.000150  23560.090    44.968869   2.130344   9.589632    4007.808 1
 50.823625 -43.461389   0.063274  0.000103  18969.068    30.878623   2.132305   9.598461    -305.606 1
 53.210750 -42.135889   0.063354  0.000150  18993.051    44.968869   2.138741   9.627431    -283.073 1
 50.985375 -39.193278   0.048717  0.000150  14604.989    44.968869   2.167232   9.755682   -4405.801 1
 51.793958 -43.307361   0.063454  0.000150  19023.031    44.968869   2.174090   9.786552    -254.907 1
 48.472167 -42.894528   0.055695  0.000103  16696.941    30.878623   2.213579   9.964312   -2440.344 1
 51.039542 -43.544111   0.055245  0.000150  16562.034    44.968869   2.234596  10.058917   -2567.093 1
 48.315834 -42.810169   0.064318  0.000237  19282.051    71.050813   2.242230  10.093281     -11.548 1
 49.471542 -43.447583   0.075335  0.000150  22584.865    44.968869   2.264782  10.194797    3091.553 1
 52.285725 -39.474973   0.062700  0.000333  18796.987    99.830889   2.265656  10.198735    -467.282 1
 53.304333 -40.359250   0.065045  0.000150  19500.000    44.968869   2.275606  10.243522     193.222 1
 51.485190 -39.157415   0.066100  0.000333  19816.281    99.830889   2.286485  10.292493     490.378 1
 48.866542 -39.410167   0.048804  0.000150  14631.071    44.968869   2.312489  10.409551   -4381.296 1
 53.471250 -42.132111   0.049848  0.000150  14944.054    44.968869   2.320053  10.443599   -4087.238 1
 48.393542 -39.685444   0.073290  0.000333  21971.789    99.830889   2.322862  10.456243    2515.548 1
 50.145071 -39.021015   0.055800  0.000333  16728.419    99.830889   2.338387  10.526127   -2410.769 1
 48.779721 -43.255888   0.075572  0.000167  22655.916    50.065340   2.341408  10.539727    3158.307 1
 48.360500 -42.999667   0.075966  0.000090  22774.034    26.981321   2.347180  10.565707    3269.283 1
 53.498917 -42.162944   0.049458  0.000150  14827.135    44.968869   2.350229  10.579436   -4197.087 1
 49.314792 -43.511500   0.075549  0.000150  22649.020    44.968869   2.368685  10.662514    3151.829 1
 47.759587 -42.423881   0.067000  0.000333  20086.095    99.830889   2.371955  10.677232     743.877 1
 52.329458 -39.360111   0.063401  0.000150  19007.142    44.968869   2.379094  10.709368    -269.835 1
 52.349417 -43.312111   0.060765  0.000150  18216.889    44.968869   2.384764  10.734892   -1012.303 1
 48.403875 -43.109917   0.061359  0.000103  18394.965    30.878623   2.404364  10.823118    -844.994 1
 52.384458 -43.317917   0.058400  0.000300  17507.880    89.937737   2.404398  10.823274   -1678.441 1
 48.307458 -43.043833   0.060735  0.000073  18207.895    21.884849   2.406577  10.833079   -1020.753 1
 48.501250 -43.186389   0.065719  0.000110  19702.061    32.977170   2.413628  10.864822     383.064 1
 48.436583 -43.163000   0.062033  0.000137  18597.026    41.071567   2.427493  10.927233    -655.152 1
 47.631458 -40.309361   0.064411  0.000150  19309.932    44.968869   2.432898  10.951564      14.647 1
 52.771333 -39.535306   0.049221  0.000070  14756.085    20.985472   2.446523  11.012895   -4263.842 1
 52.797676 -39.552556   0.062737  0.000130  18808.079    38.973020   2.447329  11.016524    -456.860 1
 49.041125 -43.559389   0.063274  0.000150  18969.068    44.968869   2.500016  11.253691    -305.606 1
 52.848987 -39.504809   0.059004  0.000220  17688.954    65.954341   2.508515  11.291950   -1508.315 1
 52.835455 -39.470034   0.063204  0.000240  18948.083    71.950190   2.527180  11.375970    -325.323 1
 52.429792 -39.205083   0.063651  0.000150  19082.090    44.968869   2.549948  11.478458    -199.419 1
 53.600292 -40.166944   0.078851  0.000150  23638.935    44.968869   2.560109  11.524199    4081.886 1
 52.990250 -39.522778   0.061326  0.000160  18385.072    47.966793   2.569366  11.565868    -854.289 1
 48.091240 -43.127388   0.064528  0.000150  19345.008    44.968869   2.580919  11.617874      47.601 1
 49.560750 -43.824611   0.072417  0.000150  21710.070    44.968869   2.599332  11.700759    2269.655 1
 51.021417 -38.738917   0.066669  0.000150  19986.863    44.968869   2.621020  11.798386     650.646 1
 48.552583 -39.188361   0.054084  0.000150  16213.975    44.968869   2.628644  11.832705   -2894.106 1
 52.426915 -39.106622   0.062400  0.000333  18707.049    99.830889   2.631703  11.846475    -551.781 1
 50.893583 -43.962667   0.075129  0.000150  22523.108    44.968869   2.636286  11.867105    3033.530 1
 49.617260 -38.774111   0.080600  0.000333  24163.272    99.830889   2.661163  11.979085    4574.518 1
 49.179483 -43.830608   0.062497  0.000150  18736.129    44.968869   2.702100  12.163364    -524.460 1
 53.077750 -39.372917   0.063447  0.000150  19020.932    44.968869   2.722382  12.254661    -256.878 1
 48.887625 -43.752306   0.068140  0.000150  20427.858    44.968869   2.724340  12.263476    1064.975 1
 49.163875 -43.854722   0.062023  0.000133  18594.028    39.872397   2.728869  12.283862    -657.969 1
 48.480292 -39.098417   0.064628  0.000150  19374.987    44.968869   2.733446  12.304465      75.768 1
 53.185125 -43.322806   0.063154  0.000103  18933.093    30.878623   2.793149  12.573215    -339.406 1
 51.644792 -44.016194   0.063030  0.000150  18895.919    44.968869   2.797810  12.594198    -374.333 1
 50.133333 -38.537028   0.053077  0.000150  15912.084    44.968869   2.819663  12.692566   -3177.742 1
 51.601792 -44.084000   0.062503  0.000150  18737.928    44.968869   2.853841  12.846419    -522.770 1
 50.589167 -44.193778   0.062346  0.000103  18690.861    30.878623   2.856085  12.856519    -566.991 1
 49.993118 -38.490972   0.054900  0.000333  16458.606    99.830889   2.879306  12.961047   -2664.267 1
 52.668500 -38.923611   0.065182  0.000130  19541.072    38.973020   2.883613  12.980434     231.810 1
 52.774833 -38.968833   0.065018  0.000073  19491.906    21.884849   2.890869  13.013096     185.617 1
 52.733807 -38.917024   0.063600  0.000333  19066.800    99.830889   2.916186  13.127058    -213.784 1
 48.202708 -43.652778   0.075686  0.000150  22690.092    44.968869   2.917779  13.134229    3190.417 1
 52.750375 -38.852389   0.062703  0.000090  18797.886    26.981321   2.976887  13.400301    -466.437 1
 49.493750 -44.238889   0.075252  0.000400  22559.982    99.990000   3.011194  13.554735    3068.175 1
 49.490296 -44.238178   0.076106  0.000170  22816.005    50.964718   3.011205  13.554784    3308.716 1
 49.449000 -44.261528   0.069395  0.000107  20804.098    32.077793   3.042120  13.693945    1418.464 1
 49.406375 -44.254000   0.071910  0.000100  21558.076    29.979246   3.043901  13.701963    2126.851 1
 49.659792 -44.307167   0.076056  0.000087  22801.015    26.081944   3.046727  13.714686    3294.633 1
 49.474167 -38.397444   0.064995  0.000150  19485.011    44.968869   3.052846  13.742227     179.139 1
 49.476292 -44.287639   0.073387  0.000080  22000.869    23.983397   3.061674  13.781967    2542.870 1
 49.521958 -44.315278   0.074538  0.000190  22345.930    56.960567   3.079390  13.861713    2867.066 1
 49.232280 -44.250779   0.074952  0.000297  22470.044    89.038360   3.080855  13.868308    2983.675 1
 49.798458 -38.305056   0.064044  0.000150  19199.908    44.968869   3.087237  13.897035     -88.724 1
 49.248542 -44.269167   0.074421  0.000160  22310.855    47.966793   3.094316  13.928904    2834.111 1
 49.284750 -44.281139   0.075175  0.000110  22536.898    32.977170   3.097095  13.941413    3046.486 1
 49.546042 -44.339889   0.074895  0.000067  22452.956    20.086095   3.098666  13.948482    2967.620 1
 50.159375 -44.427111   0.062370  0.000150  18698.056    44.968869   3.104574  13.975077    -560.231 1
 49.382792 -44.313278   0.072490  0.000113  21731.955    33.876548   3.105767  13.980450    2290.216 1
 50.900208 -44.437667   0.074211  0.000150  22247.898    44.968869   3.109947  13.999264    2774.962 1
 49.467262 -44.342812   0.076400  0.000333  22904.144    99.830889   3.116659  14.029479    3391.526 1
 49.576375 -44.379556   0.074895  0.000093  22452.956    27.880699   3.131620  14.096823    2967.620 1
 49.239167 -44.312556   0.075982  0.000070  22778.831    20.985472   3.137683  14.124118    3273.790 1
 49.755458 -44.427083   0.076976  0.000110  23076.824    32.977170   3.149014  14.175121    3553.765 1
 49.841584 -44.448503   0.077323  0.000203  23180.852    60.857869   3.158222  14.216574    3651.502 1
 49.451250 -44.386167   0.075982  0.000097  22778.831    29.079868   3.161650  14.232003    3273.790 1
 49.429043 -44.383616   0.076000  0.000333  22784.227    99.830889   3.163657  14.241036    3278.860 1
