194.278917 -17.416722   0.041649  0.000130  12486.056    38.973020   0.012674   0.042907   -1659.745 0
194.268750 -17.410167   0.047189  0.000244  14146.906    73.149360   0.021109   0.071462     -74.129 0
194.317958 -17.409447   0.049931  0.000123  14968.937    36.874472   0.025924   0.087764     710.665 0
194.291667 -17.381556   0.044371  0.000270  13302.091    80.943964   0.029606   0.100230    -880.675 0
194.265250 -17.430056   0.048697  0.000127  14598.993    38.073642   0.030886   0.104563     357.479 0
194.317250 -17.388250   0.047283  0.000233  14175.087    69.851643   0.034046   0.115262     -47.225 0
194.294083 -17.448000   0.047810  0.000223  14333.077    66.853718   0.036977   0.125183     103.609 0
194.272000 -17.451500   0.039187  0.000254  11747.967    76.147284   0.044175   0.149550   -2364.399 0
194.318542 -17.452583   0.048343  0.000113  14492.867    33.876548   0.049141   0.166363     256.160 0
194.275792 -17.360361   0.048510  0.000230  14542.932    68.952265   0.052784   0.178696     303.957 0
194.350500 -17.413139   0.045415  0.000167  13615.074    50.065340   0.056954   0.192813    -581.870 0
194.271667 -17.355667   0.046626  0.000110  13978.123    32.977170   0.058426   0.197796    -235.266 0
194.294604 -17.469781   0.044214  0.000080  13255.024    23.983397   0.058738   0.198855    -925.610 0
194.333792 -17.363889   0.043493  0.000100  13038.873    29.979246   0.062553   0.211769   -1131.969 0
194.358633 -17.416558   0.052356  0.000073  15695.934    21.884849   0.064905   0.219731    1404.730 0
194.347208 -17.450942   0.046229  0.000077  13859.106    23.084019   0.066898   0.226477    -348.893 0
194.312800 -17.347242   0.045662  0.000087  13689.123    26.081944   0.067255   0.227687    -511.175 0
194.292000 -17.332500   0.048253  0.000500  14465.885    99.990000   0.078660   0.266297     230.401 0
194.236833 -17.474583   0.048270  0.000320  14470.982    95.933587   0.081731   0.276693     235.266 0
194.244667 -17.342250   0.039394  0.000023  11810.024     6.895227   0.081788   0.276887   -2305.154 0
194.309167 -17.326944   0.048480  0.000203  14533.938    60.857869   0.086003   0.291158     295.371 0
194.245500 -17.331000   0.051272  0.000290  15370.959    86.939813   0.091086   0.308366    1094.476 0
194.376250 -17.457361   0.042489  0.000163  12737.882    48.866171   0.093679   0.317144   -1419.327 0
194.245042 -17.495028   0.044587  0.000160  13366.846    47.966793   0.094581   0.320197    -818.853 0
194.369875 -17.350583   0.047960  0.000170  14378.046    50.964718   0.096720   0.327438     146.541 0
194.374280 -17.475939   0.046000  0.000333  13790.453    99.830889   0.102640   0.347482    -414.435 0
194.329125 -17.512083   0.051312  0.000257  15382.951    77.046662   0.107336   0.363379    1105.924 0
194.224875 -17.500222   0.051979  0.000250  15582.912    74.948115   0.109070   0.369248    1296.828 0
194.303750 -17.519833   0.052403  0.000444  15710.024    99.990000   0.109376   0.370286    1418.182 0
194.408208 -17.414944   0.063597  0.000254  19065.901    76.147284   0.112047   0.379328    4622.042 1
194.231125 -17.510278   0.053827  0.000180  16136.929    53.962642   0.114339   0.387088    1825.748 0
194.171167 -17.383000   0.045505  0.000107  13642.056    32.077793   0.117616   0.398182    -556.110 0
194.204083 -17.327472   0.049361  0.000100  14798.056    29.979246   0.117713   0.398511     547.524 0
194.192971 -17.484406   0.050021  0.000080  14995.919    23.983397   0.118694   0.401831     736.424 0
194.365625 -17.515778   0.048347  0.000213  14494.066    63.855794   0.126639   0.428730     257.305 0
194.251958 -17.286500   0.045495  0.000157  13639.058    47.067416   0.130058   0.440304    -558.973 0
194.374125 -17.307750   0.049821  0.000207  14935.960    62.057039   0.130407   0.441486     679.182 0
194.424625 -17.377278   0.047820  0.000177  14336.075    53.063265   0.132066   0.447100     106.471 0
194.330696 -17.539583   0.046005  0.000087  13791.952    26.081944   0.133941   0.453449    -413.004 0
194.142458 -17.424583   0.047906  0.000213  14361.857    63.855794   0.142227   0.481499     131.085 0
194.197792 -17.296722   0.047389  0.000143  14206.865    42.870321   0.144839   0.490343     -16.887 0
194.347167 -17.276222   0.042876  0.000244  12853.901    73.149360   0.145238   0.491692   -1308.562 0
194.212775 -17.278939   0.049801  0.000097  14929.964    29.079868   0.151756   0.513761     673.457 0
194.252125 -17.559056   0.049387  0.000207  14805.850    62.057039   0.152449   0.516108     554.966 0
194.439792 -17.353611   0.040114  0.000630  12025.875    99.990000   0.153326   0.519077   -2099.081 0
194.425125 -17.324556   0.043690  0.000170  13097.932    50.964718   0.154644   0.523538   -1075.586 0
194.294958 -17.567389   0.045792  0.000257  13728.096    77.046662   0.156286   0.529097    -473.968 0
194.245458 -17.260861   0.039454  0.000030  11828.012     8.993774   0.156407   0.529506   -2287.981 0
194.450083 -17.451444   0.047243  0.000043  14163.095    12.891076   0.157191   0.532160     -58.674 0
194.369375 -17.268250   0.048520  0.000127  14545.930    38.073642   0.161355   0.546256     306.820 0
194.440850 -17.336633   0.046005  0.000110  13791.952    32.977170   0.161366   0.546295    -413.004 0
194.425375 -17.312333   0.048664  0.000123  14589.100    36.874472   0.161995   0.548423     348.034 0
194.259958 -17.574972   0.044261  0.000304  13269.114    91.136907   0.166450   0.563507    -912.158 0
194.336458 -17.574056   0.044447  0.000390  13324.875    99.990000   0.168617   0.570842    -858.923 0
194.120458 -17.356778   0.047750  0.000240  14315.090    71.950190   0.171435   0.580381      86.436 0
194.255458 -17.579556   0.046772  0.000304  14021.893    91.136907   0.171756   0.581470    -193.479 0
194.366042 -17.254500   0.038190  0.000334  11449.074    99.990000   0.172301   0.583315   -2649.753 1
194.298708 -17.237683   0.054664  0.000097  16387.855    29.079868   0.173631   0.587817    2065.308 0
194.327625 -17.240417   0.049124  0.000200  14727.005    59.958492   0.174304   0.590095     479.692 0
194.311381 -17.236845   0.050000  0.000333  14989.623    99.830889   0.175405   0.593821     730.414 0
194.241792 -17.239944   0.055899  0.000230  16758.099    68.952265   0.177491   0.600886    2418.780 1
194.104208 -17.414083   0.048343  0.000370  14492.867    99.990000   0.178113   0.602989     256.160 0
194.425375 -17.539389   0.044561  0.000327  13359.052    98.032134   0.181444   0.614266    -826.295 0
194.363333 -17.579861   0.048247  0.000143  14464.087    42.870321   0.182336   0.617286     228.684 0
194.375208 -17.576306   0.043190  0.000040  12948.036    11.991698   0.183726   0.621993   -1218.692 0
194.460375 -17.499472   0.042653  0.000117  12787.048    35.075718   0.184300   0.623937   -1372.388 0
194.255250 -17.226472   0.050668  0.000077  15189.884    23.084019   0.187778   0.635709     921.603 0
194.395267 -17.570719   0.043280  0.000087  12975.018    26.081944   0.188119   0.636864   -1192.933 0
194.093042 -17.423972   0.042559  0.000087  12758.867    26.081944   0.189178   0.640449   -1399.292 0
194.424542 -17.552361   0.043954  0.000210  13177.078    62.956416   0.190299   0.644245   -1000.026 0
194.252958 -17.598722   0.042413  0.000147  12715.098    44.069491   0.191023   0.646695   -1441.079 0
194.446717 -17.538653   0.046169  0.000167  13841.118    50.065340   0.195899   0.663203    -366.065 0
194.240583 -17.601389   0.050331  0.000274  15088.854    82.143133   0.196190   0.664188     825.150 0
194.148750 -17.267583   0.049658  0.000140  14887.094    41.970944   0.197474   0.668536     632.529 0
194.457208 -17.531028   0.050035  0.000504  15000.116    99.990000   0.198917   0.673420     740.431 0
194.089000 -17.352064   0.047776  0.000057  14322.884    17.088170   0.201460   0.682029      93.878 0
194.337833 -17.213361   0.047256  0.000354  14166.992    99.990000   0.202808   0.686595     -54.953 0
194.506029 -17.448525   0.043353  0.000107  12996.902    32.077793   0.208695   0.706525   -1172.039 0
194.407708 -17.233333   0.039514  0.000284  11845.999    85.141058   0.209888   0.710564   -2270.808 0
194.181000 -17.229000   0.046974  0.000333  14082.451    99.830889   0.210156   0.711470    -135.665 0
194.364750 -17.610944   0.044261  0.000377  13269.114    99.990000   0.211871   0.717276    -912.158 0
194.453667 -17.265389   0.052843  0.000113  15841.933    33.876548   0.213033   0.721211    1544.115 0
194.445958 -17.257583   0.047693  0.000227  14298.002    68.052888   0.213280   0.722046      70.122 0
194.385292 -17.609139   0.035401  0.000143  10612.953    42.870321   0.217531   0.736438   -3447.999 1
194.142792 -17.242611   0.049834  0.000073  14939.857    21.884849   0.219918   0.744519     682.902 0
194.501250 -17.321056   0.042850  0.000107  12846.107    32.077793   0.220051   0.744970   -1316.004 0
194.354125 -17.198694   0.044981  0.000137  13484.965    41.071567   0.220871   0.747744    -706.086 0
194.092917 -17.527139   0.042703  0.000097  12802.037    29.079868   0.221635   0.750330   -1358.077 0
194.249621 -17.630086   0.043924  0.000077  13168.084    23.084019   0.222440   0.753057   -1008.612 0
194.418542 -17.224083   0.038910  0.000117  11664.925    35.075718   0.223250   0.755799   -2443.680 1
194.523167 -17.444750   0.047996  0.000324  14388.839    97.132756   0.224206   0.759036     156.844 0
194.221833 -17.190889   0.052426  0.000274  15716.919    82.143133   0.229896   0.778300    1424.765 0
194.404942 -17.188600   0.053417  0.000090  16014.014    26.981321   0.247752   0.838750    1708.401 0
194.486500 -17.574583   0.049554  0.000167  14855.915    50.065340   0.248117   0.839984     602.763 0
194.155417 -17.196389   0.043550  0.000157  13055.962    47.067416   0.250644   0.848540   -1115.655 0
194.475458 -17.591528   0.045228  0.000484  13559.013    99.990000   0.252121   0.853539    -635.391 0
194.529583 -17.301278   0.049968  0.000254  14980.030    76.147284   0.252910   0.856212     721.255 0
194.356283 -17.656439   0.050128  0.000090  15027.996    26.981321   0.253109   0.856884     767.049 0
194.029042 -17.353694   0.046159  0.000120  13838.120    35.975095   0.256333   0.867800    -368.928 0
194.300650 -17.154736   0.054081  0.000147  16213.076    44.069491   0.256587   0.868657    1898.446 0
194.320875 -17.667056   0.045094  0.000177  13518.841    53.063265   0.257503   0.871760    -673.744 0
194.212625 -17.164528   0.052153  0.000097  15635.076    29.079868   0.257671   0.872329    1346.629 0
194.406625 -17.644639   0.044431  0.000117  13320.079    35.075718   0.258303   0.874467    -863.502 0
194.299542 -17.152389   0.050508  0.000123  15141.917    36.874472   0.258896   0.876476     875.810 0
194.351558 -17.663875   0.046859  0.000170  14047.975    50.964718   0.259277   0.877766    -168.579 0
194.381583 -17.166111   0.040638  0.000287  12182.966    86.040435   0.259886   0.879828   -1949.105 0
194.521250 -17.267333   0.046098  0.000180  13819.833    53.962642   0.262709   0.889384    -386.387 0
194.548667 -17.503583   0.043193  0.000050  12948.936    14.989623   0.262798   0.889684   -1217.833 0
194.563208 -17.451861   0.046869  0.000347  14050.973    99.990000   0.263050   0.890539    -165.717 0
194.095000 -17.597278   0.049367  0.000143  14799.854    42.870321   0.263752   0.892915     549.241 0
194.238083 -17.148028   0.046442  0.000210  13922.961    62.956416   0.267898   0.906950    -287.930 0
194.377500 -17.154750   0.046749  0.000203  14014.998    60.857869   0.269404   0.912048    -200.062 0
194.013833 -17.463861   0.046452  0.000470  13925.959    99.990000   0.269527   0.912466    -285.067 0
194.301958 -17.138000   0.053941  0.000123  16171.105    36.874472   0.273358   0.925435    1858.376 0
194.421250 -17.164639   0.050572  0.000167  15161.104    50.065340   0.276135   0.934839     894.127 0
194.566458 -17.313528   0.047493  0.000057  14238.043    17.088170   0.280517   0.949674      12.880 0
194.146533 -17.163006   0.047916  0.000270  14364.855    80.943964   0.283793   0.960763     133.947 0
194.554875 -17.272083   0.047012  0.000177  14093.843    53.063265   0.287765   0.974211    -124.789 0
193.992250 -17.465556   0.063023  0.000120  18893.820    35.975095   0.290065   0.981995    4457.756 1
194.500500 -17.621556   0.050141  0.000203  15031.894    60.857869   0.290325   0.982875     770.770 0
194.016458 -17.282639   0.046646  0.000080  13984.119    23.983397   0.291658   0.987389    -229.542 0
194.541000 -17.581306   0.050311  0.000274  15082.858    82.143133   0.293131   0.992375     819.426 0
194.483750 -17.181806   0.051789  0.000377  15525.952    99.990000   0.294073   0.995566    1242.447 0
194.517500 -17.211111   0.047153  0.000514  14136.114    99.990000   0.294598   0.997342     -84.433 0
194.401167 -17.130917   0.047369  0.000287  14200.869    86.040435   0.299353   1.013441     -22.611 0
194.456083 -17.665778   0.042983  0.000047  12885.979    14.090246   0.299487   1.013894   -1277.938 0
194.558958 -17.576500   0.043130  0.000250  12930.049    74.948115   0.304609   1.031235   -1235.865 0
194.578083 -17.272833   0.045852  0.000387  13746.084    99.990000   0.307000   1.039329    -456.795 0
194.490458 -17.660139   0.048137  0.000130  14431.110    38.973020   0.313482   1.061274     197.200 0
194.534625 -17.621583   0.045715  0.000374  13705.012    99.990000   0.313668   1.061902    -496.006 0
194.568500 -17.242944   0.053677  0.000117  16091.960    35.075718   0.313819   1.062413    1782.816 0
194.566542 -17.590361   0.046152  0.000213  13836.022    63.855794   0.318304   1.077599    -370.931 0
194.457517 -17.134375   0.053057  0.000123  15906.088    36.874472   0.319213   1.080675    1605.365 0
194.077625 -17.658972   0.052416  0.000257  15713.921    77.046662   0.320637   1.085496    1421.903 0
194.560167 -17.218694   0.046472  0.000150  13931.955    44.968869   0.321058   1.086923    -279.343 0
194.478250 -17.139778   0.051265  0.000187  15368.860    56.061190   0.324991   1.100235    1092.472 0
194.011208 -17.222694   0.045268  0.000077  13571.005    23.084019   0.326670   1.105921    -623.943 0
194.080133 -17.151139   0.044534  0.000627  13350.957    99.990000   0.328682   1.112733    -834.023 0
194.089625 -17.136389   0.046612  0.000207  13973.926    62.057039   0.335201   1.134803    -239.273 0
194.560667 -17.187139   0.040581  0.000150  12165.878    44.968869   0.341271   1.155350   -1965.420 0
194.547421 -17.170383   0.062660  0.000310  18784.995    92.935662   0.343373   1.162468    4353.861 1
194.505917 -17.129722   0.043930  0.000133  13169.883    39.872397   0.348305   1.179163   -1006.895 0
194.014208 -17.657917   0.040054  0.000090  12007.887    26.981321   0.361345   1.223312   -2116.253 0
193.994500 -17.166083   0.042042  0.000077  12603.875    23.084019   0.374189   1.266794   -1547.263 0
194.003333 -17.150528   0.045968  0.000200  13780.860    59.958492   0.378402   1.281056    -423.594 0
194.715000 -17.719000   0.044337  0.000333  13291.898    99.830889   0.508495   1.721478    -890.406 0
194.742625 -17.068389   0.044017  0.000150  13195.965    44.968869   0.550740   1.864494    -981.994 0
194.461298 -16.875211   0.043807  0.000150  13133.008    44.968869   0.560076   1.896100   -1042.099 0
194.744000 -17.043333   0.047279  0.000183  14173.888    54.862020   0.567672   1.921817     -48.370 0
193.685375 -17.286306   0.048240  0.000150  14461.988    44.968869   0.591067   2.001020     226.680 0
193.667662 -17.526278   0.048727  0.000150  14607.987    44.968869   0.605675   2.050474     366.065 0
194.810583 -16.927778   0.049331  0.000150  14789.062    44.968869   0.692524   2.344494     538.938 0
194.820224 -16.925969   0.046435  0.000150  13920.863    44.968869   0.700393   2.371135    -289.933 0
193.677208 -16.903250   0.041569  0.000150  12462.073    44.968869   0.775115   2.624102   -1682.642 0
194.770542 -18.126972   0.050265  0.000150  15069.068    44.968869   0.849648   2.876429     806.260 0
194.670000 -16.606444   0.044601  0.000150  13371.043    44.968869   0.882292   2.986944    -814.846 0
194.904500 -18.107750   0.046419  0.000183  13916.066    54.862020   0.910000   3.080748    -294.512 0
195.052767 -16.801328   0.045125  0.000150  13528.135    44.968869   0.948909   3.212470    -664.871 0
194.718208 -16.549694   0.058354  0.000150  17494.089    44.968869   0.953097   3.226649    3121.431 1
194.632000 -18.312528   0.050698  0.000150  15198.878    44.968869   0.958354   3.244447     930.190 0
194.967208 -16.696083   0.046099  0.000150  13820.133    44.968869   0.963238   3.260980    -386.100 0
194.272292 -18.375111   0.054027  0.000103  16196.887    30.878623   0.964122   3.263972    1882.990 0
193.501443 -16.795774   0.048740  0.000150  14611.884    44.968869   0.972653   3.292856     369.786 0
194.002250 -16.474917   0.047987  0.000150  14386.141    44.968869   0.975893   3.303824     154.268 0
194.645208 -18.334361   0.044491  0.000150  13338.066    44.968869   0.983180   3.328493    -846.330 0
194.533542 -16.453917   0.042132  0.000150  12630.856    44.968869   0.984848   3.334140   -1521.504 0
194.068375 -18.390861   0.046622  0.000150  13976.924    44.968869   1.002443   3.393707    -236.411 0
194.372067 -18.413569   0.045758  0.000150  13717.903    44.968869   1.005408   3.403745    -483.699 0
194.143000 -18.417000   0.046284  0.000333  13875.594    99.830889   1.015693   3.438563    -333.151 0
193.663592 -18.240232   0.044064  0.000150  13210.055    44.968869   1.022544   3.461756    -968.542 0
193.948983 -18.404099   0.046022  0.000150  13797.049    44.968869   1.045156   3.538309    -408.139 0
194.862500 -18.312250   0.046579  0.000150  13964.033    44.968869   1.053330   3.565982    -248.718 0
194.185083 -18.460417   0.046722  0.000150  14006.903    44.968869   1.054107   3.568612    -207.790 0
194.862542 -18.315889   0.046626  0.000150  13978.123    44.968869   1.056466   3.576597    -235.266 0
193.986292 -18.433111   0.045595  0.000150  13669.037    44.968869   1.062473   3.596936    -530.351 0
193.767375 -16.461528   0.048510  0.000150  14542.932    44.968869   1.072975   3.632487     303.957 0
193.681792 -16.500806   0.042343  0.000150  12694.112    44.968869   1.080030   3.656374   -1461.114 0
194.797669 -18.378157   0.049164  0.000150  14738.996    44.968869   1.081188   3.660292     491.140 0
195.044208 -18.247861   0.047983  0.000150  14384.942    44.968869   1.103094   3.734455     153.124 0
193.493417 -16.611056   0.048230  0.000150  14458.990    44.968869   1.104135   3.737978     223.818 0
194.851625 -18.428500   0.047730  0.000183  14309.094    54.862020   1.149483   3.891501      80.712 0
194.825333 -16.357444   0.058074  0.000150  17410.147    44.968869   1.170639   3.963125    3041.291 1
194.669000 -18.535306   0.045128  0.000150  13529.034    44.968869   1.180643   3.996991    -664.012 0
194.596042 -16.260583   0.047953  0.000150  14375.948    44.968869   1.186850   4.018004     144.537 0
194.711566 -18.534412   0.052733  0.000113  15808.956    33.876548   1.192840   4.038285    1512.632 0
194.896375 -16.356667   0.043283  0.000150  12975.917    44.968869   1.202403   4.070657   -1192.074 0
193.019667 -17.504972   0.060392  0.000150  18105.066    44.968869   1.216561   4.118590    3704.731 1
193.486958 -18.369333   0.043754  0.000150  13117.119    44.968869   1.227391   4.155253   -1057.268 0
194.897089 -18.543306   0.046399  0.000150  13910.070    44.968869   1.271375   4.304158    -300.237 0
195.503333 -16.777722   0.047019  0.000183  14095.942    54.862020   1.318986   4.465343    -122.785 0
192.965958 -16.958611   0.046409  0.000150  13913.068    44.968869   1.342744   4.545773    -297.375 0
193.769375 -18.683583   0.046082  0.000150  13815.036    44.968869   1.366260   4.625386    -390.966 0
193.849958 -16.070694   0.043570  0.000267  13061.957    80.044586   1.404922   4.756275   -1109.931 0
192.880708 -16.998444   0.045835  0.000150  13740.987    44.968869   1.407402   4.764669    -461.660 0
193.938500 -16.040333   0.044691  0.000267  13398.025    80.044586   1.411445   4.778358    -789.087 0
193.664875 -16.126472   0.049030  0.000267  14698.824    80.044586   1.416743   4.796293     452.788 0
192.862042 -17.802639   0.045852  0.000150  13746.084    44.968869   1.418436   4.802025    -456.795 0
193.655917 -16.121667   0.045518  0.000267  13645.953    80.044586   1.424715   4.823282    -552.390 0
193.674042 -16.109667   0.049518  0.000267  14845.123    80.044586   1.428373   4.835665     592.459 0
194.727875 -16.043306   0.057923  0.000150  17364.879    44.968869   1.429998   4.841167    2998.073 1
194.250167 -15.944222   0.044441  0.000150  13323.077    44.968869   1.467443   4.967936    -860.640 0
193.448292 -16.163444   0.043370  0.000267  13001.999    80.044586   1.484289   5.024965   -1167.174 0
195.504792 -16.480528   0.045365  0.000150  13600.085    44.968869   1.485858   5.030278    -596.180 0
193.779125 -18.820806   0.043757  0.000103  13118.019    30.878623   1.491824   5.050475   -1056.409 0
193.507375 -16.089611   0.045925  0.000267  13767.969    80.044586   1.518335   5.140225    -435.901 0
195.704000 -18.153889   0.045271  0.000150  13571.904    44.968869   1.539433   5.211650    -623.084 0
193.368000 -16.116028   0.044637  0.000267  13381.836    80.044586   1.566123   5.302009    -804.543 0
194.241667 -15.823528   0.049701  0.000150  14899.985    44.968869   1.588317   5.377147     644.836 0
194.340335 -15.794777   0.045421  0.000150  13616.873    44.968869   1.617065   5.474469    -580.152 0
193.432458 -16.003722   0.045101  0.000267  13520.940    80.044586   1.628410   5.512878    -671.740 0
193.410000 -16.006722   0.044944  0.000267  13473.872    80.044586   1.636718   5.541004    -716.675 0
193.455917 -15.980750   0.042573  0.000150  12763.064    44.968869   1.637297   5.542966   -1395.285 0
193.820792 -15.828222   0.047600  0.000267  14270.121    80.044586   1.645247   5.569877      43.504 0
192.867625 -16.481472   0.043940  0.000150  13172.881    44.968869   1.645754   5.571595   -1004.033 0
194.866083 -15.855167   0.058244  0.000150  17461.112    44.968869   1.649957   5.585823    3089.948 1
193.465792 -18.864472   0.055695  0.000143  16696.941    42.870321   1.652848   5.595612    2360.392 1
193.784667 -15.829083   0.043180  0.000267  12945.038    80.044586   1.654153   5.600028   -1221.554 0
194.676625 -15.798111   0.041879  0.000150  12555.008    44.968869   1.654509   5.601234   -1593.916 0
193.130125 -18.653778   0.056119  0.000150  16824.053    44.968869   1.664562   5.635268    2481.746 1
193.444875 -15.948500   0.050291  0.000267  15076.863    80.044586   1.670611   5.655748     813.701 0
193.469500 -15.932972   0.032246  0.000267   9667.108    80.044586   1.673089   5.664135   -4350.999 1
195.932500 -16.803333   0.046826  0.000150  14038.082    44.968869   1.680227   5.688301    -178.024 0
196.006083 -17.016944   0.046135  0.000150  13830.925    44.968869   1.683452   5.699220    -375.797 0
195.945223 -16.796758   0.047083  0.000150  14115.128    44.968869   1.693924   5.734672    -104.467 0
195.410750 -18.739556   0.044721  0.000150  13407.019    44.968869   1.704859   5.771690    -780.501 0
193.642260 -15.821790   0.051360  0.000820  15397.341    99.990000   1.705600   5.774201    1119.662 0
193.164042 -16.079972   0.044167  0.000267  13240.933    80.044586   1.711154   5.793003    -939.062 0
193.439930 -15.904220   0.046140  0.000210  13832.424    62.956416   1.711746   5.795008    -374.366 0
193.564375 -15.835722   0.043490  0.000130  13037.974    38.973020   1.721188   5.826972   -1132.828 0
193.432917 -15.892528   0.050605  0.000267  15170.997    80.044586   1.725213   5.840600     903.572 0
193.647417 -15.791639   0.045220  0.000140  13556.615    41.970944   1.731981   5.863510    -637.681 0
192.922750 -18.553528   0.046015  0.000113  13794.950    33.876548   1.734684   5.872663    -410.142 0
192.881946 -18.520128   0.045585  0.000150  13666.039    44.968869   1.742728   5.899895    -533.213 0
193.001833 -16.166111   0.044140  0.000267  13232.839    80.044586   1.750119   5.924916    -946.790 0
196.033542 -16.816306   0.044384  0.000150  13305.988    44.968869   1.766042   5.978821    -876.954 0
193.518219 -15.805755   0.047730  0.000680  14309.094    99.990000   1.766580   5.980644      80.712 0
195.598917 -16.152028   0.045988  0.000150  13786.856    44.968869   1.772918   6.002099    -417.870 0
196.016760 -16.732170   0.044351  0.000083  13296.095    24.882774   1.781314   6.030525    -886.399 0
196.160617 -17.305625   0.035701  0.000150  10702.891    44.968869   1.787218   6.050513   -3362.135 1
195.978792 -16.632694   0.044594  0.000150  13368.945    44.968869   1.788868   6.056098    -816.850 0
193.478250 -15.788944   0.048070  0.000267  14411.023    80.044586   1.797986   6.086965     178.024 0
193.566292 -15.739611   0.043640  0.000130  13082.943    38.973020   1.808874   6.123828   -1089.896 0
195.961125 -16.553333   0.042396  0.000090  12710.001    26.981321   1.809941   6.127440   -1445.944 0
193.260042 -15.887778   0.046260  0.000090  13868.399    26.981321   1.813310   6.138843    -340.020 0
192.981917 -16.089833   0.047843  0.000267  14342.971    80.044586   1.818181   6.155335     113.054 0
192.873958 -16.188667   0.043757  0.000267  13118.019    80.044586   1.822716   6.170690   -1056.409 0
193.628417 -15.698917   0.046969  0.000267  14080.952    80.044586   1.825178   6.179022    -137.096 0
192.961792 -16.095000   0.043483  0.000267  13035.875    80.044586   1.827701   6.187564   -1134.832 0
193.278250 -15.856389   0.045240  0.000150  13562.611    44.968869   1.830529   6.197138    -631.957 0
192.764167 -18.520833   0.046072  0.000150  13812.038    44.968869   1.831245   6.199564    -393.828 0
192.771792 -18.531556   0.046115  0.000150  13824.929    44.968869   1.832001   6.202122    -381.521 0
196.207709 -17.298982   0.036782  0.000150  11026.966    44.968869   1.832471   6.203713   -3052.740 1
192.808625 -18.579278   0.045885  0.000103  13755.977    30.878623   1.834337   6.210031    -447.350 0
192.722333 -18.487861   0.046522  0.000113  13946.945    33.876548   1.843708   6.241757    -265.033 0
193.273333 -15.840472   0.045138  0.000267  13532.032    80.044586   1.846530   6.251308    -661.150 0
192.530917 -16.633778   0.038730  0.000150  11610.962    44.968869   1.850497   6.264741   -2495.198 1
193.486167 -15.726556   0.043780  0.000240  13124.914    71.950190   1.851324   6.267538   -1049.827 0
194.329958 -15.559528   0.062830  0.000150  18835.960    44.968869   1.852000   6.269828    4402.517 1
193.085289 -15.958269   0.044534  0.000267  13350.957    80.044586   1.853136   6.273672    -834.023 0
192.832542 -16.186306   0.060992  0.000267  18284.942    80.044586   1.853777   6.275845    3876.459 1
196.127292 -18.022500   0.046942  0.000150  14072.858    44.968869   1.855885   6.282980    -144.823 0
193.928042 -19.236722   0.046586  0.000150  13966.131    44.968869   1.858103   6.290490    -246.715 0
193.020250 -16.001667   0.047776  0.000267  14322.884    80.044586   1.859171   6.294105      93.878 0
192.753792 -16.254944   0.048070  0.000150  14411.023    44.968869   1.867572   6.322545     178.024 0
193.496689 -15.703915   0.044990  0.000370  13487.663    99.990000   1.867854   6.323499    -703.510 0
193.221750 -15.843528   0.049384  0.000267  14804.951    80.044586   1.870315   6.331832     554.107 0
193.276333 -15.807194   0.046960  0.000110  14078.254    32.977170   1.873437   6.342402    -139.672 0
193.781125 -15.600028   0.058103  0.000267  17418.841    80.044586   1.875293   6.348685    3049.592 1
196.189750 -16.904361   0.036122  0.000150  10829.103    44.968869   1.881439   6.369491   -3241.640 1
192.934667 -16.042750   0.042846  0.000267  12844.908    80.044586   1.883367   6.376020   -1317.149 0
193.063292 -15.928250   0.044097  0.000267  13219.948    80.044586   1.889701   6.397462    -959.097 0
193.436958 -15.705639   0.050780  0.000260  15223.461    77.946039   1.890137   6.398939     953.659 0
193.135083 -15.874444   0.042750  0.000220  12816.128    65.954341   1.891471   6.403454   -1344.625 0
193.296958 -15.771972   0.045170  0.000180  13541.625    53.962642   1.893748   6.411164    -651.992 0
192.859250 -16.098028   0.048980  0.000267  14683.835    80.044586   1.894799   6.414722     438.477 0
192.903417 -16.049361   0.047373  0.000267  14202.068    80.044586   1.899233   6.429731     -21.466 0
193.269542 -15.777500   0.050331  0.000267  15088.854    80.044586   1.902234   6.439890     825.150 0
193.665222 -15.601133   0.048610  0.004520  14572.911    99.990000   1.905920   6.452371     332.579 0
193.452708 -15.680028   0.048770  0.000180  14620.878    53.962642   1.906927   6.455780     378.373 0
193.355250 -15.724472   0.046420  0.000100  13916.366    29.979246   1.908365   6.460648    -294.226 0
192.595805 -18.424326   0.044754  0.000113  13416.912    33.876548   1.908517   6.461164    -771.056 0
193.616542 -15.605861   0.048870  0.000170  14650.857    50.964718   1.916521   6.488259     406.994 0
195.924836 -16.293221   0.046279  0.000130  13874.095    38.973020   1.918497   6.494949    -334.582 0
193.686917 -15.574083   0.048760  0.000100  14617.880    29.979246   1.925331   6.518084     375.510 0
193.611832 -15.594346   0.045060  0.000490  13508.648    99.990000   1.928877   6.530088    -683.475 0
193.682958 -15.570000   0.048794  0.000267  14628.073    80.044586   1.930359   6.535106     385.242 0
192.793042 -16.109667   0.047092  0.000267  14117.826    80.044586   1.932982   6.543985    -101.892 0
196.317167 -17.446278   0.035768  0.000150  10722.977    44.968869   1.933796   6.546744   -3342.959 1
193.635417 -15.578583   0.046780  0.000260  14024.291    77.946039   1.936346   6.555375    -191.190 0
193.472500 -15.632833   0.046930  0.000210  14069.260    62.956416   1.942202   6.575202    -148.258 0
195.909872 -16.232282   0.045615  0.000150  13675.033    44.968869   1.943264   6.578797    -524.627 0
193.092833 -18.983472   0.056256  0.000103  16865.125    30.878623   1.943945   6.581103    2520.958 1
193.229843 -15.749662   0.046830  0.000350  14039.281    99.990000   1.945633   6.586815    -176.879 0
193.659866 -15.553419   0.047780  0.000120  14324.084    35.975095   1.952860   6.611283      95.022 0
193.089910 -15.827722   0.043570  0.000090  13061.957    26.981321   1.954576   6.617093   -1109.931 0
195.955875 -18.560028   0.046672  0.000150  13991.914    44.968869   1.960614   6.637534    -222.101 0
193.431833 -15.627917   0.042443  0.000080  12724.091    23.983397   1.962591   6.644227   -1432.492 0
194.129083 -15.453611   0.048650  0.000150  14584.903    44.968869   1.963617   6.647700     344.027 0
193.133708 -15.786750   0.046980  0.000120  14084.250    35.975095   1.964120   6.649403    -133.947 0
193.391125 -15.643194   0.049754  0.000060  14915.874    17.987547   1.965375   6.653650     660.005 0
193.142125 -15.779694   0.044647  0.000267  13384.834    80.044586   1.965470   6.653971    -801.681 0
193.435375 -15.617000   0.045020  0.000090  13496.656    26.981321   1.971114   6.673080    -694.923 0
194.657833 -15.469278   0.062727  0.000183  18805.082    54.862020   1.973194   6.680122    4373.037 1
196.130417 -16.488528   0.047289  0.000150  14176.886    44.968869   1.982992   6.713292     -45.508 0
193.460125 -15.588083   0.047626  0.000103  14277.916    30.878623   1.987937   6.730032      50.946 0
193.453608 -15.587925   0.049804  0.000040  14930.864    11.991698   1.990569   6.738944     674.316 0
194.865648 -19.327418   0.044864  0.000150  13449.889    44.968869   1.993210   6.747887    -739.572 0
193.083125 -15.784278   0.044650  0.000160  13385.733    47.966793   1.993669   6.749439    -800.822 0
193.366000 -15.622833   0.046540  0.000110  13952.341    32.977170   1.994203   6.751245    -259.881 0
193.054083 -15.800389   0.044750  0.000150  13415.712    44.968869   1.996795   6.760022    -772.201 0
193.759667 -15.476722   0.044244  0.000267  13264.018    80.044586   1.999727   6.769949    -917.024 0
193.242416 -15.676780   0.048780  0.000140  14623.876    41.970944   2.002208   6.778347     381.235 0
194.307375 -19.414639   0.038563  0.000150  11560.897    44.968869   2.003549   6.782887   -2542.996 1
194.864250 -19.341028   0.046319  0.000150  13886.087    44.968869   2.005934   6.790962    -323.134 0
193.293500 -15.645167   0.045440  0.000170  13622.569    50.964718   2.006077   6.791444    -574.714 0
193.065506 -15.780872   0.046330  0.000270  13889.385    80.943964   2.006200   6.791863    -319.985 0
192.339427 -18.158559   0.039507  0.000113  11843.901    33.876548   2.006415   6.792590   -2272.812 1
196.192750 -16.553056   0.059951  0.000150  17972.858    44.968869   2.007408   6.795950    3578.512 1
193.054958 -19.037889   0.056032  0.000150  16797.971    44.968869   2.009213   6.802062    2456.846 1
193.480667 -19.266722   0.037890  0.000150  11359.136    44.968869   2.010165   6.805284   -2735.617 1
193.235117 -15.665581   0.044377  0.000090  13303.890    26.981321   2.015389   6.822969    -878.958 0
196.173972 -16.491883   0.045408  0.000150  13612.976    44.968869   2.018341   6.832965    -583.873 0
193.440833 -15.560778   0.046210  0.000480  13853.409    99.990000   2.020326   6.839684    -354.331 0
194.748583 -19.383806   0.044854  0.000150  13446.891    44.968869   2.020427   6.840026    -742.435 0
192.980042 -18.999306   0.056926  0.000103  17065.985    30.878623   2.021535   6.843777    2712.720 1
193.416333 -15.567639   0.044110  0.000250  13223.845    74.948115   2.023571   6.850672    -955.377 0
193.460625 -15.545889   0.051720  0.000590  15505.266    99.990000   2.026515   6.860636    1222.699 0
193.446083 -15.548722   0.044908  0.000057  13463.080    17.088170   2.029379   6.870332    -726.979 0
194.282375 -19.441778   0.053887  0.000150  16154.916    44.968869   2.030642   6.874609    1842.921 1
193.161292 -15.687444   0.045920  0.000220  13766.470    65.954341   2.032935   6.882373    -437.332 0
193.337667 -15.592944   0.046490  0.000240  13937.351    71.950190   2.032999   6.882589    -274.191 0
192.826083 -15.929306   0.043500  0.000267  13040.972    80.044586   2.036983   6.896076   -1129.966 0
195.384000 -19.161083   0.043887  0.000150  13156.992    44.968869   2.037215   6.896861   -1019.202 0
192.973833 -19.026306   0.056319  0.000150  16884.011    44.968869   2.046447   6.928117    2538.989 1
193.375292 -15.559056   0.048710  0.000790  14602.891    99.990000   2.047791   6.932666     361.200 0
193.368458 -15.561944   0.043920  0.000110  13166.885    32.977170   2.047974   6.933283   -1009.757 0
193.475833 -15.507611   0.043380  0.000480  13004.997    99.990000   2.056269   6.961368   -1164.311 0
192.219417 -16.824167   0.042980  0.000150  12885.080    44.968869   2.061842   6.980234   -1278.796 0
193.390458 -15.531722   0.035080  0.000250  10516.719    74.948115   2.066488   6.995962   -3539.873 1
193.404958 -15.523778   0.044430  0.000110  13319.779    32.977170   2.068022   7.001155    -863.789 0
193.460292 -15.499556   0.050370  0.000420  15100.546    99.990000   2.069362   7.005692     836.312 0
193.351349 -15.545943   0.052050  0.000200  15604.197    59.958492   2.069452   7.005998    1317.149 0
194.801229 -19.428566   0.043870  0.000150  13151.895    44.968869   2.075361   7.026003   -1024.067 0
193.590583 -15.446278   0.047250  0.000180  14165.194    53.962642   2.075378   7.026060     -56.670 0
194.884458 -19.408861   0.045258  0.000150  13568.007    44.968869   2.076455   7.029704    -626.805 0
192.953186 -15.772793   0.043280  0.000780  12975.018    99.990000   2.076860   7.031078   -1192.933 0
193.607132 -15.439007   0.042860  0.000160  12849.105    47.966793   2.077250   7.032397   -1313.142 0
193.606792 -15.439111   0.042873  0.000294  12853.002    88.138983   2.077253   7.032408   -1309.421 0
193.248542 -15.583333   0.046038  0.000267  13801.845    80.044586   2.080878   7.044678    -403.559 0
194.937625 -19.403944   0.045682  0.000150  13695.119    44.968869   2.086165   7.062579    -505.451 0
193.329000 -15.530917   0.048090  0.000187  14417.019    56.061190   2.092272   7.083252     183.748 0
193.515042 -15.452500   0.045338  0.000267  13591.990    80.044586   2.093873   7.088672    -603.908 0
193.368650 -15.508269   0.049618  0.000067  14875.102    20.086095   2.096489   7.097530     621.081 0
193.284000 -15.546583   0.051669  0.000183  15489.977    54.862020   2.097521   7.101022    1208.102 0
193.399667 -15.492083   0.044748  0.000267  13415.113    80.044586   2.099028   7.106126    -772.773 0
193.553177 -15.427979   0.047650  0.000870  14285.111    99.990000   2.104379   7.124241      57.815 0
193.332129 -15.515061   0.048283  0.000067  14474.879    20.086095   2.105233   7.127132     238.987 0
193.109708 -15.632278   0.048340  0.000410  14491.967    99.990000   2.105843   7.129195     255.301 0
193.357056 -15.502183   0.049810  0.000300  14932.662    89.937737   2.106670   7.131995     676.033 0
193.218708 -15.568583   0.057506  0.000200  17239.865    59.958492   2.107516   7.134861    2878.723 1
193.307667 -15.522306   0.047256  0.000130  14166.992    38.973020   2.108989   7.139847     -54.953 0
193.815375 -15.351472   0.049904  0.000267  14960.843    80.044586   2.109055   7.140072     702.937 0
192.210875 -16.697000   0.043127  0.000150  12929.149    44.968869   2.109251   7.140735   -1236.723 0
193.099667 -15.632333   0.046120  0.000150  13826.428    44.968869   2.110939   7.146450    -380.090 0
193.582504 -15.410640   0.048210  0.000250  14452.994    74.948115   2.111605   7.148703     218.094 0
193.235458 -15.552667   0.049117  0.000093  14724.906    27.880699   2.113784   7.156082     477.688 0
193.288750 -19.306389   0.038443  0.000150  11524.921    44.968869   2.122784   7.186549   -2577.341 1
193.304792 -15.507417   0.046590  0.000070  13967.331    20.985472   2.123548   7.189136    -245.570 0
196.517375 -17.430417   0.046422  0.000150  13916.965    44.968869   2.124600   7.192696    -293.654 0
192.222091 -18.207960   0.039234  0.000150  11762.057    44.968869   2.128724   7.206658   -2350.947 1
193.256500 -15.524500   0.043860  0.000240  13148.897    71.950190   2.129211   7.208307   -1026.930 0
192.865208 -15.769889   0.047763  0.000267  14318.987    80.044586   2.131716   7.216790      90.157 0
193.226875 -15.535333   0.049564  0.000147  14858.913    44.069491   2.132927   7.220887     605.625 0
193.140292 -15.577111   0.044650  0.000160  13385.733    47.966793   2.137512   7.236411    -800.822 0
193.328896 -15.479956   0.049481  0.000267  14834.031    80.044586   2.138228   7.238832     581.870 0
196.532495 -17.439866   0.045775  0.000150  13723.000    44.968869   2.139132   7.241895    -478.833 0
193.297067 -15.491650   0.049738  0.000023  14911.077     6.895227   2.140949   7.248046     655.426 0
193.736083 -15.330806   0.043033  0.000267  12900.969    80.044586   2.146636   7.267300   -1263.627 0
196.256542 -16.365000   0.042633  0.000150  12781.052    44.968869   2.147655   7.270749   -1378.112 0
193.362250 -15.453500   0.050260  0.000310  15067.569    92.935662   2.148834   7.274741     804.829 0
193.198708 -15.531667   0.045301  0.000254  13580.898    76.147284   2.149055   7.275488    -614.498 0
193.620758 -15.355412   0.046780  0.000550  14024.291    99.990000   2.152878   7.288431    -191.190 0
193.468811 -15.403941   0.044710  0.000220  13403.721    65.954341   2.155026   7.295703    -783.649 0
193.170000 -15.539556   0.045008  0.000270  13493.059    80.943964   2.155618   7.297705    -698.358 0
193.400625 -15.428056   0.046510  0.000110  13943.347    32.977170   2.157362   7.303610    -268.467 0
193.110917 -15.568722   0.045350  0.000330  13595.588    98.931511   2.159196   7.309822    -600.473 0
193.169350 -15.534892   0.050755  0.000093  15215.966    27.880699   2.159975   7.312459     946.504 0
193.132500 -15.554222   0.048280  0.000140  14473.980    41.970944   2.160977   7.315849     238.129 0
192.812875 -15.772722   0.045190  0.000160  13547.621    47.966793   2.161775   7.318552    -646.267 0
193.075017 -15.584381   0.047470  0.000110  14231.148    32.977170   2.164020   7.326150       6.297 0
193.288583 -15.466028   0.049014  0.000147  14694.028    44.069491   2.167510   7.337967     448.208 0
193.270292 -15.469389   0.049951  0.000267  14974.933    80.044586   2.172262   7.354054     716.389 0
195.340292 -15.482111   0.061312  0.000150  18380.875    44.968869   2.173459   7.358105    3968.047 1
193.321625 -15.443833   0.051005  0.000173  15290.914    51.864095   2.173851   7.359433    1018.057 0
193.395708 -15.410833   0.043940  0.000190  13172.881    56.960567   2.175042   7.363466   -1004.033 0
193.241750 -15.479444   0.048470  0.000170  14530.940    50.964718   2.175674   7.365606     292.509 0
193.445667 -15.387778   0.062080  0.000300  18611.116    89.937737   2.178168   7.374047    4187.858 1
193.268125 -15.454944   0.049690  0.000070  14896.687    20.985472   2.186106   7.400923     641.688 0
193.090375 -15.547250   0.045228  0.000247  13559.013    74.048737   2.187746   7.406474    -635.391 0
193.267875 -15.450194   0.042446  0.000300  12724.991    89.937737   2.190464   7.415676   -1431.634 0
193.265829 -15.450378   0.042993  0.000077  12888.977    23.084019   2.191170   7.418066   -1275.076 0
193.146625 -15.508722   0.048290  0.000110  14476.978    32.977170   2.193459   7.425814     240.991 0
193.435625 -15.373250   0.046339  0.000217  13892.083    65.054963   2.195214   7.431756    -317.409 0
192.038833 -16.935333   0.043864  0.000150  13150.096    44.968869   2.200883   7.450947   -1025.785 0
193.626583 -15.297139   0.044710  0.000250  13403.721    74.948115   2.206987   7.471613    -783.649 0
192.797917 -15.722139   0.048674  0.000267  14592.098    80.044586   2.209535   7.480239     350.896 0
193.561508 -15.308076   0.056560  0.000250  16956.261    74.948115   2.215229   7.499515    2607.966 1
194.946792 -19.538056   0.045361  0.000150  13598.886    44.968869   2.217083   7.505794    -597.325 0
192.702625 -15.792417   0.047940  0.000267  14372.050    80.044586   2.217409   7.506897     140.816 0
194.954125 -19.537389   0.044584  0.000150  13365.947    44.968869   2.218430   7.510351    -819.712 0
192.668958 -15.820778   0.048937  0.000267  14670.944    80.044586   2.219074   7.512532     426.170 0
193.382750 -15.365472   0.042480  0.000190  12735.184    56.960567   2.221624   7.521166   -1421.903 0
193.398375 -15.356389   0.047923  0.000314  14366.954    94.134832   2.224240   7.530021     135.951 0
193.236167 -15.423717   0.044667  0.000103  13390.830    30.878623   2.227701   7.541741    -795.956 0
193.077875 -15.506861   0.046450  0.000100  13925.360    29.979246   2.228428   7.544201    -285.640 0
193.251917 -15.415056   0.047010  0.000190  14093.243    56.960567   2.228707   7.545144    -125.361 0
193.399667 -15.349056   0.048557  0.000267  14557.022    80.044586   2.230546   7.551369     317.409 0
192.877125 -15.634639   0.044380  0.000070  13304.789    20.985472   2.230619   7.551619    -878.099 0
193.476583 -15.319806   0.046670  0.000200  13991.314    59.958492   2.231007   7.552930    -222.673 0
193.256208 -15.403528   0.046270  0.000100  13871.397    29.979246   2.237228   7.573991    -337.158 0
193.421000 -15.333556   0.048990  0.000170  14686.833    50.964718   2.237251   7.574072     441.339 0
193.189458 -15.433750   0.047520  0.000310  14246.138    92.935662   2.239323   7.581083      20.607 0
193.428917 -15.328250   0.048070  0.000190  14411.023    56.960567   2.239394   7.581326     178.024 0
193.158875 -15.445083   0.045178  0.000267  13544.024    80.044586   2.243226   7.594297    -649.702 0
193.483542 -15.301583   0.045271  0.000050  13571.904    14.989623   2.245812   7.603051    -623.084 0
195.700653 -19.216333   0.039444  0.000150  11825.014    44.968869   2.251282   7.621571   -2290.843 1
193.482792 -15.295917   0.046950  0.000220  14075.256    65.954341   2.251380   7.621902    -142.534 0
193.278758 -15.374589   0.046365  0.000073  13899.877    21.884849   2.253930   7.630536    -309.968 0
193.236625 -15.392639   0.044651  0.000123  13386.033    36.874472   2.255276   7.635094    -800.536 0
193.356964 -15.338860   0.044810  0.000210  13433.700    62.956416   2.255758   7.636725    -755.028 0
193.081833 -15.470667   0.050125  0.000310  15027.097    92.935662   2.257504   7.642634     766.190 0
193.281792 -15.366306   0.045810  0.000120  13733.493    35.975095   2.260182   7.651702    -468.816 0
193.127875 -15.437194   0.050035  0.000037  15000.116    11.092321   2.264491   7.666288     740.431 0
192.934667 -15.552028   0.045718  0.000173  13705.912    51.864095   2.265147   7.668510    -495.147 0
193.028958 -19.331000   0.038016  0.000103  11396.910    30.878623   2.266188   7.672034   -2699.554 1
193.400333 -15.309028   0.048934  0.000467  14670.044    99.990000   2.267364   7.676015     425.311 0
193.218042 -15.387972   0.047069  0.000147  14110.931    44.069491   2.267404   7.676151    -108.474 0
193.638264 -19.593883   0.043607  0.000150  13073.050    44.968869   2.269813   7.684306   -1099.341 0
193.593674 -15.240585   0.057810  0.000320  17331.002    95.933587   2.270219   7.685680    2965.731 1
193.267433 -15.360508   0.049137  0.000267  14730.902    80.044586   2.271286   7.689294     483.413 0
193.243667 -15.369750   0.042330  0.000150  12690.215    44.968869   2.272823   7.694498   -1464.834 1
192.801792 -15.629972   0.044177  0.000267  13243.931    80.044586   2.278456   7.713567    -936.200 0
193.343667 -15.318694   0.045480  0.000140  13634.561    41.970944   2.279299   7.716421    -563.266 0
192.519167 -15.882194   0.045215  0.000267  13555.116    80.044586   2.279369   7.716659    -639.112 0
192.983917 -15.500000   0.045375  0.000247  13603.083    74.048737   2.282025   7.725648    -593.318 0
193.197492 -15.381536   0.045485  0.000267  13636.060    80.044586   2.282046   7.725721    -561.835 0
193.151125 -15.403417   0.042660  0.000160  12789.146    47.966793   2.283345   7.730118   -1370.384 0
192.899042 -15.543333   0.034144  0.000267  10236.114    80.044586   2.291818   7.758802   -3807.768 1
193.497333 -15.247167   0.041449  0.000267  12426.098    80.044586   2.292623   7.761528   -1716.987 1
193.280417 -15.325583   0.049130  0.000100  14728.803    29.979246   2.297641   7.778517     481.409 0
193.073208 -15.425722   0.045255  0.000033  13567.108     9.893151   2.300397   7.787848    -627.663 0
193.169417 -15.372833   0.046640  0.001750  13982.320    99.990000   2.302119   7.793675    -231.260 0
193.637542 -15.194694   0.044140  0.000170  13232.839    50.964718   2.302451   7.794800    -946.790 0
193.451833 -15.252111   0.047810  0.000190  14333.077    56.960567   2.302689   7.795605     103.609 0
193.364250 -15.282333   0.045130  0.000190  13529.634    56.960567   2.305120   7.803837    -663.440 0
193.249208 -15.330333   0.044808  0.000320  13433.100    95.933587   2.306008   7.806843    -755.600 0
196.354292 -16.206139   0.040855  0.000150  12248.021    44.968869   2.308382   7.814881   -1886.997 1
192.971250 -15.475667   0.045440  0.000200  13622.569    59.958492   2.309010   7.817006    -574.714 0
193.312792 -15.299083   0.051312  0.000267  15382.951    80.044586   2.309065   7.817190    1105.924 0
193.224875 -15.337028   0.044397  0.000330  13309.886    98.931511   2.310097   7.820686    -873.234 0
193.726250 -15.162556   0.049790  0.000050  14926.666    14.989623   2.312231   7.827911     670.309 0
192.799125 -15.587833   0.046720  0.000080  14006.304    23.983397   2.313113   7.830895    -208.363 0
192.587625 -15.757361   0.048280  0.000267  14473.980    80.044586   2.318674   7.849724     238.129 0
192.886583 -15.516556   0.045641  0.000267  13682.828    80.044586   2.320537   7.856029    -517.186 0
193.038512 -15.421353   0.045745  0.000110  13714.006    32.977170   2.321039   7.857729    -487.419 0
193.025167 -15.428556   0.047349  0.000150  14194.873    44.968869   2.321466   7.859173     -28.335 0
192.518250 -15.816139   0.046475  0.000267  13932.854    80.044586   2.324831   7.870565    -278.485 0
193.157583 -15.352750   0.043633  0.000587  13080.844    99.990000   2.325149   7.871643   -1091.900 0
193.077396 -15.394303   0.045658  0.000077  13687.924    23.084019   2.325577   7.873091    -512.320 0
193.465500 -15.219111   0.045305  0.000103  13582.097    30.878623   2.329217   7.885414    -613.353 0
192.529500 -15.797444   0.048233  0.000267  14459.890    80.044586   2.329941   7.887868     224.677 0
196.261417 -16.022722   0.031445  0.000150   9426.974    44.968869   2.337348   7.912943   -4580.255 1
195.964788 -15.702104   0.046002  0.000150  13791.053    44.968869   2.339238   7.919339    -413.863 0
193.213042 -15.309528   0.043413  0.000267  13014.890    80.044586   2.339760   7.921108   -1154.866 0
191.840000 -17.491889   0.057226  0.000150  17155.923    44.968869   2.339949   7.921746    2798.583 1
193.173417 -15.324639   0.041659  0.000077  12489.054    23.084019   2.343158   7.932611   -1656.883 1
193.242042 -15.291333   0.043840  0.000190  13142.901    56.960567   2.344171   7.936040   -1032.654 0
193.117208 -15.351694   0.047740  0.000180  14312.092    53.962642   2.344241   7.936279      83.574 0
193.304583 -15.262500   0.048930  0.000620  14668.845    99.990000   2.345705   7.941233     424.167 0
193.216167 -15.301306   0.044864  0.000093  13449.889    27.880699   2.345843   7.941702    -739.572 0
193.001292 -15.413639   0.047993  0.000147  14387.939    44.069491   2.346086   7.942523     155.986 0
193.576917 -15.166111   0.044881  0.000267  13454.985    80.044586   2.346118   7.942633    -734.707 0
193.252750 -15.283139   0.045938  0.000267  13771.866    80.044586   2.347253   7.946476    -432.181 0
193.163667 -15.324528   0.046070  0.000640  13811.439    99.990000   2.347504   7.947326    -394.400 0
192.841042 -15.510722   0.034460  0.000090  10330.848    26.981321   2.350611   7.957843   -3717.325 1
193.162208 -15.318083   0.044461  0.000267  13329.072    80.044586   2.353872   7.968882    -854.916 0
192.992750 -15.409222   0.045305  0.000267  13582.097    80.044586   2.354126   7.969742    -613.353 0
193.277625 -15.260722   0.043703  0.000294  13101.830    88.138983   2.357764   7.982058   -1071.865 0
193.396167 -15.208611   0.035470  0.000550  10633.638    99.990000   2.362196   7.997064   -3428.250 1
192.911250 -15.446528   0.045990  0.000130  13787.455    38.973020   2.364873   8.006126    -417.297 0
193.238042 -15.268861   0.041235  0.000267  12361.942    80.044586   2.366130   8.010380   -1778.237 1
193.072875 -15.346944   0.042379  0.000063  12704.905    18.886925   2.368879   8.019689   -1450.810 1
193.151208 -15.306361   0.047510  0.000090  14243.140    26.981321   2.369100   8.020438      17.745 0
192.790792 -15.522167   0.046660  0.000100  13988.316    29.979246   2.370013   8.023526    -225.535 0
195.975917 -19.159500   0.044908  0.000180  13463.080    53.962642   2.375277   8.041350    -726.979 0
193.081750 -15.332306   0.042336  0.000050  12692.014    14.989623   2.377525   8.048958   -1463.117 1
193.484208 -15.161389   0.045185  0.000210  13546.122    62.956416   2.377781   8.049826    -647.698 0
193.081958 -15.331222   0.042476  0.000047  12733.984    14.090246   2.378376   8.051841   -1423.047 0
193.138292 -15.301583   0.041439  0.000030  12423.100     8.993774   2.379018   8.054014   -1719.849 1
193.459917 -15.165806   0.041258  0.000267  12368.837    80.044586   2.381219   8.061465   -1771.654 1
193.271167 -15.236861   0.042092  0.000107  12618.864    32.077793   2.382057   8.064301   -1532.953 1
192.213167 -18.739000   0.047510  0.000103  14243.140    30.878623   2.386091   8.077959      17.745 0
193.475750 -15.150083   0.046020  0.000150  13796.449    44.968869   2.391094   8.094896    -408.711 0
193.423500 -15.167111   0.047710  0.000240  14303.098    71.950190   2.391789   8.097249      74.988 0
193.445833 -15.154056   0.045938  0.000107  13771.866    32.077793   2.396789   8.114177    -432.181 0
192.941208 -15.385417   0.046799  0.000254  14029.987    76.147284   2.400424   8.126483    -185.752 0
192.925250 -15.394778   0.045021  0.000294  13496.956    88.138983   2.400760   8.127620    -694.637 0
192.853363 -15.438112   0.045690  0.000240  13697.517    71.950190   2.402964   8.135080    -503.161 0
193.159625 -15.263139   0.049998  0.000267  14989.023    80.044586   2.403965   8.138470     729.841 0
192.825667 -15.452944   0.034340  0.000170  10294.873    50.964718   2.406059   8.145560   -3751.670 1
193.265625 -19.610639   0.046772  0.000113  14021.893    33.876548   2.407221   8.149494    -193.479 0
193.487917 -15.121028   0.045260  0.000260  13568.607    77.946039   2.414879   8.175419    -626.232 0
193.299000 -15.187972   0.045595  0.000267  13669.037    80.044586   2.416239   8.180021    -530.351 0
192.892750 -15.382778   0.044270  0.000120  13271.812    35.975095   2.427749   8.218988    -909.583 0
193.394458 -15.136000   0.047579  0.000267  14263.825    80.044586   2.430615   8.228690      37.494 0
193.150292 -15.236250   0.040805  0.000267  12233.031    80.044586   2.431993   8.233358   -1901.308 1
195.349250 -15.196611   0.040538  0.000150  12152.987    44.968869   2.433949   8.239978   -1977.727 1
193.168458 -15.224194   0.046350  0.000160  13895.380    47.966793   2.435108   8.243902    -314.261 0
193.192000 -15.203889   0.046770  0.000210  14021.293    62.956416   2.443638   8.272779    -194.052 0
193.468875 -15.093139   0.047430  0.000180  14219.156    53.962642   2.447106   8.284522      -5.152 0
193.929875 -14.983389   0.049337  0.000267  14790.861    80.044586   2.452074   8.301340     540.655 0
193.497467 -15.075947   0.045980  0.000270  13784.457    80.943964   2.454848   8.310729    -420.160 0
193.534875 -15.064361   0.044330  0.000110  13289.800    32.977170   2.455148   8.311748    -892.410 0
193.133421 -15.217733   0.047096  0.000080  14119.026    23.983397   2.455764   8.313833    -100.747 0
193.555145 -15.056089   0.048440  0.000140  14521.947    41.970944   2.457462   8.319579     283.923 0
193.012875 -15.276639   0.041635  0.000040  12481.859    11.991698   2.458278   8.322341   -1663.752 1
192.943042 -15.312833   0.044054  0.000083  13207.057    24.882774   2.461072   8.331800    -971.404 0
193.171958 -15.193000   0.052313  0.000267  15683.043    80.044586   2.461711   8.333965    1392.423 0
193.036250 -15.258722   0.045278  0.000140  13574.003    41.970944   2.462933   8.338102    -621.081 0
195.944618 -19.309292   0.045732  0.000150  13710.109    44.968869   2.468403   8.356620    -491.140 0
193.495292 -15.060389   0.044880  0.000190  13454.686    56.960567   2.470289   8.363005    -734.993 0
192.769000 -19.409583   0.046045  0.000103  13803.944    30.878623   2.470299   8.363041    -401.556 0
192.928792 -15.306500   0.047930  0.000130  14369.053    38.973020   2.473590   8.374182     137.954 0
193.155583 -15.184111   0.040370  0.000120  12102.622    35.975095   2.476518   8.384093   -2025.810 1
193.126229 -15.197231   0.047626  0.000063  14277.916    18.886925   2.477164   8.386281      50.946 0
192.860250 -15.343833   0.044140  0.000267  13232.839    80.044586   2.477332   8.386848    -946.790 0
192.959083 -15.284000   0.046515  0.000320  13944.846    95.933587   2.477816   8.388487    -267.036 0
193.131042 -15.192500   0.048510  0.000130  14542.932    38.973020   2.479340   8.393647     303.957 0
193.026042 -15.245250   0.043540  0.000300  13052.964    89.937737   2.479442   8.393991   -1118.518 0
196.177292 -19.116861   0.044467  0.000150  13330.871    44.968869   2.479815   8.395256    -853.199 0
192.920833 -15.301833   0.032776  0.000267   9825.998    80.044586   2.481555   8.401144   -4199.306 1
192.485667 -15.620333   0.048000  0.000267  14390.038    80.044586   2.484742   8.411933     157.989 0
196.664500 -16.387500   0.037229  0.000150  11160.973    44.968869   2.485482   8.414439   -2924.803 1
192.914625 -15.298694   0.049891  0.000043  14956.946    12.891076   2.487345   8.420749     699.217 0
195.951000 -19.330000   0.045501  0.000333  13640.857    99.830889   2.488234   8.423758    -557.255 0
195.699995 -19.506337   0.039447  0.000150  11825.913    44.968869   2.489519   8.428106   -2289.984 1
193.600917 -15.010250   0.049441  0.000267  14822.039    80.044586   2.489521   8.428114     570.421 0
193.075000 -15.207694   0.049650  0.000600  14884.696    99.990000   2.490211   8.430451     630.239 0
196.895042 -17.610972   0.045065  0.000150  13510.147    44.968869   2.492897   8.439542    -682.044 0
193.029250 -15.227861   0.049628  0.000050  14878.100    14.989623   2.493167   8.440456     623.943 0
193.271500 -15.111478   0.045240  0.000250  13562.611    74.948115   2.496905   8.453113    -631.957 0
193.125479 -15.174844   0.046959  0.000080  14077.954    23.983397   2.497511   8.455163    -139.958 0
192.918042 -15.283806   0.040631  0.000267  12180.867    80.044586   2.498291   8.457804   -1951.109 1
192.773042 -15.375167   0.042613  0.000267  12775.056    80.044586   2.498540   8.458647   -1383.836 0
193.679500 -14.978444   0.044240  0.000220  13262.818    65.954341   2.501670   8.469242    -918.169 0
193.097708 -15.182611   0.047099  0.000213  14119.925    63.855794   2.502502   8.472060     -99.888 0
193.176625 -15.144333   0.044844  0.000050  13443.893    14.989623   2.503758   8.476311    -745.297 0
192.688375 -15.427333   0.045061  0.000267  13508.948    80.044586   2.504703   8.479510    -683.189 0
192.507958 -15.572139   0.048153  0.000267  14435.906    80.044586   2.505206   8.481214     201.780 0
193.113167 -15.171667   0.041132  0.000457  12331.063    99.990000   2.505603   8.482557   -1807.717 1
195.984195 -19.326257   0.045978  0.000150  13783.858    44.968869   2.505656   8.482738    -420.732 0
193.052579 -15.199414   0.048824  0.000073  14637.067    21.884849   2.507550   8.489151     393.828 0
193.197333 -15.130639   0.041425  0.000217  12418.903    65.054963   2.507877   8.490258   -1723.856 1
193.114750 -15.163028   0.052169  0.000244  15639.873    73.149360   2.512652   8.506423    1351.208 0
191.706708 -17.908583   0.038967  0.000150  11682.013    44.968869   2.515415   8.515776   -2427.366 1
193.106829 -15.161331   0.051856  0.000083  15546.038    24.882774   2.517553   8.523015    1261.624 0
193.070958 -15.174778   0.047990  0.000220  14387.040    65.954341   2.521162   8.535233     155.127 0
193.513500 -15.000111   0.047670  0.000110  14291.106    32.977170   2.522555   8.539949      63.539 0
192.730125 -15.373444   0.046490  0.000110  13937.351    32.977170   2.523888   8.544462    -274.191 0
192.478125 -15.572972   0.047736  0.000267  14310.893    80.044586   2.524016   8.544895      82.429 0
193.040875 -15.185889   0.048280  0.000367  14473.980    99.990000   2.524744   8.547360     238.129 0
193.076000 -15.162583   0.046559  0.000267  13958.037    80.044586   2.529778   8.564401    -254.443 0
193.068542 -15.162139   0.050792  0.000180  15227.059    53.962642   2.533441   8.576801     957.094 0
193.421083 -15.016333   0.045114  0.000287  13524.837    86.040435   2.534544   8.580538    -668.019 0
192.681792 -15.391417   0.048050  0.000110  14405.028    32.977170   2.537041   8.588989     172.300 0
192.990583 -15.197083   0.042409  0.000093  12713.898    27.880699   2.537994   8.592215   -1442.224 1
193.203875 -19.730889   0.047083  0.000103  14115.128    30.878623   2.541043   8.602540    -104.467 0
192.525000 -15.508139   0.046816  0.000267  14035.084    80.044586   2.541748   8.604925    -180.886 0
192.797875 -15.305444   0.044180  0.000190  13244.831    56.960567   2.542322   8.606868    -935.342 0
193.451042 -14.997250   0.048430  0.000150  14518.949    44.968869   2.543433   8.610628     281.060 0
192.770065 -15.321329   0.047590  0.000120  14267.123    35.975095   2.544221   8.613299      40.642 0
193.742375 -14.920333   0.044454  0.000267  13326.974    80.044586   2.545205   8.616628    -856.920 0
192.842500 -15.268556   0.044730  0.000150  13409.717    44.968869   2.549629   8.631606    -777.925 0
193.095625 -15.130611   0.046305  0.000107  13881.890    32.077793   2.549807   8.632209    -327.141 0
193.052750 -15.151278   0.040605  0.000057  12173.073    17.088170   2.550033   8.632973   -1958.550 1
193.103833 -15.125333   0.052160  0.000100  15637.175    29.979246   2.551042   8.636390    1348.632 0
193.079750 -15.135917   0.045908  0.000093  13762.872    27.880699   2.551886   8.639248    -440.767 0
196.033833 -19.351250   0.044227  0.000150  13258.921    44.968869   2.555380   8.651074    -921.890 0
193.023792 -15.157972   0.044321  0.000170  13287.102    50.964718   2.557050   8.656730    -894.986 0
193.361083 -15.012083   0.048850  0.000110  14644.862    32.977170   2.557849   8.659436     401.270 0
193.295456 -15.033877   0.046780  0.000160  14024.291    47.966793   2.559986   8.666669    -191.190 0
192.894542 -19.597167   0.056873  0.000150  17050.096    44.968869   2.560032   8.666826    2697.551 1
193.065250 -15.133444   0.051005  0.000180  15290.914    53.962642   2.560381   8.668007    1018.057 0
192.856125 -15.239861   0.042529  0.000267  12749.873    80.044586   2.566833   8.689848   -1407.878 0
193.381042 -14.990944   0.044731  0.000267  13410.016    80.044586   2.571194   8.704614    -777.639 0
193.100067 -15.103401   0.050190  0.000490  15046.583    99.990000   2.572298   8.708349     784.794 0
192.835750 -15.245611   0.047310  0.000100  14183.181    29.979246   2.572412   8.708735     -39.497 0
193.691375 -14.902111   0.046680  0.000180  13994.312    53.962642   2.573418   8.712141    -219.811 0
192.784180 -15.273900   0.045130  0.000150  13529.634    44.968869   2.575780   8.720138    -663.440 0
193.495000 -19.874167   0.057920  0.000103  17363.979    30.878623   2.577423   8.725699    2997.215 1
192.457631 -19.304666   0.039107  0.000150  11723.984    44.968869   2.577824   8.727058   -2387.296 1
193.131393 -15.081887   0.048910  0.000110  14662.849    32.977170   2.578652   8.729860     418.442 0
193.494750 -14.946250   0.049020  0.000267  14695.826    80.044586   2.579296   8.732042     449.926 0
192.760833 -15.281972   0.045640  0.000120  13682.528    35.975095   2.581618   8.739904    -517.472 0
192.724250 -15.306306   0.049340  0.000120  14791.760    35.975095   2.581640   8.739976     541.514 0
192.865891 -15.213840   0.045130  0.000290  13529.634    86.939813   2.583966   8.747850    -663.440 0
192.802246 -15.250336   0.045780  0.000220  13724.499    65.954341   2.585857   8.754252    -477.402 0
191.845708 -16.295472   0.043937  0.000150  13171.981    44.968869   2.586144   8.755224   -1004.891 0
196.642534 -16.115560   0.057463  0.000150  17226.974    44.968869   2.591102   8.772011    2866.416 1
192.945500 -15.157889   0.045281  0.000057  13574.902    17.088170   2.593279   8.779381    -620.222 0
192.998167 -15.127167   0.050141  0.000267  15031.894    80.044586   2.595765   8.787795     770.770 0
193.893000 -14.842083   0.045185  0.000267  13546.122    80.044586   2.596965   8.791858    -647.698 0
192.804958 -15.231917   0.046150  0.000150  13835.422    44.968869   2.599856   8.801645    -371.504 0
193.415333 -14.947806   0.047530  0.000130  14249.136    38.973020   2.601147   8.806018      23.469 0
192.504833 -15.437667   0.046752  0.000267  14015.897    80.044586   2.607467   8.827413    -199.204 0
191.778333 -18.440667   0.060569  0.000150  18158.129    44.968869   2.609102   8.832948    3755.391 1
193.609000 -14.884167   0.049470  0.000210  14830.733    62.956416   2.609395   8.833940     578.721 0
195.898000 -19.522500   0.045378  0.000150  13603.982    44.968869   2.609494   8.834276    -592.459 0
192.949042 -15.135278   0.042426  0.000133  12718.995    39.872397   2.611291   8.840358   -1437.358 1
193.181417 -15.019306   0.044851  0.000360  13445.992    99.990000   2.615638   8.855073    -743.293 0
195.490375 -19.767639   0.046079  0.000150  13814.137    44.968869   2.619745   8.868980    -391.825 0
192.813083 -15.200556   0.046080  0.000130  13814.436    38.973020   2.622021   8.876685    -391.538 0
192.737708 -15.247972   0.047640  0.000120  14282.113    35.975095   2.622138   8.877080      54.953 0
193.531542 -14.889917   0.044100  0.000267  13220.847    80.044586   2.623271   8.880915    -958.239 0
197.041458 -17.347806   0.045622  0.000150  13677.132    44.968869   2.625347   8.887945    -522.624 0
192.793655 -15.206000   0.043450  0.000120  13025.982    35.975095   2.627466   8.895119   -1144.277 0
193.023458 -15.078056   0.041740  0.000130  12513.337    38.973020   2.627888   8.896546   -1633.700 1
192.871583 -15.157806   0.042323  0.000267  12688.116    80.044586   2.628978   8.900238   -1466.838 1
193.180417 -15.004611   0.042630  0.000150  12780.152    44.968869   2.629466   8.901890   -1378.971 0
193.029000 -15.072500   0.049201  0.000267  14750.089    80.044586   2.630397   8.905041     501.730 0
192.841904 -15.173094   0.046080  0.000170  13814.436    50.964718   2.630659   8.905927    -391.538 0
192.860583 -15.160611   0.047550  0.000110  14255.131    32.977170   2.632001   8.910473      29.194 0
192.761083 -15.219722   0.034510  0.000510  10345.838    99.990000   2.633062   8.914062   -3703.014 1
192.957708 -19.716861   0.045795  0.000103  13728.996    30.878623   2.633330   8.914970    -473.109 0
192.771988 -15.210538   0.045520  0.001210  13646.553    99.990000   2.634973   8.920532    -551.817 0
192.200375 -15.687556   0.045028  0.000150  13499.055    44.968869   2.636205   8.924705    -692.634 0
193.181625 -14.986528   0.046552  0.000267  13955.939    80.044586   2.645565   8.956391    -256.446 0
192.803070 -15.176940   0.049120  0.000090  14725.806    26.981321   2.647074   8.961499     478.547 0
193.077850 -15.028455   0.048420  0.000420  14515.951    99.990000   2.648937   8.967807     278.198 0
192.760375 -15.196722   0.042270  0.000240  12672.227    71.950190   2.652607   8.980230   -1482.007 1
193.372708 -14.905444   0.047130  0.000100  14129.219    29.979246   2.654445   8.986452     -91.015 0
192.789250 -15.171444   0.044708  0.000267  13403.121    80.044586   2.658797   9.001187    -784.222 0
193.302250 -14.918028   0.048343  0.000267  14492.867    80.044586   2.665612   9.024259     256.160 0
192.732125 -15.197694   0.042430  0.000210  12720.194    62.956416   2.666735   9.028060   -1436.213 1
196.999000 -18.081306   0.035865  0.000150  10752.057    44.968869   2.669555   9.037608   -3315.197 1
196.860458 -16.335389   0.045738  0.000150  13711.907    44.968869   2.677492   9.064477    -489.423 0
193.238125 -14.921639   0.046992  0.000474  14087.847    99.990000   2.684525   9.088287    -130.513 0
193.512167 -14.827778   0.046972  0.000267  14081.851    80.044586   2.688099   9.100387    -136.237 0
193.100037 -14.973528   0.046560  0.000200  13958.337    59.958492   2.689438   9.104920    -254.156 0
193.643333 -14.788667   0.047359  0.000150  14197.871    44.968869   2.694283   9.121324     -25.473 0
192.695500 -15.186972   0.045922  0.000267  13767.069    80.044586   2.695223   9.124507    -436.760 0
193.480125 -14.828667   0.048160  0.000267  14438.005    80.044586   2.695858   9.126655     203.783 0
192.769333 -15.137722   0.043140  0.000160  12933.047    47.966793   2.697446   9.132030   -1233.002 0
192.665125 -15.203722   0.033363  0.000267  10001.976    80.044586   2.697977   9.133828   -4031.300 1
196.831250 -16.225194   0.045228  0.000150  13559.013    44.968869   2.698574   9.135850    -635.391 0
193.119917 -14.952556   0.049107  0.000267  14721.908    80.044586   2.700558   9.142565     474.826 0
193.139875 -14.943139   0.048727  0.000267  14607.987    80.044586   2.701336   9.145199     366.065 0
192.885875 -15.065833   0.046179  0.000267  13844.116    80.044586   2.701431   9.145522    -363.203 0
193.597542 -14.783278   0.044721  0.000150  13407.019    44.968869   2.709863   9.174068    -780.501 0
192.943667 -15.020139   0.049990  0.000110  14986.625    32.977170   2.714653   9.190284     727.552 0
192.837000 -15.070000   0.049406  0.000333  14811.546    99.830889   2.721289   9.212751     560.404 0
192.914337 -15.025838   0.050450  0.000190  15124.530    56.960567   2.723023   9.218619     859.209 0
192.250917 -19.327333   0.037736  0.000150  11312.968    44.968869   2.731388   9.246938   -2779.693 1
192.278917 -15.465972   0.046576  0.000150  13963.134    44.968869   2.732976   9.252317    -249.577 0
192.868833 -15.037194   0.045730  0.000240  13709.509    71.950190   2.734364   9.257016    -491.713 0
192.732770 -15.112070   0.049320  0.000380  14785.764    99.990000   2.737887   9.268942     535.789 0
192.501958 -15.268667   0.049004  0.000267  14691.030    80.044586   2.739314   9.273772     445.346 0
193.375792 -14.813056   0.045985  0.000267  13785.956    80.044586   2.740887   9.279096    -418.729 0
192.390583 -19.472083   0.039744  0.000083  11914.951    24.882774   2.745019   9.293085   -2204.979 1
195.994333 -19.626556   0.040565  0.000150  12161.081    44.968869   2.747736   9.302285   -1969.999 1
192.768792 -15.075667   0.044190  0.000140  13247.829    41.970944   2.750222   9.310700    -932.480 0
192.853500 -15.027139   0.043150  0.000267  12936.045    80.044586   2.750365   9.311185   -1230.140 0
192.789792 -15.059667   0.049640  0.000140  14881.698    41.970944   2.753345   9.321274     627.377 0
193.270250 -14.835556   0.044744  0.000267  13413.914    80.044586   2.753553   9.321976    -773.918 0
193.943027 -20.144817   0.047236  0.000150  14160.997    44.968869   2.753738   9.322603     -60.677 0
192.833125 -15.032722   0.048470  0.000170  14530.940    50.964718   2.755290   9.327859     292.509 0
192.814375 -15.042417   0.048904  0.000150  14661.050    44.968869   2.756028   9.330357     416.725 0
191.430333 -16.937028   0.057163  0.000150  17137.036    44.968869   2.770325   9.378759    2780.552 1
192.652750 -15.122750   0.048620  0.000267  14575.909    80.044586   2.771261   9.381928     335.441 0
192.507375 -15.215139   0.047196  0.000150  14149.005    44.968869   2.778210   9.405454     -72.125 0
196.615029 -19.090355   0.053644  0.000150  16082.067    44.968869   2.781705   9.417283    1773.371 1
196.911458 -18.631778   0.058084  0.000150  17413.145    44.968869   2.782557   9.420169    3044.154 1
192.914000 -19.864472   0.044974  0.000150  13482.866    44.968869   2.782940   9.421465    -708.089 0
193.232750 -14.815694   0.048200  0.000267  14449.996    80.044586   2.784911   9.428139     215.232 0
192.896122 -14.956854   0.048010  0.000110  14393.036    32.977170   2.791893   9.451776     160.851 0
193.022958 -14.890972   0.050760  0.000120  15217.465    35.975095   2.795518   9.464046     947.935 0
192.885167 -19.867500   0.046916  0.000150  14065.063    44.968869   2.798690   9.474786    -152.265 0
196.124087 -19.603593   0.046839  0.000150  14041.979    44.968869   2.804755   9.495319    -174.303 0
193.459625 -14.720750   0.046042  0.000267  13803.044    80.044586   2.804876   9.495729    -402.414 0
193.529792 -14.701750   0.045258  0.000267  13568.007    80.044586   2.805032   9.496257    -626.805 0
192.701000 -15.047750   0.049050  0.000130  14704.820    38.973020   2.808375   9.507575     458.512 0
196.640756 -19.102589   0.053537  0.000150  16049.989    44.968869   2.808665   9.508556    1742.746 1
192.717470 -15.033820   0.046820  0.000130  14036.283    38.973020   2.811686   9.518782    -179.741 0
192.806667 -14.981111   0.043460  0.000140  13028.980    41.970944   2.812590   9.521843   -1141.414 0
196.741042 -15.836833   0.039751  0.000150  11917.050    44.968869   2.818582   9.542128   -2202.976 1
197.192000 -17.963917   0.045575  0.000150  13663.041    44.968869   2.822876   9.556668    -536.076 0
193.107625 -14.817389   0.049097  0.000267  14718.910    80.044586   2.828828   9.576818     471.964 0
192.005250 -15.609444   0.047516  0.000150  14244.938    44.968869   2.828847   9.576880      19.462 0
195.953292 -19.771194   0.047493  0.000150  14238.043    44.968869   2.843601   9.626828      12.880 0
192.659917 -15.026028   0.043173  0.000267  12942.940    80.044586   2.847910   9.641417   -1223.557 0
197.230917 -17.920472   0.045605  0.000150  13672.035    44.968869   2.851221   9.652625    -527.489 0
193.397958 -14.687306   0.046689  0.000290  13997.010    86.939813   2.853981   9.661969    -217.235 0
194.035792 -14.559167   0.038170  0.000150  11443.078    44.968869   2.862350   9.690303   -2655.477 1
192.807042 -14.920056   0.043740  0.000080  13112.922    23.983397   2.865329   9.700387   -1061.275 0
197.250000 -17.922083   0.045695  0.000150  13699.016    44.968869   2.869425   9.714253    -501.730 0
192.602292 -15.032250   0.042429  0.000267  12719.894    80.044586   2.873170   9.726934   -1436.499 1
192.709883 -14.952469   0.046940  0.000100  14072.258    29.979246   2.884576   9.765548    -145.396 0
191.731000 -18.964889   0.037279  0.000103  11175.963    30.878623   2.894858   9.800357   -2910.492 1
192.683792 -14.951583   0.050705  0.000267  15200.977    80.044586   2.898425   9.812433     932.193 0
192.892917 -14.837667   0.042476  0.000267  12733.984    80.044586   2.898631   9.813131   -1423.047 1
192.971333 -14.798833   0.042293  0.000150  12679.122    44.968869   2.899903   9.817436   -1475.424 1
196.064333 -15.055833   0.061262  0.000150  18365.886    44.968869   2.900200   9.818443    3953.736 1
192.902208 -19.992167   0.043420  0.000113  13016.989    33.876548   2.901259   9.822027   -1152.863 0
193.181875 -14.704750   0.046976  0.000284  14083.051    85.141058   2.905911   9.837776    -135.092 0
191.392859 -16.515347   0.035565  0.000150  10662.119    44.968869   2.906690   9.840414   -3401.060 1
193.038708 -14.756944   0.048243  0.000267  14462.888    80.044586   2.910721   9.854058     227.539 0
192.982375 -14.781639   0.042169  0.000267  12641.948    80.044586   2.910867   9.854553   -1510.915 1
195.793135 -19.952707   0.039274  0.000150  11774.049    44.968869   2.917927   9.878454   -2339.499 1
192.505792 -15.037278   0.048523  0.000267  14546.829    80.044586   2.921712   9.891269     307.678 0
192.295521 -15.193444   0.047463  0.000150  14229.049    44.968869   2.922855   9.895140       4.293 0
192.786417 -14.855528   0.046810  0.000170  14033.285    50.964718   2.931190   9.923358    -182.603 0
191.472829 -18.579046   0.037356  0.000183  11199.047    54.862020   2.931583   9.924686   -2888.454 1
192.550583 -19.829833   0.039331  0.000150  11791.137    44.968869   2.933833   9.932304   -2323.185 1
196.816682 -15.727823   0.039848  0.000150  11946.130    44.968869   2.939763   9.952379   -2175.213 1
192.550958 -14.984972   0.053063  0.000267  15907.887    80.044586   2.939816   9.952560    1607.082 1
192.652917 -14.898528   0.046542  0.000267  13952.941    80.044586   2.959035  10.017623    -259.308 0
192.767000 -19.995333   0.046465  0.000150  13929.857    44.968869   2.965163  10.038369    -281.347 0
191.386500 -18.474167   0.038230  0.000150  11461.066    44.968869   2.968160  10.048517   -2638.305 1
192.939958 -14.733583   0.042012  0.000267  12594.881    80.044586   2.971680  10.060434   -1555.850 1
192.548292 -14.932472   0.046282  0.000150  13874.995    44.968869   2.984707  10.104536    -333.723 0
191.675792 -15.767528   0.045448  0.000150  13624.968    44.968869   2.987929  10.115443    -572.425 0
192.519917 -14.940833   0.047373  0.000267  14202.068    80.044586   2.992970  10.132508     -21.466 0
192.442083 -14.989194   0.045375  0.000267  13603.083    80.044586   2.996295  10.143765    -593.318 0
192.940542 -14.703000   0.044481  0.000267  13335.068    80.044586   2.999026  10.153012    -849.192 0
192.446583 -14.978417   0.045345  0.000150  13594.089    44.968869   3.002494  10.164752    -601.904 0
195.917958 -19.985056   0.043930  0.000150  13169.883    44.968869   3.005898  10.176275   -1006.895 0
192.554208 -14.898972   0.046906  0.000267  14062.065    80.044586   3.009474  10.188381    -155.127 0
192.833417 -14.728194   0.043617  0.000267  13076.048    80.044586   3.021950  10.230619   -1096.479 0
196.441583 -19.639478   0.044924  0.000150  13467.876    44.968869   3.029345  10.255654    -722.400 0
192.639500 -14.812028   0.045018  0.000267  13496.057    80.044586   3.039446  10.289851    -695.496 0
192.746625 -14.751639   0.042679  0.000267  12794.842    80.044586   3.040415  10.293130   -1364.946 1
191.173542 -18.053444   0.045044  0.000150  13503.851    44.968869   3.043034  10.301997    -688.054 0
191.952424 -15.332510   0.043263  0.000150  12969.921    44.968869   3.049487  10.323844   -1197.798 0
192.518292 -14.871750   0.046542  0.000267  13952.941    80.044586   3.051098  10.329296    -259.308 0
192.755083 -14.729000   0.042936  0.000267  12871.889    80.044586   3.056360  10.347110   -1291.390 1
197.448833 -16.869583   0.044844  0.000150  13443.893    44.968869   3.061573  10.364760    -745.297 0
192.046833 -15.216167   0.046532  0.000150  13949.943    44.968869   3.066381  10.381037    -262.170 0
191.422833 -18.802000   0.046719  0.000083  14006.004    24.882774   3.069769  10.392508    -208.649 0
197.078750 -18.945000   0.047329  0.000233  14188.877    69.851643   3.070696  10.395645     -34.059 0
192.624875 -14.762611   0.048890  0.000267  14656.853    80.044586   3.088969  10.457507     412.718 0
191.901781 -19.502285   0.050505  0.000150  15141.018    44.968869   3.093451  10.472679     874.951 0
191.055417 -17.189944   0.037663  0.000150  11291.083    44.968869   3.095105  10.478281   -2800.587 1
196.137363 -19.959590   0.039811  0.000150  11935.038    44.968869   3.098204  10.488772   -2185.803 1
192.665083 -14.727472   0.046419  0.000267  13916.066    80.044586   3.099773  10.494085    -294.512 0
191.109292 -18.119444   0.037416  0.000150  11217.035    44.968869   3.117316  10.553475   -2871.281 1
197.352000 -18.539639   0.044101  0.000150  13221.147    44.968869   3.131313  10.600859    -957.952 0
197.569583 -17.224139   0.055722  0.000150  16705.035    44.968869   3.134095  10.610277    2368.120 1
197.417921 -16.416135   0.032000  0.000333   9593.359    99.830889   3.145330  10.648315   -4421.407 1
191.968464 -15.176413   0.033913  0.000150  10166.862    44.968869   3.147160  10.654507   -3873.883 1
191.302208 -16.066806   0.042122  0.000150  12627.858    44.968869   3.152697  10.673254   -1524.366 1
193.453208 -20.474917   0.063290  0.000150  18973.865    44.968869   3.166303  10.719316    4534.175 1
196.059958 -20.100889   0.051422  0.000150  15415.928    44.968869   3.175564  10.750670    1137.408 0
190.970000 -17.169556   0.038166  0.000133  11441.879    39.872397   3.177891  10.758545   -2656.622 1
197.637000 -17.425556   0.044284  0.000150  13276.009    44.968869   3.192871  10.809260    -905.576 0
190.958875 -17.087583   0.038216  0.000150  11456.869    44.968869   3.195732  10.818946   -2642.312 1
192.891750 -14.504694   0.042499  0.000150  12740.880    44.968869   3.198391  10.827950   -1416.464 1
195.994250 -14.588278   0.047023  0.000150  14097.141    44.968869   3.257361  11.027586    -121.640 0
197.688829 -17.771377   0.033443  0.000150  10025.959    44.968869   3.262242  11.044112   -4008.403 1
191.061167 -16.309389   0.042553  0.000130  12757.068    38.973020   3.272733  11.079628   -1401.009 1
192.902875 -14.409583   0.043794  0.000150  13129.111    44.968869   3.280762  11.106808   -1045.820 0
191.305961 -15.684020   0.044027  0.000150  13198.963    44.968869   3.330887  11.276503    -979.132 0
196.670583 -19.852972   0.049768  0.000150  14920.071    44.968869   3.334451  11.288572     664.012 0
190.796039 -17.243370   0.038367  0.000150  11502.137    44.968869   3.338902  11.303641   -2599.094 1
195.898333 -20.385278   0.044711  0.000107  13404.021    32.077793   3.346352  11.328860    -783.363 0
192.475918 -14.540929   0.042733  0.000150  12811.031    44.968869   3.352196  11.348646   -1349.491 1
192.916958 -14.325083   0.042666  0.000150  12790.945    44.968869   3.352967  11.351256   -1368.667 1
192.876693 -14.338490   0.044871  0.000150  13451.987    44.968869   3.355895  11.361166    -737.569 0
192.572583 -14.469056   0.045125  0.000150  13528.135    44.968869   3.368087  11.402444    -664.871 0
196.273333 -20.204167   0.036955  0.001037  11078.830    99.990000   3.373319  11.420155   -3003.225 1
196.987750 -19.614000   0.046445  0.000150  13923.861    44.968869   3.387417  11.467884    -287.071 0
192.755417 -14.334333   0.042316  0.000150  12686.018    44.968869   3.407826  11.536976   -1468.841 1
190.802833 -18.143778   0.044864  0.000150  13449.889    44.968869   3.407883  11.537170    -739.572 0
197.704083 -18.426306   0.044978  0.000150  13484.065    44.968869   3.411392  11.549049    -706.944 0
193.696667 -14.046861   0.048270  0.000150  14470.982    44.968869   3.411729  11.550190     235.266 0
193.989333 -20.812028   0.048517  0.000150  14545.031    44.968869   3.413023  11.554572     305.961 0
190.941833 -16.190472   0.034611  0.000150  10376.117    44.968869   3.420779  11.580828   -3674.107 1
192.591500 -14.388833   0.041065  0.000150  12310.977    44.968869   3.429815  11.611421   -1826.893 1
191.006875 -15.965806   0.042496  0.000150  12739.980    44.968869   3.450782  11.682403   -1417.323 1
191.116625 -15.717583   0.044354  0.000150  13296.995    44.968869   3.470119  11.747866    -885.541 0
193.039833 -14.149972   0.046516  0.000150  13945.146    44.968869   3.472781  11.756877    -266.750 0
193.958789 -20.875187   0.048440  0.000150  14521.947    44.968869   3.478495  11.776223     283.923 0
197.519130 -15.769066   0.041245  0.000150  12364.940    44.968869   3.490719  11.817606   -1775.375 1
193.838708 -20.890806   0.048927  0.000150  14667.946    44.968869   3.506297  11.870344     423.308 0
196.389292 -20.306250   0.045231  0.000150  13559.913    44.968869   3.520055  11.916922    -634.533 0
193.722750 -20.893111   0.042046  0.000150  12605.074    44.968869   3.523901  11.929941   -1546.119 1
193.321292 -20.824139   0.041772  0.000113  12522.931    33.876548   3.536149  11.971407   -1624.541 1
192.084042 -14.554444   0.031619  0.000150   9479.138    44.968869   3.548906  12.014593   -4530.454 1
196.898333 -14.877111   0.061699  0.000150  18496.895    44.968869   3.551279  12.022629    4078.811 1
196.892917 -14.862611   0.060352  0.000150  18093.074    44.968869   3.558032  12.045491    3693.283 1
196.548458 -20.268889   0.050672  0.000150  15191.083    44.968869   3.578703  12.115469     922.748 0
190.535142 -17.349364   0.034544  0.000150  10356.031    44.968869   3.584160  12.133945   -3693.283 1
197.908667 -16.396083   0.041612  0.000150  12474.964    44.968869   3.598204  12.181489   -1670.335 1
192.162083 -20.417806   0.037556  0.000183  11259.006    54.862020   3.628479  12.283984   -2831.212 1
190.583125 -18.329278   0.036365  0.000150  10901.953    44.968869   3.655036  12.373890   -3172.090 1
190.750708 -15.976667   0.034771  0.000150  10424.084    44.968869   3.669907  12.424234   -3628.313 1
196.744491 -20.250426   0.047389  0.000333  14206.865    99.830889   3.680054  12.458588     -16.887 0
194.619708 -21.079972   0.047930  0.000150  14369.053    44.968869   3.682215  12.465903     137.954 0
190.481042 -16.779722   0.035091  0.000150  10520.017    44.968869   3.689680  12.491175   -3536.725 1
195.596167 -13.932389   0.061439  0.000150  18418.949    44.968869   3.695009  12.509217    4004.396 1
191.053125 -19.472861   0.063297  0.000083  18975.963    24.882774   3.714148  12.574011    4536.178 1
196.104875 -20.714722   0.043724  0.000150  13108.125    44.968869   3.729562  12.626193   -1065.854 1
198.200375 -17.627250   0.045935  0.000150  13770.967    44.968869   3.736655  12.650205    -433.039 0
191.075869 -15.253082   0.044054  0.000150  13207.057    44.968869   3.750720  12.697822    -971.404 1
197.407208 -15.104861   0.046506  0.000150  13942.148    44.968869   3.763127  12.739826    -269.612 0
197.906167 -15.838194   0.039878  0.000150  11955.124    44.968869   3.791364  12.835419   -2166.627 1
197.756292 -15.542028   0.040184  0.000150  12046.860    44.968869   3.798375  12.859157   -2079.046 1
196.825842 -20.354495   0.045818  0.000150  13735.891    44.968869   3.809735  12.897615    -466.526 0
195.468083 -21.061139   0.046239  0.000150  13862.103    44.968869   3.818927  12.928732    -346.031 0
191.916917 -20.500694   0.047056  0.000150  14107.034    44.968869   3.830957  12.969459    -112.195 0
197.790833 -19.295000   0.052886  0.000257  15854.824    77.046662   3.834314  12.980825    1556.422 1
190.301171 -16.944575   0.035558  0.000150  10660.020    44.968869   3.835364  12.984380   -3403.064 1
197.988333 -18.919250   0.062093  0.000150  18615.013    44.968869   3.836882  12.989520    4191.579 1
193.055125 -21.065972   0.045568  0.000150  13660.943    44.968869   3.840312  13.001131    -538.079 0
196.801583 -20.426000   0.044467  0.000150  13330.871    44.968869   3.850802  13.036645    -853.199 0
192.296042 -20.763194   0.037826  0.000150  11339.950    44.968869   3.854757  13.050032   -2753.934 1
194.123458 -21.263167   0.047289  0.000103  14176.886    30.878623   3.855325  13.051956     -45.508 0
190.366494 -16.489621   0.038647  0.000150  11586.079    44.968869   3.856276  13.055174   -2518.954 1
197.330083 -19.955972   0.057363  0.000150  17196.995    44.968869   3.858240  13.061824    2837.795 1
196.555542 -20.638417   0.044381  0.000150  13305.089    44.968869   3.883923  13.148774    -877.813 0
193.900167 -21.278028   0.050495  0.000150  15138.020    44.968869   3.884803  13.151753     872.089 0
190.319000 -16.554583   0.037306  0.000150  11184.057    44.968869   3.885460  13.153975   -2902.765 1
192.517292 -13.910694   0.043407  0.000150  13013.091    44.968869   3.888068  13.162804   -1156.584 1
193.471464 -21.223458   0.046439  0.000150  13922.062    44.968869   3.891652  13.174938    -288.788 0
192.147750 -20.725861   0.062527  0.000150  18745.123    44.968869   3.894732  13.185365    4315.795 1
197.949500 -19.171417   0.061783  0.000150  18522.077    44.968869   3.909700  13.236040    4102.853 1
192.369565 -20.870140   0.039337  0.000183  11792.936    54.862020   3.914769  13.253201   -2321.468 1
190.536582 -15.821524   0.040818  0.000150  12236.929    44.968869   3.919114  13.267911   -1897.587 1
198.423177 -17.901636   0.034160  0.000150  10240.910    44.968869   3.973384  13.451637   -3803.188 1
196.425375 -20.828167   0.044537  0.000150  13351.857    44.968869   3.977971  13.467165    -833.164 0
196.774167 -20.629722   0.046199  0.001628  13850.112    99.990000   3.996737  13.530697    -357.479 0
195.842634 -13.692697   0.046679  0.000150  13994.012    44.968869   4.002417  13.549926    -220.097 0
190.431667 -18.983444   0.063978  0.000083  19180.122    24.882774   4.003984  13.555232    4731.089 1
193.193184 -21.286823   0.046762  0.000103  14018.895    30.878623   4.014700  13.591508    -196.342 0
194.481417 -13.396139   0.047213  0.000150  14154.101    44.968869   4.019129  13.606503     -67.260 0
192.937833 -13.601806   0.048567  0.000150  14560.020    44.968869   4.022171  13.616801     320.272 0
190.313792 -16.029611   0.035775  0.000183  10725.075    54.862020   4.038494  13.672063   -3340.956 1
195.473500 -13.533222   0.046279  0.000183  13874.095    54.862020   4.038784  13.673044    -334.582 0
197.341833 -20.212472   0.056262  0.000150  16866.923    44.968869   4.040105  13.677518    2522.675 1
191.235528 -20.213728   0.060282  0.000150  18072.089    44.968869   4.043957  13.690559    3673.248 1
196.421042 -20.916037   0.045191  0.000150  13547.921    44.968869   4.051624  13.716512    -645.981 0
190.857292 -15.021111   0.043794  0.000150  13129.111    44.968869   4.055370  13.729197   -1045.820 1
196.556378 -13.936974   0.046679  0.000150  13994.012    44.968869   4.091819  13.852591    -220.097 0
196.540053 -20.916251   0.046589  0.000150  13967.031    44.968869   4.109949  13.913971    -245.856 0
196.507914 -13.852643   0.046689  0.000150  13997.010    44.968869   4.139838  14.015158    -217.235 0
198.251250 -19.107194   0.035168  0.000150  10543.101    44.968869   4.142099  14.022810   -3514.687 1
193.961500 -21.542250   0.037312  0.000103  11185.856    30.878623   4.143034  14.025976   -2901.047 1
197.776667 -19.893333   0.043787  0.000600  13127.012    99.990000   4.150205  14.050255   -1047.823 1
196.540708 -13.845139   0.046999  0.000150  14089.946    44.968869   4.162343  14.091345    -128.509 0
197.901958 -19.746972   0.052920  0.000150  15865.017    44.968869   4.162764  14.092771    1566.153 1
198.262125 -19.146889   0.035234  0.000150  10562.887    44.968869   4.167942  14.110301   -3495.797 1
193.141776 -21.434724   0.046359  0.000150  13898.079    44.968869   4.170285  14.118233    -311.685 0
197.020000 -20.693472   0.040431  0.000150  12120.909    44.968869   4.189869  14.184534   -2008.351 1
198.685917 -17.356806   0.039394  0.000150  11810.024    44.968869   4.194048  14.198682   -2305.154 1
195.897417 -21.327222   0.063471  0.000150  19028.127    44.968869   4.205421  14.237185    4585.979 1
