329.622812 -28.586551   0.021298  0.000333   6384.980    99.830889   0.031571   0.050370    -112.677 0
329.687667 -28.542861   0.030271  0.000150   9075.017    44.968869   0.087872   0.140198    2520.273 1
329.539875 -28.661778   0.021912  0.000213   6569.052    63.855794   0.093675   0.149457      67.489 0
329.728542 -28.501194   0.021095  0.000213   6324.122    63.855794   0.142537   0.227414    -172.244 0
329.793625 -28.551528   0.030227  0.000213   9061.827    63.855794   0.155003   0.247303    2507.362 1
329.693375 -28.776167   0.020564  0.000150   6164.932    44.968869   0.167912   0.267899    -328.055 0
329.805583 -28.690056   0.020307  0.000007   6087.885     2.098547   0.167982   0.268012    -403.467 0
329.500542 -28.748750   0.022562  0.000183   6763.917    54.862020   0.176184   0.281099     258.219 0
329.776250 -28.481111   0.023083  0.000333   6920.109    99.830889   0.184683   0.294657     411.096 0
329.511708 -28.767528   0.030298  0.000150   9083.112    44.968869   0.184828   0.294890    2528.195 1
329.480333 -28.804083   0.023079  0.000077   6918.910    23.084019   0.230582   0.367889     409.922 0
329.342083 -28.651667   0.023093  0.000333   6923.107    99.830889   0.258132   0.411843     414.030 1
329.365542 -28.736917   0.022826  0.000117   6843.063    35.075718   0.264101   0.421367     335.684 0
329.894583 -28.447778   0.021455  0.000333   6432.047    99.830889   0.284776   0.454353     -66.609 0
329.750042 -28.330667   0.020254  0.000150   6071.996    44.968869   0.303814   0.484729    -419.018 1
329.583750 -28.211056   0.020619  0.000297   6181.421    89.038360   0.407996   0.650949    -311.916 0
329.384375 -29.032194   0.022327  0.000213   6693.466    63.855794   0.469490   0.749062     189.263 0
329.623208 -28.139583   0.021643  0.000297   6488.408    89.038360   0.477216   0.761388     -11.444 0
330.237625 -28.362028   0.023543  0.000150   7058.014    44.968869   0.588371   0.938733     546.074 1
329.866125 -29.194861   0.036675  0.000150  10994.888    44.968869   0.613172   0.978303    4399.401 1
330.281333 -28.180194   0.023460  0.000043   7033.131    12.891076   0.716965   1.143902     521.719 1
330.444833 -28.852056   0.037022  0.000213  11098.916    63.855794   0.750159   1.196863    4501.221 1
330.413292 -28.923750   0.036330  0.000297  10891.460    89.038360   0.750298   1.197084    4298.167 1
330.486458 -28.920778   0.036332  0.000213  10892.060    63.855794   0.808206   1.289475    4298.754 1
329.116500 -29.286944   0.030941  0.000150   9275.878    44.968869   0.809397   1.291376    2716.871 1
329.373458 -29.393917   0.036685  0.000150  10997.886    44.968869   0.810015   1.292361    4402.335 1
330.591083 -28.588917   0.036148  0.000150  10836.898    44.968869   0.841131   1.342007    4244.763 1
328.688000 -28.831333   0.023620  0.000183   7081.098    54.862020   0.857237   1.367704     568.668 1
330.568542 -28.870306   0.037496  0.000150  11241.018    44.968869   0.859162   1.370775    4640.307 1
328.620625 -28.362472   0.032586  0.000150   9769.037    44.968869   0.924719   1.475369    3199.564 1
328.832667 -29.230833   0.033120  0.000150   9929.126    44.968869   0.933417   1.489247    3356.256 1
330.664958 -28.987917   0.036465  0.000150  10931.932    44.968869   0.978653   1.561420    4337.780 1
330.617083 -28.084722   0.023570  0.000333   7066.108    99.830889   1.014220   1.618166     553.996 1
330.676208 -28.093250   0.023503  0.000103   7046.022    30.878623   1.054500   1.682431     534.337 1
330.844417 -28.718917   0.019737  0.000150   5917.004    44.968869   1.067961   1.703909    -570.722 1
330.845375 -28.769611   0.019550  0.000120   5860.943    35.975095   1.074831   1.714869    -625.593 1
330.856542 -28.915417   0.019113  0.000150   5729.933    44.968869   1.114478   1.778126    -753.822 1
329.517625 -27.454444   0.017627  0.000213   5284.442    63.855794   1.166708   1.861458   -1189.860 1
329.543542 -27.392139   0.018109  0.000030   5428.942     8.993774   1.227115   1.957836   -1048.426 1
330.939542 -28.155889   0.023746  0.000150   7118.872    44.968869   1.235706   1.971543     605.640 1
328.231792 -28.213611   0.032840  0.000297   9845.184    89.038360   1.294765   2.065769    3274.095 1
328.312833 -27.957444   0.031502  0.000150   9444.062    44.968869   1.333625   2.127770    2881.486 1
330.954708 -27.937972   0.036830  0.000297  11041.356    89.038360   1.343878   2.144128    4444.882 1
329.852625 -27.283000   0.033360  0.000297  10001.076    89.038360   1.347524   2.149946    3426.679 1
331.095167 -28.201056   0.030058  0.000213   9011.162    63.855794   1.348822   2.152016    2457.772 1
331.165833 -28.329028   0.023630  0.000183   7084.096    54.862020   1.375631   2.194789     571.602 1
330.975458 -27.858472   0.021552  0.000297   6461.127    89.038360   1.401012   2.235285     -38.146 1
330.940583 -27.797917   0.023268  0.000213   6975.571    63.855794   1.409658   2.249079     465.380 1
330.864208 -29.582417   0.031705  0.000213   9504.920    63.855794   1.449109   2.312021    2941.052 1
330.912625 -29.564972   0.032069  0.000213   9614.044    63.855794   1.469753   2.344960    3047.861 1
327.941875 -28.769611   0.037383  0.000297  11207.141    89.038360   1.492768   2.381680    4607.149 1
331.270167 -29.069972   0.017746  0.000297   5320.117    89.038360   1.506599   2.403746   -1154.942 1
331.240792 -28.088444   0.022913  0.000297   6869.145    89.038360   1.506663   2.403848     361.213 1
330.836083 -29.735583   0.032926  0.000297   9870.966    89.038360   1.538330   2.454373    3299.330 1
329.627083 -30.183889   0.016940  0.000333   5078.484    99.830889   1.567184   2.500408   -1391.446 1
329.005583 -27.136306   0.034096  0.000213  10221.724    63.855794   1.579676   2.520339    3642.644 1
330.010000 -30.183667   0.017122  0.000030   5133.046     8.993774   1.601442   2.555066   -1338.042 1
331.013292 -27.493639   0.022936  0.000150   6876.040    44.968869   1.651835   2.635468     367.962 1
328.967542 -26.985444   0.036525  0.000297  10949.920    89.038360   1.732840   2.764709    4355.386 1
328.731250 -27.069917   0.031663  0.000297   9492.329    89.038360   1.737757   2.772554    2928.728 1
330.124500 -26.907389   0.020948  0.000150   6280.052    44.968869   1.762847   2.812584    -215.378 1
328.054583 -27.468917   0.031495  0.000297   9441.963    89.038360   1.799548   2.871140    2879.432 1
331.554792 -27.949778   0.023429  0.000100   7023.837    29.979246   1.813730   2.893768     512.623 1
331.558508 -27.954320   0.024000  0.000213   7195.019    63.855794   1.815102   2.895956     680.171 1
331.585417 -27.966944   0.023126  0.000333   6933.000    99.830889   1.832601   2.923875     423.713 1
331.706208 -28.281722   0.029507  0.000213   8845.976    63.855794   1.850157   2.951885    2296.092 1
331.761458 -28.570500   0.016299  0.000213   4886.317    63.855794   1.868649   2.981390   -1579.535 1
331.641250 -27.991583   0.022892  0.000033   6862.849     9.893151   1.870130   2.983752     355.051 1
330.088042 -26.777750   0.032485  0.000297   9738.758    89.038360   1.881770   3.002323    3169.928 1
327.971333 -27.421639   0.032029  0.000150   9602.053    44.968869   1.886016   3.009098    3036.123 1
331.658833 -27.956528   0.023308  0.000213   6987.563    63.855794   1.896600   3.025984     477.118 1
327.889583 -27.452972   0.032162  0.000183   9641.925    54.862020   1.922944   3.068015    3075.150 1
331.653125 -27.801472   0.023122  0.000297   6931.801    89.038360   1.951429   3.113462     422.540 1
328.113042 -27.161778   0.031365  0.000150   9402.990    44.968869   1.974375   3.150073    2841.286 1
331.588708 -27.589444   0.020141  0.000213   6038.120    63.855794   2.000355   3.191523    -452.176 1
330.539833 -30.458639   0.032479  0.000093   9736.959    27.880699   2.006438   3.201229    3168.167 1
331.862667 -27.926361   0.023093  0.000297   6923.107    89.038360   2.075124   3.310815     414.030 1
331.987833 -28.250167   0.026081  0.000150   7818.887    44.968869   2.099052   3.348991    1290.800 1
328.059250 -27.017833   0.036719  0.000150  11008.079    44.968869   2.113296   3.371717    4412.311 1
329.320667 -26.516500   0.034150  0.000150  10237.912    44.968869   2.118085   3.379358    3658.489 1
331.978625 -28.113639   0.029374  0.000297   8806.104    89.038360   2.119292   3.381284    2257.066 1
331.573958 -27.295472   0.036432  0.000150  10922.039    44.968869   2.155814   3.439555    4328.097 1
328.114208 -30.337639   0.036434  0.000297  10922.638    89.038360   2.177192   3.473663    4328.684 1
332.109833 -28.218806   0.026888  0.000297   8060.820    89.038360   2.210013   3.526028    1527.598 1
328.007125 -30.346167   0.036298  0.000213  10881.867    63.855794   2.242578   3.577984    4288.777 1
331.801708 -29.837472   0.029140  0.000213   8735.952    63.855794   2.261243   3.607765    2188.403 1
330.076292 -26.355028   0.033290  0.000183   9980.091    54.862020   2.294857   3.661394    3406.139 1
330.707042 -26.524222   0.020628  0.000103   6184.119    30.878623   2.294944   3.661534    -309.276 1
328.341945 -26.578100   0.005911  0.000005   1772.073     1.498962   2.332653   3.721697   -4627.689 1
331.448458 -26.891139   0.036539  0.000150  10954.117    44.968869   2.348672   3.747255    4359.494 1
332.312833 -28.848417   0.036589  0.000213  10969.106    63.855794   2.363483   3.770886    4374.166 1
331.475125 -26.885611   0.036724  0.000297  11009.578    89.038360   2.368652   3.779133    4413.779 1
330.396500 -30.916722   0.037799  0.000150  11331.855    44.968869   2.395567   3.822076    4729.216 1
332.007458 -27.394056   0.032000  0.000297   9593.359    89.038360   2.416209   3.855009    3027.614 1
327.024000 -29.406250   0.023236  0.000297   6965.978    89.038360   2.422917   3.865711     455.991 1
327.086167 -29.579444   0.023703  0.000150   7105.981    44.968869   2.434537   3.884250     593.023 1
326.995750 -29.399583   0.023681  0.000213   7099.385    63.855794   2.444232   3.899719     586.567 1
332.027583 -27.357000   0.032317  0.000213   9688.393    63.855794   2.450306   3.909410    3120.631 1
332.282000 -27.809472   0.023853  0.000012   7150.950     3.597509   2.461182   3.926762     637.037 1
332.285000 -27.800444   0.024400  0.000073   7314.936    21.884849   2.466643   3.935475     797.544 1
331.663208 -26.880861   0.028440  0.000150   8526.098    44.968869   2.487590   3.968897    1983.002 1
332.308375 -27.782194   0.023983  0.000033   7189.923     9.893151   2.492067   3.976039     675.183 1
330.521292 -31.001472   0.022169  0.000113   6646.099    33.876548   2.508892   4.002883     142.901 1
326.988458 -29.570889   0.022135  0.000150   6635.906    44.968869   2.510283   4.005102     132.924 1
332.317792 -27.730333   0.024240  0.000103   7266.969    30.878623   2.517645   4.016849     750.595 1
327.489917 -30.331306   0.036862  0.000150  11050.950    44.968869   2.545680   4.061578    4454.272 1
332.304333 -27.567472   0.023316  0.000150   6989.961    44.968869   2.568703   4.098309     479.465 1
330.795417 -26.252500   0.033530  0.000333  10052.041    99.830889   2.574880   4.108165    3476.562 1
332.337917 -27.615556   0.023236  0.000333   6965.978    99.830889   2.576579   4.110875     455.991 1
332.341667 -27.596389   0.023806  0.000333   7136.859    99.830889   2.587111   4.127680     623.246 1
332.546917 -28.189528   0.023403  0.000150   7016.043    44.968869   2.593018   4.137104     504.994 1
331.179792 -26.401750   0.018526  0.000017   5553.955     5.096472   2.597842   4.144801    -926.066 1
330.558917 -26.137500   0.034007  0.000150  10195.042    44.968869   2.608938   4.162504    3616.528 1
329.814458 -31.221778   0.009445  0.000213   2831.540    63.855794   2.609906   4.164048   -3590.707 1
330.819292 -26.205750   0.031552  0.000150   9459.052    44.968869   2.626108   4.189898    2896.157 1
331.915500 -26.891750   0.029148  0.000297   8738.351    89.038360   2.643620   4.217838    2190.751 1
327.694958 -30.649639   0.036559  0.000150  10960.112    44.968869   2.651126   4.229814    4365.363 1
327.692083 -30.649278   0.036572  0.000130  10964.010    38.973020   2.652470   4.231958    4369.177 1
332.432250 -27.598917   0.023588  0.000297   7071.504    89.038360   2.659400   4.243015     559.278 1
330.866006 -26.169404   0.033703  0.000150  10103.905    44.968869   2.675832   4.269233    3527.326 1
332.690750 -28.979889   0.024754  0.000150   7421.063    44.968869   2.708311   4.321052     901.418 1
330.566167 -31.218361   0.008935  0.000213   2678.646    63.855794   2.727452   4.351591   -3740.356 1
330.562292 -31.220111   0.009150  0.000070   2743.101    20.985472   2.728103   4.352629   -3677.269 1
330.387250 -25.969194   0.028383  0.000150   8509.009    44.968869   2.728968   4.354009    1966.276 1
332.201042 -27.040806   0.028710  0.000150   8607.041    44.968869   2.750244   4.387954    2062.228 1
332.670208 -27.896306   0.028823  0.000010   8640.918     2.997925   2.761444   4.405824    2095.386 1
332.714250 -28.004833   0.028847  0.000020   8648.113     5.995849   2.772834   4.423997    2102.428 1
332.710125 -27.956278   0.029123  0.000213   8730.856    63.855794   2.780434   4.436123    2183.415 1
332.010958 -30.493278   0.030731  0.000150   9212.922    44.968869   2.806684   4.478003    2655.251 1
332.770458 -27.938306   0.037360  0.000213  11200.246    63.855794   2.836154   4.525023    4600.400 1
332.209167 -26.901472   0.018853  0.000213   5651.987    63.855794   2.838065   4.528072    -830.114 1
332.779667 -27.932917   0.036946  0.000150  11076.132    44.968869   2.845295   4.539606    4478.920 1
332.456625 -27.192167   0.008804  0.000213   2639.373    63.855794   2.858572   4.560790   -3778.795 1
332.819583 -27.916667   0.029404  0.000333   8815.097    99.830889   2.883223   4.600119    2265.869 1
331.100250 -31.241250   0.026489  0.000213   7941.202    63.855794   2.923389   4.664204    1410.519 1
330.959042 -31.307194   0.010102  0.000213   3028.503    63.855794   2.931354   4.676911   -3397.923 1
331.517978 -26.185497   0.022549  0.000183   6760.020    54.862020   2.940691   4.691809     254.404 1
332.937792 -28.055778   0.029052  0.000213   8709.570    63.855794   2.954454   4.713767    2162.581 1
327.520125 -30.923667   0.016608  0.000043   4978.953    12.891076   2.960338   4.723155   -1488.865 1
332.964000 -28.123722   0.028460  0.000150   8532.093    44.968869   2.964994   4.730583    1988.871 1
332.924292 -27.938583   0.029154  0.000213   8740.149    63.855794   2.967389   4.734405    2192.511 1
327.763375 -31.088667   0.016645  0.000150   4990.045    44.968869   2.967396   4.734416   -1478.008 1
327.606917 -30.994722   0.017886  0.000083   5362.088    24.882774   2.969783   4.738224   -1113.861 1
330.335250 -31.529694   0.007933  0.000031   2378.254     9.293566   2.977417   4.750405   -4034.373 1
332.648750 -27.248972   0.023950  0.000150   7180.029    44.968869   2.979468   4.753677     665.500 1
331.540000 -31.088250   0.008693  0.000017   2606.096     5.096472   2.984906   4.762353   -3811.366 1
326.627931 -30.026771   0.023339  0.000213   6996.856    63.855794   2.991517   4.772900     486.214 1
332.962484 -27.961408   0.029020  0.000039   8699.977    11.691906   2.994961   4.778396    2153.192 1
327.450542 -30.941583   0.017068  0.000297   5116.858    89.038360   3.012798   4.806854   -1353.887 1
332.797167 -27.402028   0.029135  0.000213   8734.453    63.855794   3.031284   4.836348    2186.936 1
329.725792 -25.553639   0.029227  0.000150   8762.034    44.968869   3.064149   4.888783    2213.932 1
332.893875 -27.457806   0.030544  0.000297   9156.861    89.038360   3.087887   4.926656    2600.379 1
333.043458 -27.827333   0.028733  0.000103   8613.937    30.878623   3.095804   4.939289    2068.977 1
329.752417 -31.750861   0.008313  0.000213   2492.175    63.855794   3.135886   5.003238   -3922.870 1
333.121708 -27.890417   0.028586  0.000113   8569.867    33.876548   3.147119   5.021160    2025.843 1
332.624000 -30.357583   0.036402  0.000150  10913.045    44.968869   3.150013   5.025778    4319.294 1
333.066292 -27.606472   0.029429  0.000213   8822.592    63.855794   3.178345   5.070981    2273.205 1
331.915667 -31.084556   0.014555  0.000213   4363.479    63.855794   3.178686   5.071525   -2091.278 1
327.143625 -26.293972   0.031285  0.000150   9379.007    44.968869   3.189393   5.088607    2817.811 1
332.969542 -27.312556   0.024101  0.000297   7225.298    89.038360   3.205846   5.114858     709.808 1
329.445875 -31.836472   0.036989  0.000213  11089.023    63.855794   3.223964   5.143764    4491.538 1
331.056292 -31.594194   0.032203  0.000297   9654.217    89.038360   3.228856   5.151570    3087.180 1
333.087388 -27.488129   0.023630  0.000150   7084.096    44.968869   3.235267   5.161798     571.602 1
331.435750 -25.789389   0.018183  0.000150   5451.126    44.968869   3.239906   5.169201   -1026.713 1
330.566184 -31.756479   0.009400  0.000070   2818.049    20.985472   3.244777   5.176971   -3603.911 1
333.034458 -27.323639   0.037109  0.000213  11124.998    63.855794   3.253565   5.190993    4526.749 1
332.856333 -26.982694   0.008884  0.000297   2663.356    89.038360   3.267175   5.212707   -3755.321 1
333.162917 -29.716111   0.014073  0.000333   4218.979    99.830889   3.287610   5.245310   -2232.711 1
332.792291 -26.840430   0.016781  0.000213   5030.817    63.855794   3.293121   5.254104   -1438.102 1
330.971167 -31.693583   0.038039  0.000297  11403.805    89.038360   3.293351   5.254470    4799.639 1
326.303083 -30.149972   0.030598  0.000103   9173.050    30.878623   3.301189   5.266975    2616.225 1
331.360583 -31.559528   0.008732  0.000213   2617.788    63.855794   3.310427   5.281715   -3799.922 1
333.369875 -28.121556   0.026905  0.000297   8065.916    89.038360   3.317180   5.292490    1532.586 1
333.346000 -27.933861   0.024036  0.000297   7205.812    89.038360   3.329826   5.312666     690.735 1
330.315843 -31.904757   0.036165  0.000077  10841.994    23.084019   3.342168   5.332357    4249.751 1
330.507880 -31.869666   0.008683  0.000040   2603.098    11.991698   3.342297   5.332563   -3814.300 1
329.470667 -31.958778   0.037676  0.000213  11294.981    63.855794   3.345116   5.337060    4693.124 1
330.519958 -31.870417   0.007953  0.000213   2384.249    63.855794   3.345479   5.337639   -4028.505 1
326.888333 -26.264028   0.031165  0.000150   9343.032    44.968869   3.367802   5.373255    2782.600 1
333.092792 -27.157694   0.031782  0.000113   9528.004    33.876548   3.369091   5.375312    2963.646 1
326.064125 -29.918694   0.019106  0.000297   5727.835    89.038360   3.393028   5.413503    -755.876 1
330.691250 -31.886667   0.008496  0.000333   2547.037    99.830889   3.399248   5.423427   -3869.172 1
330.267750 -25.261611   0.030298  0.000150   9083.112    44.968869   3.400998   5.426219    2528.195 1
331.957833 -31.342306   0.034254  0.000103  10269.091    30.878623   3.404753   5.432209    3689.006 1
331.799708 -31.442000   0.018473  0.000183   5538.066    54.862020   3.405661   5.433659    -941.618 1
326.952542 -31.080972   0.028451  0.000213   8529.395    63.855794   3.407498   5.436589    1986.230 1
330.374137 -31.963034   0.009206  0.000077   2759.889    23.084019   3.408907   5.438837   -3660.836 1
332.962075 -26.821938   0.008600  0.000333   2578.215    99.830889   3.429211   5.471233   -3838.655 1
326.931000 -26.138639   0.030388  0.000150   9110.093    44.968869   3.430554   5.473375    2554.604 1
330.513292 -31.973694   0.008329  0.000040   2496.971    11.991698   3.444689   5.495927   -3918.175 1
333.221172 -30.036083   0.013900  0.000333   4167.115    99.830889   3.454536   5.511637   -2283.475 1
330.522228 -31.982350   0.008919  0.000333   2673.849    99.830889   3.454889   5.512200   -3745.051 1
330.527639 -31.985115   0.009000  0.000333   2698.132    99.830889   3.458657   5.518213   -3721.283 1
330.535178 -31.989762   0.008376  0.000047   2511.062    14.090246   3.464689   5.527836   -3904.384 1
330.531250 -31.991111   0.009266  0.000097   2777.877    29.079868   3.465217   5.528678   -3643.231 1
330.691896 -31.955479   0.008526  0.000117   2556.030    35.075718   3.465646   5.529363   -3860.369 1
330.526875 -31.992966   0.008869  0.000030   2658.859     8.993774   3.466152   5.530170   -3759.722 1
326.301958 -30.497528   0.036951  0.000297  11077.631    89.038360   3.477097   5.547633    4480.387 1
333.513417 -29.382750   0.014281  0.000019   4281.336     5.696057   3.491103   5.569980   -2171.678 1
330.683912 -31.991062   0.007739  0.000060   2320.094    17.987547   3.498085   5.581119   -4091.299 1
329.147625 -25.144694   0.028580  0.000150   8568.068    44.968869   3.498113   5.581164    2024.082 1
325.859207 -29.761035   0.033367  0.000213  10003.175    63.855794   3.505223   5.592507    3428.733 1
330.801933 -31.991120   0.008656  0.000333   2595.004    99.830889   3.526869   5.627043   -3822.223 1
330.003000 -32.135528   0.038300  0.000297  11482.051    89.038360   3.533737   5.638001    4876.225 1
330.951458 -31.955806   0.008442  0.000040   2530.848    11.991698   3.533870   5.638213   -3885.017 1
333.137750 -26.834833   0.013617  0.000213   4082.274    63.855794   3.555052   5.672009   -2366.515 1
330.630833 -32.082778   0.008489  0.000193   2544.938    57.859944   3.574942   5.703742   -3871.226 1
333.125458 -30.460083   0.028790  0.000103   8631.025    30.878623   3.577014   5.707048    2085.703 1
333.587500 -29.508056   0.014083  0.000333   4221.977    99.830889   3.583674   5.717675   -2229.777 1
325.636042 -29.367417   0.023496  0.000033   7043.924     9.893151   3.588479   5.725340     532.283 1
329.464125 -25.006833   0.016798  0.000150   5035.914    44.968869   3.612940   5.764368   -1433.114 1
329.601917 -32.236417   0.008289  0.000067   2484.980    20.086095   3.619808   5.775325   -3929.912 1
331.126750 -31.991222   0.032847  0.000213   9847.283    63.855794   3.620189   5.775933    3276.149 1
331.439375 -31.875056   0.014351  0.000213   4302.322    63.855794   3.623546   5.781289   -2151.138 1
331.193417 -31.999611   0.032176  0.000150   9646.122    44.968869   3.649564   5.822800    3079.258 1
328.876958 -32.206333   0.021248  0.000150   6369.990    44.968869   3.650525   5.824334    -127.349 1
333.665417 -27.663056   0.017729  0.000100   5315.020    29.979246   3.665680   5.848513   -1159.930 1
328.835796 -25.001638   0.008496  0.000150   2547.037    44.968869   3.682262   5.874970   -3869.172 1
331.337828 -31.999927   0.008009  0.000200   2401.038    59.958492   3.699288   5.902133   -4012.073 1
333.658333 -27.468472   0.017222  0.000009   5163.026     2.698132   3.715134   5.927416   -1308.699 1
333.666333 -27.463972   0.017401  0.000027   5216.689     8.094396   3.723205   5.940293   -1256.175 1
333.697083 -29.686861   0.005777  0.000183   1731.901    54.862020   3.724313   5.942061   -4667.009 1
333.693333 -27.521944   0.017779  0.000333   5330.010    99.830889   3.728316   5.948448   -1145.258 1
329.563458 -24.888444   0.030648  0.000070   9188.039    20.985472   3.728777   5.949183    2630.896 1
327.703375 -31.939556   0.037206  0.000150  11154.078    44.968869   3.729862   5.950914    4555.212 1
333.600917 -29.980833   0.014933  0.000041   4476.801    12.291491   3.740448   5.967804   -1980.361 1
325.733208 -30.132667   0.023543  0.000077   7058.014    23.084019   3.744381   5.974078     546.074 1
333.705971 -27.467793   0.017800  0.000333   5336.306    99.830889   3.755136   5.991237   -1139.096 1
333.705667 -29.787083   0.014537  0.000090   4358.083    26.981321   3.761499   6.001390   -2096.560 1
325.352125 -28.427139   0.019050  0.000150   5711.046    44.968869   3.763090   6.003929    -772.309 1
333.867750 -27.902833   0.015709  0.000297   4709.440    89.038360   3.785004   6.038891   -1752.659 1
325.854083 -30.445583   0.037578  0.000297  11265.601    89.038360   3.788364   6.044253    4664.368 1
333.512583 -26.937722   0.008659  0.000007   2595.903     2.098547   3.796712   6.057572   -3821.343 1
333.426625 -26.761333   0.032102  0.000150   9623.937    44.968869   3.811854   6.081731    3057.544 1
330.236875 -32.400556   0.013734  0.000213   4117.350    63.855794   3.820742   6.095911   -2332.184 1
325.624083 -30.141528   0.024285  0.000297   7280.460    89.038360   3.835683   6.119750     763.799 1
330.949333 -32.285000   0.008503  0.000002   2549.135     0.599585   3.845869   6.136001   -3867.118 1
330.954542 -32.286583   0.009265  0.000213   2777.577    63.855794   3.848754   6.140604   -3643.524 1
332.274000 -31.794917   0.007942  0.000127   2380.952    38.073642   3.933718   6.276161   -4031.732 1
331.577500 -32.175528   0.009147  0.000213   2742.202    63.855794   3.946847   6.297110   -3678.149 1
331.886792 -32.039972   0.014881  0.000213   4461.212    63.855794   3.953678   6.308008   -1995.619 1
325.333167 -29.911278   0.032749  0.000083   9817.903    24.882774   3.990761   6.367173    3247.393 1
331.680486 -25.018005   0.024090  0.000150   7222.000    44.968869   4.022426   6.417694     706.580 1
331.305625 -32.375833   0.009340  0.000213   2800.062    63.855794   4.035564   6.438656   -3621.517 1
333.279417 -26.150000   0.016188  0.000333   4853.040    99.830889   4.040863   6.447109   -1612.106 1
333.283625 -26.148339   0.016188  0.000033   4853.040     9.893151   4.044803   6.453395   -1612.106 1
334.034958 -27.383472   0.018620  0.000297   5582.136    89.038360   4.055892   6.471088    -898.484 1
330.369167 -32.623056   0.008709  0.000333   2610.893    99.830889   4.058067   6.474558   -3806.671 1
331.814917 -32.209139   0.007981  0.000213   2392.644    63.855794   4.070965   6.495137   -4020.289 1
330.709042 -32.576889   0.007405  0.000150   2219.963    44.968869   4.071183   6.495485   -4189.304 1
334.210875 -27.878778   0.026996  0.000297   8093.197    89.038360   4.085479   6.518294    1559.289 1
329.584208 -32.710278   0.033073  0.000150   9915.036    44.968869   4.093791   6.531555    3342.465 1
325.533125 -30.589528   0.030241  0.000103   9066.024    30.878623   4.104611   6.548818    2511.470 1
333.991533 -30.112451   0.014637  0.000150   4388.062    44.968869   4.107733   6.553799   -2067.216 1
334.152500 -27.454222   0.018296  0.000150   5485.003    44.968869   4.133858   6.595480    -993.555 1
332.057917 -25.060694   0.018229  0.000020   5464.917     5.995849   4.144278   6.612106   -1013.215 1
334.168958 -27.440111   0.017936  0.000150   5377.078    44.968869   4.151701   6.623949   -1099.190 1
325.794750 -31.049139   0.032849  0.000150   9847.882    44.968869   4.155953   6.630733    3276.736 1
333.007500 -31.539194   0.008338  0.000297   2499.670    89.038360   4.160983   6.638758   -3915.534 1
327.076458 -32.139778   0.017412  0.000029   5219.986     8.693981   4.177354   6.664877   -1252.947 1
331.063458 -32.604111   0.007802  0.000103   2338.981    30.878623   4.180336   6.669636   -4072.813 1
330.424816 -32.785644   0.007575  0.000333   2270.928    99.830889   4.226417   6.743156   -4139.421 1
325.308292 -30.512194   0.037673  0.000083  11294.081    24.882774   4.243638   6.770632    4692.244 1
333.196167 -25.717611   0.008911  0.000030   2671.451     8.993774   4.264532   6.803968   -3747.398 1
329.289208 -32.877889   0.032949  0.000297   9877.862    89.038360   4.271874   6.815683    3306.079 1
330.923583 -32.745722   0.009577  0.000213   2871.112    63.855794   4.281516   6.831066   -3551.974 1
334.227417 -27.177278   0.024102  0.000213   7225.598    63.855794   4.281995   6.831830     710.101 1
330.685375 -32.803222   0.009003  0.000150   2699.031    44.968869   4.287143   6.840043   -3720.403 1
324.913246 -29.750340   0.024047  0.000150   7209.109    44.968869   4.295853   6.853941     693.963 1
330.299500 -24.358000   0.017662  0.000150   5294.934    44.968869   4.298667   6.858430   -1179.590 1
333.221539 -25.642996   0.008863  0.000013   2657.061     3.897302   4.331772   6.911248   -3761.483 1
331.663125 -32.570222   0.032173  0.000297   9645.223    89.038360   4.336459   6.918726    3078.377 1
330.526500 -32.886389   0.014260  0.000120   4275.040    35.975095   4.341053   6.926055   -2177.840 1
334.143208 -26.820389   0.027379  0.000123   8208.018    36.874472   4.347358   6.936116    1671.672 1
333.084958 -25.491778   0.036909  0.000090  11065.040    26.981321   4.352648   6.944556    4468.063 1
334.222375 -26.954639   0.033009  0.000213   9895.849    63.855794   4.357788   6.952757    3323.685 1
325.917125 -25.704111   0.036228  0.000150  10860.881    44.968869   4.373336   6.977562    4268.237 1
333.085875 -25.447889   0.036912  0.000150  11065.939    44.968869   4.384821   6.995886    4468.944 1
326.135292 -31.748194   0.037549  0.000150  11256.907    44.968869   4.385893   6.997598    4655.859 1
332.057667 -32.460806   0.014610  0.000020   4379.968     5.995849   4.393843   7.010282   -2075.139 1
334.487708 -27.528694   0.017846  0.000150   5350.096    44.968869   4.398005   7.016922   -1125.599 1
324.795000 -29.834361   0.023483  0.000103   7040.026    30.878623   4.418473   7.049578     528.468 1
333.892583 -26.223222   0.033386  0.000150  10008.871    44.968869   4.439366   7.082912    3434.308 1
332.722000 -25.072833   0.016398  0.000053   4915.997    15.889000   4.462080   7.119152   -1550.486 1
334.582000 -27.573972   0.024877  0.000297   7457.937    89.038360   4.467468   7.127749     937.510 1
325.122792 -26.527944   0.011338  0.000005   3399.047     1.498962   4.476789   7.142620   -3035.243 1
324.683375 -27.467944   0.030351  0.000077   9099.001    23.084019   4.494654   7.171123    2543.747 1
334.809875 -28.416583   0.027566  0.000150   8264.079    44.968869   4.548515   7.257057    1726.544 1
333.355208 -25.448639   0.010890  0.000190   3264.740    56.960567   4.550924   7.260901   -3166.700 1
324.570250 -27.557861   0.029991  0.000150   8991.076    44.968869   4.569061   7.289837    2438.112 1
328.125125 -33.005444   0.016425  0.000127   4924.091    38.073642   4.584109   7.313847   -1542.563 1
325.639000 -31.570472   0.037983  0.000297  11387.017    89.038360   4.584767   7.314897    4783.207 1
333.933250 -25.976083   0.008592  0.000026   2575.817     7.794604   4.606552   7.349654   -3841.003 1
324.807167 -26.775444   0.030668  0.000023   9194.035     6.895227   4.619514   7.370334    2636.765 1
325.910542 -25.351611   0.011574  0.000026   3469.798     7.794604   4.619680   7.370600   -2965.993 1
330.098468 -33.218386   0.008700  0.000333   2608.194    99.830889   4.619744   7.370701   -3809.312 1
333.105125 -32.103056   0.008340  0.000213   2500.269    63.855794   4.630603   7.388026   -3914.947 1
328.532500 -33.157500   0.038148  0.000297  11436.483    89.038360   4.642493   7.406996    4831.623 1
332.734875 -32.389250   0.035498  0.000150  10642.033    44.968869   4.652364   7.422746    4054.033 1
326.253583 -25.030528   0.010827  0.000010   3245.853     2.997925   4.654425   7.426034   -3185.186 1
328.715748 -33.226793   0.015709  0.000213   4709.440    63.855794   4.679933   7.466732   -1752.659 1
326.704875 -32.538306   0.021778  0.000150   6528.880    44.968869   4.689130   7.481405      28.169 1
324.437292 -29.706833   0.025107  0.000150   7526.889    44.968869   4.689846   7.482548    1004.999 1
328.512875 -33.204528   0.037756  0.000103  11318.964    30.878623   4.692082   7.486115    4716.599 1
325.815417 -31.913222   0.021197  0.000297   6354.701    89.038360   4.701093   7.500493    -142.314 1
324.509500 -27.155028   0.030388  0.000150   9110.093    44.968869   4.729543   7.545883    2554.604 1
324.551042 -27.042389   0.031102  0.000150   9324.145    44.968869   4.731154   7.548454    2764.113 1
332.862292 -24.822139   0.024404  0.000150   7316.135    44.968869   4.736332   7.556715     798.717 1
334.877333 -27.495222   0.027752  0.000297   8319.840    89.038360   4.737971   7.559331    1781.122 1
333.754208 -25.550861   0.030835  0.000150   9244.100    44.968869   4.741840   7.565502    2685.768 1
328.483500 -33.251778   0.037809  0.000297  11334.853    89.038360   4.743713   7.568491    4732.150 1
330.440417 -33.354167   0.014760  0.000333   4424.937    99.830889   4.790125   7.642541   -2031.125 1
325.824292 -25.176972   0.011164  0.000103   3346.883    30.878623   4.797185   7.653806   -3086.300 1
333.176250 -24.963333   0.025344  0.000183   7597.940    54.862020   4.797871   7.654900    1074.542 1
333.853375 -25.563556   0.038146  0.000150  11435.883    44.968869   4.800495   7.659086    4831.036 1
335.083667 -28.194389   0.026023  0.000297   7801.499    89.038360   4.803060   7.663178    1273.781 1
333.238833 -32.244222   0.035289  0.000213  10579.376    63.855794   4.814137   7.680851    3992.706 1
335.132708 -28.366333   0.027899  0.000150   8363.910    44.968869   4.833996   7.712535    1824.256 1
332.286299 -24.367576   0.018233  0.000183   5466.116    54.862020   4.845464   7.730833   -1012.041 1
327.892917 -24.005278   0.028119  0.000150   8429.864    44.968869   4.857964   7.750776    1888.811 1
329.290875 -33.478917   0.008216  0.000150   2463.095    44.968869   4.871492   7.772360   -3951.332 1
324.529000 -26.699389   0.037172  0.000103  11143.885    30.878623   4.873857   7.776134    4545.235 1
324.156542 -27.725222   0.018883  0.000150   5660.981    44.968869   4.889801   7.801571    -821.311 1
327.952292 -23.952194   0.028406  0.000150   8515.905    44.968869   4.892409   7.805732    1973.025 1
333.864833 -25.383000   0.035705  0.000150  10704.090    44.968869   4.924887   7.857550    4114.773 1
335.209583 -28.042500   0.027766  0.000333   8324.037    99.830889   4.928556   7.863404    1785.230 1
335.258625 -28.355417   0.026093  0.000297   7822.485    89.038360   4.944951   7.889562    1294.321 1
335.093417 -27.394889   0.032783  0.000213   9828.096    63.855794   4.946297   7.891710    3257.370 1
332.415667 -32.933556   0.032290  0.000297   9680.298    89.038360   4.959868   7.913362    3112.709 1
324.176375 -29.992194   0.033056  0.000150   9909.939    44.968869   4.983997   7.951859    3337.476 1
329.163333 -33.595222   0.014301  0.000297   4287.332    89.038360   4.995581   7.970341   -2165.809 1
324.528792 -30.863111   0.032706  0.000150   9805.012    44.968869   5.012612   7.997514    3234.776 1
326.142667 -24.601944   0.017587  0.000049   5272.450    14.689830   5.050601   8.058124   -1201.597 1
334.141667 -31.756944   0.026466  0.000297   7934.307    89.038360   5.052036   8.060414    1403.771 1
332.989458 -24.507056   0.024754  0.000150   7421.063    44.968869   5.056542   8.067604     901.418 1
333.959667 -25.271306   0.032172  0.000150   9644.923    44.968869   5.061101   8.074878    3078.084 1
335.139333 -27.058278   0.017860  0.000297   5354.293    89.038360   5.078359   8.102412   -1121.491 1
334.916667 -26.532750   0.018766  0.000183   5625.905    54.862020   5.084548   8.112286    -855.643 1
323.978042 -29.769778   0.026635  0.000150   7984.972    44.968869   5.096688   8.131655    1453.360 1
328.408917 -33.634278   0.026497  0.000044   7943.601    13.190868   5.131414   8.187060    1412.867 1
331.855250 -33.381000   0.008869  0.000123   2658.859    36.874472   5.148060   8.213618   -3759.722 1
327.610208 -23.768389   0.028536  0.000150   8554.878    44.968869   5.163399   8.238091    2011.171 1
326.437000 -24.270167   0.011475  0.000150   3440.118    44.968869   5.173577   8.254331   -2995.043 1
324.382542 -31.034222   0.029794  0.000150   8932.016    44.968869   5.204941   8.304370    2380.307 1
328.559042 -23.484250   0.031789  0.000150   9530.102    44.968869   5.218401   8.325846    2965.700 1
327.711708 -33.559583   0.008606  0.000150   2580.014    44.968869   5.222816   8.332890   -3836.895 1
334.846583 -26.046528   0.037933  0.000150  11372.027    44.968869   5.248685   8.374163    4768.536 1
324.178542 -30.775639   0.037566  0.000103  11262.003    30.878623   5.252715   8.380593    4660.847 1
335.609792 -28.889000   0.027996  0.000150   8392.990    44.968869   5.253373   8.381643    1852.719 1
324.794333 -31.710583   0.021381  0.000150   6409.863    44.968869   5.255210   8.384574     -88.323 1
334.155958 -25.162028   0.031085  0.000150   9319.049    44.968869   5.262732   8.396575    2759.125 1
329.813708 -33.881194   0.009743  0.000150   2920.878    44.968869   5.266857   8.403157   -3503.264 1
334.163338 -25.162219   0.031000  0.000333   9293.566    99.830889   5.267495   8.404175    2734.184 1
330.673167 -33.805056   0.014934  0.000005   4477.101     1.498962   5.268013   8.405000   -1980.068 1
324.907708 -31.878972   0.037806  0.000150  11333.954    44.968869   5.277488   8.420118    4731.270 1
333.098375 -32.931278   0.026873  0.000213   8056.323    63.855794   5.278947   8.422445    1523.197 1
324.550125 -25.781306   0.036535  0.000150  10952.917    44.968869   5.286969   8.435245    4358.320 1
328.559083 -33.823361   0.016148  0.000103   4841.049    30.878623   5.291371   8.442268   -1623.843 1
330.297167 -33.877222   0.026595  0.000150   7972.980    44.968869   5.292677   8.444351    1441.623 1
323.734625 -29.729944   0.019744  0.000040   5919.102    11.991698   5.296535   8.450506    -568.668 1
335.487667 -27.313306   0.025174  0.000027   7546.975     8.094396   5.301818   8.458936    1024.659 1
330.305417 -33.888306   0.026655  0.000150   7990.968    44.968869   5.304494   8.463205    1459.229 1
334.241417 -25.123444   0.031202  0.000150   9354.124    44.968869   5.344691   8.527339    2793.456 1
334.744083 -25.707944   0.022872  0.000150   6856.853    44.968869   5.346806   8.530713     349.182 1
328.011333 -23.415889   0.031979  0.000150   9587.063    44.968869   5.392236   8.603196    3021.452 1
335.773000 -28.954833   0.005944  0.000018   1781.966     5.396264   5.400178   8.615868   -4618.006 1
332.405958 -23.784972   0.038170  0.000150  11443.078    44.968869   5.410116   8.631723    4838.079 1
328.053458 -23.376278   0.032349  0.000150   9697.986    44.968869   5.420872   8.648884    3130.021 1
323.968875 -26.451417   0.030558  0.000103   9161.058    30.878623   5.423574   8.653195    2604.487 1
333.789125 -32.630528   0.008749  0.000150   2622.884    44.968869   5.423926   8.653757   -3794.934 1
333.789250 -32.630833   0.008738  0.000213   2619.586    63.855794   5.424226   8.654235   -3798.162 1
335.807208 -28.978917   0.005837  0.000150   1749.889    44.968869   5.431702   8.666163   -4649.403 1
333.443458 -24.336861   0.037646  0.000150  11285.987    44.968869   5.431719   8.666189    4684.321 1
335.401042 -26.626667   0.015194  0.000150   4555.047    44.968869   5.440118   8.679591   -1903.776 1
335.819208 -28.980972   0.006031  0.000002   1808.048     0.599585   5.442350   8.683151   -4592.478 1
330.359583 -34.049444   0.027696  0.000333   8303.052    99.830889   5.469999   8.727265    1764.690 1
334.142583 -32.396694   0.026881  0.000297   8058.721    89.038360   5.473266   8.732477    1525.544 1
325.813333 -24.288611   0.031839  0.000103   9545.092    30.878623   5.475223   8.735600    2980.372 1
330.550417 -34.039722   0.014987  0.000333   4492.990    99.830889   5.482425   8.747091   -1964.516 1
334.631667 -25.309028   0.036172  0.000103  10844.093    30.878623   5.494766   8.766780    4251.805 1
329.410542 -34.131306   0.015227  0.000150   4564.940    44.968869   5.518061   8.803947   -1894.093 1
335.881125 -27.932389   0.018910  0.000297   5669.075    89.038360   5.527028   8.818254    -813.389 1
323.516042 -29.938583   0.027065  0.000150   8113.883    44.968869   5.530404   8.823640    1579.535 1
323.812910 -30.844767   0.010611  0.000150   3181.098    44.968869   5.574157   8.893446   -3248.567 1
331.733542 -33.884000   0.031238  0.000150   9364.917    44.968869   5.580596   8.903720    2804.020 1
326.613208 -33.567861   0.020341  0.000103   6098.078    30.878623   5.616327   8.960728    -393.490 1
328.310958 -34.142194   0.032976  0.000213   9885.956    63.855794   5.646119   9.008260    3314.002 1
323.298375 -27.564917   0.019123  0.000103   5732.931    30.878623   5.659773   9.030046    -750.888 1
332.552750 -33.671250   0.031530  0.000110   9452.456    32.977170   5.667080   9.041704    2889.702 1
334.910167 -25.332389   0.015824  0.000012   4743.916     3.597509   5.678346   9.059679   -1718.915 1
334.759542 -25.140111   0.037006  0.000150  11094.120    44.968869   5.686484   9.072663    4496.526 1
329.579417 -34.308556   0.035536  0.000213  10653.425    63.855794   5.692038   9.081524    4065.183 1
329.480667 -22.918639   0.024200  0.000053   7254.977    15.889000   5.699654   9.093674     738.858 1
324.728333 -32.369917   0.031912  0.000150   9566.977    44.968869   5.712034   9.113427    3001.792 1
329.543125 -34.332111   0.035593  0.000297  10670.513    89.038360   5.715946   9.119668    4081.909 1
333.352458 -23.923833   0.016755  0.000150   5023.023    44.968869   5.716781   9.121000   -1445.731 1
327.710417 -23.146639   0.007749  0.000150   2323.092    44.968869   5.724633   9.133527   -4088.364 1
332.593292 -23.507917   0.037713  0.000150  11306.073    44.968869   5.731576   9.144606    4703.981 1
334.579167 -24.866833   0.037599  0.000103  11271.897    30.878623   5.736809   9.152954    4670.530 1
327.640833 -23.147222   0.007812  0.000031   2341.979     9.293566   5.742387   9.161853   -4069.878 1
334.399333 -32.554056   0.022047  0.000213   6609.524    63.855794   5.745098   9.166180     107.102 1
335.344750 -31.429028   0.007435  0.000150   2228.957    44.968869   5.748544   9.171677   -4180.502 1
333.539958 -33.235417   0.014340  0.000009   4299.024     2.698132   5.752622   9.178184   -2154.365 1
327.742875 -34.142472   0.028283  0.000150   8479.030    44.968869   5.769601   9.205273    1936.933 1
336.145292 -27.825972   0.027222  0.000103   8160.950    30.878623   5.770829   9.207233    1625.604 1
327.968375 -23.032583   0.031849  0.000150   9548.090    44.968869   5.772258   9.209513    2983.306 1
330.423625 -34.348333   0.029207  0.000150   8756.038    44.968869   5.773441   9.211400    2208.063 1
334.630042 -32.393583   0.021688  0.000150   6501.899    44.968869   5.788253   9.235033       1.761 1
336.234292 -28.815611   0.032399  0.000213   9712.976    63.855794   5.797938   9.250484    3144.693 1
336.180167 -27.811639   0.022195  0.000213   6653.894    63.855794   5.803128   9.258765     150.530 1
336.041417 -27.179861   0.015344  0.000150   4600.015    44.968869   5.805820   9.263060   -1859.761 1
334.940917 -25.126028   0.036225  0.000150  10859.982    44.968869   5.821728   9.288442    4267.357 1
336.001375 -26.933306   0.018559  0.000213   5563.848    63.855794   5.838034   9.314457    -916.383 1
333.457167 -33.398722   0.014377  0.000150   4310.116    44.968869   5.842487   9.321561   -2143.508 1
326.605000 -23.381444   0.028476  0.000150   8536.890    44.968869   5.871593   9.367999    1993.565 1
332.192208 -34.048694   0.027416  0.000183   8219.110    54.862020   5.878082   9.378353    1682.529 1
333.787917 -33.247000   0.014517  0.000150   4352.087    44.968869   5.894072   9.403864   -2102.428 1
324.288667 -32.230722   0.023373  0.000150   7007.049    44.968869   5.922382   9.449033     496.191 1
323.993833 -31.917556   0.029460  0.000150   8831.886    44.968869   5.950192   9.493402    2282.301 1
335.473000 -25.590278   0.022722  0.000103   6811.884    30.878623   5.952945   9.497795     305.168 1
335.471268 -25.583226   0.023029  0.000333   6903.921    99.830889   5.955225   9.501432     395.251 1
329.279958 -34.582222   0.008829  0.000005   2646.868     1.498962   5.973571   9.530704   -3771.460 1
323.679000 -31.550333   0.024794  0.000127   7433.054    38.073642   5.994014   9.563320     913.155 1
332.924125 -33.885972   0.008429  0.000010   2526.951     2.997925   6.009139   9.587452   -3888.832 1
334.657583 -24.526389   0.038203  0.000150  11452.971    44.968869   6.015196   9.597115    4847.762 1
327.231667 -22.971333   0.032856  0.000057   9849.981    17.088170   6.026239   9.614734    3278.790 1
335.379625 -25.312500   0.023016  0.000023   6900.023     6.895227   6.030125   9.620934     391.436 1
334.282458 -33.064083   0.014040  0.000150   4209.086    44.968869   6.036110   9.630483   -2242.394 1
331.865875 -34.357806   0.031322  0.000150   9390.099    44.968869   6.066358   9.678744    2828.668 1
326.952722 -34.215968   0.009787  0.000097   2934.069    29.079868   6.073662   9.690396   -3490.353 1
332.129158 -34.284506   0.008899  0.000017   2667.853     5.096472   6.076490   9.694908   -3750.920 1
332.132708 -34.285250   0.008983  0.000113   2693.036    33.876548   6.078308   9.697808   -3726.271 1
336.554167 -29.063583   0.019128  0.000213   5734.430    63.855794   6.091738   9.719235    -749.421 1
332.866492 -34.007855   0.033196  0.000404   9951.910    99.990000   6.092564   9.720555    3378.556 1
323.352167 -31.219639   0.032906  0.000150   9864.971    44.968869   6.097458   9.728362    3293.462 1
332.700167 -34.090917   0.027817  0.000297   8339.327    89.038360   6.100359   9.732991    1800.195 1
336.579792 -29.021861   0.027895  0.000213   8362.711    63.855794   6.111264   9.750390    1823.082 1
336.238708 -26.683083   0.028923  0.000150   8670.897    44.968869   6.112315   9.752066    2124.729 1
328.661458 -34.669389   0.015357  0.000150   4603.913    44.968869   6.112518   9.752390   -1855.947 1
334.240292 -33.204694   0.028069  0.000213   8414.875    63.855794   6.115909   9.757800    1874.139 1
334.409625 -33.086694   0.029397  0.000150   8812.999    44.968869   6.128613   9.778069    2263.815 1
326.713208 -34.209972   0.029113  0.000113   8727.858    33.876548   6.152725   9.816540    2180.481 1
335.493000 -25.236056   0.036389  0.000103  10909.148    30.878623   6.155274   9.820606    4315.479 1
334.748250 -24.403472   0.037463  0.000150  11231.125    44.968869   6.157242   9.823747    4630.624 1
334.243417 -23.932861   0.031872  0.000183   9554.985    54.862020   6.189949   9.875930    2990.055 1
332.912792 -34.105250   0.028046  0.000150   8407.979    44.968869   6.197687   9.888276    1867.390 1
330.738083 -22.471972   0.005717  0.000005   1713.913     1.498962   6.220789   9.925134   -4684.615 1
333.321870 -33.941624   0.014457  0.000213   4334.100    63.855794   6.232053   9.943106   -2120.034 1
334.900375 -24.434639   0.037586  0.000150  11267.999    44.968869   6.234342   9.946758    4666.716 1
326.809125 -22.895667   0.033143  0.000150   9936.021    44.968869   6.235166   9.948072    3363.005 1
335.723625 -25.385333   0.036962  0.000183  11080.929    54.862020   6.246928   9.966838    4483.615 1
333.031833 -34.110694   0.014196  0.000297   4255.854    89.038360   6.251695   9.974444   -2196.619 1
323.032292 -26.269806   0.017135  0.000103   5136.944    30.878623   6.251980   9.974898   -1334.228 1
336.724167 -27.994389   0.020264  0.000213   6074.994    63.855794   6.255591   9.980660    -416.084 1
335.470083 -25.025444   0.036138  0.000150  10833.900    44.968869   6.256933   9.982802    4241.828 1
332.915417 -34.172167   0.028666  0.000410   8593.851    99.990000   6.258085   9.984639    2049.317 1
335.186460 -24.678265   0.015984  0.000003   4791.883     0.899377   6.266899   9.998701   -1671.966 1
332.999375 -34.143417   0.027989  0.000183   8390.891    54.862020   6.266987   9.998843    1850.665 1
333.635042 -33.807722   0.028310  0.000150   8487.124    44.968869   6.267875  10.000258    1944.856 1
332.590921 -34.333284   0.027896  0.000173   8363.010    51.864095   6.278495  10.017203    1823.376 1
331.078750 -22.456722   0.017509  0.000150   5249.066    44.968869   6.289299  10.034441   -1224.485 1
334.856083 -24.294861   0.038203  0.000150  11452.971    44.968869   6.300607  10.052483    4847.762 1
330.784295 -22.394485   0.005824  0.000027   1745.991     8.094396   6.303714  10.057440   -4653.218 1
336.715792 -27.565444   0.027439  0.000150   8226.005    44.968869   6.305460  10.060225    1689.278 1
328.144225 -34.785617   0.008863  0.000333   2657.061    99.830889   6.305898  10.060924   -3761.483 1
329.458625 -34.939111   0.029307  0.000150   8786.018    44.968869   6.324258  10.090217    2237.406 1
322.429583 -28.370194   0.036612  0.000103  10976.001    30.878623   6.328649  10.097223    4380.914 1
336.600000 -26.969639   0.032666  0.000150   9793.020    44.968869   6.333477  10.104925    3223.038 1
336.246250 -31.157778   0.027562  0.000333   8262.880    99.830889   6.336820  10.110259    1725.370 1
326.298625 -34.237389   0.020027  0.000183   6003.944    54.862020   6.337337  10.111084    -485.627 1
334.454000 -23.891944   0.031795  0.000103   9531.901    30.878623   6.342776  10.119762    2967.461 1
335.348333 -32.502167   0.027749  0.000183   8318.941    54.862020   6.345466  10.124054    1780.242 1
336.390708 -30.927694   0.028170  0.000200   8445.154    59.958492   6.366104  10.156981    1903.776 1
330.307083 -34.964639   0.035848  0.000150  10746.960    44.968869   6.375410  10.171828    4156.734 1
334.800667 -24.121528   0.032222  0.000150   9659.913    44.968869   6.386098  10.188881    3092.755 1
334.716333 -24.020222   0.035178  0.000150  10546.099    44.968869   6.406024  10.220673    3960.135 1
336.879958 -27.847972   0.022746  0.000150   6819.079    44.968869   6.407600  10.223187     312.210 1
330.862500 -34.941833   0.014880  0.000057   4460.912    17.088170   6.416480  10.237355   -1995.913 1
335.380333 -32.583472   0.013920  0.000150   4173.111    44.968869   6.417632  10.239193   -2277.606 1
334.696750 -23.987472   0.034727  0.000150  10410.893    44.968869   6.417646  10.239215    3827.798 1
336.508083 -30.832694   0.036680  0.000130  10996.387    38.973020   6.428859  10.257105    4400.868 1
326.868958 -34.572861   0.038140  0.000103  11434.084    30.878623   6.431554  10.261406    4829.276 1
336.292917 -31.310556   0.028009  0.000333   8396.887    99.830889   6.436797  10.269771    1856.534 1
322.480875 -30.035722   0.023463  0.000150   7034.030    44.968869   6.437170  10.270365     522.599 1
336.384583 -31.131667   0.028003  0.000333   8395.088    99.830889   6.438002  10.271694    1854.773 1
327.082917 -34.658889   0.009206  0.000333   2759.889    99.830889   6.443660  10.280720   -3660.836 1
336.524250 -30.867944   0.028089  0.000103   8420.870    30.878623   6.454393  10.297845    1880.008 1
336.466417 -31.028333   0.027470  0.000150   8235.299    44.968869   6.464939  10.314670    1698.375 1
335.335689 -24.524171   0.016000  0.000333   4796.679    99.830889   6.465746  10.315958   -1667.271 1
322.777375 -26.237319   0.017002  0.000150   5097.071    44.968869   6.471811  10.325635   -1373.254 1
334.846042 -24.038528   0.026965  0.000150   8083.904    44.968869   6.472888  10.327353    1550.192 1
326.693750 -34.564167   0.016772  0.000333   5028.119    99.830889   6.483175  10.343765   -1440.743 1
336.335113 -31.353986   0.030698  0.000170   9203.029    50.964718   6.488659  10.352515    2645.568 1
336.335000 -31.355556   0.030137  0.000093   9034.845    27.880699   6.489231  10.353428    2480.953 1
336.337292 -31.351306   0.030558  0.000150   9161.058    44.968869   6.489263  10.353479    2604.487 1
336.335122 -31.357319   0.030571  0.000200   9164.955    59.958492   6.490073  10.354771    2608.302 1
336.465321 -31.100311   0.028056  0.000333   8410.977    99.830889   6.491244  10.356639    1870.325 1
322.645000 -30.742611   0.033647  0.000150  10087.117    44.968869   6.492651  10.358884    3510.894 1
336.419667 -31.200750   0.028333  0.000113   8494.020    33.876548   6.493545  10.360310    1951.605 1
336.425657 -31.200001   0.029377  0.000190   8807.003    56.960567   6.498072  10.367532    2257.946 1
322.559083 -30.548250   0.027329  0.000103   8193.028    30.878623   6.503613  10.376374    1657.001 1
331.136979 -22.236685   0.036552  0.000150  10958.014    44.968869   6.515127  10.394743    4363.309 1
333.837042 -23.245611   0.031298  0.000150   9382.904    44.968869   6.516572  10.397049    2821.626 1
323.216708 -25.338306   0.031315  0.000150   9388.001    44.968869   6.517456  10.398460    2826.614 1
331.385875 -22.282944   0.024738  0.000024   7416.266     7.195019   6.517918  10.399197     896.723 1
323.066333 -25.556306   0.016948  0.000103   5080.883    30.878623   6.526863  10.413468   -1389.099 1
335.210583 -32.940972   0.028139  0.000150   8435.860    44.968869   6.532131  10.421873    1894.679 1
335.396583 -24.479917   0.031478  0.000150   9436.867    44.968869   6.535141  10.426677    2874.443 1
327.441708 -34.876278   0.008819  0.000003   2643.870     0.899377   6.548576  10.448112   -3774.394 1
333.960774 -23.279599   0.031695  0.000150   9501.922    44.968869   6.550968  10.451927    2938.118 1
336.509542 -31.180222   0.026265  0.000150   7874.049    44.968869   6.557949  10.463065    1344.791 1
336.521917 -26.073611   0.033116  0.000150   9927.927    44.968869   6.560013  10.466358    3355.082 1
336.932500 -30.038694   0.028183  0.000150   8449.051    44.968869   6.563333  10.471656    1907.590 1
336.794632 -30.514694   0.028260  0.000300   8472.135    89.937737   6.566685  10.477003    1930.185 1
336.607917 -31.020639   0.028490  0.000210   8541.087    62.956416   6.577535  10.494315    1997.673 1
330.377083 -22.070861   0.017352  0.000012   5201.999     3.597509   6.578326  10.495576   -1270.553 1
327.152458 -22.401944   0.028420  0.000150   8520.102    44.968869   6.585335  10.506759    1977.133 1
336.620583 -31.019000   0.028510  0.000220   8547.083    65.954341   6.587288  10.509876    2003.542 1
327.312292 -34.883722   0.016111  0.000150   4829.956    44.968869   6.589929  10.514089   -1634.700 1
336.610012 -31.052971   0.028060  0.000390   8412.176    99.990000   6.591129  10.516004    1871.498 1
328.805708 -22.060583   0.007092  0.000150   2126.128    44.968869   6.596274  10.524212   -4281.148 1
332.586958 -34.692000   0.033370  0.000123  10004.074    36.874472   6.605405  10.538781    3429.613 1
336.745667 -30.798333   0.027040  0.000240   8106.388    71.950190   6.613615  10.551879    1572.200 1
337.038625 -29.900417   0.028413  0.000103   8518.003    30.878623   6.626140  10.571863    1975.079 1
330.416667 -22.022778   0.017425  0.000333   5223.884    99.830889   6.629687  10.577522   -1249.133 1
336.677458 -31.029333   0.027570  0.000150   8265.278    44.968869   6.637551  10.590069    1727.718 1
336.766458 -26.401278   0.029267  0.000150   8774.026    44.968869   6.642051  10.597248    2225.669 1
336.664875 -31.117694   0.026582  0.000103   7969.083    30.878623   6.659938  10.625786    1437.808 1
337.142417 -29.734472   0.013016  0.000103   3902.099    30.878623   6.685814  10.667071   -2542.867 1
328.257250 -35.212222   0.037990  0.000150  11389.115    44.968869   6.705232  10.698053    4785.261 1
327.081333 -34.951244   0.016151  0.000050   4841.948    14.989623   6.719031  10.720068   -1622.963 1
326.855458 -34.883667   0.008769  0.000083   2628.880    24.882774   6.724698  10.729110   -3789.065 1
337.252125 -27.854083   0.023320  0.000160   6991.160    47.966793   6.731364  10.739745     480.639 1
337.053083 -26.904972   0.028067  0.000213   8414.275    63.855794   6.734469  10.744700    1873.552 1
333.990458 -34.160333   0.030868  0.000197   9253.994    59.059114   6.735037  10.745606    2695.451 1
337.093083 -30.228194   0.029180  0.000140   8747.944    41.970944   6.743777  10.759550    2200.140 1
333.167763 -22.612032   0.017800  0.000333   5336.306    99.830889   6.758868  10.783628   -1139.096 1
336.845000 -31.008056   0.013119  0.000033   3932.977     9.893151   6.767230  10.796969   -2512.644 1
335.498583 -24.210861   0.024243  0.000150   7267.869    44.968869   6.776469  10.811710     751.475 1
326.491500 -34.815083   0.016772  0.000083   5028.119    24.882774   6.784319  10.824235   -1440.743 1
332.176708 -35.024139   0.031125  0.000150   9331.040    44.968869   6.785248  10.825717    2770.862 1
337.222583 -27.327639   0.032939  0.000150   9874.864    44.968869   6.785658  10.826371    3303.145 1
326.490367 -34.816302   0.017142  0.000040   5139.042    11.991698   6.785837  10.826657   -1332.174 1
325.532250 -34.370750   0.016798  0.000113   5035.914    33.876548   6.787510  10.829325   -1433.114 1
336.236667 -25.058333   0.015461  0.000333   4635.091    99.830889   6.801674  10.851924   -1825.430 1
333.613208 -34.460139   0.027863  0.000217   8353.117    65.054963   6.808158  10.862268    1813.693 1
337.226835 -30.054802   0.028790  0.000400   8631.025    99.990000   6.819185  10.879862    2085.703 1
329.176375 -35.426972   0.030364  0.000150   9102.898    44.968869   6.822066  10.884458    2547.562 1
335.372208 -33.216944   0.029180  0.000150   8747.944    44.968869   6.822099  10.884511    2200.140 1
337.399917 -28.286722   0.027503  0.000297   8245.192    89.038360   6.825743  10.890324    1708.058 1
333.818167 -34.377250   0.014123  0.000257   4233.969    77.046662   6.832181  10.900598   -2218.040 1
326.440000 -22.381722   0.033266  0.000150   9972.896    44.968869   6.836212  10.907028    3399.097 1
332.206542 -35.082139   0.032579  0.000183   9766.938    54.862020   6.848638  10.926854    3197.510 1
337.446542 -28.594306   0.030372  0.000213   9105.297    63.855794   6.858727  10.942951    2549.909 1
333.177500 -22.498333   0.017579  0.000333   5270.052    99.830889   6.863949  10.951282   -1203.945 1
332.259000 -35.102000   0.030993  0.000333   9291.468    99.830889   6.882675  10.981159    2732.130 1
332.242875 -35.114194   0.031125  0.000150   9331.040    44.968869   6.889447  10.991963    2770.862 1
332.313042 -35.101528   0.030801  0.000500   9233.907    99.990000   6.898263  11.006029    2675.791 1
332.258422 -35.121046   0.033900  0.000333  10162.964    99.830889   6.900455  11.009526    3585.131 1
332.314958 -35.123778   0.031515  0.000150   9447.959    44.968869   6.919755  11.040320    2885.300 1
332.249167 -35.147806   0.030027  0.000500   9001.868    99.990000   6.922986  11.045474    2448.676 1
337.520500 -28.468111   0.027859  0.000103   8351.918    30.878623   6.925209  11.049020    1812.519 1
323.636667 -33.119194   0.026028  0.000090   7802.998    26.981321   6.927069  11.051988    1275.248 1
334.350500 -34.185806   0.030518  0.000150   9149.066    44.968869   6.939843  11.072369    2592.750 1
325.572542 -22.660417   0.033183  0.000150   9948.013    44.968869   6.941573  11.075129    3374.742 1
332.362208 -35.143972   0.032426  0.000150   9721.070    44.968869   6.952929  11.093248    3152.615 1
322.703000 -25.236500   0.030324  0.000150   9090.906    44.968869   6.959801  11.104211    2535.825 1
337.291148 -30.448655   0.028310  0.000610   8487.124    99.990000   6.967427  11.116379    1944.856 1
337.140178 -30.962666   0.013139  0.000028   3938.973     8.394189   6.994877  11.160175   -2506.775 1
332.015417 -35.306667   0.032002  0.000333   9593.958    99.830889   7.009122  11.182903    3028.201 1
337.622792 -28.768000   0.027996  0.000150   8392.990    44.968869   7.015042  11.192347    1852.719 1
321.804417 -30.062694   0.019617  0.000150   5881.029    44.968869   7.023111  11.205222    -605.934 1
337.470833 -27.196528   0.027439  0.000150   8226.005    44.968869   7.025064  11.208338    1689.278 1
337.200549 -30.912022   0.013290  0.000090   3984.242    26.981321   7.028124  11.213219   -2462.467 1
337.203090 -30.912240   0.013330  0.000080   3996.233    23.983397   7.030303  11.216697   -2450.730 1
337.476125 -27.182028   0.027172  0.000150   8145.961    44.968869   7.032558  11.220293    1610.932 1
336.405292 -24.822889   0.035221  0.000043  10558.990    12.891076   7.052079  11.251439    3972.753 1
337.673958 -28.646889   0.027829  0.000150   8342.924    44.968869   7.058391  11.261509    1803.716 1
332.822667 -35.097139   0.031378  0.000183   9406.888    54.862020   7.059317  11.262987    2845.100 1
337.675208 -28.644472   0.027829  0.000150   8342.924    44.968869   7.059478  11.263244    1803.716 1
323.618750 -33.307778   0.025708  0.000333   7707.065    99.830889   7.062852  11.268628    1181.350 1
336.293250 -24.644194   0.014994  0.000150   4495.088    44.968869   7.068233  11.277213   -1962.462 1
337.223625 -30.980972   0.013160  0.000050   3945.269    14.989623   7.070031  11.280081   -2500.613 1
329.649083 -21.527083   0.035391  0.000150  10609.955    44.968869   7.089645  11.311376    4022.636 1
337.579542 -27.296333   0.027089  0.000150   8121.078    44.968869   7.099311  11.326798    1586.578 1
321.814667 -26.788389   0.038096  0.000083  11420.893    24.882774   7.102986  11.332661    4816.365 1
324.895708 -22.848583   0.032786  0.000150   9828.996    44.968869   7.111147  11.345682    3258.250 1
337.730625 -28.393917   0.028636  0.000150   8584.857    44.968869   7.111562  11.346343    2040.514 1
337.391625 -30.687389   0.028250  0.000220   8469.137    65.954341   7.118311  11.357112    1927.250 1
337.709542 -29.370889   0.036596  0.000213  10971.205    63.855794   7.129564  11.375065    4376.220 1
332.868667 -22.065861   0.036449  0.000150  10927.135    44.968869   7.139992  11.391702    4333.085 1
323.604292 -33.418639   0.024794  0.000107   7433.054    32.077793   7.146360  11.401863     913.155 1
324.968167 -22.760000   0.033406  0.000150  10014.867    44.968869   7.146548  11.402162    3440.177 1
336.483583 -24.730139   0.035691  0.000057  10699.893    17.088170   7.160029  11.423671    4110.665 1
323.438792 -33.275833   0.029464  0.000150   8833.085    44.968869   7.160890  11.425044    2283.475 1
337.633042 -30.062889   0.030408  0.000150   9116.089    44.968869   7.169772  11.439217    2560.473 1
321.509583 -27.801111   0.035427  0.000038  10620.747    11.392113   7.177949  11.452263    4033.200 1
323.900917 -23.497722   0.033183  0.000183   9948.013    54.862020   7.178272  11.452777    3374.742 1
337.311125 -31.108722   0.026760  0.000230   8022.446    68.952265   7.185765  11.464732    1490.039 1
337.826000 -28.399806   0.009303  0.000150   2788.969    44.968869   7.195065  11.479571   -3632.374 1
337.815750 -28.109722   0.028258  0.000297   8471.535    89.038360   7.200668  11.488510    1929.598 1
337.836625 -28.404361   0.009499  0.000297   2847.729    89.038360   7.204253  11.494229   -3574.861 1
332.247750 -35.452500   0.032659  0.000150   9790.922    44.968869   7.210744  11.504586    3220.984 1
324.335875 -34.130472   0.031805  0.000150   9534.899    44.968869   7.213039  11.508247    2970.395 1
335.328708 -33.822056   0.038040  0.000150  11404.105    44.968869   7.217425  11.515245    4799.933 1
336.664000 -24.871611   0.008599  0.000017   2577.915     5.096472   7.219155  11.518005   -3838.949 1
332.527500 -35.378056   0.032156  0.000333   9640.126    99.830889   7.222886  11.523959    3073.389 1
324.759708 -22.792472   0.034554  0.000333  10359.029    99.830889   7.226769  11.530153    3777.035 1
324.965625 -22.663361   0.030224  0.000150   9060.927    44.968869   7.227222  11.530876    2506.482 1
334.749042 -22.941750   0.016318  0.000150   4892.013    44.968869   7.236829  11.546203   -1573.960 1
333.278167 -22.123472   0.017465  0.000150   5235.875    44.968869   7.238720  11.549222   -1237.396 1
337.660750 -26.931472   0.012000  0.000024   3597.509     7.195019   7.245445  11.559950   -2840.992 1
324.982042 -22.614528   0.032616  0.000150   9778.031    44.968869   7.259385  11.582191    3208.367 1
330.550375 -35.834417   0.019557  0.000150   5863.041    44.968869   7.262448  11.587078    -623.539 1
324.938333 -22.631667   0.032459  0.000333   9730.963    99.830889   7.266913  11.594203    3162.298 1
331.439375 -35.716056   0.031682  0.000087   9498.025    26.081944   7.274197  11.605824    2934.303 1
325.031958 -22.565583   0.030648  0.000500   9188.039    99.990000   7.275486  11.607881    2630.896 1
321.663125 -26.578611   0.019050  0.000150   5711.046    44.968869   7.287479  11.627014    -772.309 1
333.303875 -22.074000   0.017579  0.000067   5270.052    20.086095   7.293073  11.635939   -1203.945 1
333.359542 -22.096694   0.017799  0.000027   5336.006     8.094396   7.294502  11.638220   -1139.390 1
323.573000 -33.629278   0.032035  0.000150   9603.851    44.968869   7.309535  11.662205    3037.884 1
333.509208 -35.094972   0.013416  0.000150   4022.016    44.968869   7.317353  11.674678   -2425.495 1
337.679167 -30.531194   0.013873  0.000150   4159.021    44.968869   7.317771  11.675345   -2291.397 1
327.545544 -35.707677   0.008663  0.000085   2597.102    25.482359   7.324003  11.685289   -3820.169 1
325.013000 -22.517000   0.032533  0.000333   9753.148    99.830889   7.325145  11.687110    3184.012 1
337.545292 -31.008556   0.028390  0.000290   8511.108    86.939813   7.345691  11.719891    1968.330 1
332.920042 -35.379056   0.032429  0.000183   9721.970    54.862020   7.352091  11.730103    3153.495 1
324.920875 -22.523944   0.034090  0.000500  10219.925    99.990000   7.364486  11.749878    3640.883 1
334.826359 -22.830951   0.018066  0.000150   5416.051    44.968869   7.365848  11.752052   -1061.044 1
335.529667 -23.369778   0.026605  0.000150   7975.978    44.968869   7.370282  11.759126    1444.557 1
324.964583 -22.473889   0.032412  0.000177   9716.873    53.063265   7.384587  11.781948    3148.507 1
325.059375 -22.411389   0.032849  0.000143   9847.882    42.870321   7.391124  11.792378    3276.736 1
324.948708 -22.471611   0.035011  0.000197  10496.034    59.059114   7.394223  11.797324    3911.132 1
335.792125 -33.664861   0.008229  0.000150   2466.992    44.968869   7.396799  11.801432   -3947.518 1
325.013262 -22.424797   0.032056  0.000150   9610.147    44.968869   7.401973  11.809688    3044.046 1
325.154950 -22.339704   0.032005  0.000150   9594.858    44.968869   7.406536  11.816968    3029.081 1
326.370917 -35.449028   0.038180  0.000150  11446.076    44.968869   7.408295  11.819775    4841.013 1
324.979958 -22.426944   0.035201  0.000500  10552.994    99.990000   7.416241  11.832451    3966.884 1
329.178833 -21.209417   0.005924  0.000150   1775.971    44.968869   7.418040  11.835322   -4623.875 1
337.826783 -30.453284   0.013162  0.000150   3945.868    44.968869   7.423260  11.843651   -2500.026 1
333.559000 -22.041694   0.016728  0.000150   5014.928    44.968869   7.423347  11.843789   -1453.654 1
336.634500 -24.441111   0.032563  0.000150   9762.142    44.968869   7.430147  11.854638    3192.815 1
324.955549 -22.416009   0.032689  0.000500   9799.916    99.990000   7.437179  11.865859    3229.787 1
323.321250 -33.590000   0.025901  0.000333   7764.924    99.830889   7.445628  11.879338    1237.982 1
338.019458 -27.449944   0.035894  0.000297  10760.750    89.038360   7.453510  11.891915    4170.231 1
330.446042 -36.039444   0.032039  0.000150   9605.051    44.968869   7.456928  11.897367    3039.058 1
324.858875 -22.433528   0.034867  0.000063  10452.864    18.886925   7.469864  11.918006    3868.879 1
324.937917 -22.382222   0.032476  0.000333   9736.060    99.830889   7.473897  11.924442    3167.287 1
322.966901 -23.942223   0.008599  0.000035   2577.915    10.492736   7.489907  11.949985   -3838.949 1
333.428333 -35.328111   0.012849  0.000183   3852.033    54.862020   7.492704  11.954447   -2591.870 1
327.069885 -21.464168   0.017759  0.000150   5324.014    44.968869   7.498211  11.963234   -1151.127 1
324.825500 -22.400556   0.030114  0.000150   9027.950    44.968869   7.513598  11.987783    2474.204 1
338.122472 -29.580098   0.009792  0.000213   2935.568    63.855794   7.514065  11.988528   -3488.886 1
337.027833 -24.807889   0.038276  0.000150  11474.856    44.968869   7.526083  12.007702    4869.182 1
325.579333 -21.983778   0.034527  0.000150  10350.934    44.968869   7.527372  12.009759    3769.112 1
338.196167 -29.064500   0.027969  0.000150   8384.895    44.968869   7.530070  12.014063    1844.796 1
337.099750 -24.906722   0.033373  0.000150  10004.974    44.968869   7.531427  12.016229    3430.494 1
331.030833 -21.182500   0.013255  0.000023   3973.749     6.895227   7.534743  12.021520   -2472.737 1
324.145375 -22.757972   0.033984  0.000150  10188.147    44.968869   7.585158  12.101955    3609.780 1
337.149708 -24.844139   0.015614  0.000060   4680.959    17.987547   7.600492  12.126420   -1780.535 1
326.121518 -21.668813   0.033276  0.000150   9975.894    44.968869   7.601161  12.127488    3402.031 1
321.173875 -30.247417   0.020117  0.000150   6030.925    44.968869   7.603095  12.130574    -459.218 1
335.577708 -23.086611   0.026815  0.000120   8038.935    35.975095   7.603362  12.130999    1506.178 1
337.158333 -24.840778   0.014423  0.000070   4323.907    20.985472   7.608733  12.139569   -2130.011 1
324.539333 -22.450972   0.031345  0.000150   9396.995    44.968869   7.616661  12.152218    2835.417 1
335.600167 -23.080417   0.026195  0.000150   7853.063    44.968869   7.621404  12.159785    1324.251 1
330.590125 -21.040917   0.005974  0.000005   1790.960     1.498962   7.622206  12.161065   -4609.203 1
322.370167 -32.796778   0.034407  0.000150  10314.959    44.968869   7.624064  12.164029    3733.901 1
333.965583 -35.226583   0.030274  0.000120   9075.917    35.975095   7.625799  12.166798    2521.153 1
332.620000 -35.797889   0.032259  0.000150   9671.005    44.968869   7.644789  12.197095    3103.612 1
324.068042 -22.736056   0.016658  0.000037   4993.943    11.092321   7.645300  12.197911   -1474.194 1
323.251417 -33.850333   0.025968  0.000150   7785.011    44.968869   7.666661  12.231992    1257.642 1
337.174167 -24.735833   0.015427  0.000333   4624.898    99.830889   7.673343  12.242652   -1835.407 1
338.371000 -28.971028   0.027449  0.000150   8229.003    44.968869   7.678399  12.250719    1692.213 1
338.356833 -29.462889   0.037362  0.000297  11200.846    89.038360   7.704392  12.292191    4600.987 1
323.172000 -33.872583   0.026035  0.000150   7805.097    44.968869   7.732858  12.337608    1277.302 1
323.009023 -33.715025   0.029974  0.000150   8985.979    44.968869   7.733640  12.338855    2433.124 1
337.879500 -25.886694   0.034394  0.000150  10311.062    44.968869   7.736450  12.343338    3730.086 1
328.465875 -36.285861   0.032593  0.000150   9771.136    44.968869   7.737330  12.344743    3201.618 1
324.143208 -22.558833   0.033523  0.000150  10049.943    44.968869   7.741189  12.350900    3474.508 1
338.318625 -27.246611   0.011801  0.000007   3537.851     2.098547   7.746371  12.359167   -2899.385 1
338.456958 -28.901833   0.027069  0.000150   8115.082    44.968869   7.750923  12.366430    1580.709 1
320.793708 -28.705389   0.034127  0.000183  10231.017    54.862020   7.760395  12.381542    3651.740 1
334.395276 -22.076597   0.008543  0.000333   2561.127    99.830889   7.761885  12.383919   -3855.381 1
329.959333 -36.377361   0.036198  0.000150  10851.887    44.968869   7.765918  12.390353    4259.434 1
338.500167 -28.950056   0.026969  0.000130   8085.103    38.973020   7.790743  12.429961    1551.366 1
324.762500 -22.092278   0.032776  0.000150   9825.998    44.968869   7.800749  12.445927    3255.316 1
330.664458 -20.861917   0.007655  0.000100   2294.911    29.979246   7.807437  12.456596   -4115.947 1
331.173789 -20.927162   0.017906  0.000150   5368.084    44.968869   7.807539  12.456759   -1107.993 1
337.211167 -24.522139   0.016018  0.000150   4802.076    44.968869   7.811246  12.462674   -1661.989 1
321.198208 -31.113278   0.023923  0.000150   7171.935    44.968869   7.814339  12.467609     657.577 1
338.142875 -30.917917   0.028433  0.000103   8523.999    30.878623   7.816384  12.470872    1980.948 1
337.529750 -24.972861   0.031442  0.000150   9426.074    44.968869   7.831131  12.494400    2863.880 1
330.550230 -20.818726   0.008746  0.000333   2621.985    99.830889   7.839410  12.507609   -3795.814 1
327.931125 -20.917306   0.032719  0.000150   9808.909    44.968869   7.843086  12.513474    3238.590 1
338.433667 -27.245722   0.023049  0.000140   6909.916    41.970944   7.845943  12.518033     401.119 1
321.354625 -25.654722   0.037002  0.000150  11092.921    44.968869   7.847918  12.521184    4495.352 1
330.665917 -20.812833   0.008749  0.000002   2622.884     0.599585   7.856340  12.534620   -3794.934 1
338.478042 -29.867583   0.037673  0.000127  11294.081    38.073642   7.864302  12.547324    4692.244 1
323.959167 -34.715722   0.030027  0.000133   9001.868    39.872397   7.874602  12.563757    2448.676 1
334.601250 -22.052972   0.008242  0.000025   2470.889     7.494811   7.880405  12.573015   -3943.703 1
332.541583 -36.088611   0.010374  0.000043   3110.047    12.891076   7.895983  12.597871   -3318.110 1
337.738667 -25.179194   0.033827  0.000150  10141.079    44.968869   7.902002  12.607473    3563.711 1
337.774833 -25.237194   0.016281  0.000183   4880.921    54.862020   7.905633  12.613267   -1584.817 1
320.621167 -28.649194   0.034074  0.000080  10215.128    23.983397   7.911419  12.622497    3636.188 1
337.883583 -25.420111   0.033867  0.000150  10153.071    44.968869   7.916427  12.630489    3575.448 1
332.668417 -21.155667   0.032035  0.000183   9603.851    54.862020   7.922464  12.640120    3037.884 1
321.546792 -25.047306   0.036845  0.000103  11045.853    30.878623   7.945667  12.677139    4449.284 1
337.997875 -25.548611   0.033593  0.000150  10070.928    44.968869   7.957897  12.696653    3495.048 1
337.471458 -24.614528   0.016091  0.000130   4823.960    38.973020   7.959877  12.699812   -1640.569 1
333.151167 -35.958389   0.010317  0.000183   3092.959    54.862020   7.964677  12.707469   -3334.835 1
323.083958 -23.102750   0.034467  0.000113  10332.947    33.876548   7.966147  12.709815    3751.506 1
331.273629 -20.773591   0.005844  0.000333   1751.987    99.830889   7.974192  12.722650   -4647.349 1
338.549583 -30.186333   0.037476  0.000297  11235.022    89.038360   7.982821  12.736419    4634.438 1
337.993000 -25.439000   0.033855  0.000333  10149.474    99.830889   7.996869  12.758831    3571.927 1
335.693876 -22.632559   0.026272  0.000150   7876.147    44.968869   8.007112  12.775174    1346.845 1
334.767542 -35.236306   0.029534  0.000037   8854.070    11.092321   8.008219  12.776940    2304.015 1
333.685333 -35.797083   0.012595  0.000150   3775.886    44.968869   8.013083  12.784700   -2666.401 1
320.827167 -30.736417   0.020087  0.000063   6021.931    18.886925   8.015860  12.789132    -468.021 1
338.125875 -25.661972   0.019190  0.000009   5753.017     2.698132   8.019233  12.794513    -731.228 1
326.665667 -36.205389   0.008733  0.000057   2618.088    17.088170   8.023415  12.801185   -3799.629 1
338.377208 -26.236583   0.026765  0.000150   8023.945    44.968869   8.036226  12.821625    1491.506 1
338.739125 -27.627472   0.036246  0.000213  10866.277    63.855794   8.054357  12.850551    4273.519 1
335.262500 -34.985611   0.030921  0.000150   9269.883    44.968869   8.061061  12.861248    2711.003 1
338.055958 -25.390833   0.034074  0.000150  10215.128    44.968869   8.066756  12.870335    3636.188 1
338.091083 -25.429472   0.032159  0.000150   9641.026    44.968869   8.079707  12.890998    3074.269 1
338.049042 -25.326417   0.026682  0.000150   7999.062    44.968869   8.087185  12.902929    1467.152 1
337.647542 -24.612444   0.033907  0.000150  10165.063    44.968869   8.094896  12.915231    3587.185 1
323.104542 -34.372806   0.026638  0.000120   7985.871    35.975095   8.122858  12.959844    1454.241 1
331.335000 -20.613611   0.009190  0.000013   2755.093     3.897302   8.141306  12.989277   -3665.531 1
323.310458 -34.576639   0.027105  0.000150   8125.875    44.968869   8.144298  12.994051    1591.273 1
333.989167 -21.415833   0.008666  0.000333   2598.001    99.830889   8.153101  13.008096   -3819.289 1
326.247083 -36.211028   0.014830  0.000150   4445.922    44.968869   8.155392  13.011751   -2010.584 1
338.589750 -26.430361   0.027192  0.000150   8151.957    44.968869   8.160581  13.020031    1616.801 1
333.559083 -36.027861   0.016308  0.000150   4889.015    44.968869   8.173173  13.040121   -1576.894 1
338.520958 -31.053028   0.037500  0.000297  11242.217    89.038360   8.173410  13.040499    4641.481 1
338.138417 -25.274694   0.034484  0.000150  10338.043    44.968869   8.179913  13.050875    3756.495 1
338.164417 -25.317528   0.026415  0.000150   7919.018    44.968869   8.183388  13.056419    1388.806 1
335.695800 -34.833638   0.009000  0.000333   2698.132    99.830889   8.183632  13.056807   -3721.283 1
333.727203 -21.263964   0.008539  0.000073   2559.928    21.884849   8.183983  13.057368   -3856.554 1
321.292792 -24.932528   0.036372  0.000103  10904.051    30.878623   8.196436  13.077235    4310.491 1
326.026507 -36.178033   0.007599  0.000333   2278.123    99.830889   8.197503  13.078938   -4132.379 1
330.736458 -20.471278   0.006004  0.000047   1799.954    14.090246   8.202788  13.087370   -4600.400 1
338.223042 -25.371944   0.026879  0.000103   8058.121    30.878623   8.208849  13.097041    1524.957 1
320.440708 -30.121944   0.021558  0.000183   6462.926    54.862020   8.208949  13.097201     -36.385 1
320.425250 -27.112111   0.037179  0.000150  11145.984    44.968869   8.222175  13.118302    4547.289 1
322.647083 -34.094694   0.035865  0.000150  10752.057    44.968869   8.223193  13.119926    4161.722 1
338.585333 -31.049694   0.037292  0.000213  11179.860    63.855794   8.226383  13.125016    4580.447 1
338.927750 -27.492361   0.037563  0.000150  11261.104    44.968869   8.236066  13.140465    4659.967 1
338.933958 -27.480472   0.038045  0.000213  11405.604    63.855794   8.243095  13.151680    4801.400 1
328.875042 -36.841083   0.031705  0.000150   9504.920    44.968869   8.251269  13.164721    2941.052 1
339.030000 -27.724861   0.027793  0.000150   8332.132    44.968869   8.296792  13.237352    1793.153 1
328.692250 -36.874778   0.032833  0.000150   9843.086    44.968869   8.299290  13.241338    3272.041 1
329.293958 -36.918472   0.032916  0.000150   9867.969    44.968869   8.307104  13.253804    3296.396 1
336.630917 -34.211639   0.029997  0.000150   8992.874    44.968869   8.308786  13.256489    2439.873 1
322.503917 -23.149528   0.034624  0.000150  10380.014    44.968869   8.310241  13.258810    3797.575 1
322.362042 -23.291861   0.025878  0.000103   7758.029    30.878623   8.312551  13.262495    1231.234 1
336.931365 -23.302543   0.018786  0.000150   5631.901    44.968869   8.323639  13.280186    -849.774 1
337.946292 -24.571667   0.034207  0.000103  10255.001    30.878623   8.343522  13.311908    3675.215 1
334.041875 -36.010833   0.011128  0.000150   3336.090    44.968869   8.345616  13.315250   -3096.863 1
335.475167 -35.205306   0.011438  0.000030   3429.026     8.993774   8.349088  13.320789   -3005.900 1
338.278917 -25.092194   0.026732  0.000150   8014.052    44.968869   8.367856  13.350733    1481.823 1
325.576833 -36.194917   0.032029  0.000150   9602.053    44.968869   8.373186  13.359238    3036.123 1
338.235167 -24.997944   0.026505  0.000150   7945.999    44.968869   8.373338  13.359480    1415.214 1
321.933219 -23.668256   0.006216  0.000032   1863.510     9.593359   8.377297  13.365797   -4538.193 1
334.212625 -21.249111   0.008576  0.000027   2571.020     8.094396   8.392886  13.390667   -3845.698 1
338.623292 -25.718389   0.032926  0.000150   9870.966    44.968869   8.407087  13.413325    3299.330 1
329.395083 -37.022667   0.032386  0.000150   9709.079    44.968869   8.408556  13.415668    3140.878 1
338.240292 -24.899417   0.020844  0.000150   6248.874    44.968869   8.420425  13.434606    -245.895 1
322.319875 -23.160778   0.035164  0.000150  10541.902    44.968869   8.425296  13.442377    3956.027 1
338.188750 -24.738917   0.033236  0.000150   9963.902    44.968869   8.452273  13.485418    3390.294 1
332.416333 -36.711778   0.031438  0.000150   9424.875    44.968869   8.455653  13.490812    2862.706 1
333.788875 -20.986278   0.016968  0.000150   5086.878    44.968869   8.457556  13.493847   -1383.230 1
333.789151 -20.985217   0.017048  0.000333   5110.862    99.830889   8.458617  13.495541   -1359.756 1
322.332750 -23.090917   0.035288  0.000103  10579.076    30.878623   8.462140  13.501160    3992.413 1
332.298667 -20.477278   0.036859  0.000037  11050.050    11.092321   8.469029  13.512153    4453.392 1
325.106208 -36.103583   0.019323  0.000150   5792.890    44.968869   8.476283  13.523726    -692.202 1
327.761833 -36.945000   0.031092  0.000150   9321.147    44.968869   8.488797  13.543691    2761.179 1
338.266375 -24.749444   0.018996  0.000150   5694.858    44.968869   8.508088  13.574470    -788.154 1
329.504958 -37.126806   0.032776  0.000150   9825.998    44.968869   8.510838  13.578858    3255.316 1
334.846833 -21.420972   0.026508  0.000150   7946.898    44.968869   8.527811  13.605938    1416.095 1
334.170167 -36.161167   0.030728  0.000150   9212.023    44.968869   8.531086  13.611164    2654.371 1
324.583542 -21.318361   0.034567  0.000150  10362.926    44.968869   8.539176  13.624071    3780.849 1
322.884792 -34.770778   0.027439  0.000150   8226.005    44.968869   8.542199  13.628893    1689.278 1
328.894667 -37.137111   0.032412  0.000103   9716.873    30.878623   8.545041  13.633427    3148.507 1
323.184049 -22.212718   0.034324  0.000150  10290.076    44.968869   8.547763  13.637770    3709.546 1
327.409083 -36.960056   0.032005  0.000150   9594.858    44.968869   8.568786  13.671312    3029.081 1
322.016000 -34.008889   0.035211  0.000110  10555.992    32.977170   8.590126  13.705360    3969.819 1
333.497667 -36.523361   0.031809  0.000150   9536.098    44.968869   8.603607  13.726869    2971.569 1
328.766250 -37.218444   0.032049  0.000150   9608.048    44.968869   8.635348  13.777511    3041.992 1
321.868333 -23.308167   0.031388  0.000150   9409.886    44.968869   8.639782  13.784586    2848.035 1
332.646556 -36.841833   0.008623  0.000031   2585.110     9.293566   8.639958  13.784867   -3831.906 1
330.161042 -19.986750   0.036645  0.000150  10985.895    44.968869   8.642385  13.788738    4390.598 1
330.912667 -20.032167   0.030158  0.000150   9041.141    44.968869   8.657686  13.813151    2487.115 1
322.624542 -34.711028   0.008936  0.000150   2678.945    44.968869   8.660046  13.816916   -3740.063 1
331.064289 -20.046614   0.005911  0.000021   1772.073     6.295642   8.661660  13.819491   -4627.689 1
334.452813 -21.048124   0.008700  0.000333   2608.194    99.830889   8.670761  13.834012   -3809.312 1
328.150333 -37.196694   0.037513  0.000150  11246.114    44.968869   8.678194  13.845870    4645.295 1
334.252708 -36.307417   0.031408  0.000150   9415.882    44.968869   8.694249  13.871486    2853.903 1
322.711042 -34.865417   0.029120  0.000150   8729.956    44.968869   8.716272  13.906624    2182.535 1
323.019250 -35.130250   0.029480  0.000133   8837.882    39.872397   8.725722  13.921700    2288.169 1
333.533042 -36.667250   0.034217  0.000183  10257.999    54.862020   8.748129  13.957450    3678.149 1
322.104642 -34.350143   0.035568  0.000093  10663.018    27.880699   8.749418  13.959507    4074.573 1
334.203042 -36.400222   0.011432  0.000023   3427.227     6.895227   8.756390  13.970630   -3007.661 1
323.391542 -21.782583   0.034247  0.000150  10266.992    44.968869   8.759518  13.975621    3686.952 1
333.549000 -36.695222   0.033763  0.000150  10121.893    44.968869   8.779352  14.007267    3544.931 1
331.160625 -19.922972   0.037226  0.000150  11160.074    44.968869   8.796504  14.034632    4561.081 1
325.279125 -36.577083   0.031885  0.000150   9558.883    44.968869   8.830524  14.088910    2993.869 1
334.731708 -36.235111   0.030685  0.000150   9199.132    44.968869   8.835722  14.097203    2641.753 1
322.966625 -35.276333   0.029587  0.000150   8869.959    44.968869   8.865731  14.145082    2319.567 1
323.026458 -35.353111   0.030141  0.000150   9036.044    44.968869   8.889189  14.182508    2482.127 1
326.709500 -37.132417   0.037960  0.000150  11380.122    44.968869   8.894121  14.190377    4776.458 1
328.609792 -37.519861   0.015307  0.000150   4588.923    44.968869   8.948378  14.276944   -1870.618 1
325.944542 -36.960778   0.038280  0.000150  11476.055    44.968869   8.950404  14.280176    4870.356 1
