324.284879   0.446423   0.050721  0.000009  15205.773     2.698132   0.007825   0.028351     -79.583 0
324.281449   0.452621   0.050102  0.000014  15020.202     4.197094   0.008248   0.029885    -256.150 0
324.259880   0.428242   0.050925  0.000014  15266.931     4.197094   0.024458   0.088619     -21.393 0
324.270709   0.478947   0.050208  0.000014  15051.980     4.197094   0.033938   0.122969    -225.914 0
324.303987   0.410940   0.051270  0.000014  15370.359     4.197094   0.043880   0.158990      77.016 0
324.229000   0.452446   0.051449  0.000052  15424.022    15.589208   0.048577   0.176010     128.075 0
324.257427   0.400738   0.049092  0.000024  14717.411     7.195019   0.048998   0.177534    -544.247 0
324.298447   0.395231   0.051261  0.000031  15367.661     9.293566   0.054721   0.198270      74.449 0
324.334540   0.404763   0.053098  0.000033  15918.380     9.893151   0.070488   0.255398     598.444 0
324.342008   0.396286   0.050267  0.000008  15069.667     2.398340   0.081527   0.295397    -209.085 0
324.346074   0.494470   0.050950  0.000030  15274.426     8.993774   0.084525   0.306260     -14.262 0
324.385612   0.466735   0.052850  0.000016  15844.031     4.796679   0.110549   0.400552     527.703 0
324.205690   0.539386   0.051823  0.000014  15536.145     4.197094   0.117862   0.427050     234.757 0
324.164160   0.398259   0.049439  0.000010  14821.439     2.997925   0.122460   0.443708    -445.267 0
324.387300   0.384491   0.051512  0.000031  15442.909     9.293566   0.126017   0.456598     146.045 0
324.151170   0.479769   0.053173  0.000007  15940.864     2.098547   0.130472   0.472738     619.837 1
324.409630   0.507578   0.062194  0.000017  18645.292     5.096472   0.146300   0.530088    3193.032 1
324.415110   0.381113   0.049629  0.000037  14878.400    11.092321   0.152339   0.551970    -391.071 0
324.139458   0.371250   0.050620  0.000013  15175.494     3.897302   0.156439   0.566826    -108.393 0
324.353261   0.597389   0.036747  0.000129  11016.473    38.673227   0.169812   0.615280   -4065.596 1
324.432115   0.523788   0.052396  0.000008  15707.926     2.398340   0.173610   0.629041     398.202 0
324.193160   0.263061   0.050997  0.000015  15288.516     4.496887   0.200925   0.728011      -0.856 0
324.149322   0.271713   0.050847  0.000145  15243.547    43.469906   0.215794   0.781887     -43.642 0
324.501857   0.443690   0.050404  0.000052  15110.739    15.589208   0.224762   0.814382    -170.006 0
324.428069   0.270891   0.049094  0.000013  14718.011     3.897302   0.230911   0.836660    -543.677 0
324.374602   0.230383   0.064225  0.000010  19254.171     2.997925   0.236287   0.856139    3772.365 1
324.442554   0.632427   0.066008  0.000008  19788.701     2.398340   0.249546   0.904181    4280.956 1
324.533015   0.505991   0.048887  0.000029  14655.954     8.693981   0.262937   0.952699    -602.723 1
324.555810   0.446722   0.050547  0.000013  15153.609     3.897302   0.278708   1.009842    -129.216 0
324.000595   0.406139   0.050369  0.000026  15100.246     7.794604   0.279296   1.011975    -179.990 0
324.555020   0.397246   0.064793  0.000047  19424.453    14.090246   0.282093   1.022108    3934.384 1
324.150730   0.183626   0.051463  0.000038  15428.219    11.392113   0.290870   1.053911     132.068 0
324.483060   0.224878   0.065137  0.000007  19527.581     2.098547   0.301900   1.093873    4032.508 1
324.572800   0.518405   0.041264  0.000006  12370.636     1.798755   0.304522   1.103376   -2777.145 1
324.514655   0.637260   0.065524  0.000006  19643.601     1.798755   0.305219   1.105900    4142.898 1
324.573480   0.521037   0.041805  0.000005  12532.824     1.498962   0.305821   1.108082   -2622.827 1
324.244549   0.139629   0.056868  0.000013  17048.598     3.897302   0.307712   1.114933    1673.817 1
324.030400   0.634186   0.051939  0.000010  15570.920     2.997925   0.310506   1.125058     267.845 0
324.482454   0.198283   0.051126  0.000018  15327.189     5.396264   0.321469   1.164779      35.941 0
324.456502   0.178353   0.058305  0.000006  17479.399     1.798755   0.321891   1.166306    2083.714 1
324.195886   0.132252   0.056905  0.000006  17059.690     1.798755   0.323714   1.172914    1684.372 1
324.599760   0.493391   0.062110  0.000010  18620.110     2.997925   0.326172   1.181819    3169.072 1
324.032980   0.227275   0.051194  0.000024  15347.575     7.195019   0.327508   1.186659      55.338 0
324.555540   0.262467   0.065071  0.000015  19507.795     4.496887   0.333271   1.207541    4013.682 1
324.493040   0.189442   0.061766  0.000009  18516.981     2.698132   0.335043   1.213960    3070.947 1
324.085683   0.720681   0.062355  0.000014  18693.559     4.197094   0.335109   1.214200    3238.957 1
324.099150   0.748723   0.050777  0.000037  15222.562    11.092321   0.351479   1.273513     -63.610 0
323.945580   0.325106   0.050643  0.000025  15182.389     7.494811   0.352730   1.278047    -101.832 0
324.596540   0.625251   0.051668  0.000006  15489.677     1.798755   0.366480   1.327866     190.544 0
323.922706   0.561652   0.050226  0.000009  15057.376     2.698132   0.372893   1.351103    -220.780 0
324.594790   0.226282   0.049113  0.000010  14723.707     2.997925   0.386044   1.398755    -538.257 0
323.893460   0.523420   0.065083  0.000016  19511.393     4.796679   0.391435   1.418286    4017.105 1
324.555797   0.735592   0.064977  0.000024  19479.615     7.195019   0.402189   1.457252    3986.869 1
323.899180   0.602033   0.051398  0.000025  15408.733     7.494811   0.408997   1.481918     113.527 0
324.688730   0.365905   0.061842  0.000012  18539.765     3.597509   0.419268   1.519135    3092.626 1
324.627690   0.683894   0.065743  0.000005  19709.256     1.498962   0.423893   1.535893    4205.367 1
324.028080   0.802142   0.050767  0.000021  15219.564     6.295642   0.434876   1.575684     -66.462 0
324.703316   0.537578   0.058699  0.000008  17597.517     2.398340   0.436016   1.579815    2196.101 1
324.713828   0.402148   0.062587  0.000012  18763.111     3.597509   0.438877   1.590181    3305.133 1
324.315770  -0.001653   0.057416  0.000006  17212.884     1.798755   0.448937   1.626632    1830.132 1
324.674527   0.228031   0.064717  0.000014  19401.669     4.197094   0.453083   1.641657    3912.705 1
324.422690   0.888056   0.040943  0.000011  12274.403     3.297717   0.465779   1.687658   -2868.709 1
323.790880   0.559987   0.049242  0.000018  14762.380     5.396264   0.499472   1.809738    -501.461 0
324.756710   0.626661   0.050569  0.000033  15160.205     9.893151   0.512634   1.857425    -122.941 0
324.756740   0.626960   0.050569  0.000033  15160.205     9.893151   0.512767   1.857910    -122.941 0
324.686104   0.755472   0.058747  0.000008  17611.908     2.398340   0.513117   1.859175    2209.793 1
323.761530   0.420899   0.062650  0.000014  18781.997     4.197094   0.516143   1.870139    3323.104 1
324.041871  -0.015606   0.055380  0.000030  16602.506     8.993774   0.517738   1.875918    1249.373 1
323.826939   0.706652   0.049903  0.000015  14960.543     4.496887   0.520355   1.885402    -312.914 0
324.781980   0.602238   0.036083  0.000006  10817.411     1.798755   0.528605   1.915294   -4254.999 1
323.746434   0.472830   0.056324  0.000012  16885.510     3.597509   0.531343   1.925216    1518.644 1
324.797420   0.332952   0.062692  0.000010  18794.589     2.997925   0.532366   1.928922    3335.084 1
323.766160   0.596310   0.062585  0.000007  18762.511     2.098547   0.532681   1.930062    3304.563 1
323.746530   0.493227   0.055963  0.000025  16777.285     7.494811   0.532682   1.930066    1415.671 1
324.800965   0.622627   0.065848  0.000011  19740.734     3.297717   0.552952   2.003509    4235.317 1
323.847530   0.811869   0.062056  0.000022  18603.921     6.595434   0.564498   2.045344    3153.668 1
323.778110   0.721175   0.051003  0.000014  15290.315     4.197094   0.570005   2.065297       0.856 0
324.638750  -0.016233   0.061275  0.000023  18369.783     6.895227   0.586591   2.125396    2930.892 1
324.645186  -0.011411   0.060623  0.000020  18174.318     5.995849   0.586818   2.126215    2744.912 1
323.742610   0.700369   0.062105  0.000010  18618.611     2.997925   0.592079   2.145280    3167.645 1
323.730245   0.684659   0.061832  0.000006  18536.767     1.798755   0.596800   2.162384    3089.773 1
323.679020   0.476106   0.065383  0.000007  19601.330     2.098547   0.598835   2.169757    4102.678 1
324.294220   1.045361   0.064757  0.000007  19413.660     2.098547   0.599990   2.173945    3924.115 1
323.915430   0.926019   0.062187  0.000007  18643.194     2.098547   0.601317   2.178752    3191.035 1
323.898190   0.921308   0.062436  0.000007  18717.842     2.098547   0.608149   2.203505    3262.061 1
323.906688   0.933684   0.062640  0.000020  18779.000     5.995849   0.612703   2.220007    3320.251 1
323.918218   0.943172   0.049970  0.000011  14980.629     3.297717   0.613473   2.222795    -293.802 0
324.772740   0.064971   0.052491  0.000006  15736.406     1.798755   0.624930   2.264310     425.300 0
323.836460   0.894004   0.062285  0.000009  18672.573     2.698132   0.628650   2.277788    3218.989 1
324.550370  -0.125137   0.060092  0.000014  18015.128     4.197094   0.632797   2.292813    2593.447 1
324.395562  -0.177166   0.059537  0.000008  17848.744     2.398340   0.633948   2.296982    2435.136 1
324.402083  -0.177750   0.059000  0.000333  17687.755    99.830889   0.635771   2.303588    2281.960 1
324.381217  -0.182281   0.059637  0.000009  17878.723     2.698132   0.636470   2.306121    2463.661 1
323.647580   0.555240   0.049191  0.000005  14747.091     1.498962   0.638971   2.315183    -516.008 0
324.434400  -0.174285   0.059932  0.000009  17967.162     2.698132   0.639546   2.317266    2547.808 1
324.404236  -0.183796   0.059012  0.000014  17691.353     4.197094   0.642123   2.326603    2285.383 1
323.640286   0.536241   0.049217  0.000008  14754.885     2.398340   0.643207   2.330532    -508.592 0
324.356208  -0.197000   0.059146  0.000005  17731.525     1.498962   0.647466   2.345963    2323.605 1
323.677300   0.717515   0.056344  0.000011  16891.506     3.297717   0.658531   2.386055    1524.349 1
323.614140   0.374490   0.049124  0.000005  14727.005     1.498962   0.666740   2.415800    -535.120 1
323.736830   0.043886   0.054748  0.000021  16413.037     6.295642   0.673243   2.439360    1069.098 1
324.850034   0.059457   0.051647  0.000021  15483.381     6.295642   0.690910   2.503372     184.553 0
323.771993   0.925680   0.061573  0.000008  18459.121     2.398340   0.696833   2.524834    3015.895 1
324.917410   0.165442   0.063400  0.000007  19006.842     2.098547   0.698909   2.532357    3537.038 1
324.918293   0.165462   0.063123  0.000006  18923.799     1.798755   0.699710   2.535260    3458.025 1
324.206972   1.150923   0.041391  0.000098  12408.710    29.379661   0.708785   2.568141   -2740.919 1
323.755569   0.928987   0.061980  0.000120  18581.137    35.975095   0.711071   2.576424    3131.990 1
324.985430   0.322708   0.049831  0.000006  14938.958     1.798755   0.718897   2.604779    -333.451 0
324.986417   0.323278   0.049877  0.000006  14952.748     1.798755   0.719772   2.607950    -320.330 0
323.551173   0.414732   0.062850  0.000007  18841.956     2.098547   0.726558   2.632536    3380.153 1
324.806930   0.944367   0.053979  0.000007  16182.497     2.098547   0.727640   2.636459     849.745 1
324.943476   0.773023   0.054144  0.000006  16231.963     1.798755   0.742450   2.690117     896.810 1
323.726562   0.948921   0.062547  0.000009  18751.119     2.698132   0.745913   2.702666    3293.724 1
323.739540   0.965363   0.062319  0.000016  18682.766     4.796679   0.747721   2.709218    3228.688 1
324.656654   1.099906   0.051538  0.000023  15450.704     6.895227   0.756407   2.740691     153.462 0
325.026640   0.554667   0.062240  0.000007  18659.083     2.098547   0.757413   2.744334    3206.153 1
324.639339  -0.222985   0.055510  0.000040  16641.479    11.991698   0.760420   2.755228    1286.455 1
324.398273  -0.305508   0.063567  0.000014  19056.907     4.197094   0.760834   2.756730    3584.673 1
324.110375   1.194000   0.041295  0.000019  12379.930     5.696057   0.766730   2.778091   -2768.302 1
324.636486   1.123097   0.051342  0.000014  15391.944     4.197094   0.766900   2.778707      97.554 0
324.101590   1.196146   0.052056  0.000319  15605.996    95.633794   0.770777   2.792756     301.219 0
323.712190   0.972104   0.062360  0.000009  18695.058     2.698132   0.772198   2.797905    3240.383 1
324.694370  -0.220060   0.054658  0.000010  16386.056     2.997925   0.785640   2.846609    1043.426 1
324.214655   1.235098   0.041495  0.000008  12439.888     2.398340   0.791948   2.869465   -2711.253 1
324.095708   1.222750   0.049892  0.000016  14957.245     4.796679   0.798022   2.891471    -316.051 0
323.585900   0.846764   0.056450  0.000005  16923.284     1.498962   0.799152   2.895566    1554.585 1
323.761855  -0.170840   0.050899  0.000015  15259.136     4.496887   0.803414   2.911009     -28.810 0
324.190817   1.249008   0.040514  0.000010  12145.792     2.997925   0.808012   2.927670   -2991.079 1
325.095060   0.421414   0.041650  0.000011  12486.356     3.297717   0.818297   2.964936   -2667.040 1
325.095610   0.421955   0.041534  0.000013  12451.580     3.897302   0.818831   2.966870   -2700.129 1
324.101160  -0.365426   0.050911  0.000005  15262.734     1.498962   0.829903   3.006987     -25.387 0
325.008260   0.050606   0.060870  0.000015  18248.367     4.496887   0.831024   3.011048    2815.368 1
325.017315   0.042654   0.061260  0.000024  18365.286     7.195019   0.842774   3.053624    2926.613 1
323.450210   0.251827   0.054574  0.000013  16360.874     3.897302   0.849266   3.077145    1019.466 1
323.422970   0.435791   0.065360  0.000007  19594.435     2.098547   0.854157   3.094865    4096.118 1
324.943310  -0.090182   0.061199  0.000024  18346.999     7.195019   0.854923   3.097640    2909.213 1
324.969625  -0.056556   0.061407  0.000007  18409.355     2.098547   0.855420   3.099442    2968.544 1
323.703783   1.088052   0.050120  0.000027  15025.598     8.094396   0.861042   3.119813    -251.016 0
323.412292   0.434778   0.065364  0.000005  19595.634     1.498962   0.864846   3.133595    4097.259 1
324.973910   0.973776   0.060901  0.000009  18257.660     2.698132   0.874342   3.168004    2824.210 1
324.594000   1.260572   0.059137  0.025226  17728.827    99.990000   0.874401   3.168216    2321.038 1
324.507200  -0.402640   0.063547  0.000009  19050.911     2.698132   0.878909   3.184551    3578.969 1
325.054700   0.031108   0.062352  0.000014  18692.659     4.197094   0.881163   3.192716    3238.101 1
325.156338   0.384705   0.066416  0.000028  19911.016     8.394189   0.881323   3.193296    4397.336 1
325.043018  -0.007679   0.062517  0.000031  18742.125     9.293566   0.889987   3.224688    3285.166 1
324.724942  -0.331720   0.055268  0.000010  16568.930     2.997925   0.897108   3.250492    1217.426 1
324.374520  -0.449986   0.058538  0.000024  17549.251     7.195019   0.900884   3.264172    2150.177 1
323.380497   0.557833   0.050378  0.000014  15102.944     4.197094   0.903567   3.273895    -177.422 0
323.650390   1.121450   0.049933  0.000019  14969.537     5.696057   0.921678   3.339514    -304.356 0
323.572060   1.046474   0.062249  0.000007  18661.781     2.098547   0.926325   3.356351    3208.721 1
324.816829  -0.308441   0.062382  0.000007  18701.653     2.098547   0.927305   3.359903    3246.658 1
323.762550  -0.329343   0.063646  0.000007  19080.591     2.098547   0.930216   3.370450    3607.208 1
324.899690  -0.254607   0.065897  0.000006  19755.424     1.798755   0.936969   3.394919    4249.294 1
325.137646   0.068132   0.050791  0.000015  15226.759     4.496887   0.939678   3.404735     -59.616 0
324.806163   1.231612   0.049780  0.000018  14923.669     5.396264   0.947463   3.432942    -347.999 0
323.551610  -0.163938   0.058076  0.000008  17410.747     2.398340   0.947551   3.433261    2018.393 1
323.383844   0.763789   0.051025  0.000014  15296.910     4.197094   0.948201   3.435617       7.131 0
324.400540  -0.495371   0.050956  0.000029  15276.224     8.693981   0.949048   3.438685     -12.551 0
324.804167   1.236917   0.050000  0.000333  14989.623    99.830889   0.950761   3.444890    -285.245 0
324.811234   1.232466   0.050101  0.000006  15019.902     1.798755   0.951010   3.445795    -256.435 0
323.747083  -0.350333   0.050911  0.000014  15262.734     4.197094   0.956258   3.464810     -25.387 0
323.543646   1.063793   0.062306  0.000028  18678.869     8.394189   0.959198   3.475461    3224.980 1
323.440440   0.916761   0.050944  0.000012  15272.627     3.597509   0.960172   3.478989     -15.974 0
324.909042  -0.289417   0.065634  0.000016  19676.578     4.796679   0.969332   3.512178    4174.275 1
323.670436   1.202589   0.064291  0.000021  19273.957     6.295642   0.970064   3.514831    3791.191 1
323.555690  -0.207009   0.063579  0.000006  19060.505     1.798755   0.972786   3.524696    3588.096 1
324.659806  -0.452182   0.063969  0.000008  19177.424     2.398340   0.975960   3.536194    3699.342 1
324.233625  -0.535306   0.051372  0.000007  15400.938     2.098547   0.981884   3.557658     106.111 0
323.471520   1.019662   0.051826  0.000019  15537.044     5.696057   0.989163   3.584033     235.612 0
323.485161  -0.148204   0.050664  0.000006  15188.685     1.798755   0.989820   3.586415     -95.842 0
324.985780  -0.249788   0.064802  0.000017  19427.151     5.096472   0.992869   3.597460    3936.951 1
325.119290  -0.114694   0.063649  0.000007  19081.490     2.098547   1.011531   3.665078    3608.064 1
323.265440   0.467305   0.064990  0.000005  19483.512     1.498962   1.011858   3.666264    3990.577 1
323.617640   1.221247   0.064245  0.000013  19260.166     3.897302   1.018067   3.688762    3778.070 1
325.161460  -0.059632   0.067366  0.000008  20195.819     2.398340   1.018492   3.690303    4668.319 1
324.437500  -0.566322   0.064414  0.000008  19310.831     2.398340   1.024570   3.712325    3826.276 1
324.268210  -0.583266   0.050851  0.000008  15244.746     2.398340   1.028919   3.728083     -42.501 0
324.828280  -0.431916   0.054794  0.000006  16426.828     1.798755   1.036265   3.754700    1082.219 1
323.236540   0.508978   0.065149  0.000006  19531.179     1.798755   1.042452   3.777115    4035.931 1
324.796570  -0.463158   0.050634  0.000010  15179.691     2.997925   1.046759   3.792723    -104.400 0
324.376860  -0.601409   0.050479  0.000034  15133.223    10.192944   1.051766   3.810863    -148.613 0
324.826752  -0.457115   0.061410  0.000010  18410.255     2.997925   1.056894   3.829443    2969.400 1
325.009765   1.207524   0.050881  0.000015  15253.740     4.496887   1.057013   3.829875     -33.944 0
324.686700  -0.532338   0.062875  0.000009  18849.451     2.698132   1.060263   3.841650    3387.284 1
325.033654  -0.299530   0.067532  0.000011  20245.584     3.297717   1.061879   3.847504    4715.670 1
323.254660   0.152334   0.053980  0.000120  16182.797    35.975095   1.063638   3.853879     850.030 1
325.012261   1.217331   0.050732  0.000233  15209.071    69.851643   1.065824   3.861799     -76.446 0
324.752060  -0.514362   0.061225  0.000017  18354.793     5.096472   1.071043   3.880709    2916.630 1
323.213970   0.297850   0.043367  0.000009  13001.100     2.698132   1.073314   3.888938   -2177.275 1
323.520033   1.212133   0.064249  0.000024  19261.366     7.195019   1.077339   3.903522    3779.211 1
324.938173  -0.416374   0.049910  0.000080  14962.642    23.983397   1.086288   3.935946    -310.917 0
324.755291  -0.529975   0.061313  0.000009  18381.175     2.698132   1.086477   3.936632    2941.731 1
323.192495   0.356880   0.064856  0.000016  19443.340     4.796679   1.088192   3.942846    3952.354 1
324.804500  -0.508541   0.063727  0.000013  19104.874     3.897302   1.090207   3.950147    3630.313 1
324.809000  -0.507583   0.064769  0.000010  19417.258     2.997925   1.091554   3.955028    3927.538 1
325.181160   1.057585   0.052110  0.000011  15622.185     3.297717   1.091691   3.955524     316.622 0
323.496391   1.212054   0.062327  0.000011  18685.165     3.297717   1.094026   3.963982    3230.970 1
324.954500  -0.415397   0.063722  0.000023  19103.375     6.895227   1.095532   3.969440    3628.886 1
324.731129  -0.553640   0.051979  0.000007  15582.912     2.098547   1.097563   3.976798     279.255 0
323.296250   0.939639   0.050003  0.000006  14990.522     1.798755   1.098208   3.979135    -284.389 0
324.859130  -0.487428   0.050120  0.000011  15025.598     3.297717   1.099687   3.984496    -251.016 0
324.747391  -0.548950   0.061817  0.000006  18532.270     1.798755   1.100147   3.986162    3085.495 1
323.295500   0.944260   0.049953  0.000006  14975.533     1.798755   1.100963   3.989118    -298.651 0
325.369239   0.608267   0.055060  0.000012  16506.573     3.597509   1.104156   4.000687    1158.095 1
324.779433  -0.546927   0.064313  0.000011  19280.552     3.297717   1.112415   4.030612    3797.466 1
324.529379  -0.638752   0.060166  0.000011  18037.313     3.297717   1.113326   4.033913    2614.555 1
323.329602  -0.140810   0.050955  0.000005  15275.925     1.498962   1.114264   4.037313     -12.836 0
323.329530  -0.141179   0.050955  0.000005  15275.925     1.498962   1.114520   4.038238     -12.836 0
325.382470   0.660541   0.049680  0.000007  14893.689     2.098547   1.126042   4.079988    -376.523 1
325.403453   0.399310   0.062060  0.000005  18605.120     1.498962   1.127274   4.084452    3154.809 1
323.361450  -0.216146   0.060863  0.000013  18246.268     3.897302   1.129728   4.093341    2813.371 1
323.745250   1.455528   0.041148  0.000038  12335.860    11.392113   1.141388   4.135591   -2810.233 1
323.169860   0.153924   0.049949  0.000006  14974.333     1.798755   1.144981   4.148608    -299.792 0
323.295750  -0.168625   0.049787  0.000006  14925.767     1.798755   1.157701   4.194698    -346.002 1
325.440083   0.564500   0.048055  0.000009  14406.527     2.698132   1.169013   4.235683    -840.046 1
325.433750   0.251165   0.054658  0.000007  16386.056     2.098547   1.172851   4.249588    1043.426 1
325.177050   1.201685   0.051217  0.000007  15354.470     2.098547   1.175377   4.258741      61.898 0
325.344466   0.960979   0.062960  0.000120  18874.933    35.975095   1.185247   4.294504    3411.530 1
324.610269  -0.694635   0.050540  0.000014  15151.511     4.197094   1.187926   4.304210    -131.213 0
324.946550  -0.541131   0.064109  0.000019  19219.395     5.696057   1.192396   4.320409    3739.276 1
323.077970   0.558659   0.064864  0.000009  19445.738     2.698132   1.204407   4.363925    3954.636 1
325.201780  -0.326144   0.052317  0.000017  15684.242     5.096472   1.204409   4.363934     375.668 1
325.097720  -0.459161   0.065031  0.000010  19495.803     2.997925   1.221476   4.425772    4002.272 1
323.075470   0.177425   0.063297  0.000008  18975.963     2.398340   1.231155   4.460844    3507.657 1
324.017700  -0.760442   0.050442  0.000044  15122.131    13.190868   1.233635   4.469829    -159.167 0
323.174000  -0.127837   0.050027  0.000016  14997.717     4.796679   1.243219   4.504556    -277.543 0
324.885679  -0.643760   0.059117  0.000019  17722.831     5.696057   1.247834   4.521275    2315.333 1
325.519693   0.284043   0.063749  0.000005  19111.469     1.498962   1.253020   4.540067    3636.588 1
323.033870   0.609762   0.049749  0.000007  14914.375     2.098547   1.253978   4.543539    -356.841 1
325.314851  -0.263255   0.042432  0.000031  12720.794     9.293566   1.256729   4.553504   -2443.979 1
325.517450   0.241580   0.036139  0.000009  10834.200     2.698132   1.256987   4.554438   -4239.025 1
325.493710   0.114805   0.055112  0.000029  16522.162     8.693981   1.260752   4.568081    1172.927 1
325.285710  -0.315259   0.062198  0.000008  18646.491     2.398340   1.263396   4.577662    3194.173 1
323.214020   1.131224   0.067619  0.000007  20271.666     2.098547   1.264959   4.583326    4740.486 1
325.532590   0.156141   0.050402  0.000009  15110.139     2.698132   1.288396   4.668245    -170.576 0
325.077090  -0.567949   0.054895  0.000006  16457.107     1.798755   1.291226   4.678497    1111.029 1
322.994094   0.215833   0.053874  0.000056  16151.019    16.788378   1.303378   4.722529     819.794 1
322.978940   0.603072   0.049627  0.000010  14877.800     2.997925   1.307631   4.737940    -391.641 1
322.980514   0.213807   0.053988  0.000016  16185.195     4.796679   1.317102   4.772255     852.312 1
322.979679   0.211980   0.054571  0.000143  16359.974    42.870321   1.318247   4.776402    1018.610 1
323.066966   0.979835   0.050425  0.000006  15117.035     1.798755   1.322769   4.792787    -164.016 0
322.960570   0.222619   0.063172  0.000006  18938.489     1.798755   1.335239   4.837970    3472.002 1
325.493650  -0.106681   0.042410  0.000008  12714.198     2.398340   1.336018   4.840794   -2450.254 1
325.576750   0.800101   0.047751  0.000005  14315.390     1.498962   1.347093   4.880920    -926.761 1
325.620927   0.251847   0.050610  0.000870  15172.496    99.990000   1.357689   4.919312    -111.246 0
324.326390  -0.914843   0.064078  0.000009  19210.101     2.698132   1.361351   4.932581    3730.434 1
323.179517  -0.391424   0.050756  0.000013  15216.266     3.897302   1.380305   5.001257     -69.600 0
324.570728  -0.912927   0.051544  0.000010  15452.502     2.997925   1.389910   5.036061     155.173 0
323.147230   1.258418   0.067360  0.000007  20194.020     2.098547   1.391822   5.042988    4666.608 1
325.113490  -0.669302   0.063484  0.000010  19032.024     2.997925   1.393755   5.049991    3560.998 1
324.558457  -0.919781   0.058110  0.000070  17420.940    20.985472   1.394082   5.051177    2028.092 1
325.408330  -0.389900   0.064931  0.000007  19465.824     2.098547   1.406307   5.095470    3973.748 1
325.616920   0.011742   0.050884  0.000010  15254.639     2.997925   1.408285   5.102636     -33.088 0
322.876540   0.296651   0.064715  0.000012  19401.069     3.597509   1.408414   5.103104    3912.135 1
322.921300   0.036006   0.050233  0.000016  15059.475     4.796679   1.416281   5.131609    -218.783 0
325.074660  -0.728879   0.063850  0.000014  19141.748     4.197094   1.419685   5.143944    3665.398 1
325.354060  -0.487738   0.065769  0.000006  19717.050     1.798755   1.425107   5.163588    4212.783 1
323.017520   1.120345   0.065973  0.000019  19778.208     5.696057   1.428879   5.177258    4270.973 1
324.704860  -0.951523   0.060623  0.000009  18174.318     2.698132   1.461152   5.294191    2744.912 1
325.736884   0.547175   0.050830  0.000120  15238.451    35.975095   1.463273   5.301874     -48.492 0
325.180540  -0.707273   0.064201  0.000015  19246.976     4.496887   1.464689   5.307005    3765.519 1
322.897221  -0.052611   0.049380  0.000020  14803.752     5.995849   1.467027   5.315479    -462.097 1
322.825015   0.229356   0.053430  0.000060  16017.911    17.987547   1.468053   5.319195     693.145 1
322.906520   1.004375   0.065372  0.000013  19598.033     3.897302   1.480060   5.362700    4099.541 1
323.915815  -1.000231   0.060530  0.000080  18146.437    23.983397   1.490298   5.399794    2718.385 1
325.354874  -0.586514   0.064978  0.000010  19479.914     2.997925   1.492255   5.406887    3987.154 1
322.838335   0.042783   0.049988  0.000007  14986.025     2.098547   1.494049   5.413386    -288.668 0
324.616726  -1.010656   0.058033  0.000007  17397.856     2.098547   1.495348   5.418095    2006.128 1
325.301580   1.548255   0.049570  0.000030  14860.712     8.993774   1.505098   5.453419    -407.900 1
322.918690   1.097277   0.049585  0.000011  14865.209     3.297717   1.506592   5.458833    -403.622 1
325.789120   0.425704   0.062273  0.000012  18668.976     3.597509   1.512109   5.478825    3215.566 1
322.849097  -0.078574   0.050544  0.000007  15152.710     2.098547   1.521128   5.511504    -130.072 0
324.107735  -1.067448   0.064339  0.000009  19288.347     2.698132   1.522511   5.516514    3804.883 1
325.793120   0.263470   0.042332  0.000010  12690.814     2.997925   1.526881   5.532348   -2472.503 1
324.752625  -1.027389   0.034782  0.000009  10427.381     2.698132   1.547855   5.608342   -4626.103 1
325.418487  -0.601002   0.064651  0.000015  19381.882     4.496887   1.548581   5.610971    3893.879 1
323.668172  -0.979477   0.048951  0.000007  14675.141     2.098547   1.549727   5.615124    -584.467 1
324.553270  -1.083901   0.060302  0.000010  18078.085     2.997925   1.554248   5.631505    2653.349 1
322.816080   0.987417   0.050721  0.000024  15205.773     7.195019   1.558200   5.645826     -79.583 0
325.465030  -0.572493   0.051987  0.000009  15585.311     2.698132   1.564495   5.668635     281.537 0
325.465480  -0.573373   0.052412  0.000012  15712.722     3.597509   1.565410   5.671948     402.766 1
325.759310   0.956708   0.050802  0.000007  15230.056     2.098547   1.567814   5.680660     -56.479 0
325.619260  -0.378692   0.052174  0.000008  15641.372     2.398340   1.575048   5.706871     334.878 1
325.435540  -0.622167   0.065298  0.000006  19575.848     1.798755   1.575459   5.708358    4078.433 1
324.711240  -1.077509   0.061156  0.000026  18334.108     7.794604   1.583785   5.738528    2896.948 1
322.772040   0.953710   0.049326  0.000008  14787.563     2.398340   1.588464   5.755479    -477.500 1
323.105295  -0.631930   0.050996  0.000007  15288.216     2.098547   1.591898   5.767921      -1.141 0
325.170810  -0.874513   0.063791  0.000035  19124.061    10.492736   1.594181   5.776196    3648.568 1
325.215150  -0.845719   0.063769  0.000007  19117.465     2.098547   1.596069   5.783035    3642.293 1
322.807310   1.079189   0.049894  0.000008  14957.845     2.398340   1.600486   5.799041    -315.481 1
325.851743   0.151923   0.061410  0.000012  18410.255     3.597509   1.601755   5.803637    2969.400 1
325.570059  -0.505366   0.064780  0.000280  19420.555    83.941888   1.604998   5.815386    3930.676 1
322.715567   0.839303   0.049129  0.000013  14728.504     3.897302   1.610346   5.834767    -533.693 1
322.675321   0.262727   0.062930  0.000050  18865.939    14.989623   1.612134   5.841244    3402.972 1
324.927287  -1.038020   0.051727  0.000017  15507.364     5.096472   1.619844   5.869181     207.373 0
325.464739  -0.657457   0.065345  0.000016  19589.938     4.796679   1.620857   5.872851    4091.839 1
322.799509  -0.221277   0.058640  0.000089  17579.830    26.681529   1.621073   5.873631    2179.272 1
323.074620  -0.642741   0.051110  0.000011  15322.393     3.297717   1.621845   5.876428      31.377 0
325.547713  -0.568823   0.065002  0.000005  19487.109     1.498962   1.625870   5.891015    3994.000 1
322.669310   0.203384   0.053339  0.000009  15990.630     2.698132   1.625883   5.891060     667.188 1
322.660330   0.254061   0.063430  0.000007  19015.836     2.098547   1.628026   5.898824    3545.595 1
322.784890  -0.210073   0.058565  0.000007  17557.345     2.098547   1.629868   5.905501    2157.878 1
322.653020   0.598701   0.050228  0.000005  15057.976     1.498962   1.631226   5.910420    -220.209 0
324.729530  -1.126630   0.051594  0.000015  15467.492     4.496887   1.636044   5.927875     169.436 0
325.462592  -0.682705   0.055284  0.000009  16573.726     2.698132   1.636588   5.929850    1221.989 1
322.853180  -0.377341   0.050530  0.000009  15148.513     2.698132   1.644588   5.958835    -134.065 0
322.736088  -0.129228   0.058851  0.000057  17643.086    17.088170   1.644690   5.959205    2239.458 1
322.737130  -0.132512   0.058159  0.000030  17435.630     8.993774   1.644866   5.959840    2042.069 1
325.563840  -0.590394   0.065261  0.000009  19564.756     2.698132   1.651946   5.985494    4067.878 1
322.727732  -0.133858   0.058450  0.000100  17522.869    29.979246   1.654138   5.993437    2125.075 1
322.725799  -0.134606   0.057524  0.000006  17245.261     1.798755   1.656211   6.000946    1860.938 1
325.715120  -0.390582   0.054867  0.000010  16448.713     2.997925   1.663434   6.027120    1103.042 1
322.838840  -0.415045   0.054352  0.000006  16294.320     1.798755   1.676064   6.072882     956.141 1
322.603240   0.243619   0.049270  0.000050  14770.774    14.989623   1.685950   6.108701    -493.474 1
322.591491   0.362105   0.064460  0.000020  19324.622     5.995849   1.687621   6.114758    3839.397 1
323.305810  -0.946191   0.051146  0.000009  15333.185     2.698132   1.697193   6.149437      41.646 0
325.517182  -0.714984   0.055271  0.000018  16569.829     5.396264   1.698443   6.153969    1218.281 1
325.974270   0.359711   0.043039  0.000006  12902.768     1.798755   1.699295   6.157056   -2270.835 1
322.672650   1.005900   0.035792  0.000015  10730.172     4.496887   1.699415   6.157488   -4338.005 1
325.975010   0.544978   0.051110  0.000007  15322.393     2.098547   1.700768   6.162390      31.377 0
325.403460  -0.843122   0.064882  0.000017  19451.134     5.096472   1.711567   6.201520    3959.771 1
322.620270   0.906712   0.049851  0.000010  14944.954     2.997925   1.719743   6.231144    -327.746 1
322.562151   0.686100   0.050081  0.000015  15013.906     4.496887   1.731673   6.274369    -262.140 0
322.546710   0.276631   0.063376  0.000016  18999.647     4.796679   1.738566   6.299343    3530.192 1
325.997674   0.190426   0.051798  0.000012  15528.650     3.597509   1.739348   6.302178     227.625 0
322.913540  -0.636514   0.050615  0.000020  15173.995     5.995849   1.740740   6.307222    -109.819 0
322.527167   0.366500   0.049792  0.000008  14927.266     2.398340   1.751664   6.346801    -344.576 1
325.709259   1.454545   0.059770  0.001580  17918.595    99.990000   1.751829   6.347402    2501.598 1
322.526370   0.367540   0.049428  0.000005  14818.142     1.498962   1.752413   6.349517    -448.405 1
322.606200  -0.106023   0.057955  0.000018  17374.472     5.396264   1.759554   6.375389    1983.879 1
322.562909   0.863191   0.049925  0.000008  14967.138     2.398340   1.764264   6.392458    -306.638 1
322.511104   0.374714   0.049962  0.000007  14978.231     2.098547   1.767361   6.403679    -296.084 0
322.548650   0.827429   0.049940  0.000005  14971.635     1.498962   1.770064   6.413472    -302.360 1
326.051529   0.342735   0.042358  0.000011  12698.609     3.297717   1.777359   6.439905   -2465.087 1
325.741610  -0.597328   0.052319  0.000008  15684.842     2.398340   1.797888   6.514286     376.238 1
322.482540   0.669485   0.049786  0.000024  14925.467     7.195019   1.808412   6.552418    -346.287 1
325.519440  -0.874628   0.064553  0.000010  19352.503     2.997925   1.812834   6.568440    3865.925 1
325.593838  -0.811333   0.065527  0.000012  19644.500     3.597509   1.820336   6.595622    4143.754 1
325.599070  -0.812418   0.065578  0.000018  19659.790     5.396264   1.824872   6.612056    4158.301 1
322.813667  -0.680833   0.050933  0.000006  15269.329     1.798755   1.846721   6.691224     -19.111 0
322.604638   1.233315   0.050972  0.000006  15281.021     1.798755   1.848626   6.698125      -7.987 0
325.604982  -0.863214   0.065693  0.000012  19694.266     3.597509   1.864459   6.755493    4191.104 1
326.006152   1.162620   0.063791  0.000005  19124.061     1.498962   1.871777   6.782009    3648.568 1
322.468989   0.952367   0.049975  0.000017  14982.128     5.096472   1.877725   6.803559    -292.376 0
322.398100   0.438123   0.050029  0.000006  14998.317     1.798755   1.878954   6.808013    -276.973 0
322.782900  -0.694972   0.050643  0.000007  15182.389     2.098547   1.879741   6.810863    -101.832 0
322.507320  -0.220620   0.052548  0.000006  15753.494     1.798755   1.890975   6.851568     441.559 1
322.500950  -0.205124   0.064800  0.000007  19426.551     2.098547   1.891551   6.853655    3936.381 1
322.520694  -0.259621   0.064780  0.000120  19420.555    35.975095   1.892649   6.857633    3930.676 1
322.501264  -0.224018   0.050330  0.000080  15088.554    23.983397   1.897840   6.876442    -191.114 0
322.583208   1.303997   0.065760  0.000050  19714.352    14.989623   1.898921   6.880361    4210.216 1
322.369320   0.456835   0.049710  0.000006  14902.683     1.798755   1.907751   6.912354    -367.966 1
322.626181  -0.522153   0.064905  0.000020  19458.029     5.995849   1.913617   6.933607    3966.331 1
326.158871   0.072382   0.051535  0.000006  15449.804     1.798755   1.918376   6.950850     152.606 0
322.394678   0.851813   0.049630  0.000010  14878.700     2.997925   1.925689   6.977349    -390.786 1
322.389470   0.049348   0.052235  0.000006  15659.659     1.798755   1.928716   6.988314     352.278 1
322.391573   0.026661   0.052260  0.000010  15667.154     2.997925   1.931451   6.998226     359.409 1
325.763501  -0.788812   0.052219  0.000012  15654.862     3.597509   1.932117   7.000638     347.714 1
322.343802   0.467843   0.050147  0.000005  15033.692     1.498962   1.933363   7.005154    -243.314 0
322.341262   0.464458   0.050320  0.000056  15085.556    16.788378   1.935867   7.014226    -193.967 0
326.205625   0.637917   0.061475  0.000007  18429.741     2.098547   1.938035   7.022080    2987.941 1
326.202730   0.225859   0.061615  0.000009  18471.712     2.698132   1.938075   7.022226    3027.875 1
326.215462   0.474155   0.063652  0.000010  19082.390     2.997925   1.938517   7.023829    3608.919 1
325.564580  -1.016861   0.065030  0.000008  19495.504     2.398340   1.948423   7.059718    4001.987 1
322.364590   0.032899   0.052382  0.000007  15703.729     2.098547   1.956474   7.088892     394.209 1
322.487640  -0.345927   0.049475  0.000019  14832.232     5.696057   1.956655   7.089546    -434.999 1
325.722530  -0.897102   0.050336  0.000006  15090.353     1.798755   1.972826   7.148138    -189.403 0
325.994126  -0.554140   0.061460  0.000010  18425.244     2.997925   1.986838   7.198907    2983.662 1
322.901551  -0.988669   0.049660  0.000013  14887.693     3.897302   1.987254   7.200417    -382.228 1
325.193776  -1.318073   0.043460  0.000040  13028.980    11.991698   1.987674   7.201937   -2150.747 1
322.334965   0.018016   0.052812  0.000056  15832.639    16.788378   1.988589   7.205252     516.864 1
325.903830  -0.700170   0.052348  0.000006  15693.536     1.798755   1.989705   7.209297     384.510 1
322.340494  -0.013419   0.050267  0.000006  15069.667     1.798755   1.990204   7.211105    -209.085 0
322.949470  -1.039150   0.051547  0.000020  15453.402     5.995849   1.991736   7.216654     156.029 0
322.898330  -0.997064   0.049370  0.000007  14800.754     2.098547   1.995546   7.230460    -464.949 1
326.159990   1.111113   0.050411  0.000010  15112.838     2.997925   1.996988   7.235687    -168.009 0
326.235304   0.022180   0.062110  0.000006  18620.110     1.798755   2.003408   7.258947    3169.072 1
323.112226  -1.189718   0.049930  0.000009  14968.637     2.698132   2.007773   7.274764    -305.212 1
326.150720   1.170169   0.059805  0.000006  17929.088     1.798755   2.008789   7.278443    2511.582 1
322.402918  -0.282624   0.058910  0.000190  17660.774    56.960567   2.010637   7.285141    2256.288 1
322.397570  -0.270751   0.058379  0.000013  17501.584     3.897302   2.011364   7.287773    2104.823 1
325.221921  -1.332242   0.043290  0.000300  12978.016    89.937737   2.013310   7.294823   -2199.239 1
322.935256   1.948622   0.062350  0.000030  18692.060     8.993774   2.014809   7.300256    3237.530 1
322.370730  -0.219618   0.049822  0.000011  14936.260     3.297717   2.019046   7.315607    -336.019 1
325.747560  -0.941750   0.050158  0.000007  15036.990     2.098547   2.021612   7.324905    -240.176 0
322.949190  -1.097512   0.066183  0.000007  19841.164     2.098547   2.035797   7.376301    4330.874 1
322.914875  -1.080167   0.051292  0.000014  15376.955     4.197094   2.045371   7.410993      83.292 0
326.199930   1.158768   0.050347  0.000010  15093.651     2.997925   2.050769   7.430550    -186.265 0
326.195530   1.183620   0.050518  0.000008  15144.915     2.398340   2.055436   7.447460    -137.488 0
326.128326  -0.454819   0.041230  0.000004  12360.443     1.199170   2.058550   7.458741   -2786.843 1
326.319502   0.810305   0.064930  0.000090  19465.524    26.981321   2.074649   7.517074    3973.462 1
326.280519  -0.102629   0.051895  0.000049  15557.730    14.689830   2.077025   7.525683     255.294 0
322.709420  -0.927480   0.049566  0.000014  14859.513     4.197094   2.083950   7.550776    -409.041 1
322.191060   0.353665   0.050946  0.000007  15273.227     2.098547   2.087999   7.565443     -15.403 0
322.325052  -0.311577   0.058258  0.000005  17465.309     1.498962   2.093701   7.586106    2070.308 1
326.276683   1.071122   0.050532  0.000010  15149.112     2.997925   2.095081   7.591106    -133.495 0
326.278905   1.072297   0.050040  0.000200  15001.615    59.958492   2.097553   7.600061    -273.835 0
326.288780   1.087821   0.050039  0.000006  15001.315     1.798755   2.111648   7.651132    -274.120 0
322.163819   0.382402   0.050551  0.000007  15154.809     2.098547   2.114158   7.660228    -128.075 0
326.328220  -0.068650   0.051493  0.000011  15437.213     3.297717   2.114550   7.661649     140.626 0
322.199249   0.050372   0.049510  0.000010  14842.725     2.997925   2.115042   7.663431    -425.015 1
325.872920  -0.943225   0.065592  0.000037  19663.987    11.092321   2.115509   7.665121    4162.295 1
326.347542  -0.036186   0.051770  0.000020  15520.256     5.995849   2.125704   7.702063     219.639 0
322.140550   0.370879   0.054570  0.000120  16359.674    35.975095   2.137788   7.745846    1018.325 1
322.435360  -0.645004   0.065009  0.000008  19489.208     2.398340   2.140382   7.755245    3995.997 1
322.140607   0.302102   0.050820  0.000120  15235.453    35.975095   2.141239   7.758350     -51.344 0
322.133410   0.613566   0.049836  0.000056  14940.457    16.788378   2.150191   7.790784    -332.025 1
322.170930  -0.019697   0.049700  0.000004  14899.685     1.199170   2.156892   7.815064    -370.818 1
322.212190  -0.180916   0.050237  0.000007  15060.674     2.098547   2.157804   7.818371    -217.642 0
322.174443  -0.066948   0.050043  0.000066  15002.514    19.786302   2.164163   7.841411    -272.979 0
322.092760   0.312827   0.051850  0.000015  15544.239     4.496887   2.188302   7.928875     242.458 0
322.095788   0.677877   0.067181  0.000338  20140.357    99.990000   2.193573   7.947971    4615.549 1
322.204220   1.168571   0.048384  0.000012  14505.158     3.597509   2.195272   7.954128    -746.201 1
322.076320   0.265270   0.051350  0.000109  15394.343    32.677378   2.208087   8.000558      99.836 0
325.328750  -1.497611   0.051392  0.000150  15406.934    44.968869   2.209533   8.005799     111.816 0
325.969365  -0.982769   0.050406  0.000010  15111.339     2.997925   2.214471   8.023691    -169.436 0
322.216380  -0.365362   0.052350  0.000011  15694.135     3.297717   2.214493   8.023769     385.081 1
322.212292   1.258306   0.049609  0.000010  14872.404     2.997925   2.218924   8.039826    -396.776 1
322.057866   0.469708   0.052570  0.000120  15760.090    35.975095   2.219294   8.041165     447.835 1
322.092320   0.039373   0.052047  0.000015  15603.298     4.496887   2.222159   8.051546     298.651 1
325.824550  -1.155848   0.066100  0.000010  19816.281     2.997925   2.226916   8.068781    4307.199 1
322.048550   0.299913   0.052495  0.000010  15737.605     2.997925   2.233237   8.091685     426.441 1
322.045540   0.281848   0.052328  0.000019  15687.540     5.696057   2.237490   8.107095     378.805 1
322.337610  -0.684829   0.052218  0.000007  15654.563     2.098547   2.244835   8.133707     347.428 1
322.523090  -0.955828   0.050834  0.000016  15239.650     4.796679   2.245082   8.134604     -47.351 0
322.464630  -0.880261   0.065289  0.000007  19573.150     2.098547   2.245614   8.136531    4075.865 1
326.038900  -0.948172   0.055293  0.000007  16576.424     2.098547   2.246421   8.139456    1224.557 1
322.031650   0.350004   0.053254  0.000013  15965.148     3.897302   2.247413   8.143049     642.942 1
322.095361  -0.097358   0.050040  0.000030  15001.615     8.993774   2.248221   8.145979    -273.835 0
322.056366   0.089316   0.051354  0.000005  15395.542     1.498962   2.249065   8.149035     100.977 0
322.092620  -0.097608   0.050284  0.000009  15074.764     2.698132   2.250942   8.155835    -204.235 0
322.091950  -0.097016   0.050359  0.000010  15097.248     2.997925   2.251449   8.157673    -182.842 0
325.817422  -1.199663   0.066640  0.000060  19978.169    17.987547   2.253753   8.166020    4461.231 1
322.163060   1.230728   0.049961  0.000033  14977.931     9.893151   2.255057   8.170745    -296.370 1
326.390982   1.239682   0.063969  0.000011  19177.424     3.297717   2.258049   8.181588    3699.342 1
322.048668   0.066274   0.051618  0.000012  15474.687     3.597509   2.260418   8.190172     176.281 0
322.156690   1.230170   0.049408  0.000015  14812.146     4.496887   2.260835   8.191683    -454.110 1
322.190917  -0.430278   0.052770  0.000012  15820.048     3.597509   2.262536   8.197844     504.884 1
322.222518   1.411452   0.049780  0.000010  14923.669     2.997925   2.270215   8.225668    -347.999 1
322.119164   1.164314   0.049685  0.000013  14895.188     3.897302   2.274405   8.240849    -375.097 1
322.017490   0.163816   0.052253  0.000015  15665.055     4.496887   2.277042   8.250405     357.412 1
322.129670   1.221348   0.049351  0.000057  14795.058    17.088170   2.283182   8.272652    -470.369 1
326.184205   1.704245   0.064090  0.000120  19213.699    35.975095   2.284950   8.279056    3733.857 1
321.992550   0.355487   0.054389  0.000007  16305.412     2.098547   2.286254   8.283783     966.695 1
322.779417   2.173172   0.062520  0.000120  18743.024    35.975095   2.286342   8.284101    3286.022 1
321.980990   0.309712   0.050670  0.000008  15190.484     2.398340   2.300055   8.333788     -94.131 0
321.993282   0.152922   0.052155  0.000015  15635.676     4.496887   2.302425   8.342374     329.458 1
322.111233   1.227732   0.049268  0.000019  14770.175     5.696057   2.302691   8.343338    -494.044 1
322.009740   0.019939   0.051971  0.000006  15580.514     1.798755   2.306901   8.358593     276.973 1
322.111940   1.242516   0.048915  0.000016  14664.348     4.796679   2.307091   8.359280    -594.736 1
325.415248  -1.561782   0.052490  0.000010  15736.106     2.997925   2.307586   8.361075     425.015 1
326.486903   1.116455   0.066690  0.000007  19993.159     2.098547   2.309324   8.367372    4475.493 1
322.001327   0.871433   0.048576  0.000008  14562.718     2.398340   2.315196   8.388648    -691.434 1
321.957150   0.416513   0.051429  0.000023  15418.026     6.895227   2.320058   8.406266     122.370 0
321.951719   0.253125   0.051590  0.000080  15466.293    23.983397   2.333260   8.454100     168.295 0
322.012966  -0.139829   0.065430  0.000050  19615.421    14.989623   2.338529   8.473191    4116.085 1
322.352579  -0.887733   0.051818  0.000009  15534.646     2.698132   2.341230   8.482977     233.330 0
321.935235   0.462050   0.053345  0.000007  15992.429     2.098547   2.341848   8.485215     668.899 1
321.949236   0.120111   0.049310  0.000050  14782.766    14.989623   2.350438   8.516339    -482.064 1
321.946030   0.122162   0.052317  0.000008  15684.242     2.398340   2.353330   8.526818     375.668 1
326.538727  -0.217719   0.048494  0.000007  14538.135     2.098547   2.356836   8.539523    -714.824 1
322.490167  -1.093694   0.050731  0.000015  15208.771     4.496887   2.358473   8.545453     -76.731 0
326.595651   0.907762   0.049348  0.000017  14794.158     5.096472   2.364096   8.565829    -471.225 1
322.479912  -1.100190   0.050341  0.000006  15091.852     1.798755   2.370483   8.588968    -187.976 0
322.744875  -1.363556   0.060022  0.000150  17994.143    44.968869   2.370793   8.590092    2573.480 1
322.983150   2.432622   0.047890  0.000030  14357.061     8.993774   2.371158   8.591416    -887.112 1
322.228120  -0.770306   0.052474  0.000010  15731.309     2.997925   2.382543   8.632667     420.451 1
322.532881   2.071381   0.038043  0.000090  11405.004    26.981321   2.384369   8.639283   -3695.919 1
322.175660  -0.683546   0.050688  0.000017  15195.880     5.096472   2.385534   8.643502     -88.996 0
321.917390   0.806656   0.052073  0.000005  15611.093     1.498962   2.387096   8.649162     306.068 1
321.991267   1.141880   0.048340  0.000013  14491.967     3.897302   2.389452   8.657701    -758.752 1
321.952630   1.070679   0.047864  0.000018  14349.266     5.396264   2.406973   8.721184    -894.528 1
321.904221   0.858391   0.049888  0.000008  14956.046     2.398340   2.408439   8.726496    -317.192 1
325.890250  -1.345361   0.066038  0.000014  19797.694     4.197094   2.410333   8.733356    4289.514 1
321.890766   0.798673   0.060403  0.000017  18108.364     5.096472   2.412235   8.740248    2682.158 1
326.524570  -0.450652   0.052062  0.000005  15607.795     1.498962   2.419531   8.766683     302.930 1
321.913390   0.975224   0.048116  0.000011  14424.814     3.297717   2.422241   8.776506    -822.646 1
322.242761  -0.884632   0.051854  0.000005  15545.438     1.498962   2.430602   8.806798     243.599 0
323.177184  -1.722084   0.067610  0.000120  20268.968    35.975095   2.430772   8.807414    4737.919 1
326.699875   0.661027   0.042190  0.000120  12648.244    35.975095   2.432263   8.812818   -2513.008 1
322.386410  -1.094131   0.065378  0.000019  19599.831     5.696057   2.438298   8.834682    4101.252 1
322.506471  -1.230932   0.052176  0.000009  15641.971     2.698132   2.438387   8.835007     335.448 1
321.910953  -0.184063   0.050590  0.000120  15166.500    35.975095   2.448426   8.871379    -116.950 0
321.833310   0.289216   0.049834  0.000110  14939.857    32.977170   2.448712   8.872415    -332.596 1
321.822170   0.461440   0.063397  0.000055  19005.942    16.488585   2.454903   8.894847    3536.182 1
326.231898  -1.042055   0.066880  0.000120  20050.120    35.975095   2.456457   8.900479    4529.690 1
321.818591   0.461115   0.063351  0.000005  18992.152     1.498962   2.458480   8.907807    3523.061 1
326.739787   0.559084   0.036738  0.000008  11013.775     2.398340   2.465229   8.932263   -4068.164 1
326.067750  -1.256120   0.034351  0.000006  10298.171     1.798755   2.470253   8.950466   -4749.043 1
321.838339   0.869672   0.052020  0.000010  15595.204     2.997925   2.475278   8.968672     290.950 1
321.810230   0.235931   0.050305  0.000007  15081.060     2.098547   2.475687   8.970155    -198.245 0
326.692991   0.995653   0.045837  0.000008  13741.587     2.398340   2.477648   8.977258   -1472.720 1
322.431150  -1.217236   0.047205  0.000006  14151.703     1.798755   2.484428   9.001827   -1082.505 1
326.296621  -1.009321   0.063728  0.000007  19105.174     2.098547   2.488990   9.018357    3630.598 1
326.595076   1.379508   0.058370  0.000070  17498.886    20.985472   2.498972   9.054524    2102.255 1
321.837230   0.998527   0.052026  0.000018  15597.002     5.396264   2.501659   9.064259     292.661 1
321.931156  -0.441182   0.051169  0.000055  15340.080    16.488585   2.507890   9.086835      48.206 0
321.799440   0.855901   0.048170  0.000011  14441.003     3.297717   2.511323   9.099274    -807.243 1
321.762159   0.450534   0.051325  0.000005  15386.848     1.498962   2.514866   9.112111      92.705 0
322.274200  -1.088484   0.051352  0.000010  15394.942     2.997925   2.522857   9.141067     100.406 0
321.759551   0.162823   0.065525  0.000057  19643.901    17.088170   2.533302   9.178912    4143.183 1
321.816740  -0.190887   0.050194  0.000008  15047.783     2.398340   2.541283   9.207829    -229.907 0
321.951732  -0.607859   0.065449  0.000021  19621.117     6.295642   2.552802   9.249565    4121.504 1
321.745270   0.798411   0.060599  0.000006  18167.123     1.798755   2.556212   9.261921    2738.066 1
321.726232   0.261973   0.064311  0.000010  19279.953     2.997925   2.557389   9.266185    3796.896 1
321.774200   0.974247   0.049781  0.000005  14923.968     1.498962   2.558039   9.268539    -347.714 1
322.758206  -1.615046   0.066139  0.000150  19827.973    44.968869   2.559924   9.275371    4318.324 1
326.194690  -1.256265   0.055252  0.000007  16564.133     2.098547   2.563853   9.289605    1212.862 1
321.707387   0.451891   0.063060  0.000053  18904.912    15.889000   2.569639   9.310571    3440.054 1
321.780440   1.062811   0.048508  0.000010  14542.333     2.997925   2.571740   9.318182    -710.830 1
321.750912  -0.115454   0.050662  0.000015  15188.086     4.496887   2.587667   9.375890     -96.413 0
321.689495   0.354433   0.063051  0.000056  18902.214    16.788378   2.589129   9.381188    3437.487 1
321.688458   0.355333   0.062671  0.000007  18788.293     2.098547   2.590134   9.384829    3329.094 1
326.677750  -0.531988   0.051924  0.000013  15566.424     3.897302   2.592007   9.391616     263.566 0
322.504292  -1.447028   0.058470  0.000150  17528.865    44.968869   2.593211   9.395978    2130.780 1
321.694130   0.211542   0.063093  0.000015  18914.806     4.496887   2.593473   9.396927    3449.467 1
321.879690  -0.547267   0.050924  0.000023  15266.631     6.895227   2.594807   9.401761     -21.679 0
321.843024  -0.467762   0.051184  0.000007  15344.577     2.098547   2.599732   9.419606      52.485 0
321.854526  -0.514260   0.051079  0.000063  15313.099    18.886925   2.605734   9.441354      22.534 0
326.698580  -0.531533   0.051655  0.000005  15485.779     1.498962   2.611139   9.460939     186.835 0
321.666140   0.308357   0.063006  0.000015  18888.724     4.496887   2.614482   9.473052    3424.651 1
321.665630   0.294484   0.063619  0.000027  19072.496     8.094396   2.615757   9.477669    3599.506 1
326.497250  -0.941137   0.065386  0.000006  19602.230     1.798755   2.617607   9.484374    4103.534 1
322.279517  -1.247817   0.047086  0.000014  14116.028     4.197094   2.618739   9.488474   -1116.449 1
321.745270   1.131094   0.048113  0.000006  14423.915     1.798755   2.622906   9.503574    -823.502 1
326.784110  -0.333352   0.048579  0.000011  14563.618     3.297717   2.625172   9.511784    -690.578 1
321.655610   0.274748   0.063764  0.000013  19115.966     3.897302   2.626969   9.518296    3640.867 1
321.651530   0.296445   0.062900  0.000034  18856.946    10.192944   2.629721   9.528265    3394.415 1
321.649990   0.305057   0.062111  0.000009  18620.409     2.698132   2.630784   9.532118    3169.357 1
326.531414  -0.914283   0.052145  0.000008  15632.678     2.398340   2.632673   9.538960     326.605 1
326.870456   0.956732   0.049429  0.000007  14818.441     2.098547   2.643170   9.576997    -448.120 1
326.899658   0.046923   0.061318  0.000007  18382.674     2.098547   2.652616   9.611221    2943.158 1
326.202840   2.276490   0.060326  0.000010  18085.280     2.997925   2.657135   9.627597    2660.195 1
321.873724  -0.690749   0.051547  0.000009  15453.402     2.698132   2.658415   9.632233     156.029 0
321.873650  -0.691700   0.051558  0.000007  15456.700     2.098547   2.658889   9.633949     159.167 0
321.821946  -0.581836   0.066330  0.000120  19885.234    35.975095   2.661400   9.643050    4372.805 1
326.940180   0.343609   0.061349  0.000025  18391.968     7.494811   2.664956   9.655934    2952.000 1
322.734634  -1.739177   0.066590  0.001710  19963.180    99.990000   2.674390   9.690115    4446.969 1
321.600375   0.197333   0.063003  0.000036  18887.824    10.792528   2.688131   9.739901    3423.795 1
321.590769   0.319635   0.063374  0.000120  18999.047    35.975095   2.689198   9.743770    3529.621 1
322.020150  -1.026572   0.050694  0.000009  15197.679     2.698132   2.694593   9.763317     -87.285 0
321.593637   0.691416   0.050820  0.000120  15235.453    35.975095   2.694612   9.763386     -51.344 0
322.942958  -1.900361   0.050592  0.000150  15167.100    44.968869   2.698781   9.778492    -116.380 0
321.823823  -0.708467   0.047729  0.000007  14308.794     2.098547   2.711105   9.823144    -933.036 1
322.391167  -1.505889   0.051462  0.000150  15427.919    44.968869   2.713831   9.833023     131.783 0
326.312833  -1.356583   0.055454  0.000012  16624.691     3.597509   2.718803   9.851038    1270.481 1
321.814180  -0.728254   0.060678  0.000017  18190.807     5.096472   2.728288   9.885405    2760.601 1
321.985600  -1.037025   0.050395  0.000011  15108.041     3.297717   2.729260   9.888924    -172.573 0
325.907000  -1.744056   0.066306  0.000150  19878.039    44.968869   2.729668   9.890403    4365.959 1
321.751974  -0.606910   0.052136  0.000012  15629.980     3.597509   2.735629   9.912001     324.038 1
321.806884  -0.733482   0.060507  0.000014  18139.542     4.197094   2.737124   9.917419    2711.824 1
323.888042  -2.266222   0.056623  0.000150  16975.148    44.968869   2.739601   9.926394    1603.932 1
326.202459  -1.505827   0.050770  0.000070  15220.463    20.985472   2.741336   9.932681     -65.606 0
322.580118   2.599221   0.058450  0.000100  17522.869    29.979246   2.741820   9.934436    2125.075 1
326.253208  -1.470583   0.063534  0.000150  19047.014    44.968869   2.752562   9.973355    3575.260 1
326.028833  -1.688333   0.067640  0.000012  20277.962     3.597509   2.760821  10.003279    4746.476 1
322.014994   2.044089   0.037816  0.000087  11336.952    26.081944   2.769822  10.035895   -3760.670 1
321.501655   0.390738   0.050570  0.000120  15160.505    35.975095   2.775900  10.057915    -122.655 0
321.682100  -0.543840   0.051082  0.000008  15313.998     2.398340   2.777160  10.062482      23.390 0
321.872310  -0.945464   0.051213  0.000007  15353.271     2.098547   2.778083  10.065827      60.757 0
321.871680  -0.944920   0.051117  0.000006  15324.491     1.798755   2.778356  10.066816      33.374 0
321.485660   0.469614   0.050060  0.000010  15007.610     2.997925   2.791455  10.114276    -268.130 1
321.484770   0.467550   0.049905  0.000009  14961.143     2.698132   2.792328  10.117439    -312.343 1
321.804040  -0.859319   0.061037  0.000031  18298.432     9.293566   2.796156  10.131310    2863.004 1
321.467040   0.285281   0.050729  0.000007  15208.172     2.098547   2.814542  10.197926     -77.301 0
327.027921  -0.173052   0.064740  0.000020  19408.564     5.995849   2.819456  10.215731    3919.266 1
321.506810   0.975741   0.060500  0.000007  18137.444     2.098547   2.820471  10.219408    2709.827 1
321.663399  -0.615619   0.048161  0.000010  14438.305     2.997925   2.820854  10.220797    -809.810 1
326.302875  -1.535278   0.064705  0.000013  19398.071     3.897302   2.833279  10.265817    3909.282 1
327.080190  -0.007929   0.061556  0.000011  18454.025     3.297717   2.839465  10.288232    3011.046 1
326.292167  -1.562528   0.066193  0.000013  19844.162     3.897302   2.844803  10.307572    4333.727 1
324.936167  -2.324972   0.052293  0.000150  15677.047    44.968869   2.847894  10.318772     368.822 1
321.438590   0.199222   0.063524  0.000011  19044.016     3.297717   2.849094  10.323121    3572.408 1
325.422315  -2.165674   0.056670  0.000120  16989.239    35.975095   2.851364  10.331345    1617.339 1
321.426883   0.558375   0.049788  0.000025  14926.067     7.494811   2.852356  10.334941    -345.717 1
323.002667  -2.108417   0.053343  0.000013  15991.829     3.897302   2.854321  10.342060     668.329 1
321.804110  -0.980265   0.061086  0.000005  18313.122     1.498962   2.854544  10.342868    2876.981 1
325.430125  -2.167806   0.057401  0.000014  17208.387     4.197094   2.856460  10.349810    1825.853 1
323.402493  -2.286473   0.051792  0.000150  15526.851    44.968869   2.868656  10.394000     225.914 0
321.440200   1.013158   0.050128  0.000010  15027.996     2.997925   2.893026  10.482297    -248.734 0
327.171834   0.339159   0.061863  0.000005  18546.061     1.498962   2.896607  10.495275    3098.616 1
327.139750   0.901464   0.049570  0.000007  14860.712     2.098547   2.898636  10.502625    -407.900 1
321.387260   0.084464   0.063328  0.000017  18985.257     5.096472   2.912229  10.551876    3516.500 1
326.659536  -1.243734   0.052060  0.000090  15607.195    26.981321   2.920544  10.582005     302.360 1
321.849880  -1.203335   0.060410  0.000010  18110.462     2.997925   2.934290  10.631810    2684.155 1
321.680025  -0.931612   0.051647  0.000006  15483.381     1.798755   2.939579  10.650974     184.553 0
327.167050  -0.123656   0.067558  0.000009  20253.379     2.698132   2.945403  10.672076    4723.086 1
321.583011  -0.754693   0.051449  0.000012  15424.022     3.597509   2.949304  10.686211     128.075 0
327.176760  -0.110896   0.051830  0.000025  15538.243     7.494811   2.952498  10.697785     236.753 0
321.532059  -0.641947   0.061525  0.000005  18444.731     1.498962   2.952552  10.697979    3002.203 1
321.579520  -0.764099   0.051597  0.000046  15468.391    13.790453   2.956329  10.711666     170.291 0
327.073730  -0.521361   0.048847  0.000007  14643.962     2.098547   2.959008  10.721373    -614.132 1
321.326015   0.184735   0.062621  0.000012  18773.304     3.597509   2.962501  10.734027    3314.832 1
325.102500  -2.407417   0.051836  0.000150  15540.042    44.968869   2.970024  10.761285     238.465 0
327.239710   0.215527   0.052533  0.000009  15748.997     2.698132   2.971446  10.766438     437.281 1
327.239799   0.213642   0.052223  0.000009  15656.062     2.698132   2.971681  10.767290     348.855 1
321.556730  -0.771137   0.051073  0.000016  15311.300     4.796679   2.980005  10.797449      20.823 0
321.312913   0.129790   0.062870  0.000120  18847.952    35.975095   2.980871  10.800589    3385.858 1
321.307461   0.744982   0.049556  0.000012  14856.515     3.597509   2.984597  10.814088    -411.894 1
321.390570   1.205186   0.049628  0.000007  14878.100     2.098547   2.984707  10.814487    -391.356 1
327.159180  -0.370524   0.061062  0.000006  18305.927     1.798755   2.995328  10.852969    2870.135 1
321.516470  -0.727825   0.065116  0.000022  19521.286     6.595434   2.999593  10.868422    4026.518 1
327.120417  -0.527881   0.048576  0.000013  14562.718     3.897302   3.005275  10.889012    -691.434 1
324.453715  -2.564463   0.057390  0.000080  17205.089    23.983397   3.015255  10.925171    1822.715 1
321.446960  -0.596695   0.048108  0.000006  14422.416     1.798755   3.015890  10.927474    -824.928 1
327.214717  -0.238674   0.060840  0.000120  18239.373    35.975095   3.016181  10.928525    2806.810 1
327.245701   0.992908   0.049510  0.000020  14842.725     5.995849   3.018545  10.937091    -425.015 1
327.189360  -0.349647   0.052267  0.000010  15669.252     2.997925   3.018809  10.938050     361.405 1
322.455583  -1.961778   0.065957  0.000012  19773.411     3.597509   3.018816  10.938073    4266.409 1
322.708083  -2.137417   0.052483  0.000150  15734.008    44.968869   3.022202  10.950343     423.018 1
321.287970   0.896780   0.049043  0.000013  14702.722     3.897302   3.022893  10.952847    -558.224 1
321.277036   0.862002   0.063310  0.000120  18979.861    35.975095   3.028728  10.973988    3511.366 1
327.177240   1.335296   0.049806  0.000275  14931.463    82.442926   3.033457  10.991121    -340.582 1
327.293333   0.116583   0.062109  0.000008  18619.810     2.398340   3.034040  10.993234    3168.786 1
327.229780   1.164834   0.050076  0.000008  15012.407     2.398340   3.038929  11.010950    -263.566 1
327.318991   0.356438   0.062182  0.000017  18641.695     5.096472   3.043110  11.026098    3189.609 1
321.243039   0.177056   0.062217  0.000012  18652.187     3.597509   3.045828  11.035947    3199.593 1
321.353760  -0.418069   0.067456  0.000009  20222.800     2.698132   3.048168  11.044424    4693.991 1
321.230350   0.328044   0.049319  0.000006  14785.464     1.798755   3.048922  11.047155    -479.497 1
327.321059   0.646223   0.052404  0.000007  15710.324     2.098547   3.050474  11.052781     400.484 1
321.236086   0.696207   0.049799  0.000006  14929.365     1.798755   3.051226  11.055504    -342.579 1
321.338260  -0.388217   0.064757  0.000005  19413.660     1.498962   3.054752  11.068281    3924.115 1
327.339840   0.434702   0.049868  0.000011  14950.050     3.297717   3.062671  11.096973    -322.897 1
321.238629   0.909382   0.049560  0.000027  14857.714     8.094396   3.073565  11.136446    -410.753 1
327.002140  -0.977340   0.052237  0.000012  15660.259     3.597509   3.074120  11.138458     352.848 1
326.770125  -1.356167   0.050391  0.000013  15106.842     3.897302   3.075912  11.144950    -173.714 0
324.861375  -2.582472   0.060185  0.000150  18043.009    44.968869   3.083938  11.174029    2619.975 1
322.284833   2.799889   0.042269  0.000033  12671.927     9.893151   3.084068  11.174502   -2490.474 1
327.362920   0.398503   0.061188  0.000015  18343.701     4.496887   3.086090  11.181828    2906.076 1
327.364716   0.280080   0.062391  0.000007  18704.351     2.098547   3.091961  11.203100    3249.225 1
327.382690   0.660698   0.052612  0.000012  15772.681     3.597509   3.112939  11.279111     459.815 1
327.306554  -0.283987   0.050035  0.000007  15000.116     2.098547   3.115988  11.290156    -275.261 1
321.287110  -0.433970   0.061961  0.000006  18575.440     1.798755   3.116592  11.292345    3126.570 1
321.222040   1.072066   0.049499  0.000013  14839.427     3.897302   3.118532  11.299375    -428.153 1
327.181485  -0.700873   0.062718  0.000008  18802.383     2.398340   3.122403  11.313400    3342.500 1
321.178740   0.844417   0.048756  0.000011  14616.681     3.297717   3.123823  11.318547    -640.090 1
321.158380   0.020205   0.062821  0.000006  18833.262     1.798755   3.147503  11.404345    3371.881 1
327.363340  -0.189365   0.062002  0.000017  18587.732     5.096472   3.150798  11.416282    3138.265 1
327.356883   1.125860   0.050254  0.000015  15065.770     4.496887   3.153926  11.427617    -212.793 0
321.292581  -0.580946   0.061859  0.000010  18544.862     2.997925   3.156045  11.435294    3097.475 1
321.180711   1.119512   0.048537  0.000006  14551.027     1.798755   3.168779  11.481433    -702.558 1
327.420320   0.016369   0.049772  0.000011  14921.270     3.297717   3.172304  11.494206    -350.281 1
321.144347   0.979060   0.049488  0.000010  14836.129     2.997925   3.177749  11.513934    -431.290 1
321.173090   1.134995   0.050301  0.000022  15079.860     6.595434   3.179546  11.520448    -199.386 0
321.129250  -0.004872   0.062991  0.000006  18884.227     1.798755   3.179823  11.521450    3420.372 1
327.459335   0.480033   0.062409  0.000011  18709.748     3.297717   3.182329  11.530530    3254.360 1
321.150500  -0.149628   0.062308  0.000009  18679.468     2.698132   3.182660  11.531730    3225.550 1
327.019200  -1.173424   0.062957  0.000010  18874.034     2.997925   3.184331  11.537786    3410.674 1
321.158240   1.117639   0.050064  0.000018  15008.810     5.396264   3.190343  11.559568    -266.989 1
321.144780   1.054371   0.050433  0.000025  15119.433     7.494811   3.190830  11.561330    -161.734 0
327.203875  -0.833056   0.060274  0.000015  18069.691     4.496887   3.193825  11.572183    2645.362 1
321.704787   2.340015   0.050390  0.000120  15106.542    35.975095   3.194546  11.574796    -173.999 0
323.349770  -2.616800   0.052570  0.000150  15760.090    44.968869   3.199729  11.593576     447.835 1
321.133630  -0.155454   0.067238  0.000012  20157.445     3.597509   3.200323  11.595726    4631.808 1
327.476010   0.339357   0.064462  0.000013  19325.221     3.897302   3.200582  11.596665    3839.968 1
327.473790   0.606860   0.052854  0.000011  15845.231     3.297717   3.200662  11.596954     528.844 1
327.477050   0.604730   0.052583  0.000014  15763.987     4.197094   3.203811  11.608365     451.543 1
327.245709  -0.762832   0.060247  0.000009  18061.596     2.698132   3.205070  11.612928    2637.660 1
321.155340   1.200283   0.048891  0.000022  14657.153     6.595434   3.211588  11.636543    -601.582 1
321.168210  -0.379628   0.062466  0.000005  18726.836     1.498962   3.216460  11.654196    3270.619 1
321.099520   0.948413   0.049066  0.000008  14709.617     2.398340   3.217015  11.656207    -551.664 1
325.194292   3.529528   0.060080  0.000013  18011.531     3.897302   3.217408  11.657633    2590.024 1
327.493320   0.545322   0.049539  0.000010  14851.419     2.997925   3.217672  11.658588    -416.743 1
321.104937   0.999380   0.049748  0.000010  14914.075     2.997925   3.220037  11.667158    -357.127 1
327.426980  -0.227260   0.061225  0.000006  18354.793     1.798755   3.220859  11.670134    2916.630 1
327.498580   0.530488   0.052209  0.000018  15651.864     5.396264   3.222504  11.676098     344.861 1
321.053281   0.329035   0.062880  0.000011  18850.950     3.297717   3.225825  11.688128    3388.710 1
321.236150  -0.645958   0.048000  0.000009  14390.038     2.698132   3.230840  11.706299    -855.735 1
323.384350   3.555330   0.053130  0.000120  15927.973    35.975095   3.235317  11.722521     607.572 1
321.112665   1.136864   0.051619  0.000019  15474.987     5.696057   3.238957  11.735711     176.567 0
327.256850  -0.827316   0.062633  0.000006  18776.901     1.798755   3.240177  11.740132    3318.255 1
327.515350   0.328599   0.060708  0.000010  18199.801     2.997925   3.240270  11.740466    2769.158 1
321.037001   0.321290   0.062635  0.000012  18777.501     3.597509   3.242381  11.748118    3318.825 1
327.521020   0.399271   0.061786  0.000011  18522.977     3.297717   3.244157  11.754551    3076.652 1
321.061160   0.012136   0.063077  0.000005  18910.009     1.498962   3.244923  11.757325    3444.903 1
327.522059   0.364755   0.062424  0.000009  18714.244     2.698132   3.245872  11.760766    3258.638 1
321.028080   0.326125   0.061983  0.000011  18582.036     3.297717   3.251114  11.779760    3132.845 1
321.344890  -0.959045   0.065400  0.000010  19606.427     2.997925   3.251212  11.780115    4107.527 1
321.208823  -0.629979   0.062096  0.000014  18615.912     4.197094   3.251251  11.780255    3165.078 1
322.994664  -2.556184   0.052113  0.000183  15623.084    54.862020   3.264250  11.827355     317.478 1
327.242410  -0.928296   0.062941  0.000014  18869.237     4.197094   3.268055  11.841143    3406.110 1
321.072417   1.167139   0.042824  0.000024  12838.312     7.195019   3.284805  11.901831   -2332.163 1
327.469820   1.238800   0.050330  0.000006  15088.554     1.798755   3.289683  11.919505    -191.114 0
321.054407   1.118375   0.049447  0.000080  14823.838    23.983397   3.292067  11.928142    -442.985 1
327.573020   0.460526   0.062238  0.000009  18658.483     2.698132   3.295858  11.941880    3205.583 1
327.342400  -0.771561   0.060063  0.000009  18006.434     2.698132   3.298035  11.949769    2585.175 1
327.287750  -0.908120   0.063190  0.000009  18943.885     2.698132   3.300922  11.960229    3477.136 1
327.301700  -0.879863   0.060571  0.000023  18158.729     6.895227   3.302207  11.964882    2730.080 1
321.043310   1.123897   0.048277  0.000019  14473.080     5.696057   3.304059  11.971594    -776.722 1
321.061160   1.226741   0.049994  0.000013  14987.824     3.897302   3.309347  11.990754    -286.956 1
320.970330   0.621802   0.062686  0.000009  18792.790     2.698132   3.311356  11.998035    3333.373 1
321.018817   1.057411   0.050406  0.000020  15111.339     5.995849   3.315122  12.011679    -169.436 0
327.215330  -1.089954   0.059862  0.000007  17946.176     2.098547   3.315218  12.012026    2527.841 1
327.593920   0.384725   0.062426  0.000014  18714.844     4.197094   3.317283  12.019507    3259.209 1
327.452504  -0.517908   0.060654  0.000018  18183.612     5.396264   3.318280  12.023121    2753.755 1
321.018390   1.082316   0.050870  0.000013  15250.442     3.897302   3.320227  12.030178     -37.082 0
326.383990  -2.125470   0.060140  0.000120  18029.518    35.975095   3.324035  12.043975    2607.139 1
327.196430  -1.171056   0.059418  0.000012  17813.068     3.597509   3.337008  12.090977    2401.192 1
327.210717  -1.150001   0.059998  0.000007  17986.948     2.098547   3.339401  12.099651    2566.634 1
321.036900   1.258277   0.049145  0.000016  14733.300     4.796679   3.340457  12.103476    -529.129 1
321.390036  -1.235519   0.060649  0.000024  18182.113     7.195019   3.340782  12.104652    2752.329 1
320.992706   1.071640   0.049610  0.000006  14872.704     1.798755   3.343422  12.114219    -396.491 1
321.012500   1.172333   0.050000  0.000333  14989.623    99.830889   3.344407  12.117789    -285.245 1
327.624460   0.533682   0.064451  0.000006  19321.924     1.798755   3.348421  12.132331    3836.830 1
321.010920   1.183643   0.049742  0.000017  14912.276     5.096472   3.348424  12.132343    -358.838 1
321.778200   2.688400   0.051883  0.000012  15554.132     3.597509   3.357706  12.165973     251.871 1
327.634742   0.549801   0.064411  0.000004  19309.932     1.199170   3.359161  12.171244    3825.420 1
320.938343   0.858164   0.050917  0.000008  15264.533     2.398340   3.364044  12.188939     -23.675 0
327.628600   0.131354   0.040298  0.000006  12081.036     1.798755   3.366105  12.196404   -3052.692 1
320.949650   0.964351   0.049832  0.000019  14939.258     5.696057   3.367538  12.201599    -333.166 1
321.007914  -0.366323   0.061798  0.000017  18526.574     5.096472   3.368404  12.204737    3080.075 1
327.649475   0.385076   0.052847  0.000008  15843.132     2.398340   3.372820  12.220737     526.847 1
327.401403  -0.826865   0.060232  0.000016  18057.099     4.796679   3.373412  12.222881    2633.382 1
320.999027   1.252939   0.050226  0.000012  15057.376     3.597509   3.375923  12.231980    -220.780 0
327.329141  -1.001493   0.059304  0.000010  17778.892     2.997925   3.377653  12.238246    2368.674 1
327.328350  -1.007171   0.060299  0.000012  18077.185     3.597509   3.379375  12.244486    2652.493 1
320.925282   0.905133   0.050718  0.000017  15204.874     5.096472   3.383066  12.257860     -80.439 0
327.662034   0.425804   0.062804  0.000022  18828.166     6.595434   3.384894  12.264482    3367.032 1
327.600417   1.116361   0.050370  0.000010  15100.546     2.997925   3.390235  12.283836    -179.704 0
327.342040  -1.005390   0.059879  0.000034  17951.273    10.192944   3.390978  12.286526    2532.690 1
327.423550  -0.840812   0.060295  0.000007  18075.986     2.098547   3.399186  12.316269    2651.352 1
321.710250   2.676694   0.042761  0.000018  12819.425     5.396264   3.400884  12.322421   -2350.133 1
320.965900  -0.341315   0.050970  0.000120  15280.422    35.975095   3.403324  12.331261      -8.557 0
327.650540  -0.018012   0.049833  0.000007  14939.558     2.098547   3.405053  12.337526    -332.881 1
327.282628  -1.155467   0.060043  0.000010  18000.439     2.997925   3.405311  12.338459    2579.470 1
320.920230   1.034917   0.049449  0.000016  14824.437     4.796679   3.408100  12.348565    -442.415 1
327.696410   0.573540   0.061513  0.000028  18441.133     8.394189   3.421603  12.397491    2998.780 1
323.601331  -2.915678   0.066890  0.000020  20053.118     5.995849   3.428545  12.422645    4532.542 1
325.142333  -2.872639   0.060395  0.000017  18105.966     5.096472   3.429198  12.425011    2679.876 1
327.684940   0.867631   0.052709  0.000017  15801.761     5.096472   3.433773  12.441586     487.484 1
320.948076   1.353851   0.060680  0.000120  18191.406    35.975095   3.450594  12.502533    2761.171 1
320.913125  -0.376444   0.062238  0.000013  18658.483     3.897302   3.462860  12.546977    3205.583 1
327.256345  -1.331512   0.052280  0.000080  15673.150    23.983397   3.468943  12.569020     365.114 1
327.743695   0.308186   0.040005  0.000005  11993.197     1.498962   3.469217  12.570012   -3136.268 1
320.938745  -0.500965   0.051170  0.000008  15340.380     2.398340   3.469860  12.572340      48.492 0
323.968680  -3.017071   0.053142  0.000010  15931.571     2.997925   3.476393  12.596012     610.995 1
320.849226   1.031257   0.063583  0.000010  19061.704     2.997925   3.477436  12.599790    3589.237 1
320.846349   1.047247   0.062818  0.000011  18832.363     3.297717   3.482998  12.619943    3371.025 1
325.736112  -2.731811   0.053260  0.000070  15966.946    20.985472   3.496375  12.668411     644.654 1
327.342700  -1.252558   0.059549  0.000018  17852.341     5.396264   3.504447  12.697661    2438.559 1
320.913210  -0.548883   0.050923  0.000010  15266.331     2.997925   3.507716  12.709504     -21.964 0
320.912290  -0.547927   0.051490  0.000009  15436.314     2.698132   3.508327  12.711719     139.770 0
321.020630  -0.863732   0.062184  0.000012  18642.294     3.597509   3.509746  12.716861    3190.180 1
327.719974  -0.238862   0.049780  0.000070  14923.669    20.985472   3.510157  12.718348    -347.999 1
326.963750  -1.816861   0.062466  0.000005  18726.836     1.498962   3.512331  12.726227    3270.619 1
321.107250   2.006833   0.047514  0.000011  14244.339     3.297717   3.533372  12.802464    -994.364 1
320.824994   1.222431   0.062827  0.000010  18835.061     2.997925   3.538323  12.820403    3373.592 1
320.948016  -0.757416   0.061958  0.000025  18574.541     7.494811   3.539687  12.825346    3125.714 1
327.819243   0.407733   0.041154  0.000005  12337.659     1.498962   3.542242  12.834604   -2808.522 1
326.933958  -1.915778   0.056676  0.000183  16991.037    54.862020   3.554527  12.879117    1619.050 1
320.961768  -0.860983   0.062697  0.000052  18796.088    15.589208   3.563416  12.911322    3336.510 1
320.926646  -0.784910   0.062622  0.000022  18773.603     6.595434   3.569177  12.932198    3315.117 1
320.911620  -0.743991   0.062471  0.000007  18728.335     2.098547   3.569441  12.933151    3272.045 1
326.050681  -2.652144   0.052510  0.000130  15742.102    38.973020   3.569527  12.933465     430.720 1
327.426208  -1.248639   0.060107  0.000013  18019.625     3.897302   3.575864  12.956425    2597.726 1
320.822750  -0.498250   0.050637  0.000007  15180.591     2.098547   3.580875  12.974581    -103.544 0
320.846680  -0.588444   0.050948  0.000019  15273.826     5.696057   3.582781  12.981488     -14.833 0
320.929005  -0.843039   0.062551  0.000010  18752.318     2.997925   3.587431  12.998337    3294.865 1
326.782625  -2.130778   0.050708  0.000150  15201.876    44.968869   3.593758  13.021261     -83.292 0
323.181162  -2.979175   0.057730  0.000030  17307.019     8.993774   3.595857  13.028865    1919.699 1
320.903983  -0.808899   0.063229  0.000009  18955.577     2.698132   3.598751  13.039351    3488.261 1
320.885954  -0.780049   0.063030  0.000005  18895.919     1.498962   3.605746  13.064695    3431.497 1
320.885740  -0.781005   0.063046  0.000006  18900.715     1.798755   3.606272  13.066602    3436.061 1
321.080410  -1.229475   0.060498  0.000026  18136.844     7.794604   3.608893  13.076100    2709.257 1
320.754786  -0.357228   0.062164  0.000007  18636.298     2.098547   3.612544  13.089328    3184.475 1
327.887630   0.650801   0.061789  0.000011  18523.876     3.297717   3.616251  13.102758    3077.508 1
321.070912  -1.231379   0.060684  0.000013  18192.606     3.897302   3.618191  13.109787    2762.312 1
321.056640  -1.217373   0.060806  0.000007  18229.180     2.098547   3.624395  13.132267    2797.112 1
323.822638  -3.190169   0.051813  0.000150  15533.147    44.968869   3.664075  13.276040     231.904 0
327.266542  -1.686556   0.052813  0.000150  15832.939    44.968869   3.671839  13.304170     517.149 1
320.620180   0.104992   0.062440  0.000007  18719.041     2.098547   3.672635  13.307056    3263.202 1
320.618380   0.100380   0.062215  0.000008  18651.588     2.398340   3.674858  13.315109    3199.022 1
320.681931  -0.358829   0.062117  0.000030  18622.208     8.993774   3.683960  13.348088    3171.068 1
324.383763   4.145159   0.062880  0.000070  18850.950    20.985472   3.701081  13.410125    3388.710 1
327.967260   0.791781   0.062145  0.000008  18630.602     2.398340   3.706254  13.428867    3179.055 1
320.885448   2.002072   0.044240  0.000120  13262.818    35.975095   3.731640  13.520849   -1928.256 1
325.227154  -3.194018   0.060145  0.000150  18031.017    44.968869   3.761580  13.629330    2608.565 1
320.917480  -1.256105   0.060557  0.000005  18154.532     1.498962   3.765925  13.645071    2726.086 1
320.592380  -0.345467   0.058319  0.000017  17483.596     5.096472   3.768570  13.654657    2087.708 1
320.540160   1.025066   0.037972  0.000007  11383.719     2.098547   3.781482  13.701442   -3716.171 1
320.862833  -1.191972   0.058196  0.000016  17446.722     4.796679   3.786579  13.719907    2052.623 1
328.056712   0.922143   0.064551  0.000005  19351.903     1.498962   3.809424  13.802683    3865.355 1
324.074887   4.268184   0.064010  0.000070  19189.715    20.985472   3.827913  13.869675    3711.037 1
320.470130   0.030562   0.062255  0.000009  18663.579     2.698132   3.829410  13.875099    3210.432 1
321.505250   3.097389   0.042536  0.000083  12751.972    24.882774   3.835958  13.898822   -2414.313 1
320.507808   1.161470   0.048537  0.000013  14551.027     3.897302   3.836551  13.900971    -702.558 1
320.502640   1.148343   0.036586  0.000009  10968.207     2.698132   3.839203  13.910583   -4111.521 1
320.482540  -0.224011   0.050911  0.000014  15262.734     4.197094   3.853075  13.960842     -25.387 1
320.445070   0.902426   0.035452  0.000007  10628.242     2.098547   3.859043  13.982467   -4434.989 1
328.133550   0.166415   0.052795  0.000012  15827.543     3.597509   3.866431  14.009237     512.015 1
325.824861  -3.102169   0.056180  0.000070  16842.340    20.985472   3.870685  14.024650    1477.569 1
328.100160  -0.206179   0.058153  0.000008  17433.831     2.398340   3.878114  14.051568    2040.357 1
327.463625  -1.768139   0.053127  0.000150  15927.074    44.968869   3.879956  14.058242     606.716 1
320.426965  -0.039389   0.050735  0.000013  15209.970     3.897302   3.880443  14.060007     -75.590 1
320.444200  -0.160738   0.050273  0.000014  15071.466     4.197094   3.880447  14.060020    -207.373 1
328.155060   0.136487   0.052845  0.000010  15842.532     2.997925   3.890148  14.095172     526.277 1
320.372680   0.609235   0.034619  0.000006  10378.515     1.798755   3.907725  14.158856   -4672.598 1
320.413504   1.106508   0.036841  0.000009  11044.654     2.698132   3.919594  14.201863   -4038.783 1
328.121800   1.250310   0.040013  0.000096  11995.596    28.780076   3.927899  14.231952   -3133.986 1
326.728057  -2.635673   0.059920  0.000120  17963.564    35.975095   3.937154  14.265487    2544.385 1
