  2.840208 -28.854333   0.061886  0.000097  18552.956    29.079868   0.003530   0.015122      63.253 0
  2.825042 -28.856583   0.063890  0.000140  19153.740    41.970944   0.009943   0.042595     629.143 0
  2.842625 -28.838861   0.061612  0.000297  18470.813    89.038360   0.017078   0.073156     -14.119 0
  2.817232 -28.842751   0.062677  0.000097  18790.092    29.079868   0.020676   0.088570     286.616 0
  2.808458 -28.855000   0.062680  0.000200  18790.991    59.958492   0.024341   0.104273     287.463 0
  2.831500 -28.888778   0.060860  0.000620  18245.369    99.990000   0.034033   0.145791    -226.469 0
  2.799333 -28.869306   0.062430  0.000093  18716.043    27.880699   0.035357   0.151462     216.868 0
  2.868417 -28.824722   0.063604  0.000093  19067.999    27.880699   0.041358   0.177169     548.383 0
  2.804458 -28.900000   0.068250  0.000220  20460.835    65.954341   0.052918   0.226690    1860.322 1
  2.886750 -28.884472   0.062520  0.000170  18743.024    50.964718   0.053150   0.227682     242.282 0
  2.838500 -28.801861   0.062423  0.000083  18713.945    24.882774   0.053176   0.227792     214.891 0
  2.872042 -28.806583   0.060350  0.000130  18092.475    38.973020   0.057679   0.247086    -370.483 0
  2.823583 -28.912250   0.056510  0.000100  16941.272    29.979246   0.058315   0.249809   -1454.823 1
  2.892958 -28.906778   0.058370  0.000180  17498.886    53.962642   0.071748   0.307354    -929.596 0
  2.887583 -28.797861   0.062510  0.000107  18740.027    32.077793   0.072707   0.311459     239.459 0
  2.912750 -28.885361   0.058730  0.000550  17606.811    99.990000   0.073560   0.315115    -827.939 0
  2.910000 -28.897083   0.057977  0.000083  17381.067    24.882774   0.077093   0.330249   -1040.571 0
  2.768208 -28.802639   0.064210  0.000180  19249.674    53.962642   0.079329   0.339829     719.505 0
  2.789750 -28.926250   0.063760  0.000260  19114.767    77.946039   0.082068   0.351563     592.434 0
  2.934417 -28.867222   0.058590  0.000180  17564.840    53.962642   0.086843   0.372018    -867.472 0
  2.739542 -28.827083   0.059978  0.000077  17980.952    23.084019   0.089183   0.382041    -475.528 0
  2.734542 -28.862194   0.062040  0.000190  18599.124    56.960567   0.089370   0.382843     106.740 0
  2.766333 -28.921222   0.063880  0.000170  19150.742    50.964718   0.090196   0.386378     626.320 0
  2.727750 -28.878306   0.060490  0.000180  18134.446    53.962642   0.097845   0.419148    -330.950 0
  2.719417 -28.872417   0.057720  0.000087  17304.021    26.081944   0.103799   0.444653   -1113.143 0
  2.720083 -28.828139   0.061510  0.000420  18440.234    99.990000   0.105230   0.450783     -42.922 0
  2.815013 -28.751056   0.063117  0.000080  18922.001    23.983397   0.105595   0.452346     410.863 0
  2.959750 -28.856472   0.065380  0.000300  19600.431    89.937737   0.108177   0.463405    1049.890 0
  2.740125 -28.785250   0.061420  0.000130  18413.253    38.973020   0.109330   0.468347     -68.336 0
  2.722792 -28.808833   0.058510  0.000220  17540.857    65.954341   0.109572   0.469384    -890.063 0
  2.931917 -28.932389   0.061122  0.000093  18323.915    27.880699   0.114060   0.488609    -152.485 0
  2.733792 -28.784389   0.064638  0.000073  19377.985    21.884849   0.114187   0.489152     840.364 0
  2.804833 -28.740583   0.063850  0.000190  19141.748    56.960567   0.117679   0.504112     617.848 0
  2.738292 -28.941583   0.059730  0.000200  17906.604    59.958492   0.121892   0.522157    -545.559 0
  2.968500 -28.895722   0.058780  0.000090  17621.801    26.981321   0.122780   0.525963    -813.820 0
  2.728000 -28.768556   0.060850  0.000040  18242.371    11.991698   0.128302   0.549620    -229.293 0
  2.751833 -28.747083   0.059460  0.000190  17825.660    56.960567   0.130815   0.560384    -621.801 0
  2.971958 -28.922028   0.062830  0.000270  18835.960    80.943964   0.136456   0.584547     329.820 0
  2.814566 -28.716473   0.065310  0.000270  19579.445    80.943964   0.139823   0.598970    1030.123 0
  2.686833 -28.796194   0.063750  0.000160  19111.769    47.966793   0.143471   0.614600     589.610 0
  2.987458 -28.799694   0.068080  0.000210  20409.871    62.956416   0.143519   0.614804    1812.317 1
  2.683917 -28.794722   0.061380  0.000150  18401.261    44.968869   0.146405   0.627165     -79.631 0
  3.002750 -28.822333   0.062266  0.000107  18666.877    32.077793   0.149442   0.640177     170.558 0
  2.945167 -28.971278   0.067180  0.000140  20140.057    41.970944   0.150402   0.644288    1558.175 1
  2.999708 -28.901250   0.069250  0.000160  20760.628    47.966793   0.150449   0.644491    2142.702 1
  2.918958 -28.719167   0.056440  0.000060  16920.286    17.987547   0.153942   0.659453   -1474.590 1
  3.005042 -28.910583   0.055281  0.000294  16572.827    88.138983   0.157939   0.676577   -1801.869 1
  2.954000 -28.984694   0.061650  0.000280  18482.205    83.941888   0.165700   0.709822      -3.389 0
  2.911917 -29.011028   0.064090  0.000070  19213.699    20.985472   0.169519   0.726183     685.619 0
  2.782792 -29.022083   0.067230  0.000240  20155.047    71.950190   0.173519   0.743318    1572.294 1
  2.635000 -28.865056   0.058267  0.000067  17468.007    20.086095   0.176550   0.756302    -958.681 0
  2.980000 -28.730639   0.066386  0.000073  19902.022    21.884849   0.176966   0.758085    1333.965 1
  2.895167 -29.024556   0.062990  0.000077  18883.927    23.084019   0.177234   0.759233     375.001 0
  2.749250 -29.017444   0.064094  0.000297  19214.898    89.038360   0.179428   0.768628     686.749 0
  2.918458 -29.022944   0.061082  0.000090  18311.923    26.981321   0.182728   0.782765    -163.781 0
  2.755542 -29.025583   0.060130  0.000170  18026.520    50.964718   0.184649   0.790996    -432.607 0
  2.715958 -29.008306   0.062310  0.000180  18680.068    53.962642   0.186018   0.796862     182.982 0
  2.623542 -28.822528   0.063360  0.000330  18994.850    98.931511   0.189108   0.810096     479.482 0
  2.893292 -29.040833   0.059780  0.000220  17921.593    65.954341   0.192432   0.824335    -531.440 0
  2.659665 -28.969941   0.064390  0.000210  19303.636    62.956416   0.192695   0.825464     770.334 0
  2.923000 -28.677667   0.059620  0.000140  17873.626    41.970944   0.192925   0.826446    -576.621 0
  3.060083 -28.879528   0.062093  0.000083  18615.013    24.882774   0.197571   0.846352     121.706 0
  3.068000 -28.860694   0.064910  0.000170  19459.528    50.964718   0.203057   0.869850     917.171 0
  2.929333 -29.041917   0.058690  0.000310  17594.819    92.935662   0.203923   0.873560    -839.234 0
  3.043292 -28.948944   0.068830  0.000190  20634.715    56.960567   0.204226   0.874861    2024.102 1
  3.028875 -28.973889   0.061709  0.000097  18499.893    29.079868   0.206392   0.884136      13.272 0
  2.805250 -28.649917   0.059810  0.000160  17930.587    47.966793   0.206872   0.886196    -522.968 0
  2.601250 -28.826417   0.060182  0.000073  18042.110    21.884849   0.207799   0.890163    -417.923 0
  3.038542 -28.966111   0.066929  0.000297  20064.809    89.038360   0.209134   0.895885    1487.297 1
  2.669917 -29.005417   0.059080  0.000240  17711.738    71.950190   0.209400   0.897025    -729.106 0
  2.609583 -28.775583   0.063250  0.000160  18961.873    47.966793   0.213820   0.915960     448.420 0
  2.761625 -28.644556   0.061890  0.000120  18554.155    35.975095   0.220360   0.943974      64.383 0
  2.711000 -29.047583   0.062520  0.000140  18743.024    41.970944   0.221635   0.949437     242.282 0
  2.871458 -29.081000   0.063060  0.000160  18904.912    47.966793   0.228094   0.977105     394.768 0
  2.792292 -29.081194   0.067410  0.000140  20209.010    41.970944   0.229447   0.982901    1623.122 1
  2.600417 -28.974556   0.059310  0.000170  17780.691    50.964718   0.238658   1.022359    -664.159 0
  2.684833 -28.654417   0.059050  0.000200  17702.745    59.958492   0.240460   1.030078    -737.577 0
  2.660283 -28.669608   0.061110  0.000180  18320.317    53.962642   0.241087   1.032765    -155.874 0
  2.620000 -29.015556   0.064440  0.000250  19318.626    74.948115   0.248296   1.063647     784.453 0
  2.587958 -28.735056   0.064880  0.000040  19450.535    11.991698   0.248350   1.063876     908.700 0
  2.913875 -28.616111   0.058607  0.000073  17569.937    21.884849   0.248375   1.063985    -862.672 0
  2.633875 -28.674528   0.060610  0.000250  18170.421    74.948115   0.252957   1.083613    -297.064 0
  2.823167 -29.109472   0.063240  0.000260  18958.875    77.946039   0.254730   1.091207     445.596 0
  2.545250 -28.866667   0.060960  0.000080  18275.348    23.983397   0.255137   1.092953    -198.231 0
  2.694417 -28.628083   0.061530  0.000210  18446.230    62.956416   0.258694   1.108190     -37.274 0
  3.015542 -29.060861   0.065130  0.000200  19525.483    59.958492   0.258916   1.109141     979.295 0
  2.539583 -28.845861   0.061930  0.000100  18566.147    29.979246   0.259995   1.113760      75.678 0
  3.142583 -28.819694   0.054850  0.000170  16443.616    50.964718   0.270613   1.159246   -1923.575 1
  2.788575 -29.127449   0.057510  0.000190  17241.064    56.960567   0.275630   1.180739   -1172.443 1
  2.536125 -28.768000   0.063190  0.000080  18943.885    23.983397   0.276886   1.186118     431.477 0
  2.568917 -28.701194   0.065322  0.000100  19583.043    29.979246   0.280141   1.200061    1033.512 1
  2.785167 -28.577417   0.059790  0.000470  17924.591    99.990000   0.281166   1.204452    -528.616 0
  2.652529 -29.087911   0.058490  0.000280  17534.861    83.941888   0.283090   1.212695    -895.710 0
  2.712690 -29.116615   0.057660  0.000140  17286.033    41.970944   0.283114   1.212800   -1130.086 1
  2.756583 -28.577917   0.066510  0.000220  19939.196    65.954341   0.285734   1.224020    1368.980 1
  3.061625 -28.647778   0.057580  0.000190  17262.050    56.960567   0.286191   1.225978   -1152.676 1
  2.521958 -28.948778   0.062710  0.000260  18799.985    77.946039   0.290806   1.245750     295.935 0
  2.583542 -29.044028   0.061560  0.000190  18455.224    56.960567   0.291067   1.246866     -28.803 0
  3.165792 -28.813694   0.054940  0.000130  16470.598    38.973020   0.291568   1.249014   -1898.161 1
  2.650333 -28.603778   0.062120  0.000150  18623.107    44.968869   0.299379   1.282472     129.330 0
  3.166720 -28.932914   0.061450  0.000200  18422.247    59.958492   0.299744   1.284035     -59.865 0
  2.505833 -28.937944   0.060630  0.000180  18176.417    53.962642   0.301046   1.289613    -291.416 0
  2.491042 -28.867389   0.062720  0.000160  18802.983    47.966793   0.302602   1.296281     298.758 0
  2.503792 -28.767750   0.061780  0.000170  18521.178    50.964718   0.303972   1.302150      33.321 0
  2.487900 -28.817215   0.058560  0.000270  17555.846    80.943964   0.307431   1.316967    -875.944 0
  2.886247 -29.161627   0.063120  0.000240  18922.900    71.950190   0.309738   1.326850     411.711 0
  2.502875 -28.748722   0.064390  0.000370  19303.636    99.990000   0.310725   1.331077     770.334 0
  2.623958 -28.604694   0.064180  0.000240  19240.680    71.950190   0.311809   1.335721     711.034 0
  3.192803 -28.843503   0.062470  0.000300  18728.035    89.937737   0.312496   1.338666     228.163 0
  3.183000 -28.930444   0.063350  0.000180  18991.852    53.962642   0.312929   1.340521     476.658 0
  2.854833 -29.177750   0.063701  0.000163  19097.079    48.866171   0.323160   1.384347     575.773 0
  3.190667 -28.949722   0.059660  0.000200  17885.618    59.958492   0.324544   1.390277    -565.325 0
  2.478750 -28.943444   0.058330  0.000140  17486.894    41.970944   0.325366   1.393795    -940.891 0
  2.539333 -29.050833   0.060330  0.000150  18086.479    44.968869   0.325543   1.394554    -376.131 0
  2.486647 -28.742602   0.062480  0.000210  18731.033    62.956416   0.326175   1.397263     230.987 0
  2.921708 -28.533972   0.064480  0.000160  19330.618    47.966793   0.329638   1.412097     795.748 0
  3.202042 -28.767444   0.061092  0.000107  18314.921    32.077793   0.332125   1.422752    -160.957 0
  2.463458 -28.962972   0.062920  0.000140  18862.941    41.970944   0.343897   1.473179     355.234 0
  2.998208 -28.541222   0.061370  0.000260  18398.263    77.946039   0.344352   1.475127     -82.455 0
  2.580375 -29.120833   0.062770  0.000077  18817.973    23.084019   0.347694   1.489444     312.877 0
  3.240667 -28.872861   0.062430  0.000270  18716.043    80.943964   0.354656   1.519269     216.868 0
  3.245333 -28.851861   0.056340  0.000110  16890.307    32.977170   0.358307   1.534907   -1502.828 1
  3.046583 -28.547667   0.060955  0.000117  18273.849    35.075718   0.358316   1.534946    -199.643 0
  3.005167 -29.182528   0.072780  0.000230  21818.895    68.952265   0.359392   1.539555    3139.504 1
  3.105958 -29.130694   0.062570  0.000200  18758.014    59.958492   0.363054   1.555243     256.401 0
  3.199375 -28.677139   0.061280  0.000160  18371.282    47.966793   0.364396   1.560993    -107.869 0
  2.456820 -28.689064   0.064570  0.000180  19357.599    53.962642   0.371446   1.591194     821.162 0
  3.023292 -28.514389   0.061842  0.000297  18539.765    89.038360   0.377959   1.619092      50.828 0
  2.493542 -28.599222   0.062140  0.000190  18629.103    56.960567   0.394357   1.689340     134.978 0
  3.167083 -29.127472   0.061933  0.000117  18567.046    35.075718   0.397745   1.703850      76.525 0
  2.577167 -29.182694   0.066646  0.000103  19979.968    30.878623   0.398590   1.707474    1407.384 1
  2.493210 -29.121046   0.059620  0.000150  17873.626    44.968869   0.401311   1.719127    -576.621 0
  3.183200 -29.117223   0.059060  0.000330  17705.743    98.931511   0.401373   1.719394    -734.754 0
  2.375375 -28.854528   0.063950  0.000150  19171.728    44.968869   0.403655   1.729169     646.086 0
  2.935877 -29.250721   0.060780  0.000220  18221.386    65.954341   0.405227   1.735904    -249.059 0
  2.592083 -29.200528   0.072480  0.000020  21728.957     5.995849   0.406352   1.740725    3054.790 1
  2.366875 -28.884306   0.066350  0.000280  19891.230    83.941888   0.412142   1.765528    1323.799 1
  2.381042 -28.740722   0.063440  0.000340  19018.834    99.990000   0.414746   1.776680     502.072 0
  3.308997 -28.823060   0.061380  0.000230  18401.261    68.952265   0.415283   1.778980     -79.631 0
  3.214500 -29.110861   0.060890  0.000200  18254.363    59.958492   0.418589   1.793142    -217.998 0
  3.102210 -29.203053   0.054698  0.000103  16398.048    30.878623   0.418810   1.794089   -1966.497 1
  3.288458 -29.004083   0.061410  0.000220  18410.255    65.954341   0.423193   1.812865     -71.160 0
  2.626216 -28.472935   0.062613  0.000080  18770.905    23.983397   0.424045   1.816514     268.544 0
  2.468625 -29.145139   0.065670  0.000150  19687.371    44.968869   0.433420   1.856677    1131.780 1
  2.750649 -28.424683   0.063080  0.000160  18910.908    47.966793   0.436799   1.871153     400.415 0
  3.314208 -28.727694   0.064710  0.000150  19399.570    44.968869   0.437546   1.874352     860.695 0
  2.780873 -29.291576   0.061210  0.000270  18350.296    80.943964   0.439262   1.881702    -127.636 0
  3.007208 -28.438611   0.058730  0.000320  17606.811    95.933587   0.442493   1.895541    -827.939 0
  3.310375 -28.692861   0.064835  0.000097  19437.044    29.079868   0.445791   1.909670     895.993 0
  3.006799 -29.280014   0.055040  0.000410  16500.577    99.990000   0.450499   1.929840   -1869.922 1
  2.960792 -29.297611   0.068094  0.000103  20414.068    30.878623   0.455854   1.952778    1816.270 1
  2.943030 -28.408610   0.059270  0.000220  17768.699    65.954341   0.456082   1.953754    -675.454 0
  2.348330 -29.023716   0.062290  0.000230  18674.072    68.952265   0.459441   1.968145     177.335 0
  3.355708 -28.919111   0.063270  0.000160  18967.869    47.966793   0.459459   1.968221     454.068 0
  3.369458 -28.778167   0.063971  0.000093  19178.023    27.880699   0.473285   2.027450     652.016 0
  3.289662 -29.113555   0.060555  0.000093  18153.932    27.880699   0.473871   2.029958    -312.595 0
  3.082518 -28.431506   0.061840  0.000150  18539.166    44.968869   0.475258   2.035902      50.264 0
  3.137333 -28.448944   0.060910  0.000100  18260.359    29.979246   0.484169   2.074076    -212.350 0
  2.445605 -29.207705   0.063130  0.000610  18925.898    99.990000   0.491389   2.105004     414.534 0
  3.096125 -29.290528   0.055682  0.000067  16693.044    20.086095   0.491417   2.105124   -1688.634 1
  2.274083 -28.855222   0.063084  0.000167  18912.107    50.065340   0.492371   2.109207     401.545 0
  3.347958 -28.650861   0.060139  0.000213  18029.219    63.855794   0.492478   2.109668    -430.065 0
  3.016333 -28.388194   0.062980  0.000150  18880.929    44.968869   0.492732   2.110756     372.177 0
  3.396335 -28.731888   0.062090  0.000300  18614.114    89.937737   0.505760   2.166564     120.859 0
  3.341917 -28.596306   0.060590  0.000150  18164.425    44.968869   0.512903   2.197166    -302.712 0
  3.423625 -28.870917   0.062360  0.000117  18695.058    35.075718   0.514695   2.204840     197.101 0
  3.091917 -29.321139   0.056210  0.000140  16851.334    41.970944   0.517134   2.215289   -1539.538 1
  3.434042 -28.934889   0.059310  0.000100  17780.691    29.979246   0.529632   2.268829    -664.159 0
  2.510583 -29.309694   0.062166  0.000093  18636.898    27.880699   0.536754   2.299336     142.320 0
  2.351375 -29.190444   0.063362  0.000297  18995.450    89.038360   0.541176   2.318279     480.047 0
  3.145417 -29.331889   0.055005  0.000297  16490.084    89.038360   0.548403   2.349239   -1879.806 1
  3.057500 -28.336556   0.060260  0.000150  18065.494    44.968869   0.553475   2.370967    -395.897 0
  3.418405 -29.082282   0.061970  0.000080  18578.139    23.983397   0.558240   2.391376      86.973 0
  3.485542 -28.803083   0.056185  0.000077  16843.839    23.084019   0.571043   2.446224   -1546.597 1
  3.114792 -29.371694   0.056150  0.000220  16833.347    65.954341   0.571392   2.447718   -1556.480 1
  3.492750 -28.837861   0.056999  0.000150  17087.870    44.968869   0.575247   2.464231   -1316.739 1
  3.495250 -28.794722   0.053946  0.000297  16172.604    89.038360   0.580320   2.485964   -2178.847 1
  3.500333 -28.878694   0.055245  0.000213  16562.034    63.855794   0.582115   2.493655   -1812.035 1
  3.511208 -28.782222   0.062096  0.000130  18615.912    38.973020   0.595621   2.551509     122.553 0
  3.329750 -29.269306   0.054651  0.000157  16383.958    47.067416   0.598725   2.564806   -1979.768 1
  3.515125 -28.961722   0.055730  0.000213  16707.434    63.855794   0.604090   2.587790   -1675.080 1
  3.226007 -29.354122   0.056990  0.000210  17085.172    62.956416   0.604693   2.590373   -1319.281 1
  2.337458 -28.428361   0.061252  0.000130  18362.888    38.973020   0.610632   2.615812    -115.776 0
  3.394800 -29.234367   0.055380  0.000510  16602.506    99.990000   0.619063   2.651928   -1773.913 1
  2.394713 -29.341696   0.064990  0.000150  19483.512    44.968869   0.621630   2.662925     939.762 1
  3.277170 -29.349983   0.056762  0.000077  17016.820    23.084019   0.627806   2.689385   -1383.664 1
  3.412875 -28.472694   0.059870  0.000230  17948.574    68.952265   0.633417   2.713418    -506.026 0
  3.315000 -28.379611   0.063140  0.000310  18928.896    92.935662   0.633889   2.715443     417.358 0
  3.294232 -29.364361   0.068570  0.000620  20556.769    99.990000   0.648341   2.777352    1950.683 1
  3.389167 -29.287972   0.054540  0.000213  16350.681    63.855794   0.649601   2.782747   -2011.113 1
  2.273436 -29.278925   0.062610  0.000310  18770.006    92.935662   0.650153   2.785115     267.697 0
  2.328292 -29.337861   0.061810  0.000110  18530.172    32.977170   0.656570   2.812600      41.792 0
  3.507667 -28.534917   0.063631  0.000250  19076.094    74.948115   0.669525   2.868098     556.007 0
  3.364500 -29.352528   0.054730  0.000090  16407.641    26.981321   0.679406   2.910427   -1957.460 1
  2.338667 -28.333389   0.060379  0.000297  18101.169    89.038360   0.679709   2.911723    -362.294 0
  2.561000 -28.214361   0.060577  0.000297  18160.528    89.038360   0.684497   2.932235    -306.383 0
  2.449542 -28.244944   0.061756  0.000160  18513.983    47.966793   0.697770   2.989094      26.544 0
  3.651083 -28.749333   0.056029  0.000080  16797.072    23.983397   0.721447   3.090519   -1590.648 1
  2.324792 -28.243583   0.072603  0.000297  21765.832    89.038360   0.757955   3.246915    3089.523 1
  3.615042 -28.494722   0.056430  0.000297  16917.288    89.038360   0.771402   3.304517   -1477.414 1
  2.800583 -28.076528   0.075201  0.000297  22544.693    89.038360   0.779099   3.337487    3823.147 1
  2.697125 -29.639417   0.067062  0.000297  20104.682    89.038360   0.793825   3.400572    1524.854 1
  3.726458 -28.702889   0.056409  0.000103  16910.993    30.878623   0.794383   3.402961   -1483.344 1
  3.747042 -28.913056   0.061866  0.000297  18546.960    89.038360   0.799821   3.426259      57.606 1
  3.735875 -28.688889   0.064254  0.000297  19262.865    89.038360   0.805250   3.449516     731.930 1
  3.752750 -28.958611   0.059348  0.000297  17792.083    89.038360   0.809370   3.467164    -653.428 1
  3.692458 -29.167444   0.060832  0.000150  18236.975    44.968869   0.812390   3.480102    -234.376 1
  3.563258 -28.280740   0.055959  0.000070  16776.086    20.985472   0.857449   3.673125   -1610.415 1
  3.816875 -28.948528   0.060962  0.000147  18275.948    44.069491   0.863952   3.700980    -197.666 1
  3.795000 -28.633278   0.056612  0.000147  16971.851    44.069491   0.868494   3.720439   -1426.021 1
  3.692875 -29.296278   0.073311  0.000150  21978.085    44.968869   0.870420   3.728688    3289.448 1
  2.276500 -28.128722   0.070482  0.000213  21129.972    63.855794   0.876258   3.753698    2490.594 1
  3.757042 -28.474194   0.074273  0.000213  22266.485    63.855794   0.891856   3.820515    3561.098 1
  2.025792 -29.401861   0.069890  0.000297  20952.495    89.038360   0.896059   3.838521    2323.425 1
  2.317708 -29.634583   0.067733  0.000297  20305.843    89.038360   0.902226   3.864940    1714.331 1
  1.941667 -28.366528   0.076754  0.000213  23010.270    63.855794   0.923310   3.955256    4261.684 1
  2.641917 -29.768056   0.067328  0.000213  20184.427    63.855794   0.928785   3.978710    1599.967 1
  3.471375 -28.100833   0.061181  0.000213  18341.602    63.855794   0.937126   4.014441    -135.825 1
  2.107417 -29.554389   0.062828  0.000213  18835.361    63.855794   0.946904   4.056331     329.255 1
  3.500583 -28.055639   0.059264  0.000213  17766.900    63.855794   0.988701   4.235378    -677.148 1
  2.211708 -28.031083   0.061131  0.000297  18326.613    89.038360   0.988964   4.236505    -149.944 1
  1.857583 -28.353028   0.059618  0.000103  17873.027    30.878623   0.993327   4.255194    -577.185 1
  3.810167 -29.367778   0.068951  0.000093  20670.990    27.880699   0.995263   4.263490    2058.270 1
  3.943708 -28.582889   0.063870  0.000213  19147.744    63.855794   1.007406   4.315507     623.496 1
  2.776083 -29.865306   0.055032  0.000213  16498.179    63.855794   1.011679   4.333813   -1872.182 1
  2.218417 -29.727667   0.060000  0.005000  17987.547    99.990000   1.026822   4.398682    -469.316 1
  1.912167 -28.220583   0.059732  0.000297  17907.203    89.038360   1.028366   4.405294    -544.994 1
  3.782792 -28.234500   0.060992  0.000080  18284.942    23.983397   1.035519   4.435936    -189.195 1
  3.863375 -28.327222   0.057283  0.000130  17173.011    38.973020   1.042992   4.467948   -1236.543 1
  3.802167 -28.238694   0.061540  0.000297  18449.228    89.038360   1.046679   4.483742     -34.450 1
  3.816667 -28.224139   0.055452  0.000150  16624.091    44.968869   1.065522   4.564464   -1753.582 1
  2.066125 -28.030000   0.059400  0.000297  17807.672    89.038360   1.065640   4.564966    -638.744 1
  1.786583 -29.430444   0.069634  0.000213  20875.748    63.855794   1.084587   4.646135    2251.136 1
  1.840875 -29.539361   0.069134  0.000297  20725.852    89.038360   1.108320   4.747800    2109.946 1
  2.054833 -27.975694   0.062225  0.000297  18654.586    89.038360   1.114263   4.773257     158.980 1
  2.507292 -29.933139   0.046263  0.000213  13869.298    63.855794   1.115972   4.780581   -4348.375 1
  1.872458 -28.119833   0.058319  0.000297  17483.596    89.038360   1.119387   4.795210    -943.997 1
  1.842000 -28.144806   0.061757  0.000297  18514.283    89.038360   1.123691   4.813646      26.826 1
  1.836703 -28.121642   0.060775  0.000333  18219.887    99.830889   1.142025   4.892186    -250.471 1
  1.836667 -28.118639   0.060202  0.000333  18048.106    99.830889   1.143980   4.900560    -412.275 1
  1.707708 -29.439583   0.062699  0.000297  18796.687    89.038360   1.148357   4.919311     292.828 1
  2.917375 -30.005167   0.066559  0.000150  19953.886    44.968869   1.152360   4.936456    1382.816 1
  1.826667 -28.114722   0.060067  0.000297  18007.634    89.038360   1.153207   4.940087    -450.397 1
  1.726250 -28.217500   0.060924  0.000297  18264.556    89.038360   1.162563   4.980166    -208.397 1
  4.122625 -29.171667   0.048270  0.000150  14470.982    44.968869   1.170320   5.013394   -3781.637 1
  1.858833 -28.044750   0.060748  0.000297  18211.792    89.038360   1.178708   5.049325    -258.096 1
  4.131167 -29.181611   0.048195  0.000213  14448.498    63.855794   1.180237   5.055877   -3802.816 1
  3.797042 -28.025500   0.055222  0.000150  16555.139    44.968869   1.181609   5.061752   -1818.529 1
  1.623083 -28.322000   0.076963  0.000297  23072.927    89.038360   1.188735   5.092279    4320.701 1
  1.822208 -28.059278   0.060323  0.000297  18084.380    89.038360   1.192464   5.108255    -378.107 1
  1.514917 -28.500111   0.077213  0.000213  23147.875    63.855794   1.210474   5.185404    4391.296 1
  1.636958 -28.234083   0.076490  0.000297  22931.125    89.038360   1.220189   5.227024    4187.135 1
  1.861750 -27.982806   0.060932  0.000297  18266.954    89.038360   1.220328   5.227619    -206.138 1
  1.489042 -28.513083   0.061451  0.000213  18422.546    63.855794   1.228485   5.262559     -59.582 1
  1.618250 -28.229306   0.062950  0.000297  18871.935    89.038360   1.236733   5.297892     363.706 1
  2.660917 -30.086250   0.046502  0.000213  13940.949    63.855794   1.240789   5.315270   -4280.886 1
  3.908542 -28.041639   0.055155  0.000183  16535.053    54.862020   1.242408   5.322205   -1837.449 1
  4.047083 -28.206139   0.063099  0.000297  18916.604    89.038360   1.243255   5.325830     405.781 1
  1.482667 -28.473528   0.065517  0.000297  19641.502    89.038360   1.245390   5.334977    1088.576 1
  1.744000 -28.057194   0.059277  0.000213  17770.798    63.855794   1.245655   5.336111    -673.477 1
  1.615375 -29.506361   0.062616  0.000297  18771.805    89.038360   1.252064   5.363569     269.391 1
  1.531667 -28.330861   0.061387  0.000213  18403.360    63.855794   1.257092   5.385109     -77.655 1
  1.712000 -28.051889   0.060807  0.000297  18229.480    89.038360   1.270652   5.443196    -241.435 1
  1.523542 -29.472639   0.067868  0.000297  20346.315    89.038360   1.305125   5.590868    1752.452 1
  1.488875 -29.446222   0.071698  0.000297  21494.520    89.038360   1.319908   5.654195    2833.969 1
  2.257542 -27.620333   0.060025  0.000297  17995.042    89.038360   1.334656   5.717375    -462.257 1
  1.391000 -28.415194   0.072944  0.000297  21868.061    89.038360   1.340042   5.740446    3185.815 1
  1.589625 -28.061972   0.060944  0.000297  18270.552    89.038360   1.349454   5.780767    -202.749 1
  1.791542 -29.864361   0.062937  0.000297  18868.038    89.038360   1.362364   5.836070     360.035 1
  1.303333 -29.090500   0.062298  0.000297  18676.471    89.038360   1.363094   5.839194     179.594 1
  2.833250 -27.486056   0.055690  0.000297  16695.442    89.038360   1.368947   5.864267   -1686.375 1
  1.823542 -29.898306   0.070389  0.000297  21102.091    89.038360   1.369383   5.866138    2464.333 1
  4.121750 -28.075000   0.060042  0.000213  18000.139    63.855794   1.369688   5.867442    -457.456 1
  2.985833 -27.486583   0.072456  0.000213  21721.762    63.855794   1.374674   5.888803    3048.013 1
  2.884333 -27.476222   0.056557  0.000297  16955.362    89.038360   1.379421   5.909137   -1441.552 1
  3.255083 -27.516333   0.056439  0.000103  16919.987    30.878623   1.388018   5.945967   -1474.872 1
  4.370250 -29.228278   0.070086  0.000297  21011.254    89.038360   1.394435   5.973453    2378.772 1
  1.716167 -27.863000   0.060133  0.000297  18027.420    89.038360   1.395156   5.976542    -431.760 1
  1.816208 -29.931472   0.069884  0.000297  20950.696    89.038360   1.398911   5.992627    2321.731 1
  4.141292 -29.675917   0.073292  0.000297  21972.389    89.038360   1.407261   6.028397    3284.083 1
  4.447167 -28.702778   0.048057  0.000297  14407.126    89.038360   1.419099   6.079111   -3841.784 1
  4.436792 -28.595833   0.048372  0.000297  14501.561    89.038360   1.425581   6.106875   -3752.834 1
  1.727000 -27.804528   0.060320  0.000297  18083.481    89.038360   1.430860   6.129492    -378.954 1
  1.707542 -29.892806   0.070209  0.000297  21048.129    89.038360   1.433288   6.139894    2413.505 1
  1.776208 -27.761528   0.060779  0.000150  18221.086    44.968869   1.434457   6.144897    -249.342 1
  4.152667 -27.995028   0.056139  0.000150  16830.049    44.968869   1.438369   6.161657   -1559.587 1
  4.305333 -28.177583   0.062710  0.000213  18799.985    63.855794   1.454118   6.229121     295.935 1
  4.227000 -28.057667   0.071840  0.000297  21537.090    89.038360   1.455836   6.236482    2874.067 1
  1.555292 -29.812861   0.046204  0.000213  13851.611    63.855794   1.475195   6.319412   -4365.035 1
  4.324292 -29.553833   0.074082  0.000213  22209.225    63.855794   1.478830   6.334984    3507.164 1
  2.228458 -27.465028   0.062923  0.000213  18863.841    63.855794   1.488421   6.376071     356.082 1
  2.272750 -27.448667   0.062940  0.000150  18868.937    44.968869   1.490420   6.384633     360.882 1
  1.513833 -27.869556   0.060738  0.000213  18208.794    63.855794   1.520723   6.514444    -260.919 1
  1.866458 -27.589028   0.060373  0.000297  18099.370    89.038360   1.524514   6.530683    -363.988 1
  1.088667 -28.861333   0.061046  0.000150  18301.130    44.968869   1.530623   6.556853    -173.946 1
  1.382625 -27.989500   0.061635  0.000213  18477.708    63.855794   1.539480   6.594793      -7.624 1
  1.994917 -27.498028   0.071436  0.000297  21415.974    89.038360   1.544137   6.614745    2759.985 1
  4.597833 -28.751444   0.064358  0.000297  19294.043    89.038360   1.546343   6.624194     761.297 1
  2.177792 -27.419389   0.059185  0.000297  17743.217    89.038360   1.547116   6.627508    -699.456 1
  2.118917 -30.274000   0.059909  0.000297  17960.266    89.038360   1.551865   6.647851    -495.013 1
  1.068208 -28.681139   0.068310  0.000297  20478.823    89.038360   1.558258   6.675237    1877.264 1
  4.603083 -28.656806   0.068764  0.000297  20614.929    89.038360   1.560110   6.683170    2005.465 1
  3.548487 -30.285270   0.065204  0.000043  19547.667    12.891076   1.560388   6.684358    1000.191 1
  2.302708 -27.363139   0.062670  0.000297  18787.993    89.038360   1.563336   6.696987     284.639 1
  3.002667 -27.298194   0.055879  0.000213  16752.103    63.855794   1.563614   6.698181   -1633.005 1
  1.552833 -27.761361   0.061918  0.000213  18562.549    63.855794   1.568307   6.718282      72.289 1
  1.192125 -28.205278   0.062663  0.000213  18785.895    63.855794   1.579788   6.767464     282.663 1
  1.248958 -28.097917   0.056461  0.000297  16926.582    89.038360   1.582999   6.781221   -1468.660 1
  1.559875 -27.731000   0.056302  0.000150  16878.915    44.968869   1.585272   6.790959   -1513.559 1
  4.577750 -28.422389   0.055195  0.000297  16547.045    89.038360   1.585446   6.791701   -1826.154 1
  1.623000 -27.667444   0.070845  0.000297  21238.797    89.038360   1.593564   6.826478    2593.099 1
  4.606958 -29.279611   0.069905  0.000213  20956.992    63.855794   1.607940   6.888065    2327.661 1
  1.002583 -28.769333   0.067951  0.000297  20371.197    89.038360   1.608289   6.889558    1775.890 1
  1.000375 -28.787806   0.076675  0.000213  22986.587    63.855794   1.609343   6.894073    4239.376 1
  0.981250 -28.821028   0.067751  0.000213  20311.239    63.855794   1.625045   6.961338    1719.414 1
  4.335208 -27.887556   0.061463  0.000150  18426.144    44.968869   1.630807   6.986019     -56.194 1
  0.993667 -28.615472   0.068347  0.000150  20489.915    44.968869   1.631494   6.988962    1887.712 1
  4.684833 -28.647639   0.060624  0.000297  18174.618    89.038360   1.632295   6.992393    -293.111 1
  1.063083 -29.372917   0.072127  0.000103  21623.131    30.878623   1.637101   7.012984    2955.110 1
  2.477500 -30.465417   0.055638  0.000150  16679.853    44.968869   1.640783   7.028757   -1701.059 1
  4.633000 -28.385944   0.064026  0.000213  19194.512    63.855794   1.642090   7.034352     667.547 1
  1.761833 -27.504111   0.078176  0.000297  23436.575    89.038360   1.646336   7.052543    4663.229 1
  4.279583 -27.759944   0.056308  0.000213  16880.714    63.855794   1.672478   7.164530   -1511.864 1
  3.600046 -30.389736   0.063100  0.000330  18916.904    98.931511   1.674195   7.171886     406.063 1
  1.127875 -28.099500   0.060912  0.000150  18260.958    44.968869   1.676187   7.180418    -211.785 1
  2.663625 -30.524778   0.054701  0.000213  16398.947    63.855794   1.676609   7.182226   -1965.649 1
  1.636042 -30.174250   0.061928  0.000297  18565.547    89.038360   1.686841   7.226055      75.113 1
  2.020042 -27.310972   0.061853  0.000150  18543.063    44.968869   1.701488   7.288803      53.935 1
  2.300833 -30.496917   0.055217  0.000213  16553.640    63.855794   1.707571   7.314859   -1819.941 1
  3.599871 -30.429464   0.071000  0.000330  21285.265    98.931511   1.710628   7.327954    2636.867 1
  3.601246 -30.430156   0.070999  0.000334  21284.965    99.990000   1.711736   7.332701    2636.585 1
  4.282708 -30.008194   0.059951  0.000150  17972.858    44.968869   1.713131   7.338680    -483.153 1
  1.759625 -27.415861   0.063050  0.000297  18901.914    89.038360   1.720548   7.370451     391.944 1
  1.372333 -27.704167   0.063945  0.000213  19170.229    63.855794   1.722892   7.380493     644.674 1
  3.507383 -30.477068   0.053790  0.000076  16125.836    22.784227   1.725289   7.390760   -2222.898 1
  3.873917 -27.383417   0.062864  0.000297  18846.153    89.038360   1.729606   7.409252     339.421 1
  3.629583 -27.268222   0.061290  0.000297  18374.280    89.038360   1.732242   7.420544    -105.045 1
  1.836542 -27.359611   0.061225  0.000297  18354.793    89.038360   1.732871   7.423241    -123.400 1
  0.860542 -28.736639   0.068260  0.000213  20463.833    63.855794   1.734455   7.430025    1863.145 1
  4.657417 -28.165083   0.074089  0.000213  22211.323    63.855794   1.737871   7.444658    3509.140 1
  0.845875 -28.857472   0.061427  0.000213  18415.351    63.855794   1.743259   7.467741     -66.359 1
  1.937167 -27.298472   0.062940  0.000183  18868.937    54.862020   1.744382   7.472548     360.882 1
  4.486542 -27.866056   0.061836  0.000297  18537.966    89.038360   1.751338   7.502349      49.134 1
  2.369458 -27.136694   0.062902  0.000297  18857.545    89.038360   1.766274   7.566330     350.152 1
  2.807167 -27.088472   0.062633  0.000213  18776.901    63.855794   1.766712   7.568205     274.191 1
  1.577292 -30.237222   0.070534  0.000297  21145.561    89.038360   1.768156   7.574393    2505.278 1
  1.566208 -30.231944   0.069745  0.000183  20909.025    54.862020   1.770118   7.582796    2282.480 1
  4.015125 -27.414361   0.061789  0.000090  18523.876    26.981321   1.772433   7.592714      35.862 1
  4.819792 -28.469861   0.052089  0.000297  15615.889    89.038360   1.779452   7.622783   -2703.227 1
  4.614458 -27.976556   0.060333  0.000213  18087.378    63.855794   1.788088   7.659778    -375.283 1
  4.868750 -28.545583   0.074652  0.000150  22380.107    44.968869   1.806843   7.740120    3668.120 1
  4.683542 -28.045806   0.074077  0.000213  22207.726    63.855794   1.809011   7.749409    3505.752 1
  4.568875 -29.853500   0.073589  0.000213  22061.427    63.855794   1.816545   7.781680    3367.950 1
  1.558442 -27.422668   0.060822  0.000150  18233.977    44.968869   1.817717   7.786701    -237.199 1
  0.898583 -28.166083   0.068931  0.000103  20664.994    30.878623   1.831593   7.846144    2052.623 1
  1.535208 -27.420222   0.061241  0.000213  18359.590    63.855794   1.832231   7.848876    -118.882 1
  3.571917 -30.571917   0.062872  0.000070  18848.551    20.985472   1.833839   7.855763     341.680 1
  1.126125 -29.963556   0.063064  0.000150  18906.112    44.968869   1.863413   7.982453     395.897 1
  4.860208 -29.458889   0.061413  0.000297  18411.154    89.038360   1.872711   8.022282     -70.313 1
  2.098625 -27.096361   0.061708  0.000213  18499.593    63.855794   1.873549   8.025872      12.989 1
  1.459750 -27.412722   0.061535  0.000297  18447.729    89.038360   1.879796   8.052636     -35.862 1
  0.963667 -27.911778   0.064861  0.000213  19444.839    63.855794   1.891974   8.104800     903.335 1
  4.837708 -28.140056   0.055137  0.000297  16529.657    89.038360   1.893153   8.109854   -1842.532 1
  4.748625 -29.755722   0.063000  0.005000  18886.925    99.990000   1.901770   8.146767     377.825 1
  4.856875 -28.154889   0.055721  0.000297  16704.736    89.038360   1.903202   8.152900   -1677.621 1
  4.717958 -27.898694   0.062264  0.000213  18666.278    63.855794   1.905439   8.162482     169.993 1
  1.373000 -30.272667   0.066925  0.000297  20063.610    89.038360   1.911079   8.186644    1486.168 1
  2.409792 -26.979583   0.062059  0.000297  18604.820    89.038360   1.912250   8.191659     112.105 1
  5.019833 -28.967333   0.065420  0.000213  19612.423    63.855794   1.915774   8.206755    1061.185 1
  0.767792 -28.176972   0.064043  0.000297  19199.608    89.038360   1.934369   8.286413     672.348 1
  0.825250 -28.045361   0.063485  0.000213  19032.324    63.855794   1.938497   8.304096     514.779 1
  0.848708 -27.955111   0.065359  0.000297  19594.135    89.038360   1.959618   8.394574    1043.960 1
  0.843125 -27.959750   0.063930  0.000213  19165.732    63.855794   1.961842   8.404100     640.439 1
  4.763917 -27.835250   0.059196  0.000297  17746.514    89.038360   1.972401   8.449334    -696.350 1
  5.083750 -28.715417   0.062773  0.000150  18818.872    44.968869   1.973402   8.453620     313.725 1
  1.368417 -27.350556   0.061642  0.000297  18479.807    89.038360   1.978914   8.477233      -5.648 1
  5.058667 -29.236000   0.051380  0.000297  15403.336    89.038360   1.983428   8.496569   -2903.434 1
  0.847750 -27.897861   0.065274  0.000297  19568.653    89.038360   1.987294   8.513134    1019.958 1
  2.456542 -30.816500   0.047981  0.000213  14384.342    63.855794   1.989493   8.522551   -3863.245 1
  1.374208 -27.328806   0.062271  0.000297  18668.376    89.038360   1.992235   8.534299     171.970 1
  1.103667 -27.555778   0.062070  0.000297  18608.118    89.038360   1.997674   8.557595     115.211 1
  5.099625 -29.117972   0.069307  0.000213  20777.716    63.855794   1.999729   8.566402    2158.798 1
  4.717000 -27.715028   0.059084  0.000103  17712.938    30.878623   2.003234   8.581416    -727.976 1
  0.557583 -28.619944   0.061031  0.000213  18296.634    63.855794   2.009551   8.608476    -178.182 1
  0.598083 -28.404583   0.068973  0.000297  20677.585    89.038360   2.011366   8.616250    2064.483 1
  0.581708 -28.460528   0.061096  0.000297  18316.120    89.038360   2.013643   8.626006    -159.827 1
  0.847750 -27.839667   0.067383  0.000213  20200.915    63.855794   2.015968   8.635963    1615.498 1
  0.948208 -27.692361   0.065886  0.000297  19752.126    89.038360   2.021440   8.659408    1192.774 1
  0.696458 -28.090389   0.063718  0.000297  19102.176    89.038360   2.024097   8.670789     580.574 1
  5.118292 -29.183417   0.074954  0.000213  22470.644    63.855794   2.025514   8.676860    3753.399 1
  1.160542 -27.456694   0.061385  0.000297  18402.760    89.038360   2.027136   8.683807     -78.219 1
  0.578542 -28.403639   0.069317  0.000297  20780.714    89.038360   2.028259   8.688618    2161.621 1
  4.906875 -29.772833   0.051705  0.000297  15500.769    89.038360   2.032575   8.707104   -2811.661 1
  1.557417 -30.551500   0.066471  0.000297  19927.504    89.038360   2.032890   8.708456    1357.967 1
  0.815833 -27.847222   0.068541  0.000213  20548.075    63.855794   2.036417   8.723563    1942.494 1
  2.314792 -26.866194   0.063247  0.000113  18960.974    33.876548   2.040573   8.741368     447.573 1
  4.312042 -27.271194   0.055884  0.000297  16753.602    89.038360   2.044300   8.757332   -1631.594 1
  3.033875 -30.893889   0.061312  0.000150  18380.875    44.968869   2.046223   8.765570     -98.833 1
  0.772167 -27.890417   0.061926  0.000150  18564.948    44.968869   2.049052   8.777689      74.548 1
  4.931000 -29.786444   0.061051  0.000297  18302.629    89.038360   2.057575   8.814202    -172.534 1
  0.764292 -27.884694   0.063027  0.000213  18895.019    63.855794   2.057832   8.815301     385.449 1
  4.110500 -27.124972   0.055420  0.000333  16614.498    99.830889   2.058774   8.819337   -1762.618 1
  0.902542 -27.680194   0.064459  0.000213  19324.322    63.855794   2.061198   8.829722     789.818 1
  0.611083 -28.182806   0.052891  0.000213  15856.323    63.855794   2.061565   8.831294   -2476.758 1
  4.107590 -27.117840   0.056002  0.000150  16788.977    44.968869   2.063394   8.839130   -1598.273 1
  0.487833 -28.658111   0.062104  0.000297  18618.311    89.038360   2.066248   8.851356     124.812 1
  0.768292 -27.860056   0.062685  0.000213  18792.490    63.855794   2.066492   8.852398     288.875 1
  0.494500 -28.597472   0.059775  0.000150  17920.094    44.968869   2.067112   8.855054    -532.852 1
  0.773500 -29.866472   0.060712  0.000103  18201.000    30.878623   2.070519   8.869649    -268.261 1
  0.567000 -29.439694   0.061156  0.000150  18334.108    44.968869   2.071728   8.874829    -142.884 1
  1.203542 -30.354361   0.061956  0.000150  18573.942    44.968869   2.071950   8.875778      83.020 1
  4.561125 -30.273139   0.073731  0.000150  22103.998    44.968869   2.072051   8.876214    3408.048 1
  4.172750 -27.145056   0.055938  0.000297  16769.791    89.038360   2.072229   8.876973   -1616.345 1
  1.183792 -27.364972   0.062587  0.000213  18763.111    63.855794   2.077221   8.898359     261.202 1
  2.096667 -26.880194   0.063103  0.000213  18917.803    63.855794   2.078329   8.903105     406.910 1
  2.510542 -30.913667   0.070273  0.000213  21067.315    63.855794   2.078338   8.903144    2431.577 1
  2.866750 -26.775722   0.076321  0.000297  22880.460    89.038360   2.079450   8.907906    4139.413 1
  0.713000 -27.919861   0.066563  0.000297  19955.085    89.038360   2.081521   8.916779    1383.946 1
  0.890208 -30.060278   0.065355  0.000150  19592.936    44.968869   2.087528   8.942512    1042.831 1
  1.167625 -27.363722   0.063280  0.000150  18970.867    44.968869   2.088004   8.944551     456.891 1
  1.094667 -27.427556   0.062141  0.000297  18629.403    89.038360   2.089092   8.949210     135.260 1
  0.450542 -28.876056   0.061573  0.000103  18459.121    30.878623   2.089614   8.951447     -25.132 1
  0.934458 -30.120583   0.059538  0.000150  17849.043    44.968869   2.091929   8.961365    -599.776 1
  1.173500 -27.352167   0.061638  0.000297  18478.608    89.038360   2.092688   8.964618      -6.777 1
  0.725083 -27.856778   0.063619  0.000297  19072.496    89.038360   2.101295   9.001489     552.618 1
  5.193083 -28.447417   0.060902  0.000297  18257.960    89.038360   2.104072   9.013383    -214.609 1
  0.658833 -29.763806   0.062517  0.000150  18742.125    44.968869   2.112551   9.049706     241.435 1
  0.754917 -27.784722   0.064903  0.000297  19457.430    89.038360   2.113893   9.055453     915.195 1
  0.569958 -28.102028   0.052468  0.000213  15729.511    63.855794   2.122938   9.094201   -2596.205 1
  2.292667 -26.783694   0.063841  0.000150  19139.050    44.968869   2.125317   9.104394     615.307 1
  0.446583 -28.474889   0.069727  0.000213  20903.629    63.855794   2.127212   9.112508    2277.397 1
  5.035292 -27.945694   0.075801  0.000213  22724.568    63.855794   2.129878   9.123930    3992.575 1
  1.333750 -27.179417   0.061279  0.000213  18370.982    63.855794   2.130567   9.126883    -108.152 1
  0.733292 -29.926833   0.061586  0.000150  18463.018    44.968869   2.131029   9.128861     -21.461 1
  4.328958 -30.538389   0.059321  0.000150  17783.988    44.968869   2.131440   9.130624    -661.052 1
  1.038250 -30.297472   0.059967  0.000213  17977.654    63.855794   2.135560   9.148272    -478.635 1
  2.480542 -26.737833   0.062583  0.000213  18761.911    63.855794   2.139966   9.167147     260.072 1
  1.749000 -26.937583   0.061396  0.000150  18406.058    44.968869   2.140862   9.170983     -75.113 1
  0.644833 -29.806667   0.059218  0.000150  17753.110    44.968869   2.142319   9.177227    -690.138 1
  2.322542 -26.756556   0.063304  0.000150  18978.062    44.968869   2.146137   9.193579     463.668 1
  0.685417 -29.911250   0.063637  0.000150  19077.893    44.968869   2.159709   9.251720     557.701 1
  0.689631 -29.921546   0.061599  0.000333  18466.916    99.830889   2.161552   9.259616     -17.790 1
  0.486792 -28.157556   0.070282  0.000213  21070.014    63.855794   2.172740   9.307540    2434.118 1
  1.704875 -26.919806   0.055348  0.000213  16592.913    63.855794   2.174138   9.313529   -1782.949 1
  0.836083 -30.146972   0.067727  0.000150  20304.044    44.968869   2.176721   9.324595    1712.637 1
  5.228583 -28.262667   0.070976  0.000150  21278.069    44.968869   2.177426   9.327615    2630.090 1
  0.390333 -28.418472   0.065722  0.000103  19702.960    30.878623   2.186265   9.365480    1146.464 1
  3.281375 -31.011194   0.062120  0.000150  18623.107    44.968869   2.191156   9.386431     129.330 1
  0.689458 -29.980667   0.060722  0.000103  18203.998    30.878623   2.191457   9.387721    -265.438 1
  0.366250 -28.501944   0.062535  0.000297  18747.521    89.038360   2.191954   9.389852     246.518 1
  1.366708 -27.073278   0.064652  0.000297  19382.182    89.038360   2.197984   9.415680     844.317 1
  1.881458 -26.821000   0.061732  0.000213  18506.788    63.855794   2.199197   9.420878      19.767 1
  0.422750 -29.495833   0.060945  0.000150  18270.851    44.968869   2.208851   9.462236    -202.467 1
  0.581792 -27.848833   0.062940  0.000297  18868.937    89.038360   2.216130   9.493415     360.882 1
  5.202108 -28.064751   0.057430  0.000297  17217.081    89.038360   2.217698   9.500131   -1195.034 1
  0.429083 -28.162111   0.060313  0.000297  18081.383    89.038360   2.219242   9.506745    -380.931 1
  0.302333 -28.929056   0.061586  0.000213  18463.018    63.855794   2.220551   9.512353     -21.461 1
  2.184208 -31.018361   0.066260  0.000213  19864.248    63.855794   2.237470   9.584830    1298.385 1
  5.091333 -27.777139   0.056001  0.000297  16788.677    89.038360   2.250068   9.638799   -1598.555 1
  3.268875 -31.073028   0.061499  0.000150  18436.936    44.968869   2.250161   9.639195     -46.028 1
  1.497458 -26.932694   0.065021  0.000213  19492.805    63.855794   2.251708   9.645822     948.516 1
  0.427917 -28.065167   0.059688  0.000213  17894.012    63.855794   2.252350   9.648575    -557.419 1
  0.369417 -28.216472   0.059848  0.000297  17941.979    89.038360   2.252940   9.651102    -512.238 1
  0.694875 -27.603750   0.062307  0.000297  18679.169    89.038360   2.254587   9.658159     182.135 1
  4.265250 -26.968667   0.054371  0.000297  16300.016    89.038360   2.263782   9.697544   -2058.835 1
  0.283686 -28.495432   0.061626  0.000333  18475.010    99.830889   2.264378   9.700100     -10.166 1
  3.999583 -30.881806   0.060989  0.000150  18284.042    44.968869   2.268501   9.717760    -190.042 1
  0.356417 -29.567667   0.061986  0.000150  18582.935    44.968869   2.285880   9.792207      91.491 1
  1.807583 -26.753778   0.062023  0.000113  18594.028    33.876548   2.286230   9.793708     101.939 1
  0.763750 -27.464000   0.067101  0.000297  20116.374    89.038360   2.286872   9.796457    1535.867 1
  2.218417 -31.084306   0.054792  0.000297  16426.228    89.038360   2.294040   9.827167   -1939.953 1
  1.249417 -27.029028   0.055652  0.000213  16684.050    63.855794   2.294726   9.830103   -1697.106 1
  0.263417 -29.308000   0.062433  0.000150  18716.943    44.968869   2.298482   9.846194     217.715 1
  0.320958 -28.198611   0.060385  0.000103  18102.968    30.878623   2.298710   9.847171    -360.600 1
  3.333125 -26.593083   0.057536  0.000103  17248.859    30.878623   2.303401   9.867263   -1165.101 1
  0.200458 -28.838361   0.068231  0.000150  20455.139    44.968869   2.308602   9.889545    1854.956 1
  1.198208 -27.041528   0.061792  0.000213  18524.776    63.855794   2.312349   9.905594      36.709 1
  0.195042 -28.899500   0.061489  0.000297  18433.938    89.038360   2.313714   9.911442     -48.852 1
  0.469500 -27.822028   0.059844  0.000213  17940.780    63.855794   2.316022   9.921332    -513.367 1
  4.171046 -26.855179   0.055589  0.000213  16665.163    63.855794   2.316466   9.923233   -1714.896 1
  0.484708 -27.793694   0.061854  0.000297  18543.363    89.038360   2.316949   9.925304      54.217 1
  0.228167 -28.463306   0.061276  0.000150  18370.083    44.968869   2.317613   9.928145    -108.999 1
  4.172292 -26.853778   0.056319  0.000150  16884.011    44.968869   2.318226   9.930774   -1508.758 1
  1.162167 -27.058361   0.055604  0.000297  16669.660    89.038360   2.318999   9.934085   -1710.660 1
  2.567500 -31.162694   0.065830  0.000213  19735.338    63.855794   2.319667   9.936947    1176.961 1
  0.434667 -29.865306   0.064004  0.000150  19187.916    44.968869   2.333465   9.996052     661.335 1
  1.171875 -27.020278   0.061936  0.000213  18567.946    63.855794   2.343329  10.038306      77.372 1
  3.225125 -31.176611   0.059261  0.000150  17766.001    44.968869   2.346462  10.051727    -677.995 1
  5.136208 -27.627806   0.071693  0.000297  21493.021    89.038360   2.358777  10.104483    2832.557 1
  1.477833 -30.895806   0.059941  0.000297  17969.860    89.038360   2.362291  10.119539    -485.977 1
  0.304375 -29.675333   0.062096  0.000183  18615.912    54.862020   2.364397  10.128558     122.553 1
  1.237208 -30.762083   0.066011  0.000297  19789.600    89.038360   2.366093  10.135824    1228.072 1
  3.847417 -31.062194   0.059458  0.000150  17825.060    44.968869   2.378242  10.187868    -622.366 1
  0.820125 -27.257833   0.067322  0.000213  20182.628    63.855794   2.380972  10.199564    1598.273 1
  0.210708 -28.225083   0.060829  0.000297  18236.075    89.038360   2.384280  10.213735    -235.223 1
  1.053958 -30.668559   0.065000  0.000333  19486.510    99.830889   2.392853  10.250459     942.586 1
  0.131417 -28.487500   0.063080  0.000150  18910.908    44.968869   2.397347  10.269707     400.415 1
  1.043458 -30.671889   0.066883  0.000150  20051.019    44.968869   2.401381  10.286991    1474.308 1
  5.185125 -27.597556   0.072757  0.000150  21812.000    44.968869   2.411106  10.328651    3133.010 1
  1.185833 -30.785556   0.059924  0.000297  17964.763    89.038360   2.411750  10.331409    -490.777 1
  0.466292 -27.615611   0.066749  0.000050  20010.847    14.989623   2.417575  10.356362    1436.469 1
  0.461458 -30.092333   0.065068  0.000150  19506.896    44.968869   2.420160  10.367433     961.787 1
  0.869375 -27.146556   0.068496  0.000297  20534.584    89.038360   2.426189  10.393260    1929.787 1
  0.325042 -27.829972   0.059819  0.000213  17933.285    63.855794   2.426553  10.394819    -520.427 1
  1.906920 -31.141665   0.055562  0.000150  16657.069    44.968869   2.427210  10.397635   -1722.520 1
  0.378500 -27.730611   0.061146  0.000213  18331.110    63.855794   2.428572  10.403468    -145.708 1
  4.055167 -31.039806   0.061299  0.000150  18376.978    44.968869   2.431688  10.416818    -102.504 1
  5.162583 -27.511861   0.063229  0.000297  18955.577    89.038360   2.440378  10.454046     442.490 1
  0.814792 -27.175278   0.066974  0.000213  20078.300    63.855794   2.440506  10.454594    1500.004 1
  1.954815 -31.177904   0.059698  0.000150  17897.010    44.968869   2.447829  10.485962    -554.595 1
  0.474708 -30.178667   0.062363  0.000150  18695.957    44.968869   2.455633  10.519393     197.949 1
  0.680708 -27.274028   0.067657  0.000297  20283.058    89.038360   2.462460  10.548637    1692.870 1
  0.285167 -27.811583   0.062326  0.000103  18684.865    30.878623   2.465977  10.563703     187.501 1
  1.902458 -31.182389   0.061443  0.000150  18420.148    44.968869   2.466907  10.567687     -61.841 1
  0.121958 -28.193917   0.060272  0.000150  18069.091    44.968869   2.467502  10.570238    -392.509 1
  4.674208 -30.728806   0.060969  0.000150  18278.046    44.968869   2.470322  10.582317    -195.690 1
  0.788875 -27.143500   0.067682  0.000213  20290.553    63.855794   2.478856  10.618878    1699.930 1
  1.789417 -31.159556   0.054739  0.000297  16410.339    89.038360   2.480245  10.624826   -1954.919 1
  0.249542 -27.843333   0.068973  0.000213  20677.585    63.855794   2.481168  10.628782    2064.483 1
  0.408083 -27.565806   0.060989  0.000103  18284.042    30.878623   2.486936  10.653491    -190.042 1
  0.782292 -27.136917   0.067562  0.000297  20254.578    89.038360   2.487573  10.656216    1666.044 1
  0.704833 -27.203000   0.066942  0.000213  20068.707    63.855794   2.492790  10.678567    1490.968 1
  0.744190 -27.155445   0.068100  0.000333  20415.866    99.830889   2.499175  10.705918    1817.965 1
  0.980250 -30.769389   0.066272  0.000213  19867.846    63.855794   2.511444  10.758475    1301.773 1
  5.672375 -28.484694   0.077922  0.000213  23360.428    63.855794   2.511453  10.758513    4591.504 1
  0.692333 -27.174056   0.069381  0.000213  20799.901    63.855794   2.520212  10.796035    2179.694 1
  0.614125 -27.250833   0.068252  0.000297  20461.435    89.038360   2.522138  10.804287    1860.886 1
  0.171125 -27.881306   0.061103  0.000213  18318.219    63.855794   2.529175  10.834430    -157.851 1
  5.676625 -28.368278   0.062024  0.000213  18594.327    63.855794   2.534891  10.858918     102.222 1
  0.102667 -28.019278   0.063256  0.000297  18963.672    89.038360   2.535860  10.863068     450.114 1
  0.661417 -27.178889   0.066469  0.000297  19926.905    89.038360   2.537255  10.869046    1357.402 1
  0.839958 -26.998722   0.064103  0.000213  19217.596    63.855794   2.550061  10.923902     689.290 1
  1.311708 -31.031222   0.060360  0.000213  18095.473    63.855794   2.553206  10.937377    -367.659 1
  1.207208 -26.722111   0.064274  0.000150  19268.860    44.968869   2.566113  10.992665     737.577 1
  0.191750 -27.748000   0.068542  0.000213  20548.375    63.855794   2.567117  10.996965    1942.777 1
  0.131833 -27.842778   0.052523  0.000297  15745.999    89.038360   2.575865  11.034442   -2580.674 1
  3.321333 -31.401333   0.059381  0.000150  17801.976    44.968869   2.581533  11.058724    -644.110 1
  0.573750 -27.194250   0.067563  0.000213  20254.878    63.855794   2.585501  11.075720    1666.326 1
  0.533833 -27.235667   0.067567  0.000297  20256.077    89.038360   2.586261  11.078974    1667.456 1
  4.676750 -26.831028   0.058057  0.000150  17405.051    44.968869   2.587465  11.084134   -1017.981 1
  0.426833 -30.356528   0.058347  0.000297  17491.991    89.038360   2.589950  11.094776    -936.091 1
  0.994583 -26.828500   0.065883  0.000297  19751.227    89.038360   2.590080  11.095333    1191.927 1
  0.151958 -27.752944   0.069056  0.000297  20702.468    89.038360   2.596502  11.122848    2087.920 1
  0.033917 -28.004333   0.063004  0.000297  18888.124    89.038360   2.597642  11.127729     378.954 1
  5.773458 -28.464361   0.060108  0.000213  18019.925    63.855794   2.602026  11.146508    -438.819 1
  0.720458 -27.015528   0.065867  0.000297  19746.430    89.038360   2.611063  11.185221    1187.409 1
  0.608125 -27.117194   0.067660  0.000213  20283.958    63.855794   2.613098  11.193939    1693.717 1
  0.221125 -30.120556   0.058681  0.000150  17592.121    44.968869   2.616821  11.209888    -841.776 1
  5.635042 -27.907639   0.061314  0.000297  18381.475    89.038360   2.628001  11.257779     -98.268 1
  5.744625 -28.208278   0.064008  0.000297  19189.116    89.038360   2.628097  11.258194     662.464 1
  0.801125 -26.912750   0.064929  0.000297  19465.225    89.038360   2.636185  11.292837     922.537 1
  1.040125 -26.738861   0.068927  0.000213  20663.795    63.855794   2.636810  11.295516    2051.493 1
  0.776000 -26.929722   0.064280  0.000297  19270.659    89.038360   2.638704  11.303632     739.272 1
  0.751083 -30.761556   0.069145  0.000297  20729.150    89.038360   2.640124  11.309714    2113.052 1
  0.646875 -27.039444   0.065708  0.000213  19698.763    63.855794   2.640690  11.312137    1142.511 1
  0.724208 -26.968750   0.067074  0.000297  20108.279    89.038360   2.641925  11.317429    1528.242 1
  0.855083 -26.854667   0.064946  0.000297  19470.321    89.038360   2.648061  11.343712     927.337 1
  2.180865 -31.454021   0.055252  0.000150  16564.133    44.968869   2.661654  11.401943   -1810.058 1
  0.669333 -30.721750   0.063263  0.000297  18965.770    89.038360   2.662087  11.403797     452.091 1
  0.025333 -29.874833   0.077793  0.000297  23321.755    89.038360   2.664795  11.415396    4555.077 1
  5.880042 -28.721417   0.072788  0.000297  21821.293    89.038360   2.669231  11.434401    3141.763 1
  0.732625 -26.914056   0.066586  0.000103  19961.981    30.878623   2.676168  11.464117    1390.441 1
  5.780792 -28.114222   0.062141  0.000297  18629.403    89.038360   2.683241  11.494415     135.260 1
  0.716542 -26.916250   0.063871  0.000213  19148.044    63.855794   2.684300  11.498953     623.778 1
  0.103167 -27.638111   0.062946  0.000213  18870.736    63.855794   2.685307  11.503269     362.576 1
  0.459042 -27.158667   0.069126  0.000213  20723.453    63.855794   2.685616  11.504589    2107.687 1
  5.846375 -28.341000   0.048670  0.000183  14590.899    54.862020   2.686038  11.506396   -3668.685 1
  0.641667 -30.735000   0.062156  0.000150  18633.900    44.968869   2.688664  11.517648     139.496 1
  0.539500 -27.068500   0.068107  0.000213  20417.965    63.855794   2.690371  11.524958    1819.941 1
  5.909958 -28.632556   0.077873  0.000297  23345.738    89.038360   2.701263  11.571617    4577.667 1
  0.057250 -27.675667   0.060839  0.000297  18239.073    89.038360   2.704632  11.586052    -232.399 1
  1.971125 -26.250722   0.059688  0.000150  17894.012    44.968869   2.712267  11.618760    -557.419 1
  0.828083 -26.790194   0.067050  0.000213  20101.084    63.855794   2.712369  11.619193    1521.465 1
  1.721000 -31.386833   0.049341  0.000150  14792.060    44.968869   2.713722  11.624990   -3479.208 1
  0.783167 -26.810528   0.061756  0.000297  18513.983    89.038360   2.722741  11.663625      26.544 1
  0.800917 -26.796000   0.061797  0.000213  18526.275    63.855794   2.723466  11.666729      38.121 1
  0.054917 -27.633333   0.063407  0.000103  19008.940    30.878623   2.725185  11.674094     492.754 1
  5.929167 -29.179806   0.049451  0.000150  14825.037    44.968869   2.728315  11.687505   -3448.146 1
  0.734500 -26.829111   0.067798  0.000213  20325.329    63.855794   2.737296  11.725975    1732.686 1
  5.850833 -28.111417   0.061269  0.000297  18367.984    89.038360   2.743013  11.750467    -110.975 1
  0.358250 -27.164639   0.067327  0.000297  20184.127    89.038360   2.750945  11.784447    1599.685 1
  1.487542 -26.358583   0.068571  0.000150  20557.069    44.968869   2.761787  11.830890    1950.966 1
  0.136750 -27.421528   0.068349  0.000297  20490.515    89.038360   2.764950  11.844439    1888.277 1
  0.196083 -30.385556   0.062770  0.000150  18817.973    44.968869   2.773026  11.879037     312.877 1
  0.277958 -27.205556   0.061637  0.000213  18478.308    63.855794   2.782309  11.918801      -7.060 1
  5.513292 -27.349694   0.055821  0.000297  16734.715    89.038360   2.786293  11.935867   -1649.383 1
  5.854708 -27.971611   0.060359  0.000213  18095.173    63.855794   2.787385  11.940546    -367.942 1
  0.058583 -27.491444   0.045941  0.000297  13772.765    89.038360   2.788873  11.946921   -4439.301 1
  5.702042 -27.639083   0.076890  0.000150  23051.042    44.968869   2.788994  11.947437    4300.088 1
  0.122475 -27.389647   0.046415  0.000187  13914.867    56.061190   2.792247  11.961373   -4305.453 1
  5.778208 -27.776333   0.060839  0.000213  18239.073    63.855794   2.793364  11.966160    -232.399 1
  5.768792 -27.741417   0.073163  0.000213  21933.716    63.855794   2.799464  11.992288    3247.656 1
  2.668500 -31.660333   0.059468  0.000150  17828.058    44.968869   2.809178  12.033902    -619.542 1
  5.962042 -28.187500   0.059511  0.000213  17840.949    63.855794   2.817905  12.071287    -607.400 1
  5.850292 -27.868528   0.049234  0.000150  14759.982    44.968869   2.818125  12.072231   -3509.423 1
  0.325125 -27.092972   0.070200  0.000213  21045.431    63.855794   2.818137  12.072282    2410.963 1
  0.021958 -27.487667   0.062617  0.000213  18772.104    63.855794   2.818729  12.074818     269.673 1
  4.433625 -26.403778   0.055335  0.000150  16589.016    44.968869   2.822381  12.090461   -1786.620 1
  6.027417 -28.453250   0.072954  0.000150  21871.059    44.968869   2.823690  12.096070    3188.639 1
  0.113583 -27.340556   0.067817  0.000213  20331.025    63.855794   2.824890  12.101212    1738.051 1
  0.663708 -30.943222   0.071271  0.000297  21366.508    89.038360   2.825128  12.102229    2713.393 1
  0.966375 -31.163361   0.070350  0.000297  21090.399    89.038360   2.830310  12.124426    2453.320 1
  5.896792 -27.938778   0.060777  0.000297  18220.486    89.038360   2.832816  12.135164    -249.907 1
  0.608125 -30.908500   0.058696  0.000297  17596.618    89.038360   2.832874  12.135410    -837.540 1
  5.770625 -27.661361   0.059424  0.000150  17814.867    44.968869   2.833717  12.139023    -631.967 1
  0.491083 -26.897361   0.074726  0.000297  22402.291    89.038360   2.837475  12.155123    3689.017 1
  4.205333 -26.282389   0.062890  0.000180  18853.948    53.962642   2.838340  12.158827     346.763 1
  5.901958 -27.908972   0.060920  0.000213  18263.357    63.855794   2.846863  12.195339    -209.526 1
  0.498667 -26.874444   0.065502  0.000150  19637.006    44.968869   2.848557  12.202593    1084.340 1
  0.014500 -27.435611   0.062863  0.000213  18845.853    63.855794   2.850008  12.208808     339.139 1
  0.005458 -27.432250   0.062410  0.000103  18710.047    30.878623   2.858549  12.245398     211.220 1
  0.255583 -30.615472   0.062580  0.000213  18761.012    63.855794   2.864968  12.272896     259.225 1
  5.947750 -27.937250   0.074955  0.000150  22470.944    44.968869   2.875572  12.318321    3753.682 1
  0.313292 -30.700361   0.061589  0.000297  18463.918    89.038360   2.878925  12.332682     -20.614 1
  0.209125 -27.101528   0.066191  0.000297  19843.563    89.038360   2.892929  12.392675    1278.900 1
  6.138917 -28.988472   0.066149  0.000297  19830.971    89.038360   2.895698  12.404536    1267.041 1
  2.198667 -26.011583   0.069021  0.000150  20691.975    44.968869   2.897733  12.413253    2078.037 1
  0.851125 -26.527722   0.063734  0.000150  19106.973    44.968869   2.905023  12.444483     585.092 1
  6.132083 -29.195639   0.068047  0.000213  20399.977    63.855794   2.906664  12.451512    1802.998 1
  0.359750 -26.920000   0.074539  0.000297  22346.230    89.038360   2.906700  12.451665    3636.211 1
  0.131750 -27.164028   0.070134  0.000297  21025.644    89.038360   2.910364  12.467362    2392.326 1
  5.973125 -27.872306   0.074660  0.000297  22382.505    89.038360   2.917870  12.499514    3670.379 1
  0.166583 -27.103361   0.069557  0.000213  20852.664    63.855794   2.921553  12.515292    2229.393 1
  6.089833 -28.207417   0.048799  0.000213  14629.572    63.855794   2.922286  12.518435   -3632.258 1
  6.147292 -28.482000   0.072703  0.000297  21795.811    89.038360   2.923845  12.525113    3117.761 1
  6.149917 -28.478667   0.072765  0.000213  21814.398    63.855794   2.926552  12.536709    3135.269 1
  6.158458 -29.187750   0.068300  0.000297  20475.825    89.038360   2.928700  12.545908    1874.441 1
  0.364458 -26.880972   0.070278  0.000297  21068.814    89.038360   2.929777  12.550524    2432.989 1
  0.102042 -27.159167   0.070048  0.000103  20999.862    30.878623   2.934387  12.570270    2368.041 1
  0.327917 -26.908139   0.070386  0.000297  21101.192    89.038360   2.935417  12.574683    2463.486 1
  0.153417 -27.094778   0.070033  0.000297  20995.365    89.038360   2.935928  12.576871    2363.806 1
  4.841833 -26.498389   0.058347  0.000073  17491.991    21.884849   2.939248  12.591095    -936.091 1
  0.090125 -27.161194   0.061990  0.000213  18584.134    63.855794   2.941743  12.601783      92.621 1
  4.810083 -26.466528   0.057266  0.000150  17167.915    44.968869   2.948464  12.630575   -1241.344 1
  5.265708 -26.809583   0.062618  0.000297  18772.404    89.038360   2.951504  12.643594     269.956 1
  5.912792 -27.633056   0.072543  0.000297  21747.844    89.038360   2.958692  12.674387    3072.580 1
  6.044750 -29.852917   0.049744  0.000150  14912.876    44.968869   2.982072  12.774542   -3365.409 1
  0.125542 -26.993611   0.058993  0.000213  17685.656    63.855794   3.016851  12.923528    -753.673 1
  0.349458 -30.955389   0.061620  0.000297  18473.211    89.038360   3.025805  12.961887     -11.860 1
  4.904792 -26.429167   0.057266  0.000150  17167.915    44.968869   3.027704  12.970022   -1241.344 1
  0.085000 -30.714694   0.061960  0.000297  18575.141    89.038360   3.043838  13.039134      84.149 1
  0.664167 -31.242472   0.067848  0.000213  20340.319    63.855794   3.052731  13.077232    1746.805 1
  0.102250 -26.920694   0.069673  0.000213  20887.440    63.855794   3.078221  13.186423    2262.149 1
  0.322958 -31.013250   0.061294  0.000297  18375.479    89.038360   3.082783  13.205966    -103.916 1
  3.248542 -25.784417   0.060622  0.000103  18174.018    30.878623   3.091743  13.244350    -293.676 1
  0.089292 -30.858583   0.060767  0.000213  18217.488    63.855794   3.130931  13.412223    -252.730 1
  1.788500 -25.836667   0.063771  0.000150  19118.065    44.968869   3.154749  13.514255     595.540 1
  2.204000 -25.748222   0.063517  0.000183  19041.918    54.862020   3.155743  13.518510     523.815 1
  0.165900 -30.986965   0.060355  0.000150  18093.974    44.968869   3.164697  13.556867    -369.071 1
  5.013625 -26.302611   0.056953  0.000187  17074.080    56.061190   3.186141  13.648729   -1329.729 1
  1.276333 -25.945444   0.062210  0.000150  18650.089    44.968869   3.214364  13.769632     154.744 1
  5.150167 -31.371389   0.050101  0.000150  15019.902    44.968869   3.231013  13.840950   -3264.599 1
