 24.303627  -0.504307   0.056118  0.000015  16823.753     4.496887   0.000026   0.000104       0.000 0
 24.295661  -0.507079   0.055709  0.000016  16701.138     4.796679   0.008452   0.033164    -116.100 0
 24.293631  -0.482134   0.054397  0.000012  16307.810     3.597509   0.024343   0.095523    -488.528 0
 24.309559  -0.469839   0.055130  0.000006  16527.558     1.798755   0.034984   0.137275    -280.456 0
 24.339419  -0.495704   0.056000  0.000333  16788.378    99.830889   0.036791   0.144367     -33.496 0
 24.342187  -0.498441   0.055317  0.000012  16583.619     3.597509   0.038981   0.152963    -227.374 0
 24.247233  -0.531508   0.056145  0.000150  16831.848    44.968869   0.062624   0.245738       7.664 0
 24.357111  -0.468986   0.055290  0.000016  16575.525     4.796679   0.064081   0.251453    -235.038 0
 24.344721  -0.447708   0.055741  0.000032  16710.731     9.593359   0.069940   0.274444    -107.016 0
 24.344583  -0.447222   0.055800  0.000333  16728.419    99.830889   0.070254   0.275675     -90.268 0
 24.311569  -0.405608   0.054971  0.000008  16479.891     2.398340   0.099029   0.388590    -325.590 0
 24.350887  -0.416578   0.056096  0.000035  16817.158    10.492736   0.099648   0.391020      -6.245 0
 24.362065  -0.418503   0.056044  0.000007  16801.569     2.098547   0.103810   0.407352     -21.006 0
 24.413088  -0.494337   0.050883  0.000009  15254.340     2.698132   0.109888   0.431201   -1486.021 1
 24.358250  -0.408167   0.055472  0.000028  16630.087     8.394189   0.110573   0.433887    -183.375 0
 24.349030  -0.393454   0.055115  0.000007  16523.061     2.098547   0.119793   0.470069    -284.714 0
 24.243598  -0.399581   0.055948  0.000012  16772.788     3.597509   0.120732   0.473752     -48.257 0
 24.309999  -0.631896   0.056376  0.000007  16901.100     2.098547   0.127734   0.501227      73.237 0
 24.430516  -0.486200   0.051266  0.000013  15369.160     3.897302   0.128149   0.502854   -1377.302 1
 24.309359  -0.633346   0.056379  0.000007  16901.999     2.098547   0.129152   0.506793      74.088 0
 24.310733  -0.635406   0.056682  0.000004  16992.836     1.199170   0.131277   0.515131     160.099 0
 24.413540  -0.589750   0.057263  0.000011  17167.016     3.297717   0.139188   0.546171     325.023 0
 24.315139  -0.644698   0.056956  0.000010  17074.979     2.997925   0.140847   0.552684     237.877 0
 24.184757  -0.421541   0.057263  0.000012  17167.016     3.597509   0.144868   0.568462     325.023 0
 24.414078  -0.407998   0.055995  0.000019  16786.879     5.696057   0.146531   0.574987     -34.915 0
 24.198938  -0.393481   0.054481  0.000005  16332.993     1.498962   0.152476   0.598316    -464.683 0
 24.427549  -0.411583   0.057262  0.000019  17166.716     5.696057   0.154758   0.607268     324.739 0
 24.138839  -0.533163   0.066536  0.000006  19946.991     1.798755   0.167310   0.656522    2957.281 1
 24.276296  -0.337354   0.055816  0.000027  16733.216     8.094396   0.169192   0.663907     -85.727 0
 24.264810  -0.323644   0.056049  0.000010  16803.067     2.997925   0.184803   0.725167     -19.587 0
 24.377372  -0.326126   0.043091  0.000014  12918.357     4.197094   0.192841   0.756707   -3697.879 1
 24.106252  -0.500596   0.057856  0.000012  17344.792     3.597509   0.197425   0.774696     493.353 1
 24.348734  -0.311997   0.055963  0.000016  16777.285     4.796679   0.197536   0.775131     -43.999 0
 24.349083  -0.311722   0.056032  0.000013  16797.971     3.897302   0.197884   0.776495     -24.412 0
 24.323050  -0.299727   0.054451  0.000015  16323.999     4.496887   0.205511   0.806423    -473.199 0
 24.465667  -0.359813   0.054617  0.000022  16373.765     6.595434   0.217094   0.851875    -426.078 0
 24.127474  -0.632222   0.059468  0.000005  17828.058     1.498962   0.217703   0.854264     950.940 1
 24.116624  -0.698200   0.056135  0.000030  16828.850     8.993774   0.269380   1.057045       4.826 0
 24.535995  -0.326967   0.056111  0.000015  16821.655     4.496887   0.292291   1.146949      -1.987 0
 24.452097  -0.238479   0.055043  0.000008  16501.476     2.398340   0.304477   1.194766    -305.152 0
 24.389843  -0.196726   0.055208  0.000009  16550.942     2.698132   0.319441   1.253486    -258.315 0
 24.563033  -0.280338   0.056043  0.000010  16801.269     2.997925   0.342699   1.344747     -21.290 0
 24.004307  -0.326601   0.053667  0.000013  16088.962     3.897302   0.348114   1.365997    -695.747 1
 24.555346  -0.263183   0.056157  0.000016  16835.445     4.796679   0.348558   1.367741      11.071 0
 23.993872  -0.340417   0.055363  0.000018  16597.410     5.396264   0.350456   1.375186    -214.316 0
 23.991667  -0.337972   0.055000  0.000333  16488.585    99.830889   0.353550   1.387328    -317.358 0
 23.983961  -0.339565   0.055229  0.000016  16557.238     4.796679   0.359635   1.411206    -252.354 0
 24.498615  -0.178488   0.056686  0.000007  16994.035     2.098547   0.379704   1.489955     161.234 0
 24.398019  -0.135208   0.072194  0.000020  21643.217     5.995849   0.380984   1.494977    4563.376 1
 24.568598  -0.224620   0.059341  0.000006  17789.984     1.798755   0.385258   1.511752     914.889 1
 23.917164  -0.466426   0.056049  0.000019  16803.067     5.696057   0.388324   1.523783     -19.587 0
 24.385870  -0.896110   0.058428  0.000006  17516.274     1.798755   0.400324   1.570868     655.723 1
 24.065342  -0.846234   0.056202  0.000013  16848.936     3.897302   0.416763   1.635376      23.844 0
 24.601919  -0.205774   0.056014  0.000018  16792.575     5.396264   0.422004   1.655940     -29.522 0
 24.603058  -0.168884   0.056415  0.000007  16912.792     2.098547   0.449617   1.764295      84.307 0
 24.603129  -0.167989   0.056415  0.000007  16912.792     2.098547   0.450332   1.767102      84.307 0
 24.009379  -0.152863   0.051877  0.000012  15552.333     3.597509   0.458378   1.798674   -1203.862 1
 24.242616  -0.047389   0.056343  0.000009  16891.206     2.698132   0.460989   1.808918      63.869 0
 24.645186  -0.829940   0.050914  0.000008  15263.633     2.398340   0.471875   1.851635   -1477.221 1
 24.679600  -0.807066   0.057429  0.000017  17216.781     5.096472   0.482683   1.894044     372.144 0
 24.669352  -0.159345   0.056533  0.000011  16948.167     3.297717   0.502728   1.972701     117.803 0
 24.619728  -0.090961   0.055741  0.000009  16710.731     2.698132   0.520349   2.041847    -107.016 0
 24.836640  -0.484129   0.055832  0.000012  16738.013     3.597509   0.533352   2.092869     -81.185 0
 24.118458  -1.015861   0.055795  0.000017  16726.920     5.096472   0.544029   2.134767     -91.688 0
 24.043590  -0.985386   0.044372  0.000010  13302.391     2.997925   0.546855   2.145856   -3334.251 1
 23.758288  -0.425995   0.067993  0.000010  20383.789     2.997925   0.550937   2.161873    3370.869 1
 23.758215  -0.407773   0.071370  0.000011  21396.188     3.297717   0.553893   2.173473    4329.473 1
 23.751636  -0.451208   0.071814  0.000021  21529.296     6.295642   0.554542   2.176019    4455.508 1
 24.656737  -0.936585   0.056676  0.000013  16991.037     3.897302   0.558134   2.190115     158.395 0
 24.658264  -0.935605   0.057275  0.000018  17170.613     5.396264   0.558344   2.190939     328.429 0
 24.665668  -0.079038   0.058044  0.000006  17401.153     1.798755   0.558491   2.191514     546.719 1
 24.126608  -1.047967   0.055732  0.000025  16708.033     7.494811   0.571746   2.243528    -109.571 0
 24.664770  -0.057005   0.057337  0.000016  17189.200     4.796679   0.574881   2.255830     346.029 0
 24.769635  -0.847076   0.046515  0.000051  13944.846    15.289415   0.578452   2.269843   -2725.933 1
 24.894663  -0.512615   0.055899  0.000015  16758.099     4.496887   0.591048   2.319270     -62.166 0
 24.899717  -0.522812   0.055666  0.000006  16688.247     1.798755   0.596331   2.339998    -128.306 0
 24.901253  -0.446514   0.057809  0.000017  17330.702     5.096472   0.600369   2.355845     480.012 1
 24.432224  -1.109138   0.058152  0.000008  17433.531     2.398340   0.618332   2.426332     577.377 1
 24.926952  -0.464825   0.056449  0.000007  16922.984     2.098547   0.624528   2.450644      93.959 0
 24.155570   0.111366   0.071358  0.000017  21392.590     5.096472   0.633242   2.484837    4326.067 1
 23.675647  -0.716125   0.055398  0.000006  16607.903     1.798755   0.662736   2.600571    -204.381 0
 24.688895   0.097170   0.056318  0.000022  16883.712     6.595434   0.714278   2.802821      56.773 0
 24.874626  -0.052157   0.056872  0.000007  17049.797     2.098547   0.728313   2.857896     214.032 0
 24.559350   0.184872   0.043085  0.000007  12916.558     2.098547   0.735094   2.884504   -3699.582 1
 24.882389  -0.031293   0.056620  0.000013  16974.249     3.897302   0.747441   2.932952     142.499 0
 24.882660  -0.028759   0.056745  0.000009  17011.723     2.698132   0.749256   2.940077     177.982 0
 24.856529  -1.025437   0.056006  0.000011  16790.176     3.297717   0.759746   2.981240     -31.793 0
 23.549868  -0.600354   0.071663  0.000016  21484.027     4.796679   0.759846   2.981631    4412.645 1
 23.538217  -0.534117   0.071845  0.000009  21538.589     2.698132   0.765983   3.005713    4464.308 1
 24.875655   0.011871   0.059401  0.000006  17807.972     1.798755   0.770466   3.023303     931.921 1
 24.875993   0.011670   0.059401  0.000006  17807.972     1.798755   0.770582   3.023760     931.921 1
 24.927293  -0.050205   0.059319  0.000009  17783.389     2.698132   0.771441   3.027129     908.644 1
 23.529029  -0.538215   0.071527  0.000019  21443.255     5.696057   0.775332   3.042399    4374.040 1
 23.689071  -0.994887   0.044346  0.000013  13294.596     3.897302   0.786342   3.085602   -3341.631 1
 23.703108  -1.021284   0.044788  0.000014  13427.105     4.197094   0.792385   3.109315   -3216.164 1
 25.072802  -0.294699   0.058293  0.000014  17475.802     4.197094   0.797176   3.128115     617.401 1
 23.503824  -0.536786   0.051636  0.000014  15480.083     4.197094   0.800454   3.140976   -1272.272 1
 25.105791  -0.458759   0.057661  0.000006  17286.333     1.798755   0.803403   3.152548     438.000 1
 24.525750  -1.282028   0.056716  0.000150  17003.029    44.968869   0.808798   3.173719     169.750 0
 24.659928   0.222532   0.056756  0.000007  17015.021     2.098547   0.809468   3.176347     181.104 0
 23.557976  -0.858855   0.068049  0.000007  20400.577     2.098547   0.825640   3.239807    3386.765 1
 24.694358   0.233330   0.056005  0.000031  16789.877     9.293566   0.834727   3.275462     -32.076 0
 25.091967  -0.228437   0.057170  0.000009  17139.135     2.698132   0.835169   3.277198     298.624 1
 23.459430  -0.545425   0.050718  0.000007  15204.874     2.098547   0.845187   3.316511   -1532.858 1
 23.779170  -1.167147   0.055384  0.000011  16603.705     3.297717   0.845220   3.316640    -208.355 0
 25.137259  -0.349604   0.058253  0.000022  17463.810     6.595434   0.847813   3.326814     606.047 1
 23.423256  -0.653809   0.055385  0.000021  16604.005     6.295642   0.892962   3.503976    -208.071 0
 24.033893   0.347196   0.070986  0.000010  21281.067     2.997925   0.893220   3.504992    4220.470 1
 24.024814   0.347497   0.070523  0.000009  21142.264     2.698132   0.896290   3.517037    4089.042 1
 23.412380  -0.405233   0.052114  0.000016  15623.384     4.796679   0.896727   3.518751   -1136.586 1
 23.502396  -0.092689   0.058735  0.000015  17608.310     4.496887   0.900777   3.534642     742.869 1
 24.166130  -1.395592   0.044377  0.000107  13303.890    32.077793   0.901818   3.538729   -3332.831 1
 24.079634   0.377243   0.070520  0.000016  21141.364     4.796679   0.909578   3.569180    4088.190 1
 25.197745  -0.218284   0.058327  0.000006  17485.995     1.798755   0.938702   3.683459     627.053 1
 23.547038   0.057677   0.051976  0.000011  15582.013     3.297717   0.942474   3.698264   -1175.759 1
 25.070372  -1.053215   0.057928  0.000008  17366.378     2.398340   0.942922   3.700022     513.791 1
 25.187918  -0.132121   0.058115  0.000015  17422.439     4.496887   0.959376   3.764584     566.874 1
 24.786177   0.349488   0.052462  0.000016  15727.712     4.796679   0.980715   3.848321   -1037.802 1
 25.287629  -0.562653   0.058431  0.000010  17517.173     2.997925   0.985669   3.867757     656.574 1
 25.251161  -0.220956   0.055949  0.000016  16773.088     4.796679   0.988940   3.880595     -47.973 0
 23.322798  -0.658573   0.051096  0.000017  15318.195     5.096472   0.992870   3.896015   -1425.558 1
 23.309936  -0.601489   0.050214  0.000015  15053.778     4.496887   0.998415   3.917775   -1675.925 1
 23.312216  -0.636955   0.051353  0.000012  15395.242     3.597509   1.000229   3.924891   -1352.606 1
 23.308562  -0.607422   0.052230  0.000010  15658.160     2.997925   1.000377   3.925472   -1103.658 1
 25.271283  -0.241935   0.055847  0.000008  16742.509     2.398340   1.002540   3.933962     -76.927 0
 25.217244  -0.091103   0.059063  0.000013  17706.642     3.897302   1.002665   3.934453     835.976 1
 25.279464  -0.259598   0.056202  0.000008  16848.936     2.398340   1.005996   3.947523      23.844 0
 24.504014   0.482583   0.056560  0.000012  16956.261     3.597509   1.007035   3.951601     125.467 0
 25.145013  -1.063660   0.043987  0.000007  13186.971     2.098547   1.010296   3.964396   -3443.538 1
 25.299678  -0.218079   0.055893  0.000007  16756.300     2.098547   1.036305   4.066456     -63.869 0
 25.298386  -0.189350   0.059724  0.000007  17904.805     2.098547   1.043374   4.094193    1023.609 1
 25.326460  -0.209430   0.055243  0.000005  16561.435     1.498962   1.064434   4.176832    -248.380 0
 25.327329  -0.210444   0.055381  0.000009  16602.806     2.698132   1.064989   4.179009    -209.207 0
 25.367882  -0.692807   0.055820  0.000007  16734.415     2.098547   1.080754   4.240873     -84.591 0
 25.335037  -0.173622   0.055398  0.000006  16607.903     1.798755   1.083069   4.249955    -204.381 0
 24.579796   0.544611   0.052794  0.000005  15827.243     1.498962   1.084669   4.256235    -943.559 1
 25.372789  -0.699394   0.068729  0.000006  20604.436     1.798755   1.086749   4.264397    3579.792 1
 25.355294  -0.221887   0.055915  0.000007  16762.895     2.098547   1.088870   4.272719     -57.624 0
 23.219413  -0.670203   0.052643  0.000010  15781.974     2.997925   1.096812   4.303883    -986.423 1
 25.111662   0.254995   0.055806  0.000007  16730.218     2.098547   1.108780   4.350844     -88.565 0
 23.432833   0.186778   0.052042  0.000020  15601.799     5.995849   1.111701   4.362310   -1157.024 1
 23.243026  -0.910202   0.069496  0.000031  20834.377     9.293566   1.135595   4.456069    3797.515 1
 25.149513   0.258578   0.056958  0.000009  17075.579     2.698132   1.139053   4.469638     238.445 0
 25.104583   0.317139   0.057000  0.000333  17088.170    99.830889   1.147275   4.501899     250.367 0
 25.101657   0.320076   0.056755  0.000010  17014.721     2.997925   1.147342   4.502165     180.821 0
 23.322863  -1.120944   0.068901  0.000009  20656.000     2.698132   1.158488   4.545899    3628.616 1
 24.636516   0.606077   0.055757  0.000008  16715.528     2.398340   1.159212   4.548741    -102.474 0
 24.535277   0.637413   0.042489  0.000014  12737.882     4.197094   1.164990   4.571413   -3868.764 1
 23.209055  -0.938226   0.044472  0.000018  13332.370     5.396264   1.177421   4.620192   -3305.864 1
 25.324972  -1.096274   0.043616  0.000007  13075.748     2.098547   1.180435   4.632021   -3548.851 1
 25.045833  -1.431083   0.060980  0.000012  18281.344     3.597509   1.187301   4.658960    1380.140 1
 25.191179  -1.298875   0.044327  0.000150  13288.900    44.968869   1.191203   4.674273   -3347.025 1
 25.484462  -0.685798   0.040442  0.000007  12124.207     2.098547   1.194631   4.687725   -4449.831 1
 23.249564  -1.087097   0.051973  0.000007  15581.113     2.098547   1.204425   4.726158   -1176.611 1
 24.562011   0.675884   0.063169  0.000007  18937.590     2.098547   1.208150   4.740774    2001.516 1
 23.281335  -1.158451   0.068917  0.000007  20660.797     2.098547   1.213645   4.762336    3633.158 1
 24.628647   0.672260   0.056627  0.000017  16976.348     5.096472   1.220637   4.789773     144.486 0
 23.081749  -0.436951   0.044654  0.000007  13386.932     2.098547   1.223710   4.801829   -3254.201 1
 25.019580   0.505399   0.059323  0.000006  17784.588     1.798755   1.237759   4.856961     909.780 1
 25.429138  -1.035581   0.043687  0.000007  13097.033     2.098547   1.244533   4.883542   -3528.697 1
 24.509250   0.735306   0.043376  0.000007  13003.798     2.098547   1.256559   4.930730   -3616.978 1
 24.964625  -1.582056   0.044224  0.000013  13258.022     3.897302   1.264266   4.960973   -3376.262 1
 24.691097   0.699200   0.052776  0.000016  15821.847     4.796679   1.264343   4.961276    -948.669 1
 24.814167  -1.665750   0.061899  0.000150  18556.853    44.968869   1.268671   4.978259    1641.010 1
 23.734375  -1.649833   0.054374  0.000150  16300.915    44.968869   1.279159   5.019414    -495.056 1
 23.722753   0.638037   0.053676  0.000008  16091.660     2.398340   1.281559   5.028832    -693.193 1
 24.660345   0.741507   0.042692  0.000014  12798.740     4.197094   1.295881   5.085028   -3811.140 1
 24.365915   0.795422   0.043667  0.000022  13091.037     6.595434   1.301232   5.106028   -3534.374 1
 25.505929   0.013611   0.059356  0.000015  17794.481     4.496887   1.309051   5.136710     919.147 1
 24.576430   0.793495   0.045043  0.000005  13503.552     1.498962   1.326170   5.203883   -3143.779 1
 25.195017   0.478299   0.069238  0.000014  20757.030     4.197094   1.326655   5.205787    3724.278 1
 24.719254   0.757815   0.056334  0.000008  16888.508     2.398340   1.328796   5.214187      61.314 1
 25.618788  -0.727601   0.055559  0.000006  16656.169     1.798755   1.333907   5.234244    -158.679 1
 24.986692   0.644716   0.059289  0.000007  17774.395     2.098547   1.336710   5.245243     900.128 1
 25.510573   0.096141   0.059402  0.000014  17808.272     4.197094   1.348000   5.289544     932.205 1
 22.937352  -0.479964   0.051214  0.000008  15353.571     2.398340   1.366462   5.361989   -1392.062 1
 24.808740   0.769508   0.054524  0.000007  16345.884     2.098547   1.370304   5.377066    -452.477 1
 25.562487   0.039345   0.055466  0.000014  16628.288     4.197094   1.371174   5.380481    -185.078 1
 24.338014   0.867606   0.042824  0.000020  12838.312     5.995849   1.372356   5.385118   -3773.670 1
 24.422727   0.870902   0.044302  0.000009  13281.405     2.698132   1.380367   5.416553   -3354.121 1
 25.541992   0.107645   0.058720  0.000007  17603.813     2.098547   1.381258   5.420048     738.611 1
 22.922358  -0.439594   0.054945  0.000011  16472.097     3.297717   1.382754   5.425919    -332.971 1
 23.892208  -1.832000   0.066112  0.000150  19819.879    44.968869   1.389966   5.454219    2836.923 1
 25.543836   0.124759   0.059180  0.000011  17741.718     3.297717   1.390569   5.456585     869.187 1
 25.698720  -0.429781   0.069053  0.000008  20701.569     2.398340   1.397006   5.481843    3671.763 1
 24.876625   0.782639   0.053432  0.000014  16018.511     4.197094   1.408736   5.527874    -762.455 1
 25.566663   0.127713   0.059159  0.000013  17735.422     3.897302   1.412283   5.541791     863.226 1
 25.689722  -0.165739   0.069144  0.000011  20728.850     3.297717   1.426774   5.598652    3697.595 1
 25.541051  -1.230622   0.061274  0.000005  18369.483     1.498962   1.434767   5.630018    1463.596 1
 24.506109   0.920271   0.045311  0.000021  13583.896     6.295642   1.438904   5.646253   -3067.704 1
 25.736419  -0.365442   0.055744  0.000007  16711.631     2.098547   1.439429   5.648310    -106.165 1
 24.732575   0.869726   0.057221  0.000009  17154.424     2.698132   1.439432   5.648323     313.101 1
 25.558085  -1.221698   0.041663  0.000007  12490.253     2.098547   1.445032   5.670296   -4103.235 1
 24.338599   0.948059   0.043464  0.000027  13030.179     8.094396   1.452799   5.700776   -3591.998 1
 25.385987   0.465784   0.042203  0.000009  12652.141     2.698132   1.453432   5.703258   -3949.949 1
 23.620010   0.781573   0.055569  0.000011  16659.167     3.297717   1.456313   5.714565    -155.841 1
 22.840901  -0.595366   0.044602  0.000012  13371.343     3.597509   1.465523   5.750704   -3268.962 1
 24.049375  -1.960861   0.043387  0.000150  13007.095    44.968869   1.478568   5.801891   -3613.855 1
 23.617500   0.809361   0.042532  0.000009  12750.773     2.698132   1.482067   5.815623   -3856.558 1
 24.355883   0.977338   0.043146  0.000011  12934.845     3.297717   1.482578   5.817629   -3682.266 1
 25.611467   0.211913   0.059685  0.000011  17893.113     3.297717   1.491054   5.850888    1012.538 1
 24.565325   0.965004   0.043094  0.000059  12919.256    17.687755   1.492441   5.856332   -3697.027 1
 25.343192   0.580983   0.069503  0.000007  20836.475     2.098547   1.502813   5.897029    3799.502 1
 22.997992   0.242048   0.056547  0.000016  16952.364     4.796679   1.503887   5.901244     121.777 1
 24.483550   1.001027   0.043163  0.000023  12939.942     6.895227   1.516058   5.949002   -3677.441 1
 24.482135   1.001373   0.043089  0.000012  12917.757     3.597509   1.516234   5.949694   -3698.447 1
 23.008073   0.296693   0.043326  0.000006  12988.808     1.798755   1.523158   5.976865   -3631.171 1
 25.713463   0.084671   0.058788  0.000007  17624.199     2.098547   1.527851   5.995279     757.913 1
 22.785278  -0.705844   0.044548  0.000012  13355.154     3.597509   1.531629   6.010102   -3284.291 1
 24.422514   1.025733   0.044216  0.000018  13255.623     5.396264   1.534663   6.022008   -3378.533 1
 25.658046  -1.229980   0.042630  0.000016  12780.152     4.796679   1.536499   6.029213   -3828.739 1
 25.064347   0.831462   0.059235  0.000019  17758.206     5.696057   1.537182   6.031893     884.800 1
 25.833314  -0.342000   0.055732  0.000014  16708.033     4.197094   1.538193   6.035861    -109.571 1
 24.589706   1.007521   0.042681  0.000012  12795.442     3.597509   1.538663   6.037706   -3814.262 1
 25.448365   0.524629   0.054548  0.000006  16353.079     1.798755   1.539158   6.039646    -445.664 1
 25.607898   0.316200   0.058841  0.000013  17640.088     3.897302   1.540839   6.046242     772.958 1
 25.151437   0.791694   0.056826  0.000007  17036.006     2.098547   1.548657   6.076922     200.975 1
 24.498608   1.034106   0.042454  0.000012  12727.389     3.597509   1.550729   6.085051   -3878.699 1
 25.789120  -0.967679   0.060783  0.000010  18222.285     2.997925   1.556005   6.105755    1324.219 1
 24.469512   1.043006   0.043743  0.000009  13113.821     2.698132   1.556190   6.106479   -3512.800 1
 24.278762   1.053562   0.043325  0.000019  12988.508     5.696057   1.558081   6.113900   -3631.455 1
 25.865550  -0.740103   0.049116  0.000007  14724.606     2.098547   1.579537   6.198093   -1987.606 1
 24.370473   1.078911   0.041850  0.000033  12546.314     9.893151   1.584640   6.218120   -4050.152 1
 23.540742   0.891920   0.055450  0.000006  16623.492     1.798755   1.591059   6.243307    -189.620 1
 25.588198   0.440521   0.058799  0.000013  17627.497     3.897302   1.594572   6.257092     761.036 1
 25.854355  -0.883227   0.060744  0.000017  18210.593     5.096472   1.596268   6.263745    1313.149 1
 25.838571  -0.052828   0.059032  0.000016  17697.348     4.796679   1.599889   6.277955     827.176 1
 25.843565  -0.947249   0.060006  0.000011  17989.346     3.297717   1.602292   6.287386    1103.658 1
 25.379115   0.709101   0.058895  0.000015  17656.277     4.496887   1.621396   6.362349     788.287 1
 25.877215  -0.907983   0.060386  0.000007  18103.267     2.098547   1.624456   6.374358    1211.526 1
 25.474437   0.624407   0.071545  0.000026  21448.651     7.794604   1.626241   6.381361    4379.149 1
 24.513626   1.109827   0.043370  0.000012  13001.999     3.597509   1.627746   6.387266   -3618.681 1
 24.833000   1.038417   0.042795  0.000028  12829.618     8.394189   1.631020   6.400114   -3781.902 1
 23.909170  -2.091330   0.063700  0.000008  19096.780     2.398340   1.635299   6.416904    2152.247 1
 23.910073   1.094789   0.041303  0.000009  12382.328     2.698132   1.646827   6.462141   -4205.425 1
 24.568375   1.122786   0.042070  0.000011  12612.269     3.297717   1.648499   6.468699   -3987.703 1
 22.977318   0.491981   0.056762  0.000016  17016.820     4.796679   1.658806   6.509143     182.808 1
 24.946292  -2.036194   0.061803  0.000133  18528.073    39.872397   1.661203   6.518550    1613.759 1
 24.886079   1.054513   0.043518  0.000015  13046.368     4.496887   1.664079   6.529835   -3576.669 1
 24.959705   1.034411   0.053271  0.000012  15970.244     3.597509   1.672743   6.563832    -808.157 1
 23.746690  -2.085014   0.058157  0.000018  17435.030     5.396264   1.675940   6.576378     578.796 1
 25.325426   0.840118   0.054201  0.000015  16249.051     4.496887   1.688626   6.626160    -544.165 1
 22.666732  -0.069570   0.056418  0.000017  16913.691     5.096472   1.693606   6.645699      85.159 1
 25.402820   0.785320   0.044606  0.000013  13372.542     3.897302   1.694477   6.649118   -3267.827 1
 25.894610  -1.113748   0.042800  0.000015  12831.117     4.496887   1.703631   6.685040   -3780.483 1
 24.964710   1.077951   0.053817  0.000024  16133.931     7.195019   1.714803   6.728875    -653.168 1
 26.013979  -0.350847   0.059769  0.000012  17918.295     3.597509   1.717135   6.738028    1036.383 1
 24.562028   1.203467   0.042667  0.000015  12791.245     4.496887   1.727220   6.777603   -3818.237 1
 24.062104   1.210400   0.056218  0.000006  16853.732     1.798755   1.731648   6.794976      28.386 1
 25.385656  -1.867814   0.044097  0.000150  13219.948    44.968869   1.740621   6.830187   -3412.313 1
 25.905989   0.185266   0.043172  0.000012  12942.640     3.597509   1.744368   6.844890   -3674.886 1
 22.549542  -0.577194   0.044369  0.000010  13301.492     2.997925   1.755553   6.888781   -3335.102 1
 24.702909   1.209339   0.043314  0.000016  12985.211     4.796679   1.759552   6.904471   -3634.577 1
 24.574099   1.236677   0.043841  0.000011  13143.201     3.297717   1.761876   6.913592   -3484.982 1
 26.044098  -0.155891   0.054946  0.000024  16472.396     7.195019   1.774916   6.964761    -332.687 1
 25.364545   0.919289   0.053770  0.000006  16119.840     1.798755   1.775408   6.966691    -666.510 1
 25.621106   0.687031   0.071813  0.000006  21528.996     1.798755   1.776196   6.969784    4455.224 1
 26.045667  -0.154833   0.055318  0.000010  16583.919     2.997925   1.776662   6.971613    -227.090 1
 26.046241  -0.154448   0.055494  0.000014  16636.683     4.197094   1.777301   6.974118    -177.130 1
 23.034878   0.744743   0.057096  0.000025  17116.950     7.494811   1.780398   6.986270     277.618 1
 23.405542   1.037972   0.071762  0.000007  21513.706     2.098547   1.784713   7.003203    4440.747 1
 22.950400   0.662744   0.043153  0.000009  12936.944     2.698132   1.786948   7.011972   -3680.279 1
 22.951413   0.664951   0.043072  0.000008  12912.661     2.398340   1.787624   7.014624   -3703.272 1
 25.995470   0.075065   0.059238  0.000008  17759.106     2.398340   1.788217   7.016953     885.651 1
 25.656442   0.666891   0.072072  0.000006  21606.642     1.798755   1.789313   7.021252    4528.745 1
 25.355166   0.953385   0.057232  0.000006  17157.722     1.798755   1.797360   7.052831     316.223 1
 23.767559   1.213883   0.044226  0.000013  13258.621     3.897302   1.799887   7.062746   -3375.695 1
 26.104349  -0.388945   0.055491  0.000004  16635.783     1.199170   1.804322   7.080148    -177.982 1
 22.481770  -0.450007   0.070368  0.000026  21095.796     7.794604   1.822619   7.151946    4045.043 1
 22.697240   0.367510   0.056530  0.000013  16947.268     3.897302   1.827687   7.171834     116.951 1
 23.083291   0.874340   0.057151  0.000005  17133.439     1.498962   1.841158   7.224695     293.230 1
 26.106163  -0.883049   0.040406  0.000014  12113.414     4.197094   1.841803   7.227223   -4460.050 1
 26.114034  -0.144150   0.042825  0.000011  12838.612     3.297717   1.845795   7.242888   -3773.386 1
 26.115496  -0.144086   0.042965  0.000017  12880.583     5.096472   1.847241   7.248564   -3733.645 1
 22.440455  -0.401964   0.050231  0.000007  15058.875     2.098547   1.865932   7.321907   -1671.099 1
 23.433630  -2.161434   0.054194  0.000150  16246.952    44.968869   1.871604   7.344165    -546.152 1
 23.325538   1.104974   0.056101  0.000007  16818.657     2.098547   1.883204   7.389680      -4.826 1
 23.242594   1.055452   0.042633  0.000028  12781.052     8.394189   1.886436   7.402364   -3827.888 1
 25.378322   1.054189   0.057724  0.000015  17305.220     4.496887   1.893088   7.428465     455.883 1
 22.410091  -0.512587   0.067739  0.000016  20307.641     4.796679   1.893504   7.430097    3298.768 1
 22.558050  -1.245980   0.067628  0.000013  20274.364     3.897302   1.896561   7.442093    3267.259 1
 22.876942   0.758099   0.043266  0.000018  12970.820     5.396264   1.905004   7.475224   -3648.203 1
 26.176731  -0.136136   0.043083  0.000011  12915.958     3.297717   1.908853   7.490328   -3700.150 1
 26.122198   0.096552   0.043961  0.000014  13179.176     4.197094   1.915178   7.515148   -3450.918 1
 26.174902  -0.093454   0.069184  0.000005  20740.841     1.498962   1.915757   7.517418    3708.949 1
 23.407750  -2.198972   0.053444  0.000150  16022.108    44.968869   1.916878   7.521817    -759.049 1
 22.907876   0.814388   0.043215  0.000038  12955.531    11.392113   1.920163   7.534707   -3662.680 1
 22.556625  -1.310528   0.067086  0.000150  20111.877    44.968869   1.924014   7.549821    3113.406 1
 25.276859   1.163478   0.059047  0.000018  17701.845     5.396264   1.930962   7.577082     831.434 1
 25.756440   0.773084   0.042402  0.000015  12711.800     4.496887   1.934476   7.590871   -3893.460 1
 25.998674   0.436135   0.069751  0.000018  20910.824     5.396264   1.938386   7.606214    3869.900 1
 25.998454   0.437140   0.069835  0.000017  20936.006     5.096472   1.938681   7.607374    3893.744 1
 26.121524  -1.179752   0.060449  0.000013  18122.154     3.897302   1.939231   7.609532    1229.409 1
 26.202399  -0.105809   0.055864  0.000013  16747.606     3.897302   1.940046   7.612730     -72.101 1
 22.894060   0.832182   0.043936  0.000008  13171.681     2.398340   1.942428   7.622077   -3458.015 1
 26.129583  -1.167776   0.060641  0.000019  18179.714     5.696057   1.942665   7.623006    1283.911 1
 22.749994   0.663168   0.072434  0.000008  21715.167     2.398340   1.943370   7.625774    4631.503 1
 23.262640   1.139220   0.043169  0.000006  12941.741     1.798755   1.945467   7.634001   -3675.738 1
 23.262776   1.139941   0.043216  0.000009  12955.831     2.698132   1.946003   7.636106   -3662.396 1
 22.518421   0.290536   0.067574  0.000006  20258.176     1.798755   1.954122   7.667962    3251.931 1
 26.225912  -0.878893   0.055688  0.000006  16694.842     1.798755   1.958344   7.684529    -122.061 1
 22.411566  -1.075465   0.049922  0.000008  14966.239     2.398340   1.976338   7.755138   -1758.813 1
 26.277584  -0.621186   0.042027  0.000006  12599.378     1.798755   1.977314   7.758969   -3999.909 1
 23.414292  -2.277486   0.054861  0.000123  16446.914    36.874472   1.983687   7.783976    -356.815 1
 22.693511   0.662560   0.043447  0.000008  13025.083     2.398340   1.988456   7.802688   -3596.824 1
 26.218774   0.033219   0.069238  0.000008  20757.030     2.398340   1.989061   7.805064    3724.278 1
 26.260750  -0.883861   0.055652  0.000009  16684.050     2.698132   1.993488   7.822436    -132.280 1
 25.522213   1.099734   0.055352  0.000015  16594.112     4.496887   2.014391   7.904457    -217.439 1
 26.193844   0.272267   0.059689  0.000008  17894.312     2.398340   2.043439   8.018444    1013.674 1
 25.850784   0.835909   0.071668  0.000018  21485.526     5.396264   2.046864   8.031882    4414.064 1
 25.851250   0.835472   0.072000  0.000333  21585.057    99.830889   2.046930   8.032142    4508.307 1
 22.328847  -1.049564   0.067371  0.000027  20197.318     8.094396   2.048618   8.038765    3194.306 1
 22.269302  -0.251394   0.049501  0.000007  14840.026     2.098547   2.049932   8.043923   -1878.319 1
 26.210000   0.278250   0.060000  0.000333  17987.547    99.830889   2.060656   8.086003    1101.955 1
 26.217389   0.264500   0.059824  0.000015  17934.784     4.496887   2.062328   8.092564    1051.995 1
 23.028144   1.125897   0.072298  0.000006  21674.395     1.798755   2.069878   8.122191    4592.898 1
 25.722598   1.007657   0.058954  0.000006  17673.965     1.798755   2.073483   8.136335     805.034 1
 26.364892  -0.742294   0.040164  0.000010  12040.864     2.997925   2.074854   8.141717   -4528.745 1
 22.614323   0.702352   0.051774  0.000007  15521.455     2.098547   2.075973   8.146104   -1233.099 1
 26.226483   0.281461   0.060397  0.000006  18106.565     1.798755   2.077126   8.150630    1214.648 1
 26.326187  -0.977927   0.055451  0.000007  16623.792     2.098547   2.077172   8.150810    -189.336 1
 26.251880   0.230332   0.059671  0.000016  17888.916     4.796679   2.082071   8.170034    1008.564 1
 26.252500   0.229628   0.059444  0.000012  17820.863     3.597509   2.082403   8.171337     944.127 1
 24.558250  -2.575583   0.045902  0.000137  13761.073    41.071567   2.086851   8.188791   -2899.941 1
 26.181309   0.410308   0.069209  0.000014  20748.336     4.197094   2.088510   8.195301    3716.046 1
 22.198485  -0.437202   0.062739  0.000005  18808.679     1.498962   2.106153   8.264533    1879.455 1
 26.407968  -0.735111   0.040457  0.000013  12128.703     3.897302   2.116855   8.306527   -4445.573 1
 24.510917  -2.614361   0.056246  0.000150  16862.127    44.968869   2.120196   8.319635      36.334 1
 26.405504  -0.837764   0.060343  0.000014  18090.376     4.197094   2.128058   8.350489    1199.320 1
 26.150222   0.567444   0.059928  0.000008  17965.962     2.398340   2.135004   8.377743    1081.517 1
 25.566208  -2.227361   0.041122  0.000103  12328.065    30.878623   2.136071   8.381930   -4256.804 1
 26.440961  -0.569071   0.041838  0.000007  12542.717     2.098547   2.138209   8.390319   -4053.559 1
 23.620500  -2.565722   0.057970  0.000150  17378.969    44.968869   2.171644   8.521517     525.714 1
 25.558625   1.271000   0.056128  0.000007  16826.751     2.098547   2.174075   8.531057       2.839 1
 26.300708   0.356250   0.069680  0.000013  20889.538     3.897302   2.174514   8.532781    3849.745 1
 26.313199   0.373041   0.069331  0.000007  20784.911     2.098547   2.192655   8.603966    3750.677 1
 26.111572   0.738394   0.058716  0.000020  17602.614     5.995849   2.193779   8.608376     737.475 1
 25.957711   0.946745   0.071378  0.000011  21398.586     3.297717   2.200294   8.633942    4331.744 1
 26.484618  -0.813104   0.059564  0.000007  17856.838     2.098547   2.202635   8.643126     978.191 1
 22.105278  -0.361295   0.044492  0.000010  13338.366     2.997925   2.202935   8.644303   -3300.187 1
 26.312937   0.399168   0.069303  0.000015  20776.517     4.496887   2.203001   8.644562    3742.729 1
 24.853750  -2.643778   0.045915  0.000150  13764.971    44.968869   2.209042   8.668268   -2896.251 1
 26.501079  -0.251596   0.055749  0.000008  16713.130     2.398340   2.211829   8.679206    -104.745 1
 22.150424  -1.019395   0.057101  0.000008  17118.449     2.398340   2.213894   8.687306     279.037 1
 26.510257  -0.293418   0.055193  0.000011  16546.445     3.297717   2.216578   8.697838    -262.573 1
 26.142096   0.738532   0.059087  0.000014  17713.837     4.197094   2.219077   8.707645     842.788 1
 26.509554  -0.763483   0.059907  0.000019  17959.667     5.696057   2.220991   8.715156    1075.556 1
 26.517145  -0.754533   0.060538  0.000016  18148.836     4.796679   2.227507   8.740724    1254.673 1
 22.263333  -1.454111   0.066573  0.000150  19958.083    44.968869   2.250483   8.830882    2967.784 1
 24.305500  -2.764528   0.045902  0.000150  13761.073    44.968869   2.260209   8.869046   -2899.941 1
 26.571471  -0.286262   0.070591  0.000017  21162.649     5.096472   2.278193   8.939616    4108.344 1
 26.587070  -0.377008   0.055798  0.000016  16727.820     4.796679   2.286878   8.973696     -90.836 1
 26.573792  -0.820500   0.060251  0.000008  18062.795     2.398340   2.291968   8.993667    1173.204 1
 26.596213  -0.550409   0.060128  0.000007  18025.921     2.098547   2.292937   8.997473    1138.289 1
 22.020183  -0.715647   0.050272  0.000007  15071.166     2.098547   2.293137   8.998256   -1659.461 1
 26.597618  -0.549929   0.059925  0.000008  17965.063     2.398340   2.294333   9.002947    1080.665 1
 26.166804   0.870208   0.059130  0.000005  17726.728     1.498962   2.315254   9.085043     854.994 1
 22.061958  -1.084306   0.056775  0.000016  17020.717     4.796679   2.315422   9.085701     186.498 1
 26.167968   0.870088   0.058692  0.000011  17595.419     3.297717   2.316120   9.088439     730.662 1
 23.286125  -2.590000   0.042416  0.000150  12715.997    44.968869   2.320633   9.106151   -3889.486 1
 26.171953   0.875406   0.059246  0.000023  17761.504     6.895227   2.322483   9.113412     887.922 1
 26.605148  -0.863958   0.042405  0.000012  12712.699     3.597509   2.329339   9.140314   -3892.609 1
 23.675917  -2.747972   0.054201  0.000150  16249.051    44.968869   2.329805   9.142142    -544.165 1
 26.045833  -2.053611   0.061473  0.000150  18429.142    44.968869   2.331366   9.148268    1520.085 1
 26.136619   0.954271   0.071623  0.000006  21472.035     1.798755   2.342435   9.191702    4401.290 1
 26.038839   1.077937   0.059195  0.000007  17746.215     2.098547   2.348230   9.214441     873.445 1
 26.108675   1.013837   0.052173  0.000009  15641.072     2.698132   2.358530   9.254858   -1119.838 1
 22.706390   1.242569   0.059052  0.000011  17703.344     3.297717   2.366995   9.288073     832.853 1
 26.578275   0.153375   0.069595  0.000007  20864.056     2.098547   2.367716   9.290905    3825.617 1
 23.731679  -2.810242   0.054221  0.000113  16255.047    33.876548   2.375795   9.322605    -538.487 1
 25.861083  -2.300224   0.045538  0.000150  13651.949    44.968869   2.377116   9.327789   -3003.267 1
 26.691468  -0.286653   0.059542  0.000011  17850.243     3.297717   2.397626   9.408272     971.946 1
 26.673465  -0.930161   0.055466  0.000009  16628.288     2.698132   2.407681   9.447727    -185.078 1
 26.715317  -0.565001   0.055398  0.000006  16607.903     1.798755   2.412337   9.465996    -204.381 1
 26.717519  -0.541749   0.055639  0.000011  16680.153     3.297717   2.414066   9.472779    -135.970 1
 26.725187  -0.570487   0.055888  0.000008  16754.801     2.398340   2.422347   9.505276     -65.288 1
 21.919601  -0.990118   0.067533  0.000023  20245.884     6.895227   2.432951   9.546884    3240.292 1
 26.264336   0.964192   0.058180  0.000006  17441.925     1.798755   2.449596   9.612199     585.325 1
 21.855417  -0.713194   0.067000  0.000333  20086.095    99.830889   2.457033   9.641381    3088.993 1
 21.855605  -0.722571   0.067263  0.000007  20164.940     2.098547   2.457660   9.643844    3163.649 1
 26.223922   1.044930   0.072184  0.000008  21640.219     2.398340   2.467252   9.681484    4560.537 1
 26.753434  -0.827079   0.055377  0.000011  16601.607     3.297717   2.470860   9.695641    -210.342 1
 26.782411  -0.696739   0.042444  0.000006  12724.391     1.798755   2.486123   9.755530   -3881.538 1
 22.977583  -2.616333   0.060189  0.000013  18044.208     3.897302   2.493776   9.785560    1155.605 1
 26.797948  -0.608869   0.055883  0.000008  16753.302     2.398340   2.496392   9.795826     -66.708 1
 21.888891  -1.172398   0.067994  0.000007  20384.088     2.098547   2.505382   9.831103    3371.153 1
 26.484070   0.738429   0.069475  0.000007  20828.081     2.098547   2.509639   9.847809    3791.553 1
 22.679875   1.422583   0.044000  0.000012  13190.868     3.597509   2.519801   9.887684   -3439.848 1
 21.891888  -1.256265   0.067280  0.000011  20170.037     3.297717   2.526176   9.912701    3168.475 1
 26.563542  -1.646611   0.044057  0.000150  13207.956    44.968869   2.532103   9.935957   -3423.667 1
 21.797119  -0.898321   0.045293  0.000012  13578.500     3.597509   2.537213   9.956007   -3072.813 1
 23.802417  -3.002611   0.053628  0.000016  16077.270     4.796679   2.548072   9.998621    -706.818 1
 26.653703   0.492595   0.058835  0.000008  17638.289     2.398340   2.552677  10.016690     771.255 1
 21.852255  -1.248772   0.066990  0.000007  20083.097     2.098547   2.561851  10.052688    3086.155 1
 26.291834   1.114789   0.059387  0.000021  17803.775     6.295642   2.563998  10.061111     927.947 1
 21.850121  -1.249663   0.067051  0.000012  20101.384     3.597509   2.564152  10.061717    3103.470 1
 21.848962  -1.249589   0.067125  0.000009  20123.569     2.698132   2.565239  10.065984    3124.476 1
 26.766238   0.239804   0.056597  0.000009  16967.354     2.698132   2.572468  10.094348     135.970 1
 21.729254  -0.622460   0.050282  0.000006  15074.164     1.798755   2.577006  10.112155   -1656.622 1
 21.829428  -1.244404   0.066690  0.000012  19993.159     3.597509   2.582445  10.133501    3000.996 1
 26.218515   1.229683   0.059162  0.000021  17736.321     6.295642   2.583252  10.136665     864.078 1
 21.725907  -0.297454   0.044398  0.000008  13310.186     2.398340   2.585931  10.147177   -3326.870 1
 21.800323  -1.178138   0.042821  0.000014  12837.413     4.197094   2.592333  10.172300   -3774.522 1
 26.239105   1.248970   0.042562  0.000008  12759.767     2.398340   2.611460  10.247352   -3848.042 1
 26.437372   1.013569   0.057729  0.000013  17306.719     3.897302   2.618474  10.274875     457.303 1
 21.724839  -0.039959   0.068162  0.000006  20434.454     1.798755   2.620187  10.281600    3418.842 1
 26.864981  -1.131045   0.055283  0.000007  16573.426     2.098547   2.636796  10.346771    -237.025 1
 21.704544  -0.036189   0.067838  0.000007  20337.321     2.098547   2.640829  10.362596    3326.870 1
 21.737769  -1.190290   0.057618  0.000006  17273.442     1.798755   2.655897  10.421725     425.794 1
 26.957172  -0.727079   0.042116  0.000008  12626.059     2.398340   2.662753  10.448628   -3974.645 1
 21.688824  -1.011308   0.057249  0.000008  17162.818     2.398340   2.663423  10.451256     321.049 1
 21.689161   0.070228   0.048372  0.000009  14501.561     2.698132   2.676776  10.503652   -2198.800 1
 26.701963   0.685760   0.057664  0.000006  17287.232     1.798755   2.677265  10.505574     438.852 1
 22.116472  -2.053035   0.070592  0.000360  21162.949    99.990000   2.679906  10.515935    4108.628 1
 26.978250  -0.687000   0.042722  0.000014  12807.733     4.197094   2.680728  10.519161   -3802.624 1
 26.979026  -0.690098   0.043041  0.000013  12903.367     3.897302   2.681715  10.523034   -3712.072 1
 26.460368   1.100787   0.071665  0.000008  21484.627     2.398340   2.688390  10.549226    4413.213 1
 22.058666   0.975873   0.051566  0.000006  15459.098     1.798755   2.688965  10.551484   -1292.143 1
 26.770407   0.566402   0.057256  0.000015  17164.917     4.496887   2.689027  10.551725     323.036 1
 26.926254  -1.135239   0.043789  0.000006  13127.612     1.798755   2.697328  10.584299   -3499.743 1
 26.995479  -0.702000   0.055667  0.000009  16688.547     2.698132   2.698974  10.590757    -128.022 1
 26.995894  -0.702273   0.055667  0.000009  16688.547     2.698132   2.699408  10.592460    -128.022 1
 21.701904  -1.238149   0.057385  0.000013  17203.590     3.897302   2.703158  10.607176     359.654 1
 21.668461   0.103920   0.048548  0.000008  14554.324     2.398340   2.704374  10.611948   -2148.840 1
 22.666667  -2.662750   0.069435  0.000150  20816.089    44.968869   2.708934  10.629843    3780.199 1
 25.164792   2.064556   0.058130  0.000011  17426.936     3.297717   2.709360  10.631513     571.132 1
 21.706126   0.270478   0.060760  0.000010  18215.390     2.997925   2.710520  10.636066    1317.690 1
 27.007954  -0.819272   0.042773  0.000016  12823.023     4.796679   2.722478  10.682989   -3788.147 1
 22.041036   1.013747   0.059290  0.000019  17774.695     5.696057   2.724620  10.691392     900.412 1
 27.021520  -0.295556   0.054962  0.000010  16477.193     2.997925   2.725771  10.695909    -328.145 1
 27.028970  -0.296701   0.055188  0.000011  16544.946     3.297717   2.733112  10.724714    -263.992 1
 23.108708   1.967306   0.057130  0.000187  17127.143    56.061190   2.745307  10.772569     287.269 1
 25.797292  -2.816139   0.068266  0.000014  20465.632     4.197094   2.752326  10.800113    3448.364 1
 26.625951   0.985583   0.059519  0.000012  17843.347     3.597509   2.759071  10.826580     965.417 1
 26.977452  -1.193035   0.055410  0.000014  16611.500     4.197094   2.760977  10.834056    -200.975 1
 27.056487  -0.892830   0.055364  0.000006  16597.710     1.798755   2.780012  10.908749    -214.032 1
 26.706143   0.932517   0.069856  0.000008  20942.302     2.398340   2.799290  10.984399    3899.705 1
 27.072935  -0.081168   0.055142  0.000006  16531.156     1.798755   2.801322  10.992370    -277.050 1
 21.682229   0.487855   0.071183  0.000006  21340.127     1.798755   2.802807  10.998198    4276.391 1
 21.671496   0.485970   0.070994  0.000006  21283.466     1.798755   2.812183  11.034989    4222.741 1
 26.831305   0.728794   0.055229  0.000007  16557.238     2.098547   2.812315  11.035507    -252.354 1
 27.094351  -0.120650   0.056628  0.000034  16976.647    10.192944   2.816844  11.053280     144.770 1
 21.525722  -1.013945   0.057339  0.000011  17189.800     3.297717   2.824182  11.082073     346.596 1
 26.714217   0.982194   0.058127  0.000026  17426.036     7.794604   2.831979  11.112670     570.280 1
 21.507538  -0.992818   0.045432  0.000017  13620.171     5.096472   2.838356  11.137694   -3033.356 1
 23.316779  -3.168534   0.044324  0.000107  13288.001    32.077793   2.841105  11.148478   -3347.876 1
 23.474958  -3.222250   0.044084  0.000150  13216.051    44.968869   2.841447  11.149821   -3416.003 1
 21.453852  -0.356144   0.048348  0.000006  14494.366     1.798755   2.853537  11.197264   -2205.613 1
 21.823459   0.921206   0.059591  0.000011  17864.932     3.297717   2.860594  11.224952     985.855 1
 21.848494   1.009267   0.043790  0.000018  13127.912     5.396264   2.884141  11.317353   -3499.459 1
 26.619454   1.229580   0.057456  0.000010  17224.875     2.997925   2.892912  11.351771     379.808 1
 27.100324   0.264904   0.047128  0.000009  14128.619     2.698132   2.900428  11.381264   -2551.925 1
 26.815606   0.963358   0.057979  0.000010  17381.667     2.997925   2.909212  11.415730     528.268 1
 21.412381  -0.975716   0.043378  0.000023  13004.397     6.895227   2.929335  11.494693   -3616.410 1
 23.426917  -3.301333   0.044793  0.000013  13428.604     3.897302   2.931191  11.501978   -3214.745 1
 27.151070   0.316218   0.051438  0.000007  15420.724     2.098547   2.963183  11.627514   -1328.477 1
 27.103120   0.487127   0.047284  0.000007  14175.387     2.098547   2.969746  11.653266   -2507.643 1
 27.103377   0.486881   0.047284  0.000007  14175.387     2.098547   2.969906  11.653895   -2507.643 1
 23.848250  -3.452722   0.054234  0.000150  16258.944    44.968869   2.983362  11.706694    -534.797 1
 27.299502  -0.605119   0.059645  0.000007  17881.121     2.098547   2.997431  11.761903    1001.184 1
 22.720833   2.042083   0.043032  0.000010  12900.669     2.997925   2.998213  11.764972   -3714.627 1
 21.284141  -0.457248   0.056219  0.000009  16854.032     2.698132   3.019759  11.849516      28.670 1
 21.372223   0.255287   0.060861  0.000006  18245.669     1.798755   3.028135  11.882384    1346.361 1
 26.299742   1.773017   0.051966  0.000025  15579.015     7.494811   3.028257  11.882861   -1178.598 1
 25.748083  -3.170722   0.069002  0.000011  20686.279     3.297717   3.032478  11.899427    3657.286 1
 21.572667   0.831361   0.071855  0.000013  21541.587     3.897302   3.040022  11.929029    4467.147 1
 21.364841   0.284069   0.060610  0.000012  18170.421     3.597509   3.042612  11.939191    1275.111 1
 27.327218  -0.947988   0.042457  0.000009  12728.288     2.698132   3.055830  11.991059   -3877.848 1
 24.219792  -3.561556   0.053605  0.000012  16070.375     3.597509   3.058386  12.001088    -713.347 1
 21.350958  -1.380972   0.067880  0.000107  20349.912    32.077793   3.079973  12.085796    3338.793 1
 22.613875  -3.108472   0.069048  0.000183  20700.070    54.862020   3.104308  12.181285    3670.344 1
 21.225325  -0.065855   0.056057  0.000007  16805.466     2.098547   3.109277  12.200784     -17.316 1
 21.212335  -0.840957   0.067813  0.000006  20329.826     1.798755   3.109471  12.201548    3319.774 1
 21.304792   0.326389   0.072131  0.000007  21624.330     2.098547   3.111676  12.210200    4545.493 1
 27.048959   1.002341   0.057942  0.000022  17370.575     6.595434   3.131480  12.287908     517.765 1
 21.141432  -0.701097   0.043664  0.000009  13090.138     2.698132   3.168212  12.432046   -3535.225 1
 25.229958   2.525500   0.057617  0.000011  17273.142     3.297717   3.168247  12.432183     425.510 1
 27.038866   1.100632   0.069764  0.000010  20914.721     2.997925   3.171230  12.443887    3873.590 1
 21.155472  -0.074667   0.061379  0.000005  18400.961     1.498962   3.177241  12.467474    1493.401 1
 27.336095   0.450678   0.062820  0.000008  18832.962     2.398340   3.179156  12.474989    1902.448 1
 27.484073  -0.611592   0.042413  0.000015  12715.098     4.496887   3.182108  12.486575   -3890.338 1
 21.225192   0.305821   0.060737  0.000008  18208.495     2.398340   3.183158  12.490695    1311.162 1
 21.170871   0.081243   0.056088  0.000007  16814.759     2.098547   3.186915  12.505436      -8.516 1
 21.514139   1.047250   0.065341  0.000013  19588.739     3.897302   3.191886  12.524943    2618.065 1
 22.037833  -2.757750   0.061467  0.000013  18427.343     3.897302   3.195540  12.539280    1518.381 1
 21.477351   0.997864   0.043995  0.000010  13189.369     2.997925   3.200610  12.559175   -3441.267 1
 21.155849   0.087214   0.056111  0.000007  16821.655     2.098547   3.202779  12.567688      -1.987 1
 21.104069  -0.269836   0.061491  0.000007  18434.538     2.098547   3.208038  12.588322    1525.194 1
 21.227599   0.411373   0.044657  0.000008  13387.832     2.398340   3.209338  12.593423   -3253.350 1
 21.096067  -0.760084   0.068126  0.000006  20423.661     1.798755   3.217640  12.626000    3408.623 1
 27.103554   1.089442   0.057910  0.000007  17360.981     2.098547   3.221635  12.641677     508.682 1
 21.123494   0.019164   0.060997  0.000007  18286.441     2.098547   3.222832  12.646373    1384.966 1
 21.562898   1.192731   0.056757  0.000006  17015.321     1.798755   3.223526  12.649098     181.388 1
 27.109160   1.088382   0.058024  0.000005  17395.158     1.498962   3.225985  12.658744     541.042 1
 27.125060   1.062374   0.042986  0.000012  12886.879     3.597509   3.227114  12.663178   -3727.684 1
 27.516788  -0.124271   0.056901  0.000019  17058.491     5.696057   3.235412  12.695739     222.264 1
 21.068250  -0.404639   0.061785  0.000006  18522.677     1.798755   3.236810  12.701223    1608.650 1
 21.508137   1.144985   0.065320  0.000006  19582.443     1.798755   3.245689  12.736063    2612.104 1
 23.318792  -3.597472   0.047202  0.000043  14150.804    12.891076   3.246145  12.737855   -2530.919 1
 21.533121   1.198829   0.059866  0.000007  17947.375     2.098547   3.252069  12.761100    1063.917 1
 27.487981  -1.192003   0.069926  0.000014  20963.287     4.197094   3.257620  12.782881    3919.576 1
 23.809837   2.717694   0.062688  0.000008  18793.390     2.398340   3.259633  12.790780    1864.978 1
 21.539464   1.224539   0.060089  0.000014  18014.229     4.197094   3.260228  12.793115    1127.219 1
 24.658833  -3.746944   0.053814  0.000150  16133.031    44.968869   3.262017  12.800136    -654.020 1
 21.331902   0.846881   0.060546  0.000007  18151.234     2.098547   3.264406  12.809510    1256.944 1
 21.037292  -0.373806   0.061783  0.000009  18522.077     2.698132   3.268838  12.826901    1608.082 1
 27.140069   1.123858   0.069855  0.000012  20942.002     3.597509   3.270415  12.833088    3899.421 1
 21.043016  -0.244554   0.061500  0.000007  18437.236     2.098547   3.270839  12.834754    1527.749 1
 26.451625  -2.973056   0.047409  0.000150  14212.861    44.968869   3.272323  12.840575   -2472.160 1
 27.531500   0.113556   0.044818  0.000006  13436.098     1.798755   3.286332  12.895548   -3207.648 1
 21.225703   0.656122   0.071959  0.000010  21572.765     2.997925   3.289324  12.907286    4496.668 1
 21.302542  -1.861639   0.064381  0.000090  19300.938    26.981321   3.293671  12.924344    2345.557 1
 27.620581  -0.514521   0.042421  0.000013  12717.496     3.897302   3.316818  13.015175   -3888.067 1
 21.030068  -1.049518   0.067089  0.000017  20112.776     5.096472   3.318546  13.021956    3114.257 1
 21.480766   1.242318   0.043991  0.000006  13188.170     1.798755   3.319458  13.025533   -3442.402 1
 27.563192   0.145296   0.059792  0.000008  17925.191     2.398340   3.323521  13.041477    1042.911 1
 26.467958  -3.027194   0.062079  0.000013  18610.816     3.897302   3.323967  13.043229    1692.105 1
 27.412253   0.674835   0.059713  0.000006  17901.507     1.798755   3.324616  13.045773    1020.486 1
 21.947163  -2.869043   0.047076  0.000150  14113.030    44.968869   3.338340  13.099628   -2566.686 1
 21.903792  -2.826250   0.054216  0.000015  16253.548     4.496887   3.339196  13.102986    -539.907 1
 20.962450  -0.598127   0.061777  0.000028  18520.279     8.394189   3.342387  13.115508    1606.379 1
 21.897375  -2.829778   0.054695  0.000150  16397.148    44.968869   3.346261  13.130710    -403.937 1
 27.603722  -1.067803   0.069914  0.000012  20959.690     3.597509   3.347707  13.136384    3916.169 1
 21.103768   0.491224   0.044956  0.000015  13477.470     4.496887   3.351053  13.149514   -3168.475 1
 21.041125   0.320111   0.047052  0.000016  14105.835     4.796679   3.364956  13.204069   -2573.499 1
 27.261920   1.100614   0.059564  0.000014  17856.838     4.197094   3.365486  13.206148     978.191 1
 27.665611  -0.714866   0.042721  0.000010  12807.434     2.997925   3.368417  13.217650   -3802.908 1
 26.434125  -3.121333   0.053107  0.000150  15921.078    44.968869   3.374512  13.241564    -854.710 1
 27.670292  -0.950336   0.070030  0.000014  20994.466     4.197094   3.395929  13.325604    3949.097 1
 20.912349  -0.755681   0.056975  0.000008  17080.675     2.398340   3.400473  13.343434     243.270 1
 22.566917   2.424583   0.043360  0.000090  12999.001    26.981321   3.405067  13.361462   -3621.520 1
 27.711826  -0.379842   0.054931  0.000015  16467.900     4.496887   3.410316  13.382062    -336.945 1
 27.679921  -0.989927   0.043205  0.000030  12952.533     8.993774   3.410885  13.384293   -3665.518 1
 27.714949  -0.711461   0.041999  0.000020  12590.983     5.995849   3.417450  13.410055   -4007.857 1
 27.706447  -0.828236   0.042210  0.000062  12654.240    18.587132   3.418048  13.412400   -3947.962 1
 27.284982   1.168530   0.069918  0.000008  20960.889     2.398340   3.418491  13.414138    3917.305 1
 27.360113   1.042973   0.058102  0.000009  17418.541     2.698132   3.425691  13.442391     563.184 1
 27.368522   1.028655   0.058136  0.000005  17428.734     1.498962   3.426766  13.446609     572.835 1
 20.883865  -0.213382   0.043620  0.000018  13076.947     5.396264   3.432006  13.467173   -3547.715 1
 24.487794  -3.936774   0.055021  0.000150  16494.881    44.968869   3.437390  13.488296    -311.397 1
 21.418333  -2.387556   0.072273  0.000150  21666.900    44.968869   3.445430  13.519847    4585.801 1
 27.512790   0.757290   0.059901  0.000008  17957.868     2.398340   3.448107  13.530351    1073.852 1
 24.248709  -3.964041   0.066110  0.000017  19819.279     5.096472   3.460157  13.577636    2836.356 1
 20.892544   0.089260   0.046873  0.000009  14052.172     2.698132   3.462236  13.585795   -2624.310 1
 21.597250   1.655694   0.043969  0.000009  13181.575     2.698132   3.462614  13.587276   -3448.647 1
 23.824532  -3.934947   0.047216  0.000087  14155.001    26.081944   3.463919  13.592400   -2526.945 1
 27.803226  -0.269719   0.069602  0.000013  20866.155     3.897302   3.507295  13.762606    3827.604 1
 27.803928  -0.733186   0.042222  0.000010  12657.837     2.997925   3.507617  13.763868   -3944.555 1
 22.733500   2.644194   0.043682  0.000018  13095.534     5.396264   3.518284  13.805725   -3530.116 1
 26.636500  -3.145222   0.062685  0.000012  18792.490     3.597509   3.523653  13.826794    1864.126 1
 27.762620  -1.178127   0.059773  0.000007  17919.495     2.098547   3.523856  13.827591    1037.518 1
 26.651375  -3.135556   0.062454  0.000012  18723.238     3.597509   3.526300  13.837179    1798.554 1
 27.794640  -1.028084   0.042635  0.000011  12781.651     3.297717   3.529929  13.851419   -3827.320 1
 20.762582  -0.323420   0.043103  0.000006  12921.954     1.798755   3.545549  13.912712   -3694.472 1
 20.795373  -1.019125   0.062090  0.000011  18614.114     3.297717   3.545713  13.913356    1695.228 1
 27.805764  -1.060727   0.042936  0.000011  12871.889     3.297717   3.545905  13.914110   -3741.877 1
 20.761326  -0.326014   0.043137  0.000007  12932.147     2.098547   3.546672  13.917119   -3684.821 1
 20.760320  -0.324095   0.043335  0.000007  12991.506     2.098547   3.547773  13.921442   -3628.616 1
 20.756525  -0.687573   0.058947  0.000009  17671.866     2.698132   3.551718  13.936922     803.047 1
 20.778668  -0.944398   0.054459  0.000014  16326.397     4.197094   3.552211  13.938856    -470.928 1
 27.797218  -1.184745   0.043702  0.000005  13101.530     1.498962   3.559080  13.965809   -3524.439 1
 20.744211  -0.552872   0.058839  0.000006  17639.488     1.798755   3.559632  13.967976     772.390 1
 27.889513  -0.609717   0.059885  0.000008  17953.071     2.398340   3.587273  14.076437    1069.311 1
 26.488583  -3.350694   0.062789  0.000013  18823.669     3.897302   3.588232  14.080200    1893.648 1
 20.759375   0.085847   0.043783  0.000014  13125.813     4.197094   3.592939  14.098671   -3501.446 1
 27.896308  -0.629324   0.060063  0.000007  18006.434     2.098547   3.594693  14.105554    1119.838 1
 20.872509   0.568884   0.067207  0.000009  20148.152     2.698132   3.594939  14.106518    3147.753 1
 23.348708  -3.979250   0.066062  0.000011  19804.889     3.297717   3.603746  14.141076    2822.730 1
 20.806336   0.407713   0.047097  0.000011  14119.325     3.297717   3.614147  14.181893   -2560.725 1
 21.777708  -3.089722   0.045965  0.000150  13779.960    44.968869   3.614442  14.183050   -2882.058 1
 20.775616   0.347849   0.046696  0.000012  13999.109     3.597509   3.629360  14.241586   -2674.554 1
 20.706258   0.032018   0.044536  0.000011  13351.557     3.297717   3.637016  14.271629   -3287.697 1
 20.704985   0.044615   0.043471  0.000011  13032.278     3.297717   3.640153  14.283940   -3590.011 1
