318.488042   2.567000   0.048157  0.000057  14437.105    17.088170   0.005408   0.018793    -326.563 0
318.514167   2.566917   0.051040  0.000090  15301.407    26.981321   0.031269   0.108664     497.130 0
318.445238   2.564008   0.048460  0.000057  14527.943    17.088170   0.037656   0.130861    -239.994 0
318.524750   2.575667   0.050632  0.000077  15179.092    23.084019   0.043069   0.149674     380.562 0
318.451208   2.519333   0.046899  0.000390  14059.966    99.990000   0.055804   0.193931    -685.983 0
318.434958   2.596667   0.047980  0.000150  14384.042    44.968869   0.057271   0.199027    -377.133 0
318.481154   2.623368   0.048117  0.000047  14425.114    14.090246   0.058114   0.201959    -337.991 0
318.521208   2.613083   0.048847  0.000090  14643.962    26.981321   0.061228   0.212781    -129.425 0
318.437000   2.516667   0.051160  0.000110  15337.382    32.977170   0.066834   0.232260     531.415 0
318.516875   2.623444   0.046152  0.000057  13836.022    17.088170   0.067338   0.234012    -899.406 0
318.414875   2.548778   0.049830  0.000120  14938.658    35.975095   0.069941   0.243060     151.425 0
318.410708   2.580944   0.056170  0.000480  16839.342    99.990000   0.073811   0.256507    1962.808 1
318.408708   2.548083   0.049354  0.000077  14795.957    23.084019   0.076096   0.264449      15.428 0
318.501708   2.639028   0.047970  0.000007  14381.044     2.098547   0.076101   0.264467    -379.990 0
318.554458   2.530000   0.049950  0.000080  14974.633    23.983397   0.079709   0.277005     185.710 0
318.402708   2.558472   0.055720  0.000340  16704.436    99.990000   0.080410   0.279442    1834.240 1
318.457000   2.648389   0.046550  0.000230  13955.339    68.952265   0.087046   0.302504    -785.695 0
318.577667   2.569722   0.050760  0.000170  15217.465    50.964718   0.094766   0.329331     417.132 0
318.447583   2.476361   0.050788  0.000053  15225.859    15.889000   0.095667   0.332460     425.132 0
318.446045   2.476927   0.050570  0.000200  15160.505    59.958492   0.095721   0.332650     362.848 0
318.416625   2.639639   0.048070  0.000130  14411.023    38.973020   0.099570   0.346025    -351.420 0
318.561417   2.500889   0.050538  0.000093  15150.911    27.880699   0.101475   0.352646     353.705 0
318.582458   2.543389   0.048410  0.000190  14512.953    56.960567   0.101829   0.353876    -254.279 0
318.391000   2.609778   0.052090  0.000200  15616.189    59.958492   0.102032   0.354582     797.123 0
318.461375   2.676472   0.046050  0.000120  13805.443    35.975095   0.113254   0.393580    -928.548 1
318.593792   2.532417   0.050670  0.000180  15190.484    53.962642   0.115543   0.401534     391.419 0
318.370958   2.515528   0.048910  0.000200  14662.849    59.958492   0.122407   0.425387    -111.426 0
318.443708   2.446083   0.043660  0.000350  13088.939    99.990000   0.125466   0.436018   -1611.388 1
318.606833   2.591056   0.043620  0.000550  13076.947    99.990000   0.126454   0.439451   -1622.816 1
318.361167   2.523126   0.048594  0.000067  14568.115    20.086095   0.128719   0.447324    -201.709 0
318.587000   2.643528   0.047350  0.000180  14195.173    53.962642   0.130138   0.452253    -557.129 0
318.557750   2.675778   0.052650  0.000230  15784.073    68.952265   0.133415   0.463644     957.119 1
318.517375   2.431250   0.053866  0.000012  16148.621     3.597509   0.138382   0.480904    1304.539 1
318.607750   2.627667   0.051899  0.000187  15558.929    56.061190   0.139449   0.484612     742.553 0
318.611250   2.620861   0.049210  0.000250  14752.787    74.948115   0.139741   0.485626     -25.714 0
318.344458   2.587111   0.046770  0.000230  14021.293    68.952265   0.140026   0.486616    -722.839 0
318.623833   2.538083   0.061540  0.000300  18449.228    89.937737   0.143385   0.498290    3497.055 1
318.539792   2.700639   0.049210  0.000150  14752.787    44.968869   0.146803   0.510169     -25.714 0
318.593167   2.664194   0.049691  0.000007  14896.987     2.098547   0.148041   0.514473     111.711 0
318.628375   2.594861   0.049204  0.000047  14750.988    14.090246   0.148299   0.515369     -27.428 0
318.633058   2.604482   0.050782  0.000090  15224.061    26.981321   0.155036   0.538779     423.418 0
318.597292   2.450667   0.049980  0.000210  14983.627    62.956416   0.161843   0.562436     194.281 0
318.644042   2.542167   0.046620  0.000180  13976.324    53.962642   0.162621   0.565141    -765.695 0
318.624225   2.465778   0.050570  0.000160  15160.505    47.966793   0.172715   0.600219     362.848 0
318.309908   2.522527   0.047590  0.000007  14267.123     2.098547   0.178038   0.618717    -488.559 0
318.359583   2.694222   0.052723  0.000057  15805.958    17.088170   0.178340   0.619766     977.975 1
318.366083   2.424639   0.047680  0.000073  14294.104    21.884849   0.182760   0.635126    -462.845 0
318.598725   2.707626   0.049948  0.000007  14974.034     2.098547   0.183436   0.637475     185.138 0
318.545458   2.746694   0.047520  0.000180  14246.138    53.962642   0.191874   0.666798    -508.559 0
318.308083   2.478500   0.051252  0.000270  15364.963    80.943964   0.195023   0.677744     557.700 0
318.578792   2.394583   0.047350  0.000090  14195.173    26.981321   0.195736   0.680219    -557.129 0
318.598333   2.729917   0.044090  0.000120  13217.849    35.975095   0.201000   0.698515   -1488.534 1
318.666809   2.660570   0.044280  0.000200  13274.810    59.958492   0.206957   0.719217   -1434.250 1
318.513954   2.771668   0.048607  0.000007  14572.012     2.098547   0.208705   0.725291    -197.995 0
318.275667   2.537833   0.046910  0.000210  14063.264    62.956416   0.208847   0.725783    -682.840 0
318.419250   2.362361   0.048120  0.000180  14426.013    53.962642   0.212651   0.739005    -337.134 0
318.580625   2.363917   0.051330  0.000330  15388.347    98.931511   0.223777   0.777669     579.985 0
318.310542   2.402972   0.048780  0.000080  14623.876    23.983397   0.236633   0.822345    -148.568 0
318.392500   2.343917   0.044970  0.000610  13481.667    99.990000   0.239080   0.830849   -1237.112 1
318.290833   2.419986   0.049590  0.000270  14866.708    80.943964   0.240687   0.836433      82.855 0
318.471000   2.809694   0.050030  0.000180  14998.617    53.962642   0.244703   0.850392     208.566 0
318.364875   2.782778   0.048890  0.000340  14656.853    99.990000   0.247406   0.859784    -117.140 0
318.492542   2.312556   0.047603  0.000244  14271.020    73.149360   0.252907   0.878902    -484.845 0
318.638458   2.788222   0.049190  0.000170  14746.791    50.964718   0.271753   0.944396     -31.428 0
318.202292   2.574667   0.051880  0.000110  15553.233    32.977170   0.280494   0.974771     737.124 0
318.215667   2.477500   0.033940  0.000450  10174.956    99.990000   0.281036   0.976654   -4388.461 1
318.741119   2.683694   0.047890  0.000160  14357.061    47.966793   0.283831   0.986369    -402.847 0
318.192542   2.571694   0.049810  0.000260  14932.662    77.946039   0.290148   1.008321     145.711 0
318.766937   2.502003   0.051680  0.000220  15493.274    65.954341   0.290712   1.010283     679.983 0
318.767829   2.486739   0.049940  0.000570  14971.635    99.990000   0.295271   1.026124     182.853 0
318.182917   2.580667   0.051760  0.000120  15517.258    35.975095   0.300087   1.042861     702.839 0
318.605542   2.288028   0.046420  0.000270  13916.366    80.943964   0.303112   1.053375    -822.836 0
318.549333   2.870083   0.045902  0.000008  13761.073     2.398340   0.311942   1.084061    -970.833 1
318.765533   2.719002   0.048350  0.000150  14494.965    44.968869   0.321475   1.117189    -271.422 0
318.779114   2.409471   0.049870  0.000160  14950.650    47.966793   0.334421   1.162179     162.853 0
318.794190   2.410802   0.049960  0.000130  14977.631    38.973020   0.347224   1.206672     188.567 0
318.372450   2.235889   0.047510  0.000070  14243.140    20.985472   0.347384   1.207226    -511.416 0
318.673859   2.855922   0.048260  0.000110  14467.984    32.977170   0.347651   1.208155    -297.135 0
318.140917   2.500722   0.046330  0.000230  13889.385    68.952265   0.347696   1.208312    -848.550 1
318.219833   2.334472   0.050795  0.000103  15227.958    30.878623   0.349776   1.215540     427.132 0
318.736939   2.319512   0.051930  0.000770  15568.222    99.990000   0.353275   1.227700     751.410 0
318.837738   2.594978   0.046780  0.000210  14024.291    62.956416   0.355714   1.236177    -719.982 0
318.833069   2.500526   0.048090  0.000660  14417.019    99.990000   0.355751   1.236304    -345.706 0
318.838074   2.501656   0.048210  0.000220  14452.994    65.954341   0.360467   1.252695    -311.421 0
318.134875   2.463972   0.043980  0.000030  13184.872     8.993774   0.362145   1.258525   -1519.962 1
318.739716   2.305498   0.050350  0.000190  15094.550    56.960567   0.365108   1.268822     299.992 0
318.110500   2.546917   0.047020  0.000170  14096.241    50.964718   0.372490   1.294475    -651.412 0
318.847565   2.465070   0.045820  0.001020  13736.490    99.990000   0.377821   1.313003    -994.261 1
318.141000   2.384222   0.046320  0.000130  13886.387    38.973020   0.386588   1.343469    -851.407 1
318.827292   2.381694   0.049114  0.000057  14724.007    17.088170   0.389955   1.355171     -53.142 0
318.235667   2.255500   0.050885  0.000053  15254.939    15.889000   0.396195   1.376854     452.846 0
318.081792   2.514722   0.047600  0.000093  14270.121    27.880699   0.403893   1.403607    -485.702 0
318.150000   2.326917   0.060758  0.000008  18214.790     2.398340   0.409175   1.421962    3273.632 1
318.240450   2.895139   0.048267  0.000087  14470.083    26.081944   0.409238   1.422183    -295.135 0
318.095625   2.703083   0.047757  0.000008  14317.188     2.398340   0.410705   1.427281    -440.846 0
318.449768   2.152119   0.050110  0.000510  15022.600    99.990000   0.414485   1.440418     231.423 0
318.709045   2.215077   0.047580  0.000720  14264.125    99.990000   0.416745   1.448272    -491.416 0
318.600000   2.152444   0.048951  0.000007  14675.141     2.098547   0.429088   1.491163     -99.712 0
318.241516   2.206111   0.050170  0.000230  15040.588    68.952265   0.432616   1.503426     248.565 0
318.279053   2.175144   0.047160  0.000150  14138.212    44.968869   0.440091   1.529404    -611.413 0
318.918917   2.643417   0.047880  0.000057  14354.063    17.088170   0.442523   1.537854    -405.704 0
318.400625   3.003972   0.061052  0.000080  18302.929    23.983397   0.446327   1.551074    3357.630 1
318.940667   2.591684   0.048610  0.000410  14572.911    99.990000   0.458060   1.591848    -197.138 0
318.937000   2.684611   0.045980  0.000230  13784.457    68.952265   0.469068   1.630102    -948.548 1
318.964650   2.628019   0.048000  0.000067  14390.038    20.086095   0.485329   1.686615    -371.419 0
318.628208   3.030667   0.061460  0.000160  18425.244    47.966793   0.487498   1.694151    3474.198 1
317.998333   2.746889   0.049041  0.000083  14702.122    24.882774   0.517036   1.796802     -73.998 0
318.993333   2.354583   0.061590  0.000110  18464.217    32.977170   0.551727   1.917360    3511.340 1
319.035190   2.549210   0.048780  0.000300  14623.876    89.937737   0.551961   1.918171    -148.568 0
317.969355   2.328975   0.048737  0.000080  14610.985    23.983397   0.564846   1.962949    -160.853 0
318.143830   2.061830   0.050040  0.000630  15001.615    99.990000   0.606800   2.108750     211.423 0
319.147190   2.645320   0.048120  0.000160  14426.013    47.966793   0.668424   2.322903    -337.134 0
317.895250   2.171778   0.048513  0.000110  14543.832    32.977170   0.706751   2.456096    -224.851 0
319.135710   2.280740   0.048630  0.000300  14578.907    89.937737   0.711518   2.472663    -191.424 0
319.194583   2.450611   0.047970  0.000133  14381.044    39.872397   0.720148   2.502655    -379.990 0
319.191250   2.416500   0.047170  0.000100  14141.210    29.979246   0.723102   2.512920    -608.556 0
319.202910   2.712480   0.046630  0.000180  13979.322    53.962642   0.734186   2.551441    -762.838 1
319.261960   2.468400   0.049290  0.000300  14776.770    89.937737   0.784276   2.725513      -2.857 0
318.533399   1.776114   0.048277  0.000113  14473.080    33.876548   0.790776   2.748102    -292.278 0
319.262940   2.718660   0.047810  0.000180  14333.077    53.962642   0.794200   2.760000    -425.704 0
319.270500   2.816222   0.049144  0.000007  14733.001     2.098547   0.825849   2.869988     -44.570 0
317.750792   1.932222   0.047633  0.000147  14280.014    44.069491   0.967308   3.361586    -476.274 1
319.442917   2.368833   0.047796  0.000012  14328.880     3.597509   0.978958   3.402070    -429.703 1
319.454530   2.236950   0.049940  0.000180  14971.635    53.962642   1.024673   3.560939     182.853 1
317.913292   1.670194   0.050001  0.001001  14989.923    99.990000   1.060657   3.685991     200.281 1
319.528125   2.362444   0.048610  0.000090  14572.911    26.981321   1.063686   3.696518    -197.138 1
319.642833   2.499167   0.046278  0.000012  13873.795     3.597509   1.160645   4.033469    -863.407 1
319.779440   2.635138   0.062796  0.000011  18825.767     3.297717   1.297113   4.507722    3855.903 1
318.993480   1.111790   0.049000  0.000008  14689.830     2.398340   1.540387   5.353147     -85.712 1
320.118875   2.776194   0.046999  0.000333  14089.946    99.830889   1.647879   5.726702    -657.412 1
317.581375   1.078778   0.047931  0.000013  14369.352     3.897302   1.738052   6.040071    -391.133 1
318.332650   0.773158   0.051600  0.000021  15469.291     6.295642   1.798398   6.249784     657.126 1
317.392060   1.127425   0.048254  0.000007  14466.185     2.098547   1.804161   6.269813    -298.850 1
318.142060   0.789647   0.046423  0.000007  13917.265     2.098547   1.807987   6.283110    -821.979 1
318.692250   4.362389   0.048008  0.000023  14392.436     6.895227   1.809236   6.287450    -369.134 1
319.371542   4.143000   0.052921  0.000008  15865.317     2.398340   1.810327   6.291242    1034.545 1
318.176366   0.769475   0.046740  0.000009  14012.299     2.698132   1.821729   6.330865    -731.410 1
319.649750   4.024000   0.062414  0.000010  18711.246     2.997925   1.867258   6.489087    3746.763 1
319.303920   0.834073   0.034669  0.000007  10393.505     2.098547   1.915668   6.657322   -4180.181 1
319.496333   4.210944   0.049069  0.000009  14710.516     2.698132   1.932144   6.714577     -65.998 1
317.355942   0.971977   0.049411  0.000006  14813.045     1.798755   1.950930   6.779863      31.713 1
319.476458   4.261667   0.052482  0.000009  15733.708     2.698132   1.965423   6.830231     909.120 1
317.312917   0.984333   0.049254  0.000009  14765.978     2.698132   1.966096   6.832570     -13.143 1
320.261038   1.712970   0.035401  0.000070  10612.953    20.985472   1.970238   6.846963   -3971.043 1
318.433180   0.574692   0.047117  0.000014  14125.321     4.197094   1.991208   6.919837    -623.699 1
318.167733   0.533729   0.057945  0.000033  17371.474     9.893151   2.055806   7.144327    2469.938 1
320.538978   2.474565   0.064320  0.000130  19282.651    38.973020   2.056010   7.145036    4291.321 1
319.738130   0.930100   0.052464  0.000020  15728.312     5.995849   2.060639   7.161125     903.977 1
316.805285   1.303601   0.048033  0.000080  14399.931    23.983397   2.097766   7.290147    -361.991 1
318.556610   0.462128   0.059895  0.000006  17956.069     1.798755   2.104440   7.313342    3027.067 1
318.596093   0.461256   0.060036  0.000015  17998.340     4.496887   2.107060   7.322446    3067.351 1
320.149960   1.212663   0.033759  0.000006  10120.694     1.798755   2.145475   7.455944   -4440.174 1
320.151610   1.212352   0.033403  0.000007  10013.967     2.098547   2.146950   7.461073   -4541.886 1
316.754939   3.843251   0.053991  0.000077  16186.095    23.084019   2.147816   7.464080    1340.252 1
316.766460   1.257123   0.047941  0.000011  14372.350     3.297717   2.156751   7.495131    -388.276 1
318.307797   0.410697   0.046530  0.000034  13949.343    10.192944   2.161673   7.512237    -791.409 1
319.577678   0.700315   0.039863  0.000005  11950.627     1.498962   2.161992   7.513346   -2696.218 1
320.639199   2.794278   0.058810  0.000120  17630.794    35.975095   2.166266   7.528198    2717.075 1
318.488160   0.394969   0.057953  0.000009  17373.872     2.698132   2.170317   7.542277    2472.224 1
320.594583   3.104874   0.037633  0.000097  11282.090    29.079868   2.177474   7.567147   -3333.345 1
316.751967   1.205785   0.048322  0.000033  14486.571     9.893151   2.199634   7.644157    -279.422 1
320.188810   1.163021   0.035340  0.000012  10594.665     3.597509   2.206943   7.669557   -3988.471 1
320.610542   1.967167   0.048281  0.000017  14474.280     5.096472   2.208051   7.673409    -291.136 1
320.095400   1.054247   0.036158  0.000015  10839.896     4.496887   2.208650   7.675492   -3754.763 1
319.458176   0.579976   0.039459  0.000011  11829.511     3.297717   2.211486   7.685347   -2811.644 1
317.633240   0.522370   0.050574  0.000011  15161.704     3.297717   2.212233   7.687942     363.991 1
318.516300   0.347050   0.060037  0.000015  17998.640     4.496887   2.218481   7.709655    3067.637 1
317.780875   4.670222   0.061663  0.000010  18486.102     2.997925   2.218704   7.710430    3532.197 1
320.166203   1.117330   0.036040  0.000018  10804.520     5.396264   2.219090   7.711770   -3788.476 1
320.147380   1.086771   0.034359  0.000013  10300.569     3.897302   2.225062   7.732525   -4268.750 1
320.155206   1.092422   0.035354  0.000103  10598.863    30.878623   2.227169   7.739849   -3984.471 1
317.446750   0.587152   0.052749  0.000016  15813.752     4.796679   2.232592   7.758694     985.404 1
319.503620   0.570866   0.034978  0.000013  10486.141     3.897302   2.239966   7.784321   -4091.897 1
318.456417   0.325361   0.057911  0.000013  17361.281     3.897302   2.240075   7.784700    2460.224 1
318.151840   0.348857   0.050936  0.000007  15270.229     2.098547   2.240964   7.787788     467.417 1
316.659030   1.254481   0.048349  0.000019  14494.666     5.696057   2.244564   7.800300    -271.707 1
318.130370   0.340429   0.050549  0.000016  15154.209     4.796679   2.252554   7.828064     356.848 1
319.516510   0.562687   0.035303  0.000047  10583.573    14.090246   2.253124   7.830047   -3999.042 1
320.312070   1.241540   0.049005  0.000008  14691.329     2.398340   2.256416   7.841486     -84.284 1
316.963435   0.894463   0.058152  0.000006  17433.531     1.798755   2.257390   7.844871    2529.079 1
318.505192   0.307569   0.059824  0.000003  17934.784     0.899377   2.257821   7.846369    3006.782 1
319.233700   0.434577   0.035161  0.000009  10541.003     2.698132   2.258861   7.849983   -4039.613 1
317.292135   0.640304   0.053022  0.000005  15895.596     1.498962   2.262883   7.863960    1063.402 1
316.974746   0.875897   0.058071  0.000008  17409.248     2.398340   2.263629   7.866554    2505.937 1
317.475750   0.536927   0.047077  0.000019  14113.330     5.696057   2.264190   7.868502    -635.127 1
319.992947   0.875975   0.033754  0.000004  10119.195     1.199170   2.264817   7.870682   -4441.603 1
319.774350   0.700261   0.036343  0.000013  10895.357     3.897302   2.267768   7.880938   -3701.907 1
320.236208   4.016250   0.038230  0.000077  11461.066    23.084019   2.274469   7.904225   -3162.778 1
317.359873   0.585743   0.047439  0.000006  14221.854     1.798755   2.275358   7.907313    -531.701 1
320.332743   1.220181   0.061782  0.000018  18521.778     5.396264   2.285677   7.943174    3566.196 1
320.334311   1.219539   0.062492  0.000018  18734.630     5.396264   2.287321   7.948889    3769.048 1
317.766160   0.392556   0.058519  0.000012  17543.555     3.597509   2.287669   7.950099    2633.934 1
317.766333   0.392167   0.058519  0.000012  17543.555     3.597509   2.287985   7.951195    2633.934 1
317.765200   0.392373   0.058881  0.000011  17652.080     3.297717   2.288143   7.951746    2737.360 1
319.545042   4.593917   0.062664  0.000010  18786.195     2.997925   2.289374   7.956022    3818.190 1
320.231689   1.081704   0.035388  0.000070  10609.056    20.985472   2.291964   7.965024   -3974.757 1
319.521910   0.509061   0.039740  0.000004  11913.752     1.199170   2.303344   8.004572   -2731.360 1
320.288069   1.130270   0.037122  0.000010  11128.896     2.997925   2.304631   8.009044   -3479.341 1
319.507980   0.493397   0.039579  0.000005  11865.486     1.498962   2.311139   8.031660   -2777.359 1
319.526710   0.500457   0.039409  0.000007  11814.521     2.098547   2.313186   8.038774   -2825.929 1
320.102708   4.221083   0.037805  0.000007  11333.654     2.098547   2.315205   8.045790   -3284.203 1
319.885614   4.409631   0.039706  0.000011  11903.559     3.297717   2.316305   8.049612   -2741.074 1
320.290430   1.112071   0.035089  0.000045  10519.418    13.490661   2.317844   8.054961   -4060.184 1
320.600719   3.520148   0.064560  0.000070  19354.601    20.985472   2.321186   8.066575    4359.890 1
319.103083   4.810028   0.046771  0.000008  14021.593     2.398340   2.328677   8.092609    -722.553 1
318.723089   0.246978   0.058072  0.000006  17409.548     1.798755   2.330685   8.099588    2506.223 1
319.416577   0.421567   0.034638  0.000007  10384.211     2.098547   2.337839   8.124450   -4189.037 1
319.901832   0.704235   0.034684  0.000012  10398.002     3.597509   2.339401   8.129875   -4175.895 1
317.139700   0.643283   0.053705  0.000022  16100.354     6.595434   2.344072   8.146107    1258.540 1
319.908720   0.702379   0.034270  0.000017  10273.888     5.096472   2.345050   8.149509   -4294.178 1
319.127542   0.305528   0.035120  0.000017  10528.711     5.096472   2.349723   8.165746   -4051.327 1
317.314890   0.523473   0.050710  0.000010  15202.476     2.997925   2.351704   8.172633     402.847 1
318.470399   0.209819   0.060090  0.000008  18014.529     2.398340   2.355494   8.185803    3082.780 1
319.403140   0.387631   0.034472  0.000006  10334.446     1.798755   2.363743   8.214470   -4236.465 1
318.060487   0.235132   0.049621  0.000005  14876.002     1.498962   2.368053   8.229446      91.712 1
319.757792   4.563806   0.060956  0.000010  18274.149     2.997925   2.369847   8.235682    3330.202 1
316.519333   1.216111   0.058053  0.000014  17403.852     4.197094   2.380791   8.273716    2500.794 1
319.944180   0.674805   0.033690  0.000050  10100.008    14.989623   2.388499   8.300502   -4459.888 1
318.452460   0.175593   0.059032  0.000011  17697.348     3.297717   2.389881   8.305303    2780.501 1
318.448190   0.174484   0.059765  0.000016  17917.096     4.796679   2.391048   8.309358    2989.925 1
319.950708   0.672722   0.034313  0.000030  10286.779     8.993774   2.394137   8.320094   -4281.892 1
319.784127   4.576039   0.063001  0.000010  18887.225     2.997925   2.394353   8.320845    3914.473 1
319.990756   0.700297   0.034797  0.000030  10431.878     8.993774   2.397333   8.331202   -4143.610 1
320.693083   3.504889   0.053510  0.000113  16041.894    33.876548   2.399572   8.338981    1202.827 1
320.691044   3.516435   0.053097  0.000137  15918.080    41.071567   2.402246   8.348274    1084.830 1
318.422970   0.160198   0.060581  0.000007  18161.727     2.098547   2.405827   8.360721    3223.062 1
318.561076   0.158318   0.060516  0.000011  18142.240     3.297717   2.408228   8.369065    3204.491 1
320.413504   1.106508   0.036841  0.000009  11044.654     2.698132   2.418211   8.403755   -3559.625 1
319.917470   0.617321   0.035241  0.000011  10564.986     3.297717   2.418343   8.404216   -4016.756 1
319.851230   0.566477   0.037859  0.000005  11349.843     1.498962   2.421521   8.415258   -3268.775 1
317.959870   0.197266   0.056315  0.000013  16882.812     3.897302   2.424977   8.427269    2004.235 1
318.486806   0.139874   0.060408  0.000006  18109.863     1.798755   2.425409   8.428771    3173.634 1
317.446670   0.361393   0.047330  0.000019  14189.177     5.696057   2.434905   8.461770    -562.843 1
320.740000   3.486361   0.052530  0.000010  15748.098     2.997925   2.435701   8.464538     922.834 1
318.573030   0.131143   0.059698  0.000025  17897.010     7.494811   2.435801   8.464886    2970.782 1
319.951040   0.612746   0.042556  0.000017  12757.968     5.096472   2.442023   8.486508   -1926.809 1
317.990860   0.170198   0.050570  0.000007  15160.505     2.098547   2.445004   8.496868     362.848 1
318.632770   0.124196   0.060158  0.000009  18034.915     2.698132   2.445670   8.499184    3102.208 1
318.486270   0.114445   0.050495  0.000016  15138.020     4.796679   2.450837   8.517139     341.420 1
318.404910   0.112824   0.046434  0.000018  13920.563     5.396264   2.453694   8.527065    -818.837 1
320.190470   0.790995   0.043132  0.000011  12930.648     3.297717   2.461302   8.553506   -1762.241 1
320.507808   1.161470   0.048537  0.000013  14551.027     3.897302   2.462251   8.556805    -217.995 1
320.382581   0.994919   0.034119  0.000022  10228.619     6.595434   2.463241   8.560243   -4337.319 1
320.885448   2.002072   0.044240  0.000120  13262.818    35.975095   2.465325   8.567488   -1445.678 1
320.502640   1.148343   0.036586  0.000009  10968.207     2.698132   2.465532   8.568206   -3632.480 1
319.896083   0.534694   0.033891  0.000006  10160.266     1.798755   2.473123   8.594586   -4402.461 1
318.477240   0.081252   0.061153  0.000007  18333.208     2.098547   2.484034   8.632506    3386.486 1
320.951208   2.891083   0.061121  0.000008  18323.615     2.398340   2.487255   8.643698    3377.344 1
319.182542   0.170333   0.043885  0.000020  13156.392     5.995849   2.494850   8.670091   -1547.104 1
320.205530   0.757867   0.034452  0.000018  10328.450     5.396264   2.495640   8.672836   -4242.179 1
320.167880   0.719434   0.042962  0.000005  12879.684     1.498962   2.498116   8.681442   -1810.812 1
320.192830   0.741011   0.062148  0.000014  18631.502     4.197094   2.499185   8.685158    3670.765 1
320.818156   3.516713   0.053440  0.000110  16020.909    32.977170   2.519459   8.755613    1182.827 1
318.150570   0.066908   0.046702  0.000010  14000.907     2.997925   2.520336   8.758659    -742.267 1
317.446540   0.266068   0.050225  0.000013  15057.076     3.897302   2.521564   8.762930     264.279 1
318.371125   0.040028   0.050592  0.000009  15167.100     2.698132   2.527720   8.784322     369.134 1
319.612210   0.300880   0.041561  0.000014  12459.674     4.197094   2.529876   8.791813   -2211.087 1
319.594570   0.291609   0.041690  0.000013  12498.348     3.897302   2.530394   8.793613   -2174.231 1
321.008633   2.786472   0.063440  0.000220  19018.834    65.954341   2.532869   8.802214    4039.898 1
320.225010   0.724054   0.034862  0.000013  10451.365     3.897302   2.533564   8.804630   -4125.039 1
318.619430   0.026677   0.060373  0.000030  18099.370     8.993774   2.542264   8.834864    3163.635 1
321.025688   2.778311   0.062740  0.000220  18808.979    65.954341   2.549147   8.858784    3839.903 1
320.071042   4.562250   0.062619  0.000028  18772.704     8.394189   2.550490   8.863452    3805.333 1
320.868196   3.479040   0.062510  0.000120  18740.027    35.975095   2.552087   8.869002    3774.191 1
318.607720   0.011088   0.060172  0.000013  18039.112     3.897302   2.557233   8.886887    3106.208 1
319.662107   0.295109   0.042112  0.000027  12624.860     8.094396   2.557615   8.888214   -2053.663 1
316.330810   1.171976   0.064695  0.000012  19395.073     3.597509   2.561943   8.903254    4398.461 1
320.270675   4.410292   0.062739  0.000010  18808.679     2.997925   2.567834   8.923725    3839.618 1
320.540160   1.025066   0.037972  0.000007  11383.719     2.098547   2.568279   8.925273   -3236.490 1
317.323520   0.271972   0.049977  0.000013  14982.728     3.897302   2.569193   8.928449     193.424 1
320.445070   0.902426   0.035452  0.000007  10628.242     2.098547   2.570495   8.932972   -3956.472 1
317.323984   0.264601   0.050765  0.000009  15218.964     2.698132   2.575566   8.950598     418.561 1
318.586400  -0.009655   0.046496  0.000015  13939.150     4.496887   2.577010   8.955613    -801.123 1
318.560120  -0.012855   0.050732  0.000006  15209.071     1.798755   2.579289   8.963533     409.133 1
320.465049   4.218208   0.048760  0.000070  14617.880    20.985472   2.579375   8.963833    -154.282 1
320.152542   0.597333   0.062134  0.000006  18627.305     1.798755   2.579710   8.964996    3666.765 1
320.100930   0.550010   0.034692  0.000011  10400.400     3.297717   2.583420   8.977889   -4173.609 1
320.177800   0.597314   0.061857  0.000011  18544.262     3.297717   2.596110   9.021991    3587.624 1
316.248190   1.237253   0.063595  0.000008  19065.301     2.398340   2.597619   9.027235    4084.183 1
316.344060   1.074241   0.065164  0.000007  19535.676     2.098547   2.605516   9.054677    4532.457 1
320.202215   0.543088   0.061892  0.000006  18554.755     1.798755   2.653177   9.220310    3597.624 1
316.368740   0.954735   0.065297  0.000009  19575.548     2.698132   2.656053   9.230303    4570.456 1
320.205494   0.538910   0.062275  0.000013  18669.575     3.897302   2.658482   9.238745    3707.050 1
316.682216   0.606073   0.054775  0.000005  16421.132     1.498962   2.659792   9.243299    1564.246 1
318.468983  -0.099812   0.045956  0.000006  13777.262     1.798755   2.665128   9.261842    -955.405 1
316.359074   0.944628   0.065564  0.000015  19655.593     4.496887   2.669861   9.278289    4646.740 1
317.285360   0.177956   0.050646  0.000017  15183.289     5.096472   2.670313   9.279859     384.562 1
318.496140  -0.105475   0.060793  0.000012  18225.283     3.597509   2.670788   9.281510    3283.632 1
319.557250   0.114111   0.050400  0.000008  15109.540     2.398340   2.675841   9.299070     314.278 1
321.107250   2.006833   0.047514  0.000011  14244.339     3.297717   2.680527   9.315357    -510.273 1
320.824994   1.222431   0.062827  0.000010  18835.061     2.997925   2.697705   9.375053    3864.760 1
321.111640   3.183004   0.052910  0.000120  15862.019    35.975095   2.697770   9.375278    1031.403 1
316.446104   0.784346   0.063204  0.000008  18948.083     2.398340   2.704070   9.397172    3972.471 1
318.758875  -0.126389   0.032827  0.000005   9841.287     1.498962   2.705751   9.403013   -4706.453 1
317.259310   0.148582   0.050894  0.000012  15257.637     3.597509   2.708252   9.411704     455.417 1
316.929720   0.343029   0.050991  0.000008  15286.717     2.398340   2.710344   9.418977     483.131 1
318.751532  -0.132918   0.032988  0.000012   9889.554     3.597509   2.711510   9.423027   -4660.454 1
320.372680   0.609235   0.034619  0.000006  10378.515     1.798755   2.718490   9.447285   -4194.466 1
318.758831  -0.154590   0.032746  0.000006   9817.004     1.798755   2.733802   9.500497   -4729.595 1
316.401292   0.789000   0.047041  0.000017  14102.537     5.096472   2.734890   9.504278    -645.412 1
318.328150  -0.165290   0.032924  0.000013   9870.367     3.897302   2.734943   9.504463   -4678.739 1
318.327320  -0.166273   0.032895  0.000005   9861.673     1.498962   2.735972   9.508037   -4687.025 1
316.210087   1.026798   0.058018  0.000006  17393.359     1.798755   2.742682   9.531356    2490.794 1
320.948076   1.353851   0.060680  0.000120  18191.406    35.975095   2.744527   9.537769    3251.347 1
320.561969   4.369486   0.062955  0.000008  18873.434     2.398340   2.751179   9.560886    3901.330 1
317.871400  -0.144516   0.046938  0.000010  14071.658     2.997925   2.777803   9.653409    -674.840 1
318.023440  -0.184088   0.059580  0.000010  17861.635     2.997925   2.787421   9.686832    2937.069 1
320.603708   4.376639   0.064375  0.000010  19299.139     2.997925   2.787435   9.686883    4307.035 1
317.833210  -0.160515   0.059254  0.000011  17763.902     3.297717   2.802003   9.737510    2843.928 1
317.636827  -0.111275   0.060330  0.000008  18086.479     2.398340   2.806843   9.754330    3151.349 1
320.846349   1.047247   0.062818  0.000011  18832.363     3.297717   2.806970   9.754769    3862.189 1
320.849226   1.031257   0.063583  0.000010  19061.704     2.997925   2.818060   9.793309    4080.754 1
316.955301   0.193988   0.050441  0.000011  15121.831     3.297717   2.819918   9.799769     325.992 1
317.152950   0.070690   0.047317  0.000010  14185.280     2.997925   2.826346   9.822104    -566.557 1
317.994870  -0.219429   0.059768  0.000006  17917.996     1.798755   2.827067   9.824613    2990.782 1
317.996340  -0.220214   0.060097  0.000007  18016.627     2.098547   2.827588   9.826421    3084.780 1
317.996000  -0.220210   0.060097  0.000007  18016.627     2.098547   2.827642   9.826610    3084.780 1
316.039220   1.135403   0.064983  0.000011  19481.413     3.297717   2.829171   9.831922    4480.744 1
318.003480  -0.223085   0.059746  0.000044  17911.400    13.190868   2.829200   9.832023    2984.496 1
317.975062  -0.220197   0.059360  0.000011  17795.680     3.297717   2.831303   9.839331    2874.213 1
319.919756   0.120936   0.033224  0.000014   9960.305     4.197094   2.834644   9.850944   -4593.027 1
320.999027   1.252939   0.050226  0.000012  15057.376     3.597509   2.835560   9.854126     264.565 1
320.594958   4.459694   0.063872  0.000009  19148.344     2.698132   2.835598   9.854257    4163.324 1
318.093799  -0.244741   0.046675  0.000007  13992.813     2.098547   2.836780   9.858366    -749.981 1
317.938700  -0.219316   0.060058  0.000007  18004.935     2.098547   2.837172   9.859729    3073.637 1
317.890810  -0.218963   0.060221  0.000012  18053.802     3.597509   2.846382   9.891734    3120.207 1
319.389574  -0.134728   0.057472  0.000007  17229.672     2.098547   2.847883   9.896950    2334.798 1
319.150850  -0.205486   0.048768  0.000009  14620.279     2.698132   2.849981   9.904243    -151.996 1
320.173860   0.269616   0.033170  0.000006   9944.116     1.798755   2.850203   9.905013   -4608.455 1
318.046910  -0.254448   0.047676  0.000011  14292.905     3.297717   2.853170   9.915325    -463.988 1
318.047750  -0.258697   0.046866  0.000014  14050.073     4.197094   2.857242   9.929475    -695.411 1
318.039894  -0.259761   0.046662  0.000013  13988.916     3.897302   2.859498   9.937314    -753.695 1
316.975290   0.130490   0.047662  0.000020  14288.708     5.995849   2.862965   9.949363    -467.988 1
318.013833  -0.259222   0.059198  0.000027  17747.114     8.094396   2.863111   9.949871    2827.929 1
320.644625   4.445556   0.063485  0.000010  19032.324     2.997925   2.863405   9.950893    4052.755 1
321.036900   1.258277   0.049145  0.000016  14733.300     4.796679   2.866715   9.962396     -44.285 1
317.929629  -0.248865   0.060953  0.000008  18273.250     2.398340   2.867912   9.966555    3329.345 1
320.920230   1.034917   0.049449  0.000016  14824.437     4.796679   2.875872   9.994218      42.570 1
319.342290  -0.182173   0.058109  0.000012  17420.640     3.597509   2.878464  10.003224    2516.794 1
321.010920   1.183643   0.049742  0.000017  14912.276     5.096472   2.878707  10.004070     126.283 1
317.909610  -0.260401   0.043035  0.000012  12901.568     3.597509   2.883138  10.019471   -1789.955 1
321.012500   1.172333   0.050000  0.000333  14989.623    99.830889   2.885534  10.027797     199.995 1
318.042378  -0.288710   0.046903  0.000008  14061.166     2.398340   2.887722  10.035399    -684.840 1
318.047860  -0.289987   0.046044  0.000014  13803.644     4.197094   2.888155  10.036904    -930.262 1
318.071790  -0.302516   0.034425  0.000026  10320.355     7.794604   2.897056  10.067837   -4249.893 1
316.322068   0.632221   0.047544  0.000006  14253.333     1.798755   2.897689  10.070036    -501.702 1
321.061160   1.226741   0.049994  0.000013  14987.824     3.897302   2.902713  10.087496     198.281 1
319.411290  -0.193416   0.057625  0.000065  17275.540    19.486510   2.910424  10.114292    2378.512 1
319.175305  -0.263672   0.048765  0.000009  14619.379     2.698132   2.912288  10.120770    -152.853 1
320.992706   1.071640   0.049610  0.000006  14872.704     1.798755   2.918462  10.142225      88.569 1
319.381140  -0.213037   0.057788  0.000031  17324.407     9.293566   2.919631  10.146290    2425.082 1
319.690056  -0.109366   0.032965  0.000015   9882.658     4.496887   2.933942  10.196021   -4667.025 1
321.018390   1.082316   0.050870  0.000013  15250.442     3.897302   2.935126  10.200136     448.560 1
318.627760  -0.366618   0.045579  0.000030  13664.240     8.993774   2.935467  10.201322   -1063.116 1
321.043310   1.123897   0.048277  0.000019  14473.080     5.696057   2.936001  10.203177    -292.278 1
319.414550  -0.221745   0.057932  0.000024  17367.577     7.195019   2.938320  10.211236    2466.224 1
320.949650   0.964351   0.049832  0.000019  14939.258     5.696057   2.938638  10.212341     151.996 1
321.072417   1.167139   0.042824  0.000024  12838.312     7.195019   2.940563  10.219033   -1850.239 1
320.537917   4.681056   0.062786  0.000015  18822.769     4.496887   2.948068  10.245112    3853.046 1
321.018817   1.057411   0.050406  0.000020  15111.339     5.995849   2.948154  10.245411     315.992 1
321.054407   1.118375   0.049447  0.000080  14823.838    23.983397   2.948370  10.246162      41.999 1
320.324950   0.258738   0.062373  0.000006  18698.955     1.798755   2.950669  10.254154    3735.049 1
320.925282   0.905133   0.050718  0.000017  15204.874     5.096472   2.951156  10.255843     405.133 1
316.389332   0.474806   0.054368  0.000026  16299.116     7.794604   2.957088  10.276460    1447.964 1
320.126680   0.101801   0.062327  0.000030  18685.165     8.993774   2.960624  10.288749    3721.906 1
316.096789   0.809184   0.047897  0.000017  14359.159     5.096472   2.960750  10.289186    -400.847 1
319.794861  -0.092407   0.050546  0.000016  15153.310     4.796679   2.963287  10.298001     355.991 1
318.007930  -0.364131   0.046298  0.000014  13879.791     4.197094   2.967592  10.312963    -857.693 1
316.213987   0.632249   0.047981  0.000014  14384.342     4.197094   2.978978  10.352530    -376.848 1
318.073419  -0.391365   0.033861  0.000005  10151.272     1.498962   2.984811  10.372802   -4411.032 1
318.591520  -0.420998   0.045509  0.000009  13643.255     2.698132   2.988248  10.384748   -1083.116 1
320.938343   0.858164   0.050917  0.000008  15264.533     2.398340   2.988531  10.385731     461.988 1
321.112665   1.136864   0.051619  0.000019  15474.987     5.696057   2.990339  10.392015     662.555 1
321.155340   1.200283   0.048891  0.000022  14657.153     6.595434   2.998465  10.420252    -116.854 1
316.023720   0.841694   0.048398  0.000009  14509.355     2.698132   3.001041  10.429206    -257.708 1
319.348850  -0.312749   0.057978  0.000011  17381.367     3.297717   3.005229  10.443759    2479.366 1
316.759635   0.096244   0.052369  0.000016  15699.831     4.796679   3.009961  10.460204     876.835 1
316.300781   0.486401   0.054448  0.000005  16323.100     1.498962   3.012289  10.468294    1470.820 1
316.846173   0.030868   0.062435  0.000025  18717.542     7.494811   3.016088  10.481495    3752.763 1
321.030750   4.195611   0.047961  0.000008  14378.346     2.398340   3.022658  10.504329    -382.562 1
320.044650  -0.031034   0.061490  0.000011  18434.238     3.297717   3.029025  10.526455    3482.770 1
315.919790   0.932934   0.048920  0.000005  14665.847     1.498962   3.036606  10.552801    -108.569 1
315.922756   0.927755   0.048769  0.000008  14620.578     2.398340   3.036898  10.553813    -151.710 1
319.329000  -0.354000   0.057838  0.000333  17339.396    99.830889   3.039182  10.561754    2439.367 1
321.158240   1.117639   0.050064  0.000018  15008.810     5.396264   3.039526  10.562947     218.280 1
321.173090   1.134995   0.050301  0.000022  15079.860     6.595434   3.044386  10.579837     285.993 1
316.654423   0.127687   0.050883  0.000026  15254.340     7.794604   3.046067  10.585680     452.274 1
318.434270  -0.484321   0.050838  0.000009  15240.849     2.698132   3.049988  10.599306     439.418 1
320.303710   0.115658   0.032826  0.000005   9840.987     1.498962   3.051118  10.603231   -4706.739 1
321.104937   0.999380   0.049748  0.000010  14914.075     2.997925   3.051769  10.605496     127.997 1
321.180711   1.119512   0.048537  0.000006  14551.027     1.798755   3.058398  10.628530    -217.995 1
321.144780   1.054371   0.050433  0.000025  15119.433     7.494811   3.058464  10.628762     323.706 1
321.260278   3.855384   0.033967  0.000024  10183.050     7.195019   3.059851  10.633581   -4380.747 1
315.740260   1.197786   0.048128  0.000009  14428.411     2.698132   3.062205  10.641762    -334.849 1
321.505250   3.097389   0.042536  0.000083  12751.972    24.882774   3.065841  10.654397   -1932.523 1
319.320800  -0.388298   0.058077  0.000006  17411.047     1.798755   3.069898  10.668498    2507.651 1
321.099520   0.948413   0.049066  0.000008  14709.617     2.398340   3.073628  10.681460     -66.855 1
319.265900  -0.408216   0.056977  0.000008  17081.275     2.398340   3.074658  10.685039    2193.373 1
319.401771  -0.372235   0.051115  0.000005  15323.891     1.498962   3.077598  10.695255     518.558 1
318.601654  -0.512709   0.050789  0.000008  15226.159     2.398340   3.080274  10.704555     425.418 1
318.011952  -0.483270   0.034295  0.000008  10281.382     2.398340   3.084642  10.719733   -4287.035 1
320.919417   4.467028   0.049114  0.000008  14724.007     2.398340   3.088903  10.734541     -53.142 1
319.314340  -0.409874   0.057742  0.000025  17310.616     7.494811   3.088921  10.734605    2411.939 1
320.663000   4.762222   0.063710  0.000012  19099.777     3.597509   3.093513  10.750565    4117.039 1
321.144347   0.979060   0.049488  0.000010  14836.129     2.997925   3.095990  10.759170      53.713 1
315.982664   0.733774   0.049026  0.000015  14697.625     4.496887   3.097276  10.763642     -78.284 1
316.133880   0.543630   0.048089  0.000018  14416.720     5.396264   3.097411  10.764111    -345.991 1
319.255280  -0.442715   0.057905  0.000009  17359.482     2.698132   3.105382  10.791808    2458.510 1
318.024690  -0.513108   0.034517  0.000005  10347.936     1.498962   3.112237  10.815632   -4223.608 1
317.415000  -0.358440   0.050942  0.000007  15272.027     2.098547   3.112280  10.815782     469.131 1
321.222040   1.072066   0.049499  0.000013  14839.427     3.897302   3.117289  10.833190      56.856 1
319.346880  -0.431806   0.043230  0.000013  12960.028     3.897302   3.118890  10.838752   -1734.242 1
318.552824  -0.553979   0.051000  0.000008  15289.415     2.398340   3.120041  10.842753     485.702 1
316.558535   0.097788   0.050593  0.000011  15167.400     3.297717   3.127989  10.870375     369.419 1
318.690441  -0.560087   0.060651  0.000015  18182.712     4.496887   3.132236  10.885133    3243.061 1
319.320180  -0.454347   0.058109  0.000010  17420.640     2.997925   3.133331  10.888939    2516.794 1
315.798610   0.918798   0.058506  0.000024  17539.658     7.195019   3.146734  10.935517    2630.220 1
320.970330   0.621802   0.062686  0.000009  18792.790     2.698132   3.154674  10.963111    3824.475 1
321.133356   4.287061   0.033681  0.000006  10097.310     1.798755   3.158373  10.975965   -4462.459 1
318.861250  -0.570528   0.043695  0.000008  13099.431     2.398340   3.158504  10.976419   -1601.388 1
320.875167   4.635111   0.033514  0.000017  10047.244     5.096472   3.161587  10.987132   -4510.172 1
319.298581  -0.489648   0.057831  0.000007  17337.298     2.098547   3.161736  10.987650    2437.367 1
320.769167   4.753167   0.063730  0.000009  19105.773     2.698132   3.162807  10.991374    4122.753 1
316.597950   0.019263   0.050395  0.000029  15108.041     8.693981   3.166727  11.004996     312.849 1
315.980053   0.621437   0.048781  0.000006  14624.176     1.798755   3.167060  11.006154    -148.282 1
320.228390  -0.079746   0.062281  0.000007  18671.374     2.098547   3.168085  11.009714    3708.764 1
320.901333   4.616000   0.048632  0.000010  14579.507     2.997925   3.168991  11.012865    -190.852 1
315.742210   0.969607   0.057836  0.000007  17338.797     2.098547   3.169000  11.012895    2438.796 1
317.706480  -0.507479   0.051511  0.000015  15442.609     4.496887   3.169146  11.013401     631.698 1
317.707110  -0.507951   0.051343  0.000019  15392.244     5.696057   3.169449  11.014457     583.700 1
319.291397  -0.507867   0.057958  0.000009  17375.371     2.698132   3.177511  11.042472    2473.652 1
318.648240  -0.615424   0.044761  0.000009  13419.010     2.698132   3.184989  11.068461   -1296.825 1
315.986192   0.571070   0.051953  0.000013  15575.118     3.897302   3.193429  11.097790     757.981 1
321.178740   0.844417   0.048756  0.000011  14616.681     3.297717   3.195983  11.106668    -155.425 1
321.390570   1.205186   0.049628  0.000007  14878.100     2.098547   3.207399  11.146338      93.712 1
321.238629   0.909382   0.049560  0.000027  14857.714     8.094396   3.212596  11.164400      74.284 1
320.470130   0.030562   0.062255  0.000009  18663.579     2.698132   3.219616  11.188796    3701.335 1
319.473346  -0.499827   0.063875  0.000006  19149.243     1.798755   3.220851  11.193087    4164.181 1
321.710250   2.676694   0.042761  0.000018  12819.425     5.396264   3.226030  11.211087   -1868.239 1
321.704787   2.340015   0.050390  0.000120  15106.542    35.975095   3.226522  11.212794     311.421 1
319.279850  -0.567282   0.057722  0.000008  17304.620     2.398340   3.232149  11.232350    2406.225 1
315.564774   1.133662   0.048687  0.000014  14595.995     4.197094   3.247767  11.286625    -175.138 1
320.426965  -0.039389   0.050735  0.000013  15209.970     3.897302   3.249012  11.290953     409.990 1
319.695070  -0.457035   0.035372  0.000008  10604.259     2.398340   3.255883  11.314832   -3979.328 1
316.076280   0.368370   0.047662  0.000014  14288.708     4.197094   3.256790  11.317981    -467.988 1
320.620180   0.104992   0.062440  0.000007  18719.041     2.098547   3.257574  11.320708    3754.191 1
319.288940  -0.591312   0.051272  0.000007  15370.959     2.098547   3.257676  11.321063     563.414 1
318.661570  -0.688363   0.056714  0.000022  17002.429     6.595434   3.258535  11.324046    2118.232 1
320.618380   0.100380   0.062215  0.000008  18651.588     2.398340   3.259882  11.328727    3689.907 1
315.993090   0.456077   0.051607  0.000016  15471.389     4.796679   3.261215  11.333360     659.126 1
321.287970   0.896780   0.049043  0.000013  14702.722     3.897302   3.261363  11.333876     -73.427 1
315.988080   0.457910   0.051484  0.000007  15434.515     2.098547   3.263850  11.342517     623.984 1
319.012760  -0.660197   0.057428  0.000005  17216.481     1.498962   3.268621  11.359096    2322.227 1
321.277036   0.862002   0.063310  0.000120  18979.861    35.975095   3.269963  11.363761    4002.756 1
319.707520  -0.469985   0.063732  0.000010  19106.373     2.997925   3.272537  11.372707    4123.325 1
315.945436   0.476804   0.051571  0.000005  15460.597     1.498962   3.284449  11.414104     648.841 1
316.008020   0.401708   0.051324  0.000013  15386.548     3.897302   3.285400  11.417409     578.271 1
315.945498   0.472855   0.051871  0.000006  15550.535     1.798755   3.286914  11.422670     734.553 1
319.090872  -0.669031   0.061455  0.000026  18423.746     7.794604   3.290843  11.436322    3472.770 1
316.005200   0.396114   0.051112  0.000011  15322.992     3.297717   3.291205  11.437581     517.701 1
315.665384   0.857183   0.062319  0.000010  18682.766     2.997925   3.292438  11.441865    3719.621 1
321.778200   2.688400   0.051883  0.000012  15554.132     3.597509   3.294289  11.448300     737.981 1
315.573590   1.014143   0.047980  0.000008  14384.042     2.398340   3.294422  11.448759    -377.133 1
316.283230   0.110720   0.050993  0.000014  15287.317     4.197094   3.294505  11.449050     483.702 1
315.671690   0.819768   0.033304  0.000017   9984.288     5.096472   3.306651  11.491258   -4570.171 1
315.495246   1.140842   0.047606  0.000071  14271.920    21.285265   3.307156  11.493013    -483.988 1
315.904400   0.491151   0.033421  0.000011  10019.364     3.297717   3.307175  11.493080   -4536.743 1
319.863970  -0.441794   0.051303  0.000010  15380.252     2.997925   3.308474  11.497594     572.271 1
319.864650  -0.441536   0.051379  0.000011  15403.037     3.297717   3.308523  11.497764     593.985 1
319.870680  -0.443292   0.050621  0.000005  15175.794     1.498962   3.312635  11.512056     377.419 1
315.590050   0.941077   0.050804  0.000006  15230.656     1.798755   3.315103  11.520633     429.703 1
315.491780   1.128956   0.048311  0.000013  14483.273     3.897302   3.315413  11.521709    -282.564 1
316.284340   0.079523   0.054649  0.000006  16383.358     1.798755   3.317079  11.527500    1528.247 1
317.646120  -0.645076   0.033853  0.000005  10148.874     1.498962   3.317409  11.528644   -4413.318 1
317.656200  -0.652534   0.033755  0.000005  10119.494     1.498962   3.322109  11.544978   -4441.317 1
321.236086   0.696207   0.049799  0.000006  14929.365     1.798755   3.325391  11.556386     142.568 1
317.513791  -0.618133   0.059296  0.000012  17776.494     3.597509   3.327376  11.563281    2855.928 1
316.271200   0.068299   0.054244  0.000016  16261.942     4.796679   3.334183  11.586938    1412.536 1
321.440200   1.013158   0.050128  0.000010  15027.996     2.997925   3.337233  11.597539     236.565 1
315.811980   0.560189   0.063920  0.000012  19162.734     3.597509   3.337659  11.599017    4177.038 1
317.509067  -0.629105   0.059355  0.000029  17794.181     8.693981   3.339246  11.604534    2872.785 1
317.668060  -0.678516   0.046839  0.000014  14041.979     4.197094   3.344378  11.622367    -703.125 1
315.903158   0.433552   0.063692  0.000006  19094.381     1.798755   3.344556  11.622986    4111.897 1
315.868320   0.472468   0.052314  0.000014  15683.343     4.197094   3.346976  11.631397     861.121 1
319.091510  -0.730260   0.061039  0.000018  18299.032     5.396264   3.351154  11.645917    3353.916 1
319.204335  -0.713342   0.060503  0.000006  18138.343     1.798755   3.356899  11.665882    3200.777 1
320.444200  -0.160738   0.050273  0.000014  15071.466     4.197094   3.357101  11.666583     277.993 1
321.307461   0.744982   0.049556  0.000012  14856.515     3.597509   3.357915  11.669411      73.141 1
317.617970  -0.680233   0.059631  0.000009  17876.924     2.698132   3.358568  11.671680    2951.640 1
319.276410  -0.703001   0.060673  0.000006  18189.308     1.798755   3.363041  11.687224    3249.347 1
319.617320  -0.610640   0.051213  0.000014  15353.271     4.197094   3.372058  11.718562     546.558 1
318.998410  -0.774028   0.061423  0.000011  18414.152     3.297717   3.378785  11.741938    3463.627 1
316.933838  -0.440181   0.062416  0.000007  18711.846     2.098547   3.380475  11.747813    3747.334 1
319.143710  -0.751489   0.060428  0.000021  18115.859     6.295642   3.381825  11.752503    3179.349 1
319.135725  -0.753718   0.061692  0.000035  18494.796    10.492736   3.382464  11.754724    3540.482 1
321.028080   0.326125   0.061983  0.000011  18582.036     3.297717   3.388027  11.774058    3623.623 1
319.143570  -0.765099   0.061133  0.000018  18327.212     5.396264   3.395147  11.798799    3380.772 1
315.959880   0.290559   0.052681  0.000014  15793.366     4.197094   3.395185  11.798934     965.976 1
321.037001   0.321290   0.062635  0.000012  18777.501     3.597509   3.397912  11.808408    3809.904 1
319.149792  -0.770333   0.060545  0.000015  18150.934     4.496887   3.401493  11.820854    3212.776 1
321.053281   0.329035   0.062880  0.000011  18850.950     3.297717   3.405050  11.833214    3879.902 1
319.167090  -0.773718   0.059546  0.000013  17851.442     3.897302   3.408236  11.844287    2927.355 1
321.506810   0.975741   0.060500  0.000007  18137.444     2.098547   3.413545  11.862736    3199.919 1
315.949900   0.255000   0.051410  0.000333  15412.330    99.830889   3.426468  11.907645     602.842 1
315.949930   0.254746   0.058514  0.000010  17542.056     2.997925   3.426617  11.908164    2632.505 1
319.203830  -0.785200   0.060760  0.000015  18215.390     4.496887   3.427010  11.909532    3274.203 1
320.482540  -0.224011   0.050911  0.000014  15262.734     4.197094   3.430839  11.922836     460.274 1
315.481189   0.894934   0.047825  0.000006  14337.574     1.798755   3.432541  11.928750    -421.418 1
315.891160   0.304315   0.050771  0.000010  15220.763     2.997925   3.437394  11.945615     420.275 1
316.002289   0.178307   0.063465  0.000017  19026.328     5.096472   3.440755  11.957296    4047.041 1
316.192260  -0.005024   0.054291  0.000005  16276.032     1.498962   3.441370  11.959435    1425.964 1
320.187920  -0.427399   0.061864  0.000009  18546.361     2.698132   3.443452  11.966670    3589.624 1
319.148136  -0.819456   0.059472  0.000036  17829.257    10.792528   3.449359  11.987197    2906.213 1
315.972356   0.189926   0.051024  0.000012  15296.610     3.597509   3.454354  12.004556     492.559 1
321.250918   4.635575   0.048302  0.000013  14480.575     3.897302   3.454366  12.004596    -285.136 1
315.688290   0.530659   0.051973  0.000011  15581.113     3.297717   3.454553  12.005249     763.695 1
319.063947  -0.845673   0.061436  0.000016  18418.049     4.796679   3.459990  12.024141    3467.341 1
321.217208   4.692083   0.048035  0.000009  14400.531     2.698132   3.461892  12.030754    -361.419 1
315.943010   0.208617   0.054313  0.000017  16282.628     5.096472   3.462951  12.034432    1432.250 1
318.215306  -0.891213   0.058464  0.000007  17527.066     2.098547   3.466816  12.047864    2618.220 1
318.717680  -0.896248   0.043787  0.000012  13127.012     3.597509   3.469464  12.057067   -1575.103 1
320.333500  -0.371366   0.058121  0.000005  17424.237     1.498962   3.470117  12.059336    2520.222 1
317.827550  -0.842649   0.051950  0.000018  15574.218     5.396264   3.470247  12.059789     757.124 1
317.534000  -0.773007   0.033647  0.000013  10087.117     3.897302   3.470272  12.059874   -4472.173 1
317.244514  -0.701330   0.033807  0.000008  10135.084     2.398340   3.493035  12.138980   -4426.460 1
315.938960   0.164161   0.051148  0.000028  15333.785     8.394189   3.496297  12.150315     527.987 1
316.621110  -0.399092   0.048294  0.000017  14478.177     5.096472   3.499551  12.161624    -287.421 1
315.890332   0.210954   0.051960  0.000040  15577.216    11.991698   3.500121  12.163605     759.981 1
321.106530   0.229752   0.033267  0.000006   9973.196     1.798755   3.510596  12.200008   -4580.742 1
319.261095  -0.867423   0.052543  0.000005  15751.995     1.498962   3.519632  12.231410     926.548 1
319.317836  -0.865139   0.062281  0.000010  18671.374     2.997925   3.530365  12.268710    3708.764 1
316.306730  -0.220497   0.054284  0.000007  16273.934     2.098547   3.533670  12.280196    1423.964 1
321.230350   0.328044   0.049319  0.000006  14785.464     1.798755   3.540979  12.305594       5.428 1
316.488520  -0.369959   0.033805  0.000007  10134.484     2.098547   3.547570  12.328499   -4427.031 1
315.208070   1.190120   0.056500  0.000016  16938.274     4.796679   3.548825  12.332861    2057.091 1
318.718342  -0.977763   0.043985  0.000007  13186.371     2.098547   3.550841  12.339867   -1518.533 1
321.679983   4.121792   0.062680  0.000120  18790.991    35.975095   3.552961  12.347234    3822.761 1
318.480117  -0.988218   0.056849  0.000007  17042.901     2.098547   3.553499  12.349105    2156.803 1
315.767627   0.266329   0.051705  0.000011  15500.769     3.297717   3.555723  12.356834     687.126 1
321.426883   0.558375   0.049788  0.000025  14926.067     7.494811   3.560517  12.373494     139.425 1
321.745270   1.131094   0.048113  0.000006  14423.915     1.798755   3.560697  12.374118    -339.134 1
321.707791   4.088571   0.062610  0.000120  18770.006    35.975095   3.563627  12.384302    3802.761 1
322.014994   2.044089   0.037816  0.000087  11336.952    26.081944   3.566829  12.395427   -3281.060 1
319.648440  -0.823509   0.061469  0.000006  18427.943     1.798755   3.583243  12.452470    3476.770 1
321.309708   4.772944   0.057363  0.000012  17196.995     3.597509   3.584489  12.456800    2303.656 1
318.298850  -1.014533   0.046194  0.000014  13848.613     4.197094   3.584532  12.456951    -887.406 1
319.628730  -0.831928   0.057633  0.000007  17277.939     2.098547   3.584870  12.458126    2380.797 1
315.213329   1.081782   0.060057  0.000007  18004.636     2.098547   3.587410  12.466952    3073.351 1
316.451290  -0.396109   0.034013  0.000006  10196.841     1.798755   3.590130  12.476406   -4367.604 1
320.592380  -0.345467   0.058319  0.000017  17483.596     5.096472   3.593522  12.488191    2576.792 1
320.034480  -0.679772   0.057971  0.000005  17379.269     1.498962   3.596235  12.497622    2477.366 1
316.187010  -0.215845   0.047659  0.000006  14287.809     1.798755   3.604893  12.527709    -468.845 1
315.793120   0.160433   0.049827  0.000041  14937.759    12.291491   3.606073  12.531811     150.568 1
317.912329  -1.007686   0.052137  0.000005  15630.279     1.498962   3.618148  12.573773     810.551 1
318.198792  -1.042167   0.060911  0.000010  18260.658     2.997925   3.618596  12.575328    3317.345 1
318.199070  -1.042461   0.060911  0.000010  18260.658     2.997925   3.618867  12.576271    3317.345 1
321.780440   1.062811   0.048508  0.000010  14542.333     2.997925   3.620681  12.582577    -226.280 1
318.199247  -1.045100   0.060025  0.000010  17995.042     2.997925   3.621484  12.585366    3064.209 1
315.626578   0.331679   0.050896  0.000018  15258.237     5.396264   3.623708  12.593096     455.989 1
321.061160   0.012136   0.063077  0.000005  18910.009     1.498962   3.626651  12.603324    3936.187 1
318.691075  -1.056119   0.044089  0.000013  13217.550     3.897302   3.627365  12.605803   -1488.820 1
321.593637   0.691416   0.050820  0.000120  15235.453    35.975095   3.628857  12.610989     434.275 1
321.443208   4.677361   0.064382  0.000018  19301.238     5.396264   3.634102  12.629215    4309.034 1
315.102386   1.217025   0.058023  0.000005  17394.858     1.498962   3.636322  12.636932    2492.223 1
315.635650   0.282217   0.050405  0.000055  15111.039    16.488585   3.647331  12.675190     315.706 1
315.566310   0.370872   0.051172  0.000023  15340.980     6.895227   3.647594  12.676103     534.844 1
319.466250  -0.947778   0.061529  0.000007  18445.930     2.098547   3.647821  12.676891    3493.912 1
321.243039   0.177056   0.062217  0.000012  18652.187     3.597509   3.647830  12.676924    3690.479 1
315.689358   0.210063   0.050261  0.000027  15067.869     8.094396   3.651759  12.690579     274.565 1
321.774200   0.974247   0.049781  0.000005  14923.968     1.498962   3.652708  12.693875     137.425 1
315.174900   1.007643   0.048674  0.000009  14592.098     2.698132   3.653388  12.696237    -178.853 1
318.832990  -1.074540   0.052038  0.000010  15600.600     2.997925   3.656583  12.707342     782.266 1
320.681931  -0.358829   0.062117  0.000030  18622.208     8.993774   3.657379  12.710107    3661.908 1
320.452970  -0.518578   0.058214  0.000012  17452.118     3.597509   3.658352  12.713490    2546.793 1
319.475860  -0.956913   0.061280  0.000005  18371.282     1.498962   3.659210  12.716471    3422.771 1
321.485660   0.469614   0.050060  0.000010  15007.610     2.997925   3.659271  12.716681     217.137 1
321.484770   0.467550   0.049905  0.000009  14961.143     2.698132   3.659724  12.718259     172.853 1
315.605780   0.296504   0.052239  0.000018  15660.858     5.396264   3.661781  12.725405     839.693 1
315.684116   0.195983   0.052828  0.000007  15837.436     2.098547   3.664850  12.736070    1007.975 1
315.606678   0.271223   0.054674  0.000016  16390.853     4.796679   3.676797  12.777589    1535.390 1
321.129250  -0.004872   0.062991  0.000006  18884.227     1.798755   3.687108  12.813423    3911.616 1
315.394780   0.545208   0.057870  0.000008  17348.990     2.398340   3.687565  12.815009    2448.510 1
316.707803  -0.668802   0.054294  0.000005  16276.932     1.498962   3.688357  12.817763    1426.821 1
321.158380   0.020205   0.062821  0.000006  18833.262     1.798755   3.690692  12.825877    3863.046 1
321.837230   0.998527   0.052026  0.000018  15597.002     5.396264   3.699140  12.855236     778.838 1
317.951230  -1.095671   0.052335  0.000011  15689.638     3.297717   3.699281  12.855725     867.121 1
320.754786  -0.357228   0.062164  0.000007  18636.298     2.098547   3.700288  12.859226    3675.336 1
315.838100  -0.029978   0.054408  0.000008  16311.108     2.398340   3.703562  12.870603    1459.392 1
321.326015   0.184735   0.062621  0.000012  18773.304     3.597509   3.705948  12.878893    3805.904 1
321.745270   0.798411   0.060599  0.000006  18167.123     1.798755   3.707222  12.883324    3228.205 1
315.576050   0.253629   0.050934  0.000016  15269.629     4.796679   3.711689  12.898847     466.845 1
321.501655   0.390738   0.050570  0.000120  15160.505    35.975095   3.717956  12.920626     362.848 1
319.120057  -1.098825   0.060734  0.000015  18207.595     4.496887   3.718979  12.924182    3266.775 1
315.358010   0.536301   0.033425  0.000006  10020.563     1.798755   3.723197  12.938837   -4535.600 1
321.799440   0.855901   0.048170  0.000011  14441.003     3.297717   3.728178  12.956149    -322.849 1
321.312913   0.129790   0.062870  0.000120  18847.952    35.975095   3.731553  12.967876    3877.045 1
315.533810   0.274784   0.051430  0.000029  15418.326     8.693981   3.731774  12.968646     608.556 1
315.426510   0.412956   0.051678  0.000027  15492.675     8.094396   3.735688  12.982247     679.411 1
315.599542   0.186556   0.051202  0.000013  15349.973     3.897302   3.735704  12.982302     543.415 1
316.205214  -0.404922   0.063324  0.000008  18984.058     2.398340   3.741605  13.002809    4006.756 1
315.479622   0.326436   0.051693  0.000022  15497.172     6.595434   3.743540  13.009534     683.697 1
315.657417   0.100722   0.049891  0.000008  14956.946     2.398340   3.747194  13.022233     168.853 1
318.714491  -1.179538   0.043334  0.000006  12991.206     1.798755   3.751957  13.038786   -1704.529 1
321.467040   0.285281   0.050729  0.000007  15208.172     2.098547   3.753077  13.042678     408.275 1
321.838339   0.869672   0.052020  0.000010  15595.204     2.997925   3.756519  13.054639     777.123 1
316.066417  -0.318806   0.047520  0.000017  14246.138     5.096472   3.761076  13.070475    -508.559 1
321.676407   4.558134   0.057210  0.000130  17151.127    38.973020   3.761577  13.072216    2259.943 1
315.585590   0.162402   0.051222  0.000007  15355.969     2.098547   3.761844  13.073144     549.129 1
318.637410  -1.194346   0.040193  0.000013  12049.558     3.897302   3.762793  13.076442   -2601.935 1
318.801223  -1.187355   0.060827  0.000042  18235.476    12.591283   3.766084  13.087879    3293.346 1
315.610590   0.117311   0.051759  0.000029  15516.958     8.693981   3.771770  13.107638     702.554 1
319.565543  -1.049561   0.052851  0.000005  15844.331     1.498962   3.773171  13.112509    1014.546 1
321.952630   1.070679   0.047864  0.000018  14349.266     5.396264   3.774741  13.117965    -410.275 1
318.094790  -1.192573   0.060616  0.000018  18172.220     5.396264   3.777803  13.128604    3233.062 1
321.913390   0.975224   0.048116  0.000011  14424.814     3.297717   3.777949  13.129111    -338.277 1
321.352460   0.103171   0.033454  0.000007  10029.257     2.098547   3.778863  13.132287   -4527.315 1
316.048650  -0.327674   0.051681  0.000006  15493.574     1.798755   3.779277  13.133727     680.269 1
315.527210   0.202326   0.050391  0.000014  15106.842     4.197094   3.781827  13.142588     311.706 1
315.798987  -0.102716   0.054335  0.000010  16289.223     2.997925   3.782488  13.144886    1438.535 1
321.991267   1.141880   0.048340  0.000013  14491.967     3.897302   3.782853  13.146156    -274.279 1
321.438590   0.199222   0.063524  0.000011  19044.016     3.297717   3.783751  13.149276    4063.898 1
316.070125  -0.355778   0.047120  0.000009  14126.221     2.698132   3.787143  13.161062    -622.841 1
315.518272   0.204369   0.050762  0.000063  15218.065    18.886925   3.787529  13.162403     417.704 1
315.425570   0.313035   0.050739  0.000018  15211.170     5.396264   3.794893  13.187995     411.133 1
315.398608   0.349731   0.051279  0.000025  15373.057     7.494811   3.795065  13.188594     565.414 1
320.238100  -0.810782   0.058145  0.000007  17431.432     2.098547   3.804250  13.220512    2527.079 1
321.150500  -0.149628   0.062308  0.000009  18679.468     2.698132   3.804275  13.220599    3716.478 1
315.240300   0.568932   0.057803  0.000020  17328.903     5.995849   3.805110  13.223502    2429.367 1
322.284833   2.799889   0.042269  0.000033  12671.927     9.893151   3.805352  13.224343   -2008.807 1
319.656440  -1.055337   0.061332  0.000013  18386.871     3.897302   3.805691  13.225520    3437.628 1
315.528060   0.153696   0.050546  0.000024  15153.310     7.195019   3.811743  13.246553     355.991 1
320.913125  -0.376444   0.062238  0.000013  18658.483     3.897302   3.814165  13.254970    3696.478 1
321.387260   0.084464   0.063328  0.000017  18985.257     5.096472   3.817434  13.266329    4007.899 1
321.904221   0.858391   0.049888  0.000008  14956.046     2.398340   3.820391  13.276608     167.996 1
320.965900  -0.341315   0.050970  0.000120  15280.422    35.975095   3.821149  13.279242     477.131 1
318.862850  -1.240475   0.043525  0.000006  13048.467     1.798755   3.824635  13.291357   -1649.958 1
321.590769   0.319635   0.063374  0.000120  18999.047    35.975095   3.831757  13.316105    4021.042 1
319.682268  -1.075806   0.060573  0.000010  18159.329     2.997925   3.833156  13.320967    3220.776 1
316.590370  -0.771222   0.048686  0.000014  14595.696     4.197094   3.834942  13.327173    -175.424 1
321.890766   0.798673   0.060403  0.000017  18108.364     5.096472   3.835508  13.329139    3172.206 1
319.655338  -1.093850   0.061295  0.000023  18375.779     6.895227   3.842013  13.351748    3427.057 1
315.587348   0.028399   0.052952  0.000006  15874.610     1.798755   3.847499  13.370812    1043.402 1
321.707387   0.451891   0.063060  0.000053  18904.912    15.889000   3.852640  13.388679    3931.330 1
321.561917   4.885694   0.048620  0.000007  14575.909     2.098547   3.853001  13.389931    -194.281 1
320.822750  -0.498250   0.050637  0.000007  15180.591     2.098547   3.853453  13.391503     381.990 1
321.917390   0.806656   0.052073  0.000005  15611.093     1.498962   3.855487  13.398573     792.266 1
320.398083  -0.785639   0.058155  0.000006  17434.430     1.798755   3.858652  13.409572    2529.936 1
322.111940   1.242516   0.048915  0.000016  14664.348     4.796679   3.859168  13.411366    -109.997 1
322.111233   1.227732   0.049268  0.000019  14770.175     5.696057   3.863598  13.426760      -9.143 1
319.036070  -1.259925   0.041606  0.000012  12473.165     3.597509   3.864915  13.431335   -2198.230 1
315.443948   0.170145   0.050604  0.000022  15170.698     6.595434   3.866971  13.438479     372.562 1
321.007914  -0.366323   0.061798  0.000017  18526.574     5.096472   3.867450  13.440146    3570.767 1
322.004689   4.192575   0.053604  0.000077  16070.075    23.084019   3.876360  13.471111    1229.683 1
317.564494  -1.205470   0.032698  0.000007   9802.614     2.098547   3.880767  13.486425   -4743.309 1
322.129670   1.221348   0.049351  0.000057  14795.058    17.088170   3.883088  13.494490      14.571 1
315.796170  -0.244003   0.054556  0.000007  16355.477     2.098547   3.885381  13.502458    1501.677 1
319.650722  -1.142188   0.061388  0.000025  18403.659     7.494811   3.886692  13.507014    3453.627 1
316.532917  -0.799083   0.034752  0.000007  10418.388     2.098547   3.887646  13.510332   -4156.467 1
321.649990   0.305057   0.062111  0.000009  18620.409     2.698132   3.888304  13.512618    3660.194 1
321.826427   4.556098   0.053290  0.000012  15975.940     3.597509   3.888453  13.513136    1139.971 1
321.688458   0.355333   0.062671  0.000007  18788.293     2.098547   3.890864  13.521512    3820.190 1
321.689495   0.354433   0.063051  0.000056  18902.214    16.788378   3.892227  13.526252    3928.758 1
322.119164   1.164314   0.049685  0.000013  14895.188     3.897302   3.893400  13.530326     109.997 1
321.651530   0.296445   0.062900  0.000034  18856.946    10.192944   3.894567  13.534382    3885.617 1
321.762159   0.450534   0.051325  0.000005  15386.848     1.498962   3.899241  13.550627     578.557 1
321.666140   0.308357   0.063006  0.000015  18888.724     4.496887   3.899533  13.551640    3915.901 1
322.001327   0.871433   0.048576  0.000008  14562.718     2.398340   3.901740  13.559311    -206.852 1
322.156690   1.230170   0.049408  0.000015  14812.146     4.496887   3.905399  13.572026      30.856 1
321.665630   0.294484   0.063619  0.000027  19072.496     8.094396   3.907164  13.578159    4091.040 1
322.222518   1.411452   0.049780  0.000010  14923.669     2.997925   3.909984  13.587958     137.139 1
321.655610   0.274748   0.063764  0.000013  19115.966     3.897302   3.910550  13.589925    4132.467 1
322.163060   1.230728   0.049961  0.000033  14977.931     9.893151   3.911189  13.592148     188.852 1
321.600375   0.197333   0.063003  0.000036  18887.824    10.792528   3.912326  13.596097    3915.044 1
320.938745  -0.500965   0.051170  0.000008  15340.380     2.398340   3.926946  13.646905     534.272 1
315.296739   0.254229   0.051432  0.000036  15418.926    10.792528   3.933485  13.669631     609.128 1
320.846680  -0.588444   0.050948  0.000019  15273.826     5.696057   3.939821  13.691650     470.845 1
321.818591   0.461115   0.063351  0.000005  18992.152     1.498962   3.941064  13.695970    4014.470 1
315.555562  -0.076707   0.051546  0.000010  15453.102     2.997925   3.941103  13.696105     641.698 1
321.822170   0.461440   0.063397  0.000055  19005.942    16.488585   3.943915  13.705875    4027.613 1
320.912290  -0.547927   0.051490  0.000009  15436.314     2.698132   3.947420  13.718056     625.699 1
322.212292   1.258306   0.049609  0.000010  14872.404     2.997925   3.948241  13.720911      88.283 1
320.913210  -0.548883   0.050923  0.000010  15266.331     2.997925   3.948739  13.722640     463.703 1
317.089595  -1.137008   0.058893  0.000014  17655.677     4.197094   3.955297  13.745431    2740.788 1
318.289231  -1.388102   0.044781  0.000150  13425.006    44.968869   3.958114  13.755220   -1291.110 1
315.260440   0.261253   0.051901  0.000046  15559.528    13.790453   3.958794  13.757584     743.124 1
319.929940  -1.129141   0.062333  0.000024  18686.963     7.195019   3.967171  13.786696    3723.621 1
321.998792   4.414833   0.058709  0.000012  17600.515     3.597509   3.969573  13.795043    2688.218 1
322.204220   1.168571   0.048384  0.000012  14505.158     3.597509   3.971297  13.801036    -261.708 1
321.726232   0.261973   0.064311  0.000010  19279.953     2.997925   3.975335  13.815067    4288.749 1
321.694130   0.211542   0.063093  0.000015  18914.806     4.496887   3.978864  13.827331    3940.758 1
321.168210  -0.379628   0.062466  0.000005  18726.836     1.498962   3.983576  13.843705    3761.620 1
316.840565  -1.067799   0.052883  0.000005  15853.925     1.498962   3.986371  13.853421    1023.689 1
322.166250   4.156667   0.049364  0.000120  14798.955    35.975095   4.009031  13.932167      18.285 1
315.323400   0.088188   0.050743  0.000012  15212.369     3.597509   4.012292  13.943502     412.275 1
315.177030   0.283445   0.051252  0.000032  15364.963     9.593359   4.014190  13.950095     557.700 1
314.732981   1.116297   0.057976  0.000017  17380.768     5.096472   4.016634  13.958590    2478.795 1
315.769587  -0.404101   0.063487  0.000008  19032.924     2.398340   4.020522  13.972101    4053.327 1
322.240250   4.021639   0.053666  0.000014  16088.662     4.197094   4.026202  13.991841    1247.397 1
321.758750   4.916917   0.057402  0.000011  17208.687     3.297717   4.029867  14.004576    2314.799 1
314.724287   1.098067   0.048510  0.000030  14542.932     8.993774   4.031335  14.009677    -225.709 1
314.844375   0.818972   0.046638  0.000006  13981.721     1.798755   4.032618  14.014137    -760.552 1
321.935235   0.462050   0.053345  0.000007  15992.429     2.098547   4.039585  14.038349    1155.685 1
316.155258  -0.738949   0.045724  0.000333  13707.710    99.830889   4.040426  14.041270   -1021.689 1
315.137050   0.294419   0.050285  0.000015  15075.064     4.496887   4.040936  14.043043     281.421 1
315.131990   0.298589   0.050161  0.000025  15037.889     7.494811   4.042779  14.049447     245.994 1
321.833310   0.289216   0.049834  0.000110  14939.857    32.977170   4.047612  14.066243     152.568 1
314.733043   1.028137   0.048282  0.000011  14474.579     3.297717   4.049215  14.071815    -290.850 1
315.526010  -0.205243   0.051389  0.000005  15406.035     1.498962   4.049882  14.074131     596.842 1
318.361958  -1.490194   0.044553  0.000009  13356.653     2.698132   4.057274  14.099820   -1356.252 1
316.357421  -0.892962   0.034966  0.000010  10482.543     2.997925   4.058090  14.102656   -4095.326 1
321.810230   0.235931   0.050305  0.000007  15081.060     2.098547   4.058910  14.105505     287.136 1
321.759551   0.162823   0.065525  0.000057  19643.901    17.088170   4.060378  14.110608    4635.598 1
315.517728  -0.218643   0.051575  0.000005  15461.796     1.498962   4.065085  14.126967     649.984 1
322.532881   2.071381   0.038043  0.000090  11405.004    26.981321   4.075947  14.164713   -3216.205 1
321.957150   0.416513   0.051429  0.000023  15418.026     6.895227   4.082078  14.186021     608.270 1
320.209998  -1.136484   0.061721  0.000006  18503.490     1.798755   4.084105  14.193064    3548.768 1
315.530820  -0.262497   0.050485  0.000014  15135.022     4.197094   4.085792  14.198928     338.563 1
315.454970  -0.181922   0.054593  0.000005  16366.570     1.498962   4.086217  14.200405    1512.248 1
319.677977  -1.345072   0.060232  0.000183  18057.099    54.862020   4.088542  14.208484    3123.350 1
320.205969  -1.144796   0.062054  0.000015  18603.321     4.496887   4.089945  14.213359    3643.908 1
322.580118   2.599221   0.058450  0.000100  17522.869    29.979246   4.093243  14.224820    2614.220 1
320.911620  -0.743991   0.062471  0.000007  18728.335     2.098547   4.103424  14.260202    3763.048 1
316.862646  -1.205616   0.056606  0.000010  16970.052     2.997925   4.103615  14.260864    2087.376 1
321.287110  -0.433970   0.061961  0.000006  18575.440     1.798755   4.104057  14.262402    3617.338 1
316.915085  -1.228195   0.059384  0.000016  17802.875     4.796679   4.104096  14.262537    2881.070 1
321.338260  -0.388217   0.064757  0.000005  19413.660     1.498962   4.106073  14.269407    4416.175 1
