316.817833 -25.468944   0.036845  0.000028  11045.853     8.394189   0.030679   0.083048    -186.379 0
316.841875 -25.455750   0.037986  0.000039  11387.916    11.691906   0.033379   0.090358     143.324 0
316.856875 -25.428556   0.038417  0.000070  11517.127    20.985472   0.043790   0.118539     267.865 0
316.803000 -25.511000   0.036282  0.000333  10877.070    99.830889   0.072132   0.195262    -349.063 0
316.733292 -25.412833   0.037773  0.000150  11324.061    44.968869   0.073942   0.200160      81.776 0
316.868000 -25.374694   0.038407  0.000150  11514.129    44.968869   0.083142   0.225065     264.976 0
316.903000 -25.418056   0.037960  0.000150  11380.122    44.968869   0.086745   0.234820     135.811 0
316.907000 -25.491000   0.038667  0.000333  11592.075    99.830889   0.101941   0.275954     340.105 0
316.781875 -25.539250   0.037339  0.000150  11193.951    44.968869   0.103250   0.279498     -43.633 0
316.811667 -25.332778   0.035471  0.000333  10633.938    99.830889   0.106366   0.287933    -583.409 0
316.881167 -25.531389   0.037833  0.000150  11342.048    44.968869   0.112529   0.304617      99.113 0
316.787792 -25.567750   0.037046  0.000150  11106.111    44.968869   0.130148   0.352311    -128.298 0
316.666917 -25.465500   0.037686  0.000023  11297.979     6.895227   0.131713   0.356548      56.636 0
316.847750 -25.571417   0.042496  0.000023  12739.980     6.895227   0.136649   0.369908    1446.531 1
316.776042 -25.586111   0.036202  0.000150  10853.087    44.968869   0.150112   0.406352    -372.180 0
316.796583 -25.252972   0.038700  0.000033  11601.968     9.893151   0.186542   0.504971     349.641 0
316.837083 -25.630556   0.040708  0.000023  12203.951     6.895227   0.193002   0.522456     929.871 1
316.633667 -25.555250   0.036232  0.000103  10862.080    30.878623   0.196946   0.533133    -363.511 0
316.884792 -25.643083   0.040948  0.000014  12275.902     4.197094   0.214896   0.581724     999.222 1
316.985000 -25.610250   0.039334  0.000103  11792.037    30.878623   0.233040   0.630840     532.841 0
316.570083 -25.570389   0.035595  0.000150  10671.113    44.968869   0.253174   0.685344    -547.578 0
317.096208 -25.389972   0.036642  0.000083  10984.995    24.882774   0.263252   0.712624    -245.038 0
316.531000 -25.520361   0.037266  0.000150  11172.066    44.968869   0.264564   0.716176     -64.727 0
316.530750 -25.349056   0.036952  0.000083  11077.931    24.882774   0.267625   0.724461    -155.460 0
316.625083 -25.675500   0.037002  0.000150  11092.921    44.968869   0.289311   0.783165    -141.012 0
316.993708 -25.192833   0.037606  0.000103  11273.995    30.878623   0.297050   0.804114      33.519 0
316.452958 -25.357028   0.040018  0.000150  11997.095    44.968869   0.332555   0.900227     730.489 1
316.413534 -25.550936   0.040598  0.000023  12170.974     6.895227   0.374921   1.014912     898.086 1
317.143083 -25.209278   0.036912  0.000103  11065.939    30.878623   0.378687   1.025108    -167.019 0
316.437667 -25.241389   0.038363  0.000150  11500.938    44.968869   0.389928   1.055537     252.262 0
317.213333 -25.587222   0.047896  0.000103  14358.860    30.878623   0.393333   1.064754    3006.911 1
316.432750 -25.237833   0.039544  0.000150  11854.993    44.968869   0.395560   1.070781     593.523 1
316.607958 -25.053000   0.038213  0.000103  11455.969    30.878623   0.426997   1.155882     208.918 0
317.279417 -25.556500   0.029330  0.000030   8792.913     8.993774   0.440009   1.191106   -2357.908 1
316.338458 -25.568833   0.037473  0.000023  11234.123     6.895227   0.444981   1.204565      -4.912 0
316.307667 -25.551083   0.037423  0.000150  11219.133    44.968869   0.467079   1.264385     -19.360 0
317.317840 -25.560964   0.029607  0.000023   8875.955     6.895227   0.474666   1.284923   -2277.867 1
316.616833 -24.952389   0.036235  0.000150  10862.980    44.968869   0.517000   1.399521    -362.644 0
317.004833 -24.944611   0.038256  0.000150  11468.860    44.968869   0.524941   1.421017     221.343 0
316.304958 -25.168083   0.039511  0.000150  11845.100    44.968869   0.530398   1.435788     583.987 1
317.101792 -25.981167   0.038113  0.000150  11425.990    44.968869   0.602762   1.631677     180.022 0
317.474125 -25.244056   0.038233  0.000150  11461.965    44.968869   0.630817   1.707623     214.697 0
316.099042 -25.679806   0.038023  0.000150  11399.009    44.968869   0.685500   1.855651     154.015 0
316.528083 -26.081000   0.039664  0.000150  11890.968    44.968869   0.690453   1.869057     628.198 1
317.492958 -25.129028   0.029280  0.000083   8777.923    24.882774   0.690459   1.869074   -2372.356 1
316.615833 -26.113750   0.040645  0.000150  12185.064    44.968869   0.696992   1.886759     911.667 1
316.386167 -26.028111   0.033747  0.000103  10117.096    30.878623   0.702326   1.901198   -1081.575 1
316.656917 -26.128500   0.039697  0.000150  11900.861    44.968869   0.703061   1.903188     637.733 1
316.501792 -26.104333   0.039938  0.000017  11973.111     5.096472   0.721018   1.951798     707.373 1
317.550750 -25.718278   0.039124  0.000060  11729.080    17.987547   0.724988   1.962543     472.160 0
316.504000 -26.121000   0.039973  0.000333  11983.604    99.830889   0.735672   1.991467     717.486 1
316.471083 -26.121833   0.040441  0.000150  12123.907    44.968869   0.748099   2.025106     852.719 1
316.656375 -24.697083   0.037072  0.000150  11113.906    44.968869   0.754875   2.043448    -120.785 0
317.018417 -24.700778   0.047916  0.000150  14364.855    44.968869   0.762004   2.062746    3012.690 1
316.836875 -24.669667   0.048257  0.000150  14467.085    44.968869   0.769852   2.083991    3111.226 1
316.514708 -26.174583   0.039964  0.000031  11980.906     9.293566   0.782247   2.117545     714.885 1
316.912417 -24.656611   0.037176  0.000027  11145.084     8.094396   0.787986   2.133079     -90.733 0
316.752090 -24.620316   0.037733  0.000023  11312.069     6.895227   0.820473   2.221022      70.217 0
317.434750 -26.087611   0.028797  0.000110   8633.123    32.977170   0.859654   2.327085   -2511.924 1
317.096208 -24.611056   0.039934  0.000150  11971.912    44.968869   0.867521   2.348382     706.217 1
315.825333 -25.691583   0.037829  0.000036  11340.849    10.792528   0.924181   2.501760      97.957 0
317.048250 -24.531583   0.035952  0.000150  10778.138    44.968869   0.932740   2.524928    -444.420 0
317.770875 -25.084222   0.049377  0.000073  14802.852    21.884849   0.937638   2.538189    3434.860 1
316.629690 -24.488520   0.034671  0.000023  10394.104     6.895227   0.964428   2.610708    -814.576 1
317.041458 -26.403667   0.034801  0.000028  10433.077     8.394189   0.986958   2.671697    -777.012 1
316.157667 -24.636528   0.047676  0.000150  14292.905    44.968869   0.995489   2.694792    2943.340 1
315.794167 -25.031778   0.037072  0.000150  11113.906    44.968869   1.003568   2.716662    -120.785 0
316.385333 -24.473417   0.035895  0.000150  10761.050    44.968869   1.039011   2.812606    -460.890 0
316.607208 -24.412667   0.037226  0.000030  11160.074     8.993774   1.042643   2.822438     -76.285 0
317.730917 -24.785944   0.048577  0.000150  14563.018    44.968869   1.057605   2.862939    3203.693 1
316.131792 -26.309444   0.040335  0.000150  12092.129    44.968869   1.064115   2.880561     822.089 1
316.597947 -24.365032   0.036949  0.000023  11077.032     6.895227   1.091007   2.953358    -156.327 0
315.917042 -26.196111   0.040615  0.000103  12176.071    30.878623   1.105894   2.993658     902.998 1
317.210583 -24.382306   0.035615  0.000150  10677.108    44.968869   1.117075   3.023924    -541.799 0
316.782958 -26.556889   0.038026  0.000083  11399.908    24.882774   1.118021   3.026486     154.882 0
316.542958 -24.346806   0.047409  0.000103  14212.861    30.878623   1.118592   3.028032    2866.188 1
315.864000 -24.692639   0.047003  0.000150  14091.145    44.968869   1.134355   3.070702    2748.870 1
316.532333 -24.332056   0.048267  0.000150  14470.083    44.968869   1.135080   3.072664    3114.115 1
315.952833 -26.288083   0.037423  0.000150  11219.133    44.968869   1.148752   3.109676     -19.360 0
315.956042 -26.294750   0.037536  0.000150  11253.010    44.968869   1.151746   3.117780      13.292 0
317.946333 -24.887139   0.037346  0.000113  11196.049    33.876548   1.165345   3.154591     -41.610 0
315.905667 -24.602833   0.047933  0.000150  14369.952    44.968869   1.168780   3.163889    3017.603 1
315.705708 -26.308917   0.038230  0.000150  11461.066    44.968869   1.323123   3.581697     213.830 1
316.308333 -26.743472   0.033310  0.000150   9986.087    44.968869   1.380721   3.737615   -1207.850 1
315.599167 -24.589889   0.047366  0.000150  14199.970    44.968869   1.384359   3.747464    2853.763 1
316.786875 -24.044417   0.038307  0.000103  11484.150    30.878623   1.394868   3.775911     236.080 1
317.575500 -24.226083   0.038367  0.000150  11502.137    44.968869   1.396273   3.779714     253.417 1
316.763167 -24.035333   0.037823  0.000150  11339.050    44.968869   1.404430   3.801795      96.223 1
317.020792 -24.038389   0.034988  0.000150  10489.139    44.968869   1.413639   3.826724    -722.976 1
315.472708 -24.619833   0.037766  0.000103  11321.962    30.878623   1.459187   3.950023      79.753 1
316.283917 -26.821222   0.033687  0.000150  10099.109    44.968869   1.461409   3.956038   -1098.912 1
315.483958 -24.590417   0.036542  0.000150  10955.016    44.968869   1.467604   3.972809    -273.933 1
315.905625 -26.668722   0.040138  0.000150  12033.070    44.968869   1.476011   3.995565     765.164 1
317.135875 -23.959028   0.035058  0.000103  10510.124    30.878623   1.509106   4.085154    -702.749 1
316.940875 -26.960806   0.037566  0.000150  11262.003    44.968869   1.526270   4.131618      21.961 1
317.270333 -26.908167   0.028533  0.000120   8553.978    35.975095   1.526764   4.132955   -2588.209 1
316.831500 -23.896611   0.037596  0.000150  11270.997    44.968869   1.542644   4.175942      30.630 1
315.450958 -24.498722   0.028640  0.000113   8586.056    33.876548   1.546016   4.185069   -2557.290 1
315.127833 -25.822028   0.043774  0.000150  13123.115    44.968869   1.566423   4.240310    1815.821 1
315.743000 -26.713111   0.040505  0.000150  12143.094    44.968869   1.597226   4.323695     871.213 1
315.472917 -26.516806   0.040715  0.000150  12206.050    44.968869   1.618303   4.380751     931.894 1
315.224042 -26.220639   0.043914  0.000150  13165.086    44.968869   1.631394   4.416187    1856.275 1
315.825333 -26.826861   0.038894  0.000150  11660.128    44.968869   1.648082   4.461361     405.699 1
318.586250 -25.018139   0.049031  0.000150  14699.124    44.968869   1.658513   4.489600    3334.880 1
318.186292 -24.323639   0.048951  0.000150  14675.141    44.968869   1.670151   4.521103    3311.763 1
315.063958 -26.001806   0.044204  0.000150  13252.026    44.968869   1.673985   4.531482    1940.073 1
315.133917 -24.617333   0.048043  0.000150  14402.929    44.968869   1.722139   4.661834    3049.388 1
317.357958 -23.781444   0.034297  0.000113  10281.982    33.876548   1.730013   4.683149    -922.647 1
317.284750 -23.712861   0.038757  0.000150  11619.056    44.968869   1.778749   4.815078     366.112 1
317.445542 -23.720139   0.037556  0.000150  11259.006    44.968869   1.812321   4.905957      19.071 1
318.797250 -25.180306   0.034324  0.000103  10290.076    30.878623   1.813301   4.908610    -914.845 1
317.333667 -27.193500   0.034504  0.000103  10344.039    30.878623   1.817029   4.918701    -862.833 1
317.113333 -27.288889   0.034374  0.000150  10305.066    44.968869   1.869954   5.061970    -900.397 1
315.451292 -24.013389   0.046966  0.000150  14080.053    44.968869   1.880903   5.091609    2738.179 1
318.899000 -25.393694   0.049377  0.000103  14802.852    30.878623   1.887166   5.108562    3434.860 1
315.172833 -26.618222   0.038393  0.000150  11509.932    44.968869   1.890907   5.118690     260.930 1
316.668042 -27.332361   0.029164  0.000150   8743.147    44.968869   1.897554   5.136684   -2405.876 1
317.424583 -27.253667   0.040188  0.000150  12048.059    44.968869   1.897562   5.136705     779.612 1
315.315167 -24.075833   0.047156  0.000150  14137.013    44.968869   1.918427   5.193187    2793.081 1
318.893708 -25.064528   0.034250  0.000150  10267.892    44.968869   1.918762   5.194093    -936.228 1
318.101917 -26.964444   0.037376  0.000083  11205.043    24.882774   1.920429   5.198605     -32.941 1
318.925417 -25.066667   0.033933  0.000103  10172.857    30.878623   1.946443   5.269026   -1027.828 1
317.792417 -23.690139   0.033887  0.000090  10159.067    26.981321   1.961204   5.308985   -1041.121 1
318.356125 -24.050028   0.021715  0.000150   6509.993    44.968869   1.969640   5.331821   -4558.334 1
319.036958 -25.435333   0.049394  0.000083  14807.949    24.882774   2.011204   5.444334    3439.772 1
317.702333 -23.584833   0.029384  0.000150   8809.102    44.968869   2.021886   5.473249   -2342.305 1
318.752000 -26.487917   0.054071  0.000103  16210.078    30.878623   2.043530   5.531842    4791.235 1
319.101542 -25.004139   0.048880  0.000150  14653.855    44.968869   2.114744   5.724616    3291.247 1
317.378125 -23.385944   0.034730  0.000333  10411.792    99.830889   2.116354   5.728976    -797.528 1
317.332083 -23.348500   0.035108  0.000150  10525.114    44.968869   2.143168   5.801561    -688.301 1
316.029208 -27.513222   0.037252  0.000150  11167.869    44.968869   2.190610   5.929987     -68.772 1
317.066667 -23.260444   0.038203  0.000150  11452.971    44.968869   2.190999   5.931039     206.028 1
318.280000 -27.193611   0.040228  0.000150  12060.051    44.968869   2.200185   5.955907     791.171 1
317.648708 -23.370806   0.035565  0.000150  10662.119    44.968869   2.202692   5.962693    -556.247 1
314.919042 -26.834306   0.029110  0.000150   8726.958    44.968869   2.204972   5.968866   -2421.480 1
314.846208 -24.120528   0.045395  0.000150  13609.079    44.968869   2.209759   5.981823    2284.224 1
317.698417 -23.375250   0.033193  0.000150   9951.011    44.968869   2.214389   5.994355   -1241.658 1
317.812167 -23.382167   0.032969  0.000150   9883.858    44.968869   2.247314   6.083484   -1306.385 1
318.446542 -27.201139   0.037219  0.000150  11157.975    44.968869   2.299836   6.225661     -78.308 1
317.707917 -23.284944   0.035201  0.000103  10552.994    30.878623   2.301798   6.230974    -661.428 1
318.033458 -23.412472   0.033333  0.000150   9992.982    44.968869   2.308325   6.248643   -1201.204 1
316.867250 -23.106056   0.036922  0.000150  11068.937    44.968869   2.333651   6.317200    -164.129 1
317.620250 -23.213361   0.035281  0.000150  10576.978    44.968869   2.343003   6.342514    -638.311 1
317.893792 -23.310361   0.032560  0.000333   9761.242    99.830889   2.343044   6.342625   -1424.570 1
315.257375 -23.560861   0.041662  0.000150  12489.953    44.968869   2.343776   6.344606    1205.538 1
314.983542 -23.772472   0.040515  0.000150  12146.091    44.968869   2.344702   6.347115     874.102 1
317.782792 -23.236250   0.035081  0.000150  10517.019    44.968869   2.371642   6.420040    -696.103 1
315.917083 -23.195722   0.042366  0.000150  12701.007    44.968869   2.383864   6.453125    1408.966 1
318.846833 -23.920833   0.047433  0.000150  14220.056    44.968869   2.385167   6.456654    2873.123 1
315.185833 -23.549667   0.046662  0.000150  13988.916    44.968869   2.391815   6.474648    2650.335 1
314.147417 -25.115889   0.043954  0.000150  13177.078    44.968869   2.425893   6.566898    1867.833 1
317.932000 -23.234000   0.033604  0.000333  10074.226    99.830889   2.426836   6.569452   -1122.896 1
316.846750 -23.011333   0.038357  0.000150  11499.139    44.968869   2.428027   6.572675     250.528 1
315.376042 -27.495833   0.037446  0.000150  11226.028    44.968869   2.430315   6.578868     -12.714 1
316.350792 -27.848861   0.034154  0.000150  10239.112    44.968869   2.445123   6.618954    -963.968 1
317.880000 -23.188056   0.033566  0.000333  10062.834    99.830889   2.449756   6.631495   -1133.877 1
318.191667 -23.326639   0.033330  0.000113   9992.083    33.876548   2.453527   6.641703   -1202.071 1
319.378583 -24.634444   0.025664  0.000150   7693.874    44.968869   2.455308   6.646526   -3417.234 1
317.903625 -23.180917   0.033783  0.000130  10127.889    38.973020   2.464789   6.672191   -1071.172 1
318.542583 -27.355222   0.036749  0.000150  11017.073    44.968869   2.473838   6.696686    -214.119 1
317.913417 -23.171611   0.036595  0.000137  10970.905    41.071567   2.476863   6.704874    -258.619 1
317.918188 -23.162029   0.035631  0.000333  10681.905    99.830889   2.487369   6.733313    -537.175 1
317.921518 -23.162573   0.036000  0.000333  10792.528    99.830889   2.488082   6.735245    -430.549 1
317.653042 -23.068667   0.028930  0.000150   8672.996    44.968869   2.489765   6.739800   -2473.492 1
317.894167 -23.147778   0.033346  0.000333   9996.879    99.830889   2.491818   6.745356   -1197.448 1
315.625405 -27.690293   0.041619  0.000374  12477.062    99.990000   2.492333   6.746751    1193.113 1
317.916250 -23.149722   0.033300  0.000333   9983.089    99.830889   2.497940   6.761928   -1210.740 1
317.990542 -23.160000   0.034484  0.000150  10338.043    44.968869   2.516210   6.811386    -868.612 1
315.538971 -27.679228   0.042349  0.000190  12695.911    56.960567   2.516960   6.813417    1404.054 1
315.613626 -27.745583   0.038076  0.000180  11414.898    53.962642   2.546877   6.894401     169.330 1
317.895125 -23.074250   0.036950  0.000333  11077.331    99.830889   2.559924   6.929722    -156.038 1
316.776792 -22.878083   0.037219  0.000103  11157.975    30.878623   2.561222   6.933233     -78.308 1
315.556623 -27.740112   0.037809  0.000123  11334.853    36.874472   2.564222   6.941354      92.178 1
318.199458 -23.191667   0.033240  0.000333   9965.101    99.830889   2.574077   6.968034   -1228.077 1
315.359524 -27.655316   0.035651  0.000143  10687.901    42.870321   2.574244   6.968484    -531.396 1
319.123917 -23.935722   0.030351  0.000103   9099.001    30.878623   2.574335   6.968732   -2062.881 1
315.500860 -27.733164   0.041662  0.000390  12489.953    99.990000   2.580662   6.985859    1205.538 1
314.672458 -23.723472   0.043734  0.000150  13111.123    44.968869   2.582417   6.990608    1804.262 1
318.625042 -23.440556   0.036946  0.000103  11076.132    30.878623   2.584831   6.997145    -157.194 1
318.634708 -23.444194   0.034974  0.000150  10484.941    44.968869   2.587570   7.004558    -727.022 1
315.457792 -27.720611   0.041078  0.000103  12314.875    30.878623   2.587632   7.004726    1036.786 1
318.027875 -23.095583   0.036028  0.000103  10800.923    30.878623   2.588845   7.008011    -422.459 1
315.483531 -27.736557   0.041816  0.000347  12536.121    99.990000   2.590876   7.013507    1250.038 1
318.636208 -23.440028   0.035108  0.000150  10525.114    44.968869   2.591645   7.015589    -688.301 1
317.867333 -23.028917   0.037516  0.000150  11247.014    44.968869   2.592512   7.017936       7.513 1
318.178917 -23.145889   0.037162  0.000150  11140.887    44.968869   2.605288   7.052522     -94.779 1
317.361484 -22.878570   0.038010  0.000100  11395.111    29.979246   2.608573   7.061413     150.259 1
315.481786 -27.765397   0.040024  0.000017  11998.893     5.096472   2.617205   7.084780     732.223 1
315.761736 -27.879883   0.042419  0.000173  12716.896    51.864095   2.617836   7.086487    1424.281 1
318.165708 -23.124083   0.037102  0.000150  11122.900    44.968869   2.618905   7.089382    -112.116 1
319.165792 -23.908611   0.047960  0.000150  14378.046    44.968869   2.620864   7.094686    3025.405 1
319.118708 -23.850917   0.036462  0.000150  10931.033    44.968869   2.621021   7.095109    -297.050 1
315.736250 -23.002639   0.041759  0.000150  12519.033    44.968869   2.622285   7.098533    1233.568 1
317.767292 -22.963417   0.034791  0.000150  10430.079    44.968869   2.622358   7.098728    -779.901 1
318.831292 -23.554639   0.035475  0.000150  10635.137    44.968869   2.623675   7.102294    -582.253 1
314.191000 -24.295972   0.043587  0.000150  13067.054    44.968869   2.626706   7.110499    1761.785 1
315.660792 -23.021194   0.034791  0.000150  10430.079    44.968869   2.631174   7.122593    -779.901 1
313.882875 -25.545500   0.039020  0.000150  11697.902    44.968869   2.645293   7.160815     442.108 1
317.695333 -22.916583   0.038670  0.000150  11592.974    44.968869   2.646261   7.163436     340.972 1
315.334988 -27.731762   0.035888  0.000137  10758.952    41.071567   2.651403   7.177355    -462.913 1
315.687667 -22.988694   0.035104  0.000103  10523.914    30.878623   2.651701   7.178162    -689.457 1
318.184917 -23.091389   0.034711  0.000150  10406.096    44.968869   2.655916   7.189571    -803.018 1
314.804083 -27.389083   0.037499  0.000150  11241.917    44.968869   2.661389   7.204386       2.601 1
318.695625 -27.487389   0.041525  0.000103  12448.882    30.878623   2.663727   7.210715    1165.951 1
318.071250 -23.030528   0.035264  0.000150  10571.881    44.968869   2.664390   7.212511    -643.224 1
314.011542 -24.571139   0.036685  0.000150  10997.886    44.968869   2.671881   7.232788    -232.612 1
315.977783 -28.019619   0.035751  0.000167  10717.880    50.065340   2.687651   7.275477    -502.500 1
315.889136 -27.996171   0.040294  0.000130  12079.837    38.973020   2.688811   7.278618     810.242 1
315.971387 -28.021502   0.035421  0.000167  10618.949    50.065340   2.691078   7.284754    -597.857 1
315.515689 -27.871003   0.042119  0.000022  12626.959     6.595434   2.698102   7.303768    1337.593 1
319.037917 -23.636389   0.021467  0.000055   6435.645    16.488585   2.701535   7.313061   -4629.996 1
317.810625 -22.890917   0.046069  0.000150  13811.139    44.968869   2.703737   7.319023    2478.982 1
315.867033 -28.010913   0.037062  0.000157  11110.908    47.067416   2.709041   7.333380    -123.675 1
315.940712 -28.035329   0.032843  0.000022   9846.084     6.595434   2.712235   7.342026   -1342.794 1
317.532375 -22.800639   0.037943  0.000103  11375.025    30.878623   2.717976   7.357568     130.899 1
315.650380 -27.947775   0.039017  0.000077  11697.002    23.084019   2.718373   7.358642     441.241 1
319.495333 -26.672278   0.034147  0.000083  10237.013    24.882774   2.720647   7.364797    -965.991 1
315.928702 -28.047008   0.040638  0.000294  12182.966    88.138983   2.726562   7.380809     909.644 1
315.175905 -27.732977   0.038420  0.000337  11518.026    99.990000   2.727418   7.383127     268.732 1
318.996458 -23.550889   0.036125  0.000150  10830.003    44.968869   2.732144   7.395920    -394.430 1
319.023792 -23.574611   0.037473  0.000150  11234.123    44.968869   2.733803   7.400411      -4.912 1
318.784292 -23.358472   0.035865  0.000083  10752.057    24.882774   2.740136   7.417555    -469.559 1
315.709997 -27.999252   0.035388  0.000073  10609.056    21.884849   2.746022   7.433488    -607.393 1
315.410360 -27.899437   0.038810  0.000019  11634.945     5.696057   2.765903   7.487307     381.426 1
319.791458 -24.716972   0.033503  0.000150  10043.947    44.968869   2.787708   7.546332   -1152.081 1
315.377879 -27.916688   0.039250  0.000067  11766.854    20.086095   2.794710   7.565286     508.568 1
318.803000 -23.292000   0.035292  0.000333  10580.275    99.830889   2.801768   7.584394    -635.133 1
315.504312 -27.984037   0.038757  0.000083  11619.056    24.882774   2.804713   7.592366     366.112 1
315.846536 -28.116816   0.040985  0.000110  12286.994    32.977170   2.815439   7.621400    1009.913 1
315.451530 -27.978612   0.038643  0.000173  11584.880    51.864095   2.820194   7.634271     333.170 1
315.712749 -28.081576   0.035408  0.000067  10615.051    20.086095   2.822057   7.639314    -601.613 1
315.763562 -28.120094   0.036986  0.000093  11088.124    27.880699   2.842576   7.694859    -145.636 1
313.667875 -25.676528   0.042116  0.000150  12626.059    44.968869   2.847222   7.707437    1336.726 1
315.392597 -27.988204   0.040138  0.000337  12033.070    99.990000   2.852313   7.721218     765.164 1
317.831042 -28.139667   0.040358  0.000150  12099.024    44.968869   2.853658   7.724858     828.735 1
313.645375 -25.661444   0.041559  0.000150  12459.075    44.968869   2.866261   7.758975    1175.776 1
319.380708 -27.125583   0.038113  0.000103  11425.990    30.878623   2.869503   7.767750     180.022 1
315.498083 -28.058920   0.036692  0.000036  10999.985    10.792528   2.875145   7.783025    -230.590 1
319.882792 -26.229417   0.040591  0.000150  12168.876    44.968869   2.885361   7.810680     896.063 1
315.407005 -28.031916   0.039661  0.000028  11890.069     8.394189   2.885709   7.811621     627.331 1
315.599159 -28.116607   0.036082  0.000213  10817.111    63.855794   2.892081   7.828870    -406.855 1
315.359491 -28.022235   0.041919  0.000083  12567.000    24.882774   2.896163   7.839920    1279.801 1
317.954958 -22.730278   0.034867  0.000103  10452.864    30.878623   2.899528   7.849031    -757.940 1
319.566417 -23.939500   0.030301  0.000103   9084.011    30.878623   2.906136   7.866918   -2077.329 1
315.193500 -27.988806   0.037423  0.000103  11219.133    30.878623   2.937905   7.952916     -19.360 1
315.901460 -28.264963   0.039487  0.000307  11837.905    92.036285   2.942481   7.965304     577.052 1
315.346674 -28.071446   0.037699  0.000193  11301.876    57.859944   2.945313   7.972969      60.393 1
314.235083 -27.247250   0.037653  0.000150  11288.085    44.968869   2.945397   7.973196      47.100 1
315.422859 -28.105267   0.036969  0.000080  11083.027    23.983397   2.945674   7.973947    -150.548 1
315.599008 -28.174855   0.036352  0.000080  10898.055    23.983397   2.946140   7.975207    -328.836 1
315.416000 -28.107000   0.039401  0.000333  11812.123    99.830889   2.949880   7.985333     552.201 1
315.427583 -28.122583   0.039450  0.000333  11826.812    99.830889   2.959554   8.011520     566.360 1
318.832792 -23.106861   0.035421  0.000103  10618.949    30.878623   2.962565   8.019670    -597.857 1
315.324373 -28.086450   0.040111  0.000100  12024.975    29.979246   2.967778   8.033782     757.363 1
315.509514 -28.178275   0.033800  0.000304  10132.985    91.136907   2.980223   8.067470   -1066.260 1
315.637581 -28.253698   0.036885  0.000087  11057.845    26.081944   3.007055   8.140105    -174.820 1
315.422147 -28.176511   0.039544  0.000073  11854.993    21.884849   3.010577   8.149640     593.523 1
315.374232 -28.161796   0.040655  0.000350  12188.062    99.990000   3.015551   8.163103     914.556 1
314.446625 -23.290222   0.035725  0.000150  10710.086    44.968869   3.028537   8.198258    -510.013 1
316.381389 -22.433304   0.033093  0.000183   9921.032    54.862020   3.030624   8.203906   -1270.554 1
315.846739 -28.342761   0.037309  0.000167  11184.957    50.065340   3.031080   8.205142     -52.302 1
315.856123 -28.348979   0.039284  0.000150  11777.047    44.968869   3.034622   8.214728     518.393 1
315.757042 -28.339222   0.039701  0.000019  11902.060     5.696057   3.051944   8.261620     638.889 1
319.514574 -27.269385   0.033089  0.000123   9919.833    36.874472   3.052159   8.262201   -1271.710 1
316.453246 -22.397008   0.039297  0.000150  11780.944    44.968869   3.059117   8.281037     522.150 1
315.497607 -28.260078   0.033233  0.000019   9963.003     5.696057   3.059726   8.282687   -1230.100 1
319.532208 -27.275361   0.034734  0.000103  10412.991    30.878623   3.068490   8.306409    -796.372 1
314.097375 -23.581833   0.041232  0.000150  12361.043    44.968869   3.073982   8.321277    1081.286 1
315.460022 -28.272307   0.036619  0.000167  10978.100    50.065340   3.084260   8.349100    -251.684 1
315.807917 -22.484111   0.044497  0.000150  13339.865    44.968869   3.090426   8.365791    2024.738 1
314.315750 -23.310861   0.036018  0.000150  10797.925    44.968869   3.098735   8.388284    -425.348 1
315.257629 -28.202808   0.039998  0.000207  11991.099    62.057039   3.098815   8.388499     724.710 1
315.292436 -28.224438   0.039644  0.000087  11884.972    26.081944   3.104118   8.402855     622.418 1
317.734825 -22.448184   0.026969  0.000183   8085.103    54.862020   3.105402   8.406331   -3040.142 1
315.048524 -28.111724   0.036158  0.000277  10839.896    83.042511   3.110067   8.418960    -384.894 1
318.934458 -22.989889   0.034867  0.000053  10452.864    15.889000   3.111263   8.422198    -757.940 1
315.411601 -28.302576   0.039744  0.000025  11914.951     7.494811   3.129473   8.471491     651.314 1
315.479109 -28.331764   0.038300  0.000093  11482.051    27.880699   3.132312   8.479176     234.057 1
314.525958 -27.801667   0.029007  0.000150   8696.080    44.968869   3.136106   8.489448   -2451.242 1
315.794977 -28.440688   0.039074  0.000183  11714.091    54.862020   3.138346   8.495510     457.712 1
320.148000 -26.329944   0.033853  0.000150  10148.874    44.968869   3.143385   8.509150   -1050.945 1
315.589692 -28.383668   0.033903  0.000467  10163.864    99.990000   3.143934   8.510636   -1036.497 1
316.936595 -22.289665   0.039024  0.000150  11699.101    44.968869   3.151546   8.531243     443.264 1
319.589750 -27.348056   0.037609  0.000150  11274.895    44.968869   3.153740   8.537182      34.386 1
319.592083 -27.346111   0.036972  0.000333  11083.927    99.830889   3.154241   8.538538    -149.681 1
318.436250 -22.629861   0.033510  0.000150  10046.045    44.968869   3.170045   8.581318   -1150.058 1
315.935125 -28.510833   0.039951  0.000083  11977.008    24.882774   3.171636   8.585625     711.129 1
315.512593 -28.398393   0.033563  0.000017  10061.934     5.096472   3.182692   8.615554   -1134.743 1
315.045708 -28.201444   0.038450  0.000103  11527.020    30.878623   3.188767   8.632000     277.401 1
319.085667 -22.991639   0.035905  0.000150  10764.048    44.968869   3.195936   8.651407    -458.001 1
319.276542 -23.121500   0.030144  0.000150   9036.944    44.968869   3.214563   8.701829   -2122.696 1
315.548475 -28.448809   0.036592  0.000127  10970.006    38.073642   3.218010   8.711161    -259.486 1
315.102838 -22.602722   0.044121  0.000103  13227.143    30.878623   3.228214   8.738782    1916.090 1
315.679419 -28.510250   0.040995  0.000294  12289.992    88.138983   3.236325   8.760741    1012.803 1
319.445083 -27.664111   0.042710  0.000183  12804.136    54.862020   3.257878   8.819083    1508.368 1
316.562625 -22.178139   0.039547  0.000150  11855.892    44.968869   3.268623   8.848171     594.389 1
315.365732 -28.439298   0.037506  0.000167  11244.016    50.065340   3.271331   8.855500       4.623 1
316.411792 -28.694250   0.033627  0.000083  10081.121    24.882774   3.274904   8.865172   -1116.250 1
317.855792 -22.295417   0.026825  0.000150   8041.933    44.968869   3.282549   8.885868   -3081.752 1
316.435542 -28.705583   0.033867  0.000150  10153.071    44.968869   3.283892   8.889503   -1046.900 1
314.651677 -22.772268   0.034911  0.000150  10466.055    44.968869   3.303081   8.941448    -745.226 1
315.087368 -28.372813   0.040922  0.000274  12268.107    82.143133   3.320527   8.988676     991.709 1
315.393114 -28.508315   0.033700  0.000197  10103.006    59.059114   3.325148   9.001185   -1095.156 1
315.134060 -28.406958   0.037853  0.000140  11348.044    41.970944   3.331369   9.018023     104.892 1
319.386333 -27.827056   0.037563  0.000103  11261.104    30.878623   3.334025   9.025213      21.094 1
315.271704 -28.487205   0.037789  0.000130  11328.857    38.973020   3.349631   9.067459      86.399 1
313.100542 -25.449222   0.041342  0.000150  12394.020    44.968869   3.349649   9.067507    1113.071 1
315.467917 -22.304750   0.044027  0.000113  13198.963    33.876548   3.360475   9.096813    1888.927 1
317.434833 -22.108056   0.038717  0.000150  11607.065    44.968869   3.378554   9.145753     354.553 1
315.125943 -28.461319   0.035725  0.000153  10710.086    45.868246   3.383176   9.158265    -510.013 1
316.234000 -28.794778   0.029234  0.000150   8764.133    44.968869   3.395697   9.192159   -2385.649 1
315.127764 -28.477896   0.040314  0.000167  12085.833    50.065340   3.397257   9.196382     816.021 1
315.131565 -28.481605   0.040288  0.000193  12078.039    57.859944   3.399043   9.201217     808.508 1
315.463583 -28.624083   0.037136  0.000150  11133.093    44.968869   3.409086   9.228403    -102.292 1
318.761917 -28.363194   0.054504  0.000113  16339.888    33.876548   3.414338   9.242621    4916.355 1
316.042083 -22.076917   0.025724  0.000150   7711.861    44.968869   3.432950   9.293004   -3399.896 1
318.076833 -22.194889   0.038233  0.000150  11461.965    44.968869   3.440091   9.312334     214.697 1
317.792645 -22.109809   0.033533  0.000150  10052.940    44.968869   3.445591   9.327224   -1143.412 1
318.667208 -28.455722   0.054398  0.000150  16308.110    44.968869   3.451544   9.343339    4885.725 1
312.976667 -25.309444   0.041215  0.000150  12355.946    44.968869   3.463926   9.376857    1076.374 1
319.406250 -22.876389   0.027376  0.000333   8207.118    99.830889   3.473500   9.402773   -2922.535 1
312.959292 -25.223444   0.040685  0.000077  12197.056    23.084019   3.483871   9.430848     923.225 1
319.368130 -22.816260   0.027682  0.000083   8298.855    24.882774   3.495249   9.461648   -2834.114 1
312.959042 -25.807556   0.041122  0.000150  12328.065    44.968869   3.496876   9.466053    1049.500 1
315.233417 -22.222056   0.045982  0.000150  13785.057    44.968869   3.517966   9.523143    2453.843 1
319.389583 -22.795000   0.035648  0.000333  10687.002    99.830889   3.524008   9.539498    -532.263 1
312.922208 -25.770889   0.040868  0.000150  12251.918    44.968869   3.526317   9.545749     976.105 1
316.329292 -21.939472   0.033587  0.000150  10069.129    44.968869   3.526459   9.546133   -1127.808 1
316.419875 -21.927111   0.028653  0.000150   8589.953    44.968869   3.529629   9.554716   -2553.534 1
319.404083 -22.792667   0.025981  0.000103   7788.908    30.878623   3.534424   9.567695   -3325.633 1
319.432917 -22.815278   0.026596  0.000333   7973.280    99.830889   3.534921   9.569040   -3147.923 1
319.464458 -22.838917   0.026292  0.000037   7882.143    11.092321   3.536654   9.573732   -3235.767 1
317.589208 -21.965583   0.038710  0.000150  11604.966    44.968869   3.544136   9.593985     352.530 1
315.402707 -22.108270   0.041559  0.000150  12459.075    44.968869   3.565006   9.650479    1175.776 1
312.858167 -25.521639   0.041302  0.000150  12382.028    44.968869   3.569462   9.662542    1101.513 1
319.442685 -22.772931   0.026900  0.000333   8064.417    99.830889   3.572331   9.670310   -3060.080 1
317.711625 -21.960194   0.038246  0.000150  11465.862    44.968869   3.572982   9.672070     218.453 1
319.336667 -22.664444   0.027012  0.000333   8097.994    99.830889   3.592454   9.724783   -3027.716 1
315.229410 -22.140013   0.046349  0.000103  13895.081    30.878623   3.594581   9.730539    2559.891 1
312.839250 -25.156694   0.041739  0.000150  12513.037    44.968869   3.596698   9.736269    1227.788 1
318.782083 -22.291917   0.038073  0.000150  11413.998    44.968869   3.616220   9.789118     168.463 1
319.237833 -28.326361   0.034394  0.000103  10311.062    30.878623   3.625409   9.813990    -894.618 1
320.425250 -27.112111   0.037179  0.000150  11145.984    44.968869   3.668562   9.930806     -89.866 1
312.768875 -25.015028   0.041615  0.000150  12475.863    44.968869   3.673705   9.944727    1191.957 1
315.117417 -28.820389   0.036195  0.000150  10850.988    44.968869   3.710612  10.044634    -374.202 1
318.977609 -22.273781   0.027696  0.000150   8303.052    44.968869   3.721782  10.074873   -2830.068 1
320.343042 -27.357444   0.049281  0.000103  14774.072    30.878623   3.722925  10.077966    3407.120 1
315.166667 -28.861472   0.037686  0.000150  11297.979    44.968869   3.730172  10.097586      56.636 1
317.926167 -21.847306   0.037643  0.000183  11285.087    54.862020   3.730615  10.098785      44.211 1
316.311667 -21.727222   0.028380  0.000333   8508.110    99.830889   3.739069  10.121668   -2632.420 1
315.164833 -28.871194   0.037893  0.000150  11360.036    44.968869   3.739752  10.123517     116.451 1
319.571192 -22.649521   0.035171  0.000150  10544.001    44.968869   3.741677  10.128728    -670.097 1
316.232325 -21.730618   0.028780  0.000077   8628.027    23.084019   3.745001  10.137727   -2516.836 1
315.150500 -28.883250   0.036805  0.000150  11033.861    44.968869   3.755964  10.167403    -197.937 1
312.692583 -24.897861   0.024740  0.000150   7416.865    44.968869   3.757230  10.170830   -3684.232 1
320.634917 -26.936972   0.049461  0.000103  14828.035    30.878623   3.764996  10.191854    3459.133 1
316.599734 -21.670139   0.028153  0.000077   8440.057    23.084019   3.773764  10.215588   -2698.014 1
317.767800 -21.755719   0.038423  0.000150  11518.926    44.968869   3.783638  10.242317     269.599 1
319.060388 -22.234609   0.027055  0.000097   8110.885    29.079868   3.794660  10.272153   -3015.291 1
320.474333 -27.312556   0.048914  0.000150  14664.048    44.968869   3.802709  10.293942    3301.072 1
315.149000 -28.959556   0.035955  0.000103  10779.038    30.878623   3.826586  10.358578    -443.553 1
318.023708 -29.109111   0.053797  0.000103  16127.935    30.878623   3.830195  10.368347    4712.060 1
319.139042 -22.215500   0.026845  0.000050   8047.929    14.989623   3.849160  10.419685   -3075.973 1
316.077292 -21.639361   0.029030  0.000150   8702.975    44.968869   3.856921  10.440694   -2444.596 1
320.077542 -27.941111   0.048550  0.000150  14554.924    44.968869   3.868807  10.472869    3195.891 1
317.613417 -29.253417   0.043123  0.000150  12927.950    44.968869   3.882704  10.510490    1627.708 1
319.175292 -22.188500   0.037676  0.000150  11294.981    44.968869   3.889681  10.529376      53.746 1
318.416583 -29.049028   0.053844  0.000150  16142.025    44.968869   3.890589  10.531835    4725.642 1
318.353625 -29.077306   0.053817  0.000150  16133.931    44.968869   3.896138  10.546856    4717.840 1
314.022792 -22.424194   0.037476  0.000150  11235.022    44.968869   3.927358  10.631368      -4.045 1
317.728875 -21.599083   0.038954  0.000183  11678.115    54.862020   3.928712  10.635033     423.037 1
317.384750 -29.338417   0.029224  0.000103   8761.135    30.878623   3.933699  10.648532   -2388.538 1
317.848500 -21.597250   0.038563  0.000150  11560.897    44.968869   3.954724  10.705448     310.053 1
315.723583 -21.605667   0.029460  0.000150   8831.886    44.968869   3.956974  10.711539   -2320.344 1
316.976542 -29.415472   0.045411  0.000150  13613.875    44.968869   3.979190  10.771678    2288.847 1
313.543625 -28.129833   0.035341  0.000103  10594.965    30.878623   3.992429  10.807516    -620.974 1
321.227708 -25.594972   0.042690  0.000150  12798.140    44.968869   3.992582  10.807930    1502.589 1
319.933208 -28.287833   0.048650  0.000150  14584.903    44.968869   4.008817  10.851878    3224.787 1
318.565500 -21.750278   0.033757  0.000150  10120.094    44.968869   4.015134  10.868977   -1078.685 1
319.115583 -22.006056   0.037886  0.000150  11357.937    44.968869   4.015167  10.869068     114.428 1
316.896917 -21.424694   0.040151  0.000150  12036.967    44.968869   4.015207  10.869176     768.921 1
312.373333 -25.786111   0.041415  0.000150  12415.905    44.968869   4.021331  10.885754    1134.166 1
319.745958 -22.404611   0.053327  0.000150  15987.032    44.968869   4.029707  10.908426    4576.250 1
313.008292 -27.569833   0.027919  0.000150   8369.906    44.968869   4.040416  10.937416   -2765.630 1
317.619000 -21.440611   0.038113  0.000150  11425.990    44.968869   4.064741  11.003264     180.022 1
313.263167 -27.948917   0.035061  0.000150  10511.023    44.968869   4.069005  11.014806    -701.882 1
321.292792 -24.932528   0.036372  0.000103  10904.051    30.878623   4.079888  11.044268    -323.057 1
315.785875 -29.437306   0.037950  0.000083  11377.124    24.882774   4.103707  11.108744     132.921 1
321.354625 -25.654722   0.037002  0.000150  11092.921    44.968869   4.109810  11.125265    -141.012 1
315.261792 -29.334722   0.033737  0.000040  10114.098    11.991698   4.138822  11.203801   -1084.465 1
318.302542 -29.361972   0.046849  0.000150  14044.977    44.968869   4.147983  11.228600    2704.371 1
319.809083 -22.295278   0.036745  0.000150  11015.874    44.968869   4.149648  11.233107    -215.275 1
319.807417 -22.293167   0.036745  0.000150  11015.874    44.968869   4.150266  11.234780    -215.275 1
312.543625 -26.991917   0.028169  0.000150   8444.854    44.968869   4.153710  11.244104   -2693.390 1
319.757875 -22.244028   0.027596  0.000183   8273.073    54.862020   4.158857  11.258036   -2858.964 1
320.309125 -22.728500   0.031735  0.000150   9513.914    44.968869   4.163322  11.270123   -1662.961 1
317.186833 -21.278444   0.029057  0.000150   8711.069    44.968869   4.174593  11.300634   -2436.794 1
319.343500 -28.936389   0.048350  0.000103  14494.965    30.878623   4.179217  11.313150    3138.099 1
319.558750 -22.062861   0.037956  0.000183  11378.923    54.862020   4.190646  11.344088     134.655 1
317.677238 -21.320606   0.042012  0.000150  12594.881    44.968869   4.192354  11.348712    1306.674 1
320.297167 -28.261000   0.047206  0.000103  14152.003    30.878623   4.228539  11.446666    2807.529 1
317.755295 -21.295362   0.038910  0.000150  11664.925    44.968869   4.230816  11.452829     410.322 1
316.234083 -21.233917   0.047810  0.000183  14333.077    54.862020   4.237232  11.470197    2982.061 1
314.531292 -29.144667   0.036298  0.000103  10881.867    30.878623   4.238483  11.473584    -344.440 1
318.393083 -29.437861   0.038066  0.000103  11411.900    30.878623   4.246650  11.495693     166.441 1
313.916208 -22.064111   0.034377  0.000080  10305.965    23.983397   4.268349  11.554431    -899.531 1
315.288042 -21.380611   0.047570  0.000150  14261.127    44.968869   4.284867  11.599147    2912.710 1
321.546792 -25.047306   0.036845  0.000103  11045.853    30.878623   4.295594  11.628183    -186.379 1
319.034667 -29.242028   0.048260  0.000150  14467.984    44.968869   4.301004  11.642828    3112.092 1
320.000667 -22.242444   0.036926  0.000150  11070.136    44.968869   4.303682  11.650077    -162.973 1
319.004333 -29.260833   0.047860  0.000150  14348.067    44.968869   4.304962  11.653541    2996.509 1
315.163257 -21.370052   0.042980  0.000150  12885.080    44.968869   4.332242  11.727389    1586.387 1
314.448667 -29.222833   0.029364  0.000103   8803.106    30.878623   4.343128  11.756858   -2348.084 1
314.620167 -21.565583   0.041916  0.000150  12566.101    44.968869   4.349055  11.772902    1278.934 1
319.630265 -21.887730   0.036969  0.000150  11083.027    44.968869   4.370305  11.830426    -150.548 1
318.937115 -21.510623   0.022319  0.000150   6691.068    44.968869   4.373049  11.837856   -4383.803 1
313.892250 -21.883944   0.042660  0.000150  12789.146    44.968869   4.425035  11.978580    1493.920 1
318.877417 -29.452861   0.047603  0.000103  14271.020    30.878623   4.426759  11.983248    2922.246 1
317.326500 -21.012861   0.039631  0.000150  11881.075    44.968869   4.450794  12.048310     618.662 1
312.017500 -26.502444   0.039737  0.000150  11912.853    44.968869   4.456380  12.063433     649.292 1
321.700208 -26.083000   0.053344  0.000150  15992.129    44.968869   4.462917  12.081128    4581.162 1
321.536458 -26.763750   0.053157  0.000083  15936.068    24.882774   4.469168  12.098049    4527.126 1
313.079875 -22.496583   0.024327  0.000150   7293.051    44.968869   4.472584  12.107297   -3803.572 1
314.844789 -21.314084   0.042119  0.000150  12626.959    44.968869   4.490532  12.155882    1337.593 1
314.857375 -21.290111   0.043290  0.000150  12978.016    44.968869   4.508107  12.203456    1675.964 1
320.461750 -22.343167   0.030558  0.000150   9161.058    44.968869   4.523361  12.244748   -2003.066 1
312.987167 -22.457083   0.023830  0.000083   7144.054    24.882774   4.561691  12.348508   -3947.185 1
317.560625 -29.950694   0.053347  0.000150  15993.028    44.968869   4.562225  12.349954    4582.029 1
313.405958 -22.065972   0.041896  0.000150  12560.105    44.968869   4.563620  12.353732    1273.155 1
313.540333 -21.955583   0.026055  0.000150   7811.092    44.968869   4.566428  12.361332   -3304.250 1
319.932125 -21.835833   0.027986  0.000150   8389.992    44.968869   4.575342  12.385462   -2746.270 1
317.463364 -20.898639   0.041152  0.000140  12337.059    41.970944   4.578687  12.394518    1058.169 1
314.047125 -29.285528   0.053270  0.000150  15969.944    44.968869   4.584642  12.410637    4559.779 1
315.582708 -20.983806   0.044084  0.000183  13216.051    54.862020   4.591065  12.428025    1905.398 1
319.778122 -21.698680   0.031432  0.000150   9423.077    44.968869   4.601746  12.456938   -1750.516 1
321.427500 -23.454861   0.032849  0.000150   9847.882    44.968869   4.617997  12.500930   -1341.060 1
320.760000 -22.501222   0.032212  0.000333   9656.915    99.830889   4.621264  12.509773   -1525.128 1
318.335759 -21.027074   0.022419  0.000183   6721.047    54.862020   4.622240  12.512414   -4354.907 1
312.903083 -28.438944   0.039090  0.000103  11718.887    30.878623   4.630906  12.535873     462.335 1
315.868583 -30.001361   0.038810  0.000150  11634.945    44.968869   4.640733  12.562475     381.426 1
318.036107 -20.931229   0.041802  0.000150  12531.924    44.968869   4.641928  12.565709    1245.993 1
318.815917 -21.154611   0.031098  0.000150   9322.946    44.968869   4.651771  12.592355   -1847.028 1
317.783208 -20.869389   0.041932  0.000150  12570.897    44.968869   4.653515  12.597077    1283.558 1
312.618197 -22.655028   0.042456  0.000150  12727.989    44.968869   4.698835  12.719759    1434.972 1
320.593340 -22.208831   0.035555  0.000150  10659.121    44.968869   4.701971  12.728247    -559.136 1
320.621167 -28.649194   0.034074  0.000080  10215.128    23.983397   4.706437  12.740335    -987.085 1
313.431625 -29.025639   0.053977  0.000150  16181.898    44.968869   4.708451  12.745789    4764.073 1
321.814667 -26.788389   0.038096  0.000083  11420.893    24.882774   4.716691  12.768095     175.109 1
318.852292 -21.094889   0.038760  0.000150  11619.956    44.968869   4.719576  12.775903     366.978 1
321.262375 -22.934222   0.035298  0.000150  10582.074    44.968869   4.737274  12.823813    -633.399 1
321.504708 -23.298111   0.043690  0.000103  13097.932    30.878623   4.749618  12.857228    1791.548 1
316.929458 -20.686667   0.028553  0.000150   8559.974    44.968869   4.753692  12.868255   -2582.430 1
311.692333 -24.285278   0.042106  0.000150  12623.061    44.968869   4.763176  12.893928    1333.836 1
315.723706 -20.771573   0.041946  0.000150  12575.094    44.968869   4.769494  12.911033    1287.603 1
319.665177 -21.425158   0.032232  0.000150   9662.911    44.968869   4.770816  12.914611   -1519.348 1
312.224375 -23.058083   0.042216  0.000150  12656.038    44.968869   4.776612  12.930300    1365.622 1
317.781101 -20.732720   0.039577  0.000150  11864.886    44.968869   4.787444  12.959624     603.058 1
311.816417 -23.815472   0.042159  0.000150  12638.950    44.968869   4.792664  12.973752    1349.151 1
316.435875 -20.626528   0.022042  0.000150   6608.025    44.968869   4.824436  13.059759   -4463.844 1
318.824958 -20.964778   0.039361  0.000150  11800.131    44.968869   4.830253  13.075507     540.643 1
312.039542 -23.249861   0.042102  0.000150  12621.862    44.968869   4.832154  13.080652    1332.681 1
313.503833 -21.635583   0.026999  0.000120   8094.097    35.975095   4.835272  13.089094   -3031.473 1
321.509583 -27.801111   0.035427  0.000038  10620.747    11.392113   4.857078  13.148122    -596.123 1
320.793708 -28.705389   0.034127  0.000183  10231.017    54.862020   4.859147  13.153722    -971.770 1
320.702282 -22.082433   0.035461  0.000150  10630.940    44.968869   4.860355  13.156994    -586.299 1
314.691625 -20.954389   0.028230  0.000150   8463.141    44.968869   4.875632  13.198347   -2675.764 1
318.618458 -30.054833   0.034364  0.000103  10302.068    30.878623   4.896151  13.253894    -903.287 1
318.115208 -20.679944   0.038780  0.000150  11625.952    44.968869   4.903007  13.272453     372.758 1
312.987634 -21.953623   0.047109  0.000183  14122.923    54.862020   4.905331  13.278742    2779.500 1
318.284592 -20.710991   0.047406  0.000150  14211.961    44.968869   4.912123  13.297129    2865.321 1
318.359655 -20.726497   0.032452  0.000150   9728.865    44.968869   4.916066  13.307803   -1455.777 1
313.952917 -29.641028   0.029254  0.000103   8770.129    30.878623   4.930704  13.347426   -2379.869 1
315.665743 -20.604759   0.043967  0.000150  13180.975    44.968869   4.943536  13.382164    1871.590 1
311.794625 -27.464611   0.041859  0.000150  12549.012    44.968869   4.961229  13.430058    1262.463 1
315.606764 -20.598072   0.048130  0.000183  14429.011    54.862020   4.961465  13.430698    3074.528 1
315.624740 -20.592472   0.047379  0.000183  14203.867    54.862020   4.963404  13.435947    2857.519 1
314.840500 -30.091389   0.042619  0.000103  12776.855    30.878623   4.980576  13.482430    1482.073 1
313.590458 -29.521833   0.038590  0.000103  11568.991    30.878623   5.012023  13.567559     317.855 1
312.768125 -21.984333   0.026008  0.000150   7797.002    44.968869   5.025616  13.604354   -3317.831 1
317.902083 -20.507806   0.039634  0.000150  11881.974    44.968869   5.029003  13.613524     619.529 1
314.948583 -30.179472   0.033083  0.000103   9918.034    30.878623   5.029497  13.614859   -1273.444 1
317.805542 -20.485861   0.029507  0.000150   8845.976    44.968869   5.034224  13.627656   -2306.763 1
314.671083 -20.783556   0.028440  0.000150   8526.098    44.968869   5.040294  13.644088   -2615.082 1
313.186583 -29.275306   0.053267  0.000150  15969.045    44.968869   5.042003  13.648715    4558.912 1
318.241357 -20.539145   0.031462  0.000133   9432.070    39.872397   5.067646  13.718130   -1741.847 1
319.190292 -20.840083   0.039294  0.000150  11780.045    44.968869   5.076644  13.742487     521.283 1
319.622500 -21.026528   0.038570  0.000150  11562.995    44.968869   5.091415  13.782474     312.076 1
317.957500 -20.437972   0.040078  0.000183  12015.082    54.862020   5.107419  13.825795     747.827 1
313.032833 -21.630333   0.034244  0.000150  10266.093    44.968869   5.112763  13.840262    -937.962 1
315.911777 -20.342996   0.042853  0.000150  12847.006    44.968869   5.160258  13.968831    1549.689 1
318.399833 -30.396722   0.046789  0.000150  14026.989    44.968869   5.161334  13.971745    2687.033 1
319.228375 -20.746333   0.049598  0.000150  14869.106    44.968869   5.176144  14.011833    3498.720 1
314.446792 -20.721833   0.027986  0.000150   8389.992    44.968869   5.177498  14.015499   -2746.270 1
320.690459 -21.616067   0.041716  0.000150  12506.142    44.968869   5.186184  14.039013    1221.142 1
318.387042 -20.406083   0.032292  0.000150   9680.898    44.968869   5.230698  14.159512   -1502.011 1
317.990375 -20.314444   0.031195  0.000150   9352.026    44.968869   5.234402  14.169540   -1818.999 1
