 20.096431  -0.078956   0.077410  0.000017  23206.934     5.096472   0.005769   0.030671    -164.079 0
 20.085741  -0.081109   0.081885  0.000026  24548.505     7.794604   0.011697   0.062192    1080.421 1
 20.055333  -0.078111   0.079406  0.000023  23805.320     6.895227   0.042059   0.223615     391.009 0
 20.137536  -0.060567   0.077128  0.000018  23122.393     5.396264   0.047291   0.251434    -242.504 0
 20.075924  -0.133917   0.075608  0.000028  22666.708     8.394189   0.053482   0.284350    -665.217 0
 20.160167  -0.083301   0.077405  0.000024  23205.435     7.195019   0.063312   0.336613    -165.470 0
 20.157835  -0.106772   0.077347  0.000025  23188.047     7.494811   0.064834   0.344706    -181.600 0
 20.139107  -0.146487   0.090330  0.000011  27080.253     3.297717   0.074837   0.397889    3428.981 1
 20.015576  -0.080563   0.079214  0.000007  23747.760     2.098547   0.081401   0.432787     337.614 0
 20.119613  -0.166275   0.089893  0.000010  26949.243     2.997925   0.084678   0.450213    3307.451 1
 20.116527  -0.167893   0.090739  0.000006  27202.868     1.798755   0.085476   0.454454    3542.724 1
 20.176655  -0.034590   0.078185  0.000019  23439.273     5.696057   0.094219   0.500942      51.449 0
 20.001109  -0.116526   0.077203  0.000025  23144.877     7.494811   0.100909   0.536512    -221.646 0
 20.025571  -0.167290   0.078039  0.000011  23395.504     3.297717   0.109103   0.580075      10.846 0
 20.086089  -0.193602   0.077840  0.000035  23335.845    10.492736   0.109426   0.581795     -44.496 0
 20.209363  -0.096391   0.076583  0.000025  22959.006     7.494811   0.113097   0.601310    -394.069 0
 19.966696  -0.041075   0.079532  0.000019  23843.094     5.696057   0.137293   0.729954     426.050 0
 19.980792  -0.168692   0.079890  0.000010  23950.419     2.997925   0.143275   0.761758     525.610 0
 19.968833  -0.161006   0.076796  0.000014  23022.862     4.197094   0.149047   0.792449    -334.833 0
 20.209350   0.030990   0.077912  0.000007  23357.430     2.098547   0.161361   0.857921     -24.473 0
 20.270699  -0.126245   0.077756  0.000009  23310.662     2.698132   0.178722   0.950221     -67.857 0
 20.131778  -0.262155   0.078666  0.000023  23583.474     6.895227   0.180848   0.961525     185.215 0
 19.972063  -0.228190   0.074113  0.000012  22218.518     3.597509   0.190169   1.011082   -1080.977 1
 20.287015  -0.061527   0.077160  0.000026  23131.986     7.794604   0.191552   1.018435    -233.605 0
 20.271100  -0.217999   0.088211  0.000008  26444.993     2.398340   0.219368   1.166326    2839.685 1
 20.086295   0.143404   0.078227  0.000016  23451.865     4.796679   0.228357   1.214121      63.129 0
 20.273757   0.061023   0.076052  0.000007  22799.816     2.098547   0.229186   1.218527    -541.740 0
 20.195051   0.124322   0.077428  0.000025  23212.330     7.494811   0.230939   1.227849    -159.074 0
 20.092095   0.147255   0.078527  0.000011  23541.802     3.297717   0.232012   1.233554     146.559 0
 19.871119  -0.144363   0.090092  0.000021  27008.902     6.295642   0.233501   1.241468    3362.793 1
 19.858772  -0.105022   0.090589  0.000009  27157.899     2.698132   0.238964   1.270514    3501.009 1
 20.270796   0.102907   0.077220  0.000022  23149.974     6.595434   0.255830   1.360191    -216.918 0
 19.941220   0.119239   0.090703  0.000035  27192.075    10.492736   0.256557   1.364054    3532.712 1
 20.357492  -0.090712   0.077434  0.000010  23214.129     2.997925   0.260690   1.386027    -157.405 0
 20.360858  -0.101138   0.076528  0.000021  22942.517     6.295642   0.264498   1.406271    -409.364 0
 19.910152   0.129945   0.091063  0.000018  27300.001     5.396264   0.284499   1.512616    3632.828 1
 19.829576   0.014188   0.077347  0.000014  23188.047     4.197094   0.285003   1.515296    -181.600 0
 19.798509  -0.037114   0.076309  0.000025  22876.863     7.494811   0.302134   1.606375    -470.268 0
 20.288311  -0.320832   0.092490  0.000038  27727.804    11.392113   0.303980   1.616189    4029.678 1
 19.981894  -0.366514   0.092238  0.000008  27652.257     2.398340   0.304359   1.618204    3959.596 1
 19.806323   0.021436   0.078276  0.000011  23466.554     3.297717   0.309329   1.644630      76.756 0
 20.404649  -0.009135   0.074598  0.000005  22363.918     1.498962   0.316920   1.684990    -946.098 1
 20.021747  -0.404709   0.093142  0.000014  27923.269     4.197094   0.328701   1.747625    4210.999 1
 20.411362   0.024103   0.076315  0.000025  22878.661     7.494811   0.332783   1.769327    -468.600 0
 20.371609   0.107997   0.078026  0.000008  23391.606     2.398340   0.335583   1.784217       7.231 0
 19.856873  -0.327089   0.077797  0.000031  23322.954     9.293566   0.341097   1.813535     -56.454 0
 19.790966  -0.240778   0.078884  0.000022  23648.828     6.595434   0.343417   1.825870     245.841 0
 20.307261   0.188357   0.078653  0.000009  23579.576     2.698132   0.344715   1.832768     181.600 0
 20.430787   0.054788   0.074399  0.000010  22304.259     2.997925   0.361882   1.924043   -1001.440 1
 20.425741   0.073357   0.078086  0.000010  23409.594     2.997925   0.364883   1.939999      23.917 0
 20.242303   0.256725   0.078180  0.000010  23437.774     2.997925   0.371116   1.973135      50.058 0
 20.004348   0.275086   0.077292  0.000020  23171.559     5.995849   0.371500   1.975178    -196.895 0
 20.213539  -0.438800   0.094050  0.000013  28195.481     3.897302   0.372817   1.982181    4463.515 1
 20.005820   0.278414   0.077316  0.000023  23178.754     6.895227   0.374363   1.990402    -190.221 0
 20.383228  -0.328439   0.093033  0.000015  27890.592     4.496887   0.376038   1.999308    4180.686 1
 20.472694  -0.054303   0.091295  0.000007  27369.552     2.098547   0.377051   2.004689    3697.348 1
 20.466840   0.009321   0.076952  0.000018  23069.629     5.396264   0.381731   2.029572    -291.449 0
 20.417444  -0.297497   0.074165  0.000006  22234.108     1.798755   0.384767   2.045718   -1066.516 1
 20.165575  -0.465596   0.073879  0.000007  22148.367     2.098547   0.387035   2.057773   -1146.053 1
 20.299927   0.246290   0.077782  0.000011  23318.457     3.297717   0.388319   2.064599     -60.626 0
 20.297375   0.248000   0.078076  0.000007  23406.596     2.098547   0.388454   2.065318      21.136 0
 19.768175  -0.292523   0.078091  0.000022  23411.093     6.595434   0.388880   2.067585      25.307 0
 20.394794  -0.336815   0.092332  0.000027  27680.437     8.094396   0.390277   2.075009    3985.738 1
 20.281385  -0.441716   0.089964  0.000011  26970.529     3.297717   0.401871   2.136652    3327.196 1
 19.699139  -0.146197   0.078131  0.000010  23423.085     2.997925   0.402457   2.139767      36.431 0
 20.290487   0.270797   0.077545  0.000006  23247.406     1.798755   0.404810   2.152278    -126.536 0
 20.500857  -0.011339   0.078038  0.000006  23395.204     1.798755   0.410594   2.183031      10.568 0
 20.166136  -0.492398   0.093447  0.000011  28014.706     3.297717   0.413532   2.198653    4295.820 1
 20.482193   0.066361   0.077431  0.000029  23213.230     8.693981   0.413877   2.200489    -158.239 0
 20.421192  -0.342487   0.076522  0.000017  22940.718     5.096472   0.414287   2.202668    -411.033 0
 20.508535  -0.020455   0.089714  0.000010  26895.581     2.997925   0.416648   2.215218    3257.671 1
 20.486213  -0.238141   0.074756  0.000008  22411.285     2.398340   0.418484   2.224979    -902.158 1
 20.285928  -0.459967   0.091292  0.000018  27368.653     5.396264   0.420193   2.234065    3696.513 1
 20.501538  -0.204867   0.093180  0.000009  27934.661     2.698132   0.422129   2.244363    4221.567 1
 20.506070  -0.191828   0.074900  0.000008  22454.455     2.398340   0.422987   2.248923    -862.112 1
 20.304540   0.284787   0.078337  0.000005  23484.842     1.498962   0.423855   2.253536      93.720 0
 20.167150  -0.510840   0.090818  0.000018  27226.551     5.396264   0.431888   2.296249    3564.694 1
 20.243365  -0.495342   0.092017  0.000027  27586.003     8.094396   0.435982   2.318016    3898.136 1
 19.660667  -0.120145   0.077363  0.000017  23192.844     5.096472   0.437641   2.326832    -177.150 0
 20.216018  -0.509602   0.094670  0.000036  28381.352    10.792528   0.441283   2.346199    4635.937 1
 20.340607  -0.453531   0.092214  0.000010  27645.062     2.997925   0.442083   2.350452    3952.922 1
 20.023162   0.355741   0.090680  0.000009  27185.180     2.698132   0.446574   2.374329    3526.316 1
 20.432582  -0.379474   0.076837  0.000009  23035.153     2.698132   0.446753   2.375283    -323.431 0
 19.946148   0.336508   0.077712  0.000031  23297.471     9.293566   0.447370   2.378563     -80.093 0
 20.514410  -0.246572   0.093427  0.000008  28008.710     2.398340   0.447815   2.380928    4290.258 1
 20.434452  -0.381591   0.077161  0.000010  23132.286     2.997925   0.449556   2.390181    -233.326 0
 20.252563  -0.507309   0.090254  0.000008  27057.469     2.398340   0.450368   2.394502    3407.845 1
 19.652120  -0.002962   0.077256  0.000010  23160.766     2.997925   0.452201   2.404245    -206.907 0
 19.644368  -0.095371   0.077171  0.000025  23135.284     7.494811   0.452628   2.406517    -230.545 0
 20.132225  -0.536000   0.092515  0.000022  27735.299     6.595434   0.452675   2.406765    4036.630 1
 20.187667  -0.528794   0.090876  0.000007  27243.939     2.098547   0.453273   2.409945    3580.823 1
 20.409147  -0.418841   0.092622  0.000040  27767.377    11.991698   0.457341   2.431576    4066.387 1
 19.643629  -0.160373   0.077787  0.000020  23319.956     5.995849   0.459514   2.443128     -59.235 0
 20.227047  -0.525913   0.092869  0.000020  27841.426     5.995849   0.460008   2.445756    4135.078 1
 19.635043  -0.083906   0.076883  0.000010  23048.944     2.997925   0.461828   2.455432    -310.638 0
 19.637124  -0.160115   0.078220  0.000012  23449.766     3.597509   0.465890   2.477025      61.182 0
 19.924555   0.348870   0.077247  0.000020  23158.068     5.995849   0.466565   2.480615    -209.410 0
 19.635355  -0.175010   0.077649  0.000007  23278.585     2.098547   0.470267   2.500299     -97.613 0
 19.631141  -0.162004   0.080406  0.000008  24105.112     2.398340   0.472100   2.510046     669.110 1
 20.557969  -0.203691   0.092995  0.000007  27879.200     2.098547   0.476201   2.531851    4170.119 1
 20.258934  -0.537265   0.090984  0.000012  27276.317     3.597509   0.480700   2.555767    3610.858 1
 20.278507  -0.530013   0.091367  0.000008  27391.138     2.398340   0.480924   2.556961    3717.371 1
 20.277746  -0.531467   0.091467  0.000020  27421.117     5.995849   0.481985   2.562600    3745.181 1
 19.615495  -0.044306   0.078064  0.000008  23402.998     2.398340   0.483068   2.568359      17.798 0
 20.588164  -0.102936   0.093326  0.000018  27978.431     5.396264   0.491630   2.613884    4262.170 1
 19.612205  -0.185221   0.077479  0.000020  23227.620     5.995849   0.494978   2.631683    -144.890 0
 20.598556  -0.071873   0.094026  0.000008  28188.286     2.398340   0.501849   2.668211    4456.840 1
 20.593960  -0.187534   0.093562  0.000008  28049.182     2.398340   0.507612   2.698855    4327.802 1
 19.736849   0.283680   0.091620  0.000033  27466.985     9.893151   0.515097   2.738652    3787.730 1
 20.611613  -0.011821   0.078381  0.000020  23498.033     5.995849   0.519876   2.764060     105.956 0
 19.722790  -0.451760   0.091448  0.000030  27415.421     8.993774   0.524083   2.786429    3739.897 1
 20.175054  -0.604949   0.093751  0.000010  28105.843     2.997925   0.526083   2.797059    4380.363 1
 20.357196  -0.542666   0.077143  0.000009  23126.890     2.698132   0.526777   2.800752    -238.332 0
 20.278696  -0.588344   0.094664  0.000017  28379.553     5.096472   0.535453   2.846876    4634.269 1
 19.674609  -0.416080   0.077011  0.000006  23087.317     1.798755   0.536761   2.853831    -275.042 0
 19.595939   0.118848   0.090456  0.000017  27118.027     5.096472   0.540710   2.874828    3464.021 1
 20.191626  -0.620054   0.093350  0.000005  27985.626     1.498962   0.543667   2.890550    4268.844 1
 19.742312  -0.497223   0.091836  0.000027  27531.740     8.094396   0.543949   2.892049    3847.800 1
 19.940615   0.437266   0.078461  0.000007  23522.016     2.098547   0.544860   2.896894     128.204 0
 20.525423   0.261070   0.074002  0.000027  22185.241     8.094396   0.550653   2.927693   -1111.846 1
 19.748353  -0.513128   0.092298  0.000020  27670.244     5.995849   0.552275   2.936319    3976.283 1
 20.233028  -0.620542   0.093045  0.000023  27894.189     6.895227   0.552862   2.939439    4184.024 1
 20.260536  -0.619932   0.092779  0.000017  27814.444     5.096472   0.559688   2.975731    4110.049 1
 20.628898   0.113529   0.089647  0.000006  26875.494     1.798755   0.567759   3.018640    3239.038 1
 20.577892   0.220893   0.090664  0.000013  27180.383     3.897302   0.569888   3.029962    3521.866 1
 20.592572  -0.368791   0.087178  0.000007  26135.307     2.098547   0.571334   3.037647    2552.407 1
 19.691346  -0.495553   0.076747  0.000018  23008.172     5.396264   0.577273   3.069223    -348.460 1
 19.757542   0.387786   0.078802  0.000022  23624.245     6.595434   0.581717   3.092852     223.037 0
 20.664590   0.045444   0.093875  0.000012  28143.017     3.597509   0.582446   3.096730    4414.847 1
 20.668076   0.047460   0.077284  0.000012  23169.160     3.597509   0.586296   3.117197    -199.120 0
 20.240358  -0.665425   0.062516  0.000008  18741.825     2.398340   0.598181   3.180389   -4306.110 1
 20.298917  -0.657056   0.091614  0.000007  27465.186     2.098547   0.606964   3.227083    3786.062 1
 20.236097  -0.683349   0.062002  0.000010  18587.732     2.997925   0.614618   3.267778   -4449.054 1
 19.726683   0.409229   0.077100  0.000012  23113.999     3.597509   0.617262   3.281838    -250.291 0
 19.766955   0.438284   0.075847  0.000022  22738.359     6.595434   0.618357   3.287657    -598.751 1
 19.631967  -0.494369   0.092567  0.000010  27750.888     2.997925   0.619643   3.294496    4051.092 1
 19.766819   0.441775   0.077548  0.000015  23248.306     4.496887   0.621384   3.303754    -125.701 0
 20.373652  -0.655464   0.092463  0.000006  27719.710     1.798755   0.634326   3.372564    4022.169 1
 20.706355  -0.276621   0.076516  0.000007  22938.920     2.098547   0.638984   3.397328    -412.701 1
 20.730310   0.000170   0.077853  0.000022  23339.742     6.595434   0.639100   3.397943     -40.881 0
 20.732334  -0.007978   0.093396  0.000031  27999.416     9.293566   0.640078   3.403144    4281.637 1
 19.475888  -0.278023   0.078048  0.000006  23398.202     1.798755   0.650377   3.457900      13.349 0
 19.912345   0.540724   0.077092  0.000020  23111.600     5.995849   0.652085   3.466983    -252.515 0
 20.547545   0.396084   0.078028  0.000012  23392.206     3.597509   0.658990   3.503694       7.787 0
 19.659845  -0.580945   0.077172  0.000007  23135.584     2.098547   0.661243   3.515674    -230.267 0
 19.498229   0.220876   0.076871  0.000010  23045.346     2.997925   0.672126   3.573535    -313.976 1
 20.774899  -0.062764   0.074131  0.000008  22223.915     2.398340   0.678382   3.606799   -1075.971 1
 19.475431  -0.363374   0.091874  0.000006  27543.132     1.798755   0.681059   3.621032    3858.368 1
 19.475161  -0.363177   0.091874  0.000006  27543.132     1.798755   0.681225   3.621913    3858.368 1
 19.787350  -0.693930   0.092314  0.000007  27675.041     2.098547   0.683341   3.633162    3980.732 1
 19.415595  -0.159664   0.071965  0.000008  21574.564     2.398340   0.685386   3.644038   -1678.337 1
 20.671829   0.296164   0.094109  0.000022  28213.168     6.595434   0.689666   3.666793    4479.923 1
 19.423070  -0.232842   0.073232  0.000007  21954.401     2.098547   0.689892   3.667992   -1325.984 1
 20.255217  -0.773523   0.092084  0.000007  27606.089     2.098547   0.706781   3.757789    3916.769 1
 19.386488  -0.082188   0.077468  0.000007  23224.322     2.098547   0.710387   3.776959    -147.950 0
 20.486471   0.510565   0.077850  0.000018  23338.843     5.396264   0.711434   3.782525     -41.715 0
 19.502237  -0.479365   0.091634  0.000011  27471.182     3.297717   0.713683   3.794483    3791.624 1
 20.748741  -0.387454   0.078091  0.000016  23411.093     4.796679   0.718741   3.821377      25.307 0
 20.815517  -0.068504   0.093306  0.000006  27972.435     1.798755   0.718828   3.821839    4256.608 1
 19.449833  -0.411036   0.076751  0.000019  23009.371     5.696057   0.724670   3.852902    -347.348 1
 19.652451   0.489352   0.078597  0.000007  23562.788     2.098547   0.725985   3.859889     166.026 0
 20.802425   0.092942   0.094236  0.000009  28251.242     2.698132   0.727575   3.868344    4515.242 1
 20.802697   0.093222   0.094236  0.000009  28251.242     2.698132   0.727907   3.870110    4515.242 1
 19.382419   0.069290   0.090588  0.000010  27157.599     2.997925   0.730860   3.885810    3500.730 1
 19.578643  -0.605454   0.088554  0.000200  26547.821    59.958492   0.734667   3.906054    2935.074 1
 19.433962   0.254324   0.076761  0.000016  23012.369     4.796679   0.744574   3.958724    -344.567 1
 20.811308  -0.329663   0.076940  0.000017  23066.032     5.096472   0.755263   4.015556    -294.787 0
 20.812343  -0.330242   0.076740  0.000007  23006.073     2.098547   0.756430   4.021760    -350.407 1
 20.772234  -0.426205   0.077529  0.000014  23242.609     4.197094   0.756792   4.023686    -130.985 0
 20.122378   0.672218   0.077335  0.000006  23184.450     1.798755   0.757356   4.026682    -184.937 0
 20.203270   0.669687   0.090069  0.000019  27002.007     5.696057   0.761861   4.050637    3356.396 1
 20.794041  -0.401698   0.076951  0.000010  23069.329     2.997925   0.765851   4.071849    -291.728 0
 19.624448   0.520301   0.093754  0.000014  28106.742     4.197094   0.767606   4.081181    4381.197 1
 20.520009  -0.726623   0.092290  0.000007  27667.846     2.098547   0.768830   4.087691    3974.058 1
 19.586376  -0.660751   0.077677  0.000017  23286.979     5.096472   0.769695   4.092287     -89.826 0
 20.025250   0.681755   0.078212  0.000016  23447.368     4.796679   0.769802   4.092856      58.957 0
 19.380000  -0.388460   0.091520  0.000035  27437.006    10.492736   0.778568   4.139463    3759.920 1
 19.559660   0.483182   0.078416  0.000007  23508.525     2.098547   0.781725   4.156249     115.690 0
 20.766928   0.318424   0.094240  0.000007  28252.441     2.098547   0.781979   4.157598    4516.354 1
 20.110240   0.697480   0.077240  0.000010  23155.969     2.997925   0.782302   4.159317    -211.356 0
 19.499067   0.423022   0.093658  0.000006  28077.962     1.798755   0.784320   4.170048    4354.499 1
 20.412974   0.639715   0.077916  0.000026  23358.629     7.794604   0.790386   4.202295     -23.360 0
 20.208284   0.700209   0.090188  0.000007  27037.682     2.098547   0.792785   4.215050    3389.490 1
 19.440201   0.359803   0.077525  0.000012  23241.410     3.597509   0.792972   4.216046    -132.098 0
 20.821081   0.278735   0.093891  0.000036  28147.814    10.792528   0.810290   4.308121    4419.297 1
 20.820555   0.295556   0.093819  0.000027  28126.229     8.094396   0.817507   4.346494    4399.274 1
 20.886566   0.146538   0.094571  0.000030  28351.673     8.993774   0.822856   4.374931    4608.405 1
 19.324561  -0.418839   0.091943  0.000017  27563.818     5.096472   0.841490   4.474003    3877.557 1
 19.325792   0.253583   0.078026  0.000022  23391.606     6.595434   0.842023   4.476837       7.231 0
 19.343825  -0.467477   0.091618  0.000030  27466.385     8.993774   0.844742   4.491295    3787.174 1
 20.867954   0.272706   0.078035  0.000007  23394.304     2.098547   0.849890   4.518664       9.734 0
 20.427919  -0.873240   0.084216  0.000007  25247.322     2.098547   0.855205   4.546923    1728.673 1
 19.361910   0.365363   0.077558  0.000008  23251.303     2.398340   0.861818   4.582084    -122.920 0
 19.432832  -0.638757   0.076950  0.000009  23069.030     2.698132   0.864822   4.598056    -292.006 0
 19.811266   0.737802   0.079544  0.000018  23846.691     5.396264   0.870685   4.629229     429.387 1
 20.915340  -0.395257   0.077905  0.000006  23355.331     1.798755   0.875403   4.654313     -26.420 0
 19.968209   0.783676   0.076318  0.000017  22879.561     5.096472   0.877864   4.667395    -467.765 1
 19.375283  -0.590048   0.092208  0.000006  27643.263     1.798755   0.880941   4.683755    3951.253 1
 20.141440  -0.974921   0.093031  0.000011  27889.992     3.297717   0.891328   4.738982    4180.130 1
 19.489200   0.569685   0.089783  0.000006  26916.266     1.798755   0.893025   4.748004    3276.859 1
 19.204182  -0.021983   0.090335  0.000003  27081.752     0.899377   0.894889   4.757915    3430.371 1
 19.357490  -0.591020   0.076964  0.000015  23073.227     4.496887   0.896122   4.764471    -288.112 0
 19.682646  -0.882791   0.073516  0.000006  22039.542     1.798755   0.899177   4.780711   -1247.003 1
 19.481026   0.577903   0.090186  0.000009  27037.083     2.698132   0.904609   4.809594    3388.934 1
 19.274030   0.319374   0.078226  0.000010  23451.565     2.997925   0.916705   4.873905      62.851 0
 19.281672   0.335540   0.078617  0.000015  23568.784     4.496887   0.917146   4.876249     171.588 0
 20.551120  -0.888012   0.092580  0.000019  27754.786     5.696057   0.922843   4.906539    4054.707 1
 20.131310   0.840420   0.076242  0.000017  22856.777     5.096472   0.925769   4.922095    -488.901 1
 19.172165  -0.169502   0.077365  0.000016  23193.444     4.796679   0.928585   4.937066    -176.594 0
 19.171667  -0.170000   0.077241  0.000016  23156.269     4.796679   0.929126   4.939945    -211.078 0
 19.220253  -0.397456   0.092357  0.000012  27687.932     3.597509   0.930736   4.948503    3992.690 1
 20.961738   0.267159   0.094128  0.000026  28218.864     7.794604   0.933704   4.964286    4485.207 1
 19.426223  -0.746618   0.074479  0.000018  22328.242     5.396264   0.942281   5.009884    -979.192 1
 19.248803   0.326736   0.077400  0.000013  23203.936     3.897302   0.942605   5.011609    -166.860 0
 19.162819  -0.224708   0.091687  0.000019  27487.071     5.696057   0.944485   5.021603    3806.363 1
 19.246121   0.325927   0.078158  0.000014  23431.179     4.197094   0.944667   5.022571      43.940 0
 19.240666  -0.484903   0.077062  0.000012  23102.606     3.597509   0.945115   5.024952    -260.858 0
 20.727134  -0.800487   0.077770  0.000016  23314.859     4.796679   0.953714   5.070673     -63.963 0
 19.208002   0.264594   0.077057  0.000006  23101.107     1.798755   0.955038   5.077715    -262.249 0
 19.208492   0.275105   0.076303  0.000007  22875.064     2.098547   0.958478   5.096005    -471.937 1
 19.137912  -0.073874   0.089579  0.000032  26855.109     9.593359   0.959019   5.098880    3220.127 1
 21.043016  -0.244554   0.061500  0.000007  18437.236     2.098547   0.959552   5.101710   -4588.660 1
 20.982660  -0.457575   0.077816  0.000012  23328.650     3.597509   0.961067   5.109769     -51.171 0
 20.327992  -1.020027   0.091927  0.000007  27559.021     2.098547   0.963451   5.122444    3873.107 1
 20.775049   0.602217   0.089775  0.000006  26913.868     1.798755   0.965293   5.132236    3274.635 1
 19.284090   0.438388   0.076877  0.000007  23047.145     2.098547   0.966561   5.138980    -312.307 1
 19.280132   0.435182   0.076622  0.000006  22970.698     1.798755   0.968167   5.147515    -383.223 1
 20.353678  -1.019446   0.084067  0.000010  25202.653     2.997925   0.969373   5.153931    1687.236 1
 20.766942   0.619466   0.072391  0.000006  21702.276     1.798755   0.972037   5.168090   -1559.866 1
 19.318548   0.502617   0.089194  0.000026  26739.688     7.794604   0.975057   5.184149    3113.058 1
 19.322475   0.508201   0.089293  0.000015  26769.368     4.496887   0.975310   5.185492    3140.590 1
 19.317578   0.502302   0.090072  0.000016  27002.906     4.796679   0.975642   5.187259    3357.231 1
 19.138153   0.104702   0.072529  0.000024  21743.647     7.195019   0.977248   5.195800   -1521.488 1
 19.187108  -0.443479   0.091280  0.000010  27365.056     2.997925   0.977949   5.199523    3693.176 1
 19.197975   0.311230   0.077180  0.000010  23137.982     2.997925   0.982232   5.222295    -228.043 0
 20.753417  -0.817083   0.078112  0.000019  23417.388     5.696057   0.983578   5.229451      31.147 0
 21.037292  -0.373806   0.061783  0.000009  18522.077     2.698132   0.983853   5.230917   -4509.958 1
 19.110483  -0.059740   0.089675  0.000015  26883.889     4.496887   0.986703   5.246067    3246.825 1
 19.181225   0.287365   0.077500  0.000007  23233.915     2.098547   0.988354   5.254847    -139.050 0
 19.623760   0.787984   0.089842  0.000019  26933.954     5.696057   0.992686   5.277877    3293.267 1
 19.791720   0.864176   0.075118  0.000008  22519.810     2.398340   0.996744   5.299452    -801.486 1
 21.023259  -0.458312   0.077841  0.000022  23336.145     6.595434   0.998886   5.310841     -44.218 0
 21.038298  -0.432195   0.080196  0.000078  24042.156    23.383812   1.003509   5.335421     610.709 1
 20.962450  -0.598127   0.061777  0.000028  18520.279     8.394189   1.006392   5.350749   -4511.626 1
 19.104281   0.083341   0.094020  0.000660  28186.487    99.990000   1.006714   5.352462    4455.172 1
 19.708352   0.846688   0.075804  0.000005  22725.467     1.498962   1.009180   5.365576    -610.709 1
 21.016085  -0.502193   0.078764  0.000014  23612.853     4.197094   1.009577   5.367685     212.469 0
 19.494153   0.726823   0.076893  0.000007  23051.941     2.098547   1.010866   5.374539    -307.857 1
 20.872509   0.568884   0.067207  0.000009  20148.152     2.698132   1.014296   5.392771   -3001.540 1
 19.116481  -0.350851   0.077425  0.000008  23211.431     2.398340   1.015871   5.401149    -159.908 0
 20.684597  -0.913841   0.093593  0.000008  28058.476     2.398340   1.016308   5.403473    4336.423 1
 19.079893  -0.110502   0.090287  0.000006  27067.362     1.798755   1.017304   5.408766    3417.022 1
 21.068250  -0.404639   0.061785  0.000006  18522.677     1.798755   1.022708   5.437496   -4509.401 1
 21.104069  -0.269836   0.061491  0.000007  18434.538     2.098547   1.024069   5.444736   -4591.163 1
 19.748291  -1.048310   0.094371  0.000006  28291.714     1.798755   1.024713   5.448158    4552.785 1
 21.068508   0.244305   0.093415  0.000017  28005.112     5.096472   1.025829   5.454094    4286.921 1
 21.043097  -0.489730   0.078488  0.000017  23530.110     5.096472   1.029264   5.472355     135.713 0
 20.967687   0.464941   0.094543  0.000022  28343.278     6.595434   1.029773   5.475062    4600.618 1
 19.062223  -0.067003   0.089831  0.000024  26930.656     7.195019   1.034798   5.501780    3290.208 1
 21.032916  -0.532561   0.093567  0.000013  28050.681     3.897302   1.037666   5.517026    4329.192 1
 21.052476  -0.490420   0.078897  0.000021  23652.726     6.295642   1.038162   5.519666     249.456 0
 20.592176  -0.998553   0.092701  0.000039  27791.061    11.691906   1.039442   5.526468    4088.357 1
 20.593663  -0.999994   0.092906  0.000011  27852.518     3.297717   1.041417   5.536972    4145.368 1
 20.981294   0.470926   0.094368  0.000010  28290.815     2.997925   1.044477   5.553237    4551.951 1
 19.049893  -0.067718   0.089786  0.000024  26917.166     7.195019   1.047115   5.567263    3277.694 1
 19.371827   0.671197   0.072518  0.000009  21740.349     2.698132   1.047416   5.568864   -1524.548 1
 19.141253  -0.525483   0.072161  0.000006  21633.324     1.798755   1.052372   5.595214   -1623.829 1
 19.054992   0.069332   0.091415  0.000009  27405.528     2.698132   1.053204   5.599636    3730.720 1
 21.143715  -0.211009   0.078355  0.000022  23490.238     6.595434   1.054434   5.606180      98.726 0
 19.341181  -0.824200   0.074174  0.000020  22236.806     5.995849   1.057315   5.621494   -1064.013 1
 19.707760   0.899092   0.079970  0.000017  23974.403     5.096472   1.057955   5.624900     547.858 1
 21.155472  -0.074667   0.061379  0.000005  18400.961     1.498962   1.058647   5.628580   -4622.310 1
 21.155234  -0.153093   0.092631  0.000006  27770.075     1.798755   1.060569   5.638796    4068.890 1
 21.069734  -0.509132   0.092189  0.000006  27637.567     1.798755   1.061412   5.643280    3945.970 1
 19.095040  -0.437679   0.092149  0.000028  27625.575     8.394189   1.062192   5.647425    3934.846 1
 19.050328  -0.282892   0.093527  0.000031  28038.689     9.293566   1.065142   5.663108    4318.068 1
 20.541193   0.885803   0.076516  0.000007  22938.920     2.098547   1.067386   5.675042    -412.701 1
 19.985605   0.977621   0.077439  0.000016  23215.628     4.796679   1.068140   5.679049    -156.014 0
 19.049745  -0.316903   0.078539  0.000008  23545.400     2.398340   1.072560   5.702550     149.896 0
 19.047955  -0.316534   0.077719  0.000011  23299.570     3.297717   1.074228   5.711418     -78.146 0
 19.712781   0.922681   0.089050  0.000018  26696.518     5.396264   1.078127   5.732147    3073.012 1
 20.601553  -1.038248   0.092945  0.000009  27864.210     2.698132   1.078861   5.736053    4156.214 1
 19.063382   0.230634   0.078840  0.000140  23635.637    41.970944   1.080527   5.744906     233.605 0
 19.075796  -0.446741   0.072059  0.000006  21602.745     1.798755   1.083356   5.759948   -1652.196 1
 19.818250   0.972222   0.089170  0.000010  26732.493     2.997925   1.093037   5.811423    3106.384 1
 21.147857  -0.404282   0.077115  0.000015  23118.495     4.496887   1.098497   5.840453    -246.119 0
 19.166785   0.501386   0.077670  0.000490  23284.880    99.990000   1.099347   5.844971     -91.773 0
 20.955913   0.603027   0.094237  0.000024  28251.542     7.195019   1.100423   5.850691    4515.520 1
 20.870421  -0.867570   0.083911  0.000013  25155.885     3.897302   1.100569   5.851465    1643.853 1
 21.145256  -0.422582   0.076813  0.000011  23027.958     3.297717   1.101484   5.856333    -330.105 1
 20.437401   0.963619   0.071660  0.000005  21483.128     1.498962   1.102248   5.860392   -1763.158 1
 21.144094  -0.432990   0.077494  0.000018  23232.117     5.396264   1.103619   5.867681    -140.719 0
 19.462774  -0.989360   0.073268  0.000006  21965.194     1.798755   1.104750   5.873698   -1315.972 1
 19.128750   0.451016   0.077037  0.000021  23095.112     6.295642   1.106461   5.882794    -267.811 1
 18.996702   0.038358   0.090542  0.000019  27143.809     5.696057   1.107030   5.885816    3487.938 1
 19.176386   0.531422   0.077081  0.000008  23108.302     2.398340   1.107658   5.889159    -255.574 0
 19.372970   0.761819   0.072385  0.000006  21700.477     1.798755   1.113840   5.922026   -1561.535 1
 20.232750   1.022169   0.076910  0.000010  23057.038     2.997925   1.115186   5.929182    -303.130 1
 20.221305  -1.196235   0.077712  0.000019  23297.471     5.696057   1.118470   5.946645     -80.093 0
 21.169375  -0.416319   0.078079  0.000007  23407.495     2.098547   1.122599   5.968594      21.970 0
 19.072874   0.377033   0.077550  0.000340  23248.905    99.990000   1.123286   5.972250    -125.145 0
 19.162792   0.539694   0.077163  0.000006  23132.885     1.798755   1.123557   5.973687    -232.770 0
 19.379319   0.780806   0.072472  0.000017  21726.559     5.096472   1.124275   5.977506   -1537.340 1
 21.142906  -0.505459   0.078762  0.000036  23612.254    10.792528   1.127483   5.994563     211.913 0
 21.167084  -0.466484   0.078708  0.000033  23596.065     9.893151   1.136269   6.041273     196.895 0
 20.004086   1.054719   0.072228  0.000010  21653.410     2.997925   1.143199   6.078118   -1605.197 1
 19.780875   1.019722   0.080280  0.000020  24067.339     5.995849   1.148747   6.107616     634.069 1
 20.692001  -1.070797   0.062547  0.000031  18751.119     9.293566   1.151760   6.123636   -4297.489 1
 19.966300   1.060453   0.089675  0.000008  26883.889     2.398340   1.152581   6.128001    3246.825 1
 18.981073  -0.385397   0.090790  0.000007  27218.157     2.098547   1.155602   6.144065    3556.907 1
 19.078113  -0.639687   0.091330  0.000023  27380.045     6.895227   1.160115   6.168060    3707.081 1
 19.760917   1.027639   0.079790  0.000010  23920.440     2.997925   1.161973   6.177936     497.800 1
 19.946875   1.068083   0.072003  0.000010  21585.956     2.997925   1.162508   6.180784   -1667.769 1
 20.674257  -1.094729   0.062847  0.000020  18841.057     5.995849   1.163407   6.185563   -4214.059 1
 20.795373  -1.019125   0.062090  0.000011  18614.114     3.297717   1.166636   6.202729   -4424.581 1
 21.183374  -0.510890   0.079179  0.000007  23737.267     2.098547   1.167098   6.205185     327.881 1
 21.199303  -0.478640   0.076984  0.000027  23079.223     8.094396   1.170699   6.224332    -282.550 1
 19.035064  -0.580629   0.090631  0.000007  27170.490     2.098547   1.171908   6.230762    3512.689 1
 18.987679   0.300078   0.088834  0.000024  26631.763     7.195019   1.174038   6.242083    3012.942 1
 19.230745   0.708177   0.090486  0.000013  27127.020     3.897302   1.174240   6.243158    3472.364 1
 18.921125  -0.140972   0.090557  0.000024  27148.306     7.195019   1.177090   6.258312    3492.109 1
 19.822941   1.060638   0.090633  0.000015  27171.090     4.496887   1.177648   6.261278    3513.245 1
 19.037792  -0.599849   0.077455  0.000017  23220.425     5.096472   1.177716   6.261642    -151.565 0
 18.920301  -0.140572   0.089750  0.000021  26906.373     6.295642   1.177894   6.262587    3267.682 1
 21.062792   0.597722   0.079178  0.000018  23736.967     5.396264   1.182672   6.287987     327.603 1
 19.020107   0.407414   0.077210  0.000009  23146.976     2.698132   1.183893   6.294480    -219.699 0
 19.006576   0.381086   0.077583  0.000019  23258.798     5.696057   1.185624   6.303685    -115.968 0
 19.005417   0.378611   0.078000  0.000333  23383.812    99.830889   1.185721   6.304199       0.000 0
 19.958042   1.093333   0.088590  0.000020  26558.614     5.995849   1.186193   6.306710    2945.085 1
 19.675931   1.034737   0.073340  0.000012  21986.779     3.597509   1.195971   6.358698   -1295.949 1
 20.060850   1.113838   0.092383  0.000016  27695.727     4.796679   1.199087   6.375265    3999.921 1
 21.096067  -0.760084   0.068126  0.000006  20423.661     1.798755   1.206036   6.412211   -2745.965 1
 21.162585   0.487816   0.078420  0.000021  23509.725     6.295642   1.209763   6.432028     116.802 0
 21.312164  -0.097294   0.078540  0.000010  23545.700     2.997925   1.215357   6.461767     150.174 0
 19.014167   0.473858   0.076250  0.000008  22859.175     2.398340   1.218294   6.477386    -486.676 1
 21.213725   0.402361   0.078335  0.000028  23484.242     8.394189   1.218440   6.478160      93.164 0
 21.252132  -0.472274   0.078901  0.000008  23653.925     2.398340   1.218537   6.478675     250.569 0
 19.892250   1.117868   0.088740  0.000017  26603.583     5.096472   1.219860   6.485710    2986.801 1
 18.995153   0.440119   0.078770  0.000200  23614.652    59.958492   1.220337   6.488247     214.137 0
 18.875801  -0.078551   0.089889  0.000006  26948.044     1.798755   1.221084   6.492218    3306.338 1
 18.875458  -0.078652   0.089889  0.000006  26948.044     1.798755   1.221427   6.494039    3306.338 1
 19.198757  -0.916927   0.073379  0.000026  21998.471     7.794604   1.224416   6.509934   -1285.103 1
 19.923265   1.127751   0.089180  0.000020  26735.491     5.995849   1.224825   6.512106    3109.165 1
 19.870154   1.119803   0.071717  0.000018  21500.216     5.396264   1.225662   6.516557   -1747.306 1
 19.925972   1.130982   0.089883  0.000017  26946.246     5.096472   1.227644   6.527092    3304.670 1
 18.868148  -0.055769   0.089853  0.000022  26937.252     6.595434   1.229062   6.534636    3296.327 1
 19.870263   1.126550   0.072194  0.000006  21643.217     1.798755   1.232273   6.551707   -1614.652 1
 18.884316  -0.332080   0.080689  0.000031  24189.954     9.293566   1.237530   6.579654     747.813 1
 18.922695  -0.481456   0.091265  0.000012  27360.559     3.597509   1.239393   6.589562    3689.005 1
 18.856633  -0.072049   0.076949  0.000013  23068.730     3.897302   1.240301   6.594390    -292.284 1
 18.955932  -0.574274   0.091029  0.000016  27289.808     4.796679   1.241537   6.600960    3623.373 1
 18.856945  -0.158787   0.089406  0.000006  26803.244     1.798755   1.242136   6.604143    3172.016 1
 20.000130   1.158391   0.077859  0.000028  23341.541     8.394189   1.246858   6.629249     -39.212 0
 21.246655  -0.567118   0.092219  0.000019  27646.561     5.696057   1.246884   6.629390    3954.313 1
 18.846574  -0.089251   0.088531  0.000007  26540.926     2.098547   1.250304   6.647572    2928.678 1
 21.297327  -0.447422   0.078286  0.000008  23469.552     2.398340   1.254055   6.667514      79.537 0
 18.987976  -0.683161   0.072821  0.000010  21831.187     2.997925   1.260076   6.699528   -1440.283 1
 20.293479   1.162509   0.076182  0.000020  22838.789     5.995849   1.262618   6.713045    -505.587 1
 19.182790   0.793615   0.076329  0.000009  22882.859     2.698132   1.267672   6.739917    -464.706 1
 19.182510   0.794628   0.076027  0.000009  22792.321     2.698132   1.268576   6.744723    -548.693 1
 21.243208   0.461778   0.078050  0.000016  23398.801     4.796679   1.269934   6.751941      13.905 0
 21.064275   0.738638   0.077831  0.000013  23333.147     3.897302   1.270341   6.754107     -46.999 0
 18.880420   0.289480   0.068111  0.000010  20419.164     2.997925   1.272700   6.766649   -2750.137 1
 19.625909  -1.268000   0.072846  0.000015  21838.681     4.496887   1.273572   6.771281   -1433.331 1
 18.832623  -0.239785   0.094052  0.000006  28196.080     1.798755   1.273722   6.772082    4464.071 1
 21.031355  -0.950239   0.092550  0.000019  27745.792     5.696057   1.273736   6.772153    4046.364 1
 21.304792   0.326389   0.072131  0.000007  21624.330     2.098547   1.275959   6.783973   -1632.172 1
 21.325197   0.280403   0.077708  0.000009  23296.272     2.698132   1.281440   6.813114     -81.205 0
 19.465494   1.036320   0.090080  0.000014  27005.305     4.197094   1.286600   6.840551    3359.455 1
 20.590841   1.105031   0.078607  0.000014  23565.786     4.197094   1.288210   6.849109     168.807 0
 19.118229  -0.932156   0.073589  0.000018  22061.427     5.396264   1.294568   6.882914   -1226.702 1
 18.830867   0.232480   0.088579  0.000023  26555.316     6.895227   1.305133   6.939083    2942.026 1
 18.819960   0.196690   0.093790  0.000580  28117.535    99.990000   1.307548   6.951928    4391.209 1
 21.019437  -1.017560   0.093965  0.000007  28169.998     2.098547   1.311998   6.975586    4439.876 1
 21.320404   0.405917   0.077307  0.000009  23176.056     2.698132   1.318235   7.008744    -192.724 0
 20.119961   1.234356   0.090291  0.000006  27068.561     1.798755   1.319266   7.014228    3418.135 1
 18.775426  -0.114764   0.072216  0.000017  21649.812     5.096472   1.321785   7.027622   -1608.534 1
 21.092061   0.786119   0.094621  0.000022  28366.662     6.595434   1.322400   7.030888    4622.310 1
 19.869583   1.221083   0.086000  0.000333  25782.151    99.830889   1.325424   7.046970    2224.805 1
 19.849784   1.223124   0.085608  0.000010  25664.633     2.997925   1.330968   7.076445    2115.789 1
 18.853636   0.399085   0.077010  0.000750  23087.017    99.990000   1.334049   7.092823    -275.320 1
 19.150981   0.863246   0.086376  0.000008  25894.873     2.398340   1.339150   7.119946    2329.371 1
 21.088536  -0.984815   0.092563  0.000011  27749.689     3.297717   1.339250   7.120477    4049.979 1
 21.030068  -1.049518   0.067089  0.000017  20112.776     5.096472   1.342279   7.136583   -3034.356 1
 21.350708   0.396111   0.079289  0.000036  23770.244    10.792528   1.342867   7.139706     358.472 1
 21.330954   0.455991   0.079164  0.000019  23732.770     5.696057   1.347335   7.163466     323.709 1
 21.212335  -0.840957   0.067813  0.000006  20329.826     1.798755   1.347653   7.165157   -2833.011 1
 21.369590   0.362639   0.092856  0.000017  27837.528     5.096472   1.349048   7.172569    4131.463 1
 21.225703   0.656122   0.071959  0.000010  21572.765     2.997925   1.350218   7.178791   -1680.006 1
 18.758220   0.093360   0.064530  0.000230  19345.607    68.952265   1.350441   7.179978   -3746.015 1
 18.763575   0.136982   0.090080  0.000310  27005.305    92.935662   1.351599   7.186136    3359.455 1
 18.766759   0.167835   0.090840  0.000690  27233.147    99.990000   1.353873   7.198225    3570.812 1
 19.437059   1.101813   0.086023  0.000012  25789.047     3.597509   1.357639   7.218247    2231.201 1
 21.255310   0.625667   0.094232  0.000007  28250.043     2.098547   1.358901   7.224955    4514.129 1
 19.052887   0.790607   0.086421  0.000011  25908.364     3.297717   1.362379   7.243449    2341.885 1
 20.698792  -1.307111   0.093987  0.000018  28176.594     5.396264   1.362563   7.244426    4445.994 1
 19.052420   0.791947   0.086613  0.000052  25965.924    15.589208   1.363598   7.249930    2395.281 1
 21.373189   0.395437   0.081586  0.000007  24458.867     2.098547   1.363643   7.250172     997.269 1
 20.311125   1.262083   0.073459  0.000012  22022.454     3.597509   1.363727   7.250615   -1262.855 1
 20.379542   1.250051   0.089799  0.000017  26921.063     5.096472   1.364362   7.253994    3281.309 1
 21.461044   0.024469   0.078555  0.000016  23550.197     4.796679   1.368533   7.276170     154.346 0
 18.750750   0.215100   0.088299  0.000012  26471.374     3.597509   1.379102   7.332362    2864.158 1
 21.037665   0.924941   0.078477  0.000027  23526.813     8.094396   1.380030   7.337295     132.654 0
 19.831345   1.269761   0.086286  0.000008  25867.892     2.398340   1.380250   7.338465    2304.342 1
 21.342793   0.514263   0.078778  0.000030  23617.050     8.993774   1.382420   7.350001     216.362 0
 18.799691  -0.565012   0.077305  0.000012  23175.456     3.597509   1.383244   7.354384    -193.280 0
 18.712088  -0.119482   0.080857  0.000023  24240.319     6.895227   1.385218   7.364879     794.533 1
 19.319970   1.063770   0.071048  0.000032  21299.655     9.593359   1.386570   7.372066   -1933.355 1
 20.874982   1.063399   0.079306  0.000007  23775.341     2.098547   1.386941   7.374039     363.199 1
 18.708583   0.000327   0.089352  0.000006  26787.056     1.798755   1.390888   7.395027    3156.998 1
 18.735034  -0.415345   0.076742  0.000008  23006.673     2.398340   1.401398   7.450905    -349.851 1
 18.691975  -0.094481   0.076847  0.000016  23038.151     4.796679   1.404928   7.469675    -320.650 1
 21.455667  -0.448389   0.078404  0.000022  23504.928     6.595434   1.406622   7.478681     112.353 0
 21.494213   0.087463   0.078174  0.000020  23435.976     5.995849   1.407907   7.485513      48.390 0
 21.492870   0.116395   0.078186  0.000016  23439.573     4.796679   1.410408   7.498809      51.727 0
 21.311579   0.637996   0.088692  0.000020  26589.193     5.995849   1.413440   7.514930    2973.452 1
 21.411555   0.434554   0.078760  0.000017  23611.654     5.096472   1.413515   7.515325     211.356 0
 18.755550   0.365573   0.076260  0.000140  22862.173    41.970944   1.414882   7.522595    -483.895 1
 18.712236  -0.376240   0.077341  0.000017  23186.248     5.096472   1.414991   7.523177    -183.268 0
 18.734067   0.298845   0.086780  0.000370  26015.990    99.990000   1.415748   7.527202    2441.723 1
 18.679954  -0.124715   0.080782  0.000010  24217.834     2.997925   1.417480   7.536409     773.676 1
 18.675852  -0.105903   0.080787  0.000005  24219.333     1.498962   1.421176   7.556056     775.066 1
 20.577565   1.257201   0.079397  0.000011  23802.622     3.297717   1.425407   7.578556     388.507 1
 20.988617   1.034969   0.078907  0.000007  23655.723     2.098547   1.431393   7.610380     252.237 1
 21.413936   0.499513   0.077675  0.000031  23286.379     9.293566   1.440823   7.660517     -90.383 0
 18.651387  -0.110782   0.089575  0.000016  26853.909     4.796679   1.445718   7.686541    3219.015 1
 21.525391   0.141995   0.078870  0.000020  23644.631     5.995849   1.446395   7.690144     241.948 0
 18.958623   0.809355   0.070377  0.000019  21098.494     5.696057   1.447396   7.695463   -2119.961 1
 18.704606   0.323175   0.076623  0.000005  22970.998     1.498962   1.450781   7.713463    -382.945 1
 21.367605   0.616349   0.076475  0.000023  22926.628     6.895227   1.451290   7.716167    -424.103 1
 19.283056   1.121099   0.064557  0.000013  19353.702     3.897302   1.454738   7.734503   -3738.507 1
 21.375225   0.619202   0.077097  0.000018  23113.099     5.396264   1.459340   7.758971    -251.125 1
 21.482882  -0.544131   0.088203  0.000013  26442.594     3.897302   1.460168   7.763373    2837.461 1
 21.416791   0.541926   0.078693  0.000017  23591.568     5.096472   1.461114   7.768402     192.724 0
 21.450836   0.468649   0.079932  0.000019  23963.011     5.696057   1.462676   7.776705     537.290 1
 21.559891  -0.014189   0.078600  0.000015  23563.687     4.496887   1.464717   7.787556     166.860 0
 18.975309  -1.034936   0.072855  0.000009  21841.380     2.698132   1.469977   7.815522   -1430.828 1
 21.397825   0.605515   0.077787  0.000012  23319.956     3.597509   1.472714   7.830072     -59.235 0
 19.150415   1.045395   0.064660  0.000009  19384.580     2.698132   1.474079   7.837334   -3709.862 1
 20.404375  -1.527361   0.063464  0.000183  19026.029    54.862020   1.475061   7.842555   -4042.470 1
 18.719786   0.454317   0.083850  0.000320  25137.598    95.933587   1.478819   7.862536    1626.889 1
 18.746473   0.524074   0.091030  0.000360  27290.107    99.990000   1.481279   7.875611    3623.651 1
 20.779054   1.236119   0.089000  0.002000  26681.529    99.990000   1.486592   7.903862    3059.107 1
 18.872796   0.759774   0.071202  0.000007  21345.823     2.098547   1.487113   7.906633   -1890.528 1
 20.784266   1.236240   0.089426  0.000006  26809.240     1.798755   1.489099   7.917187    3177.578 1
 21.459930   0.522302   0.078279  0.000020  23467.454     5.995849   1.492108   7.933189      77.590 0
 18.717527   0.489064   0.069870  0.000600  20946.499    99.990000   1.493921   7.942827   -2260.958 1
 21.451344   0.554523   0.077924  0.000047  23361.027    14.090246   1.497735   7.963104     -21.136 0
 21.475110   0.505256   0.092063  0.000011  27599.793     3.297717   1.499198   7.970886    3910.929 1
 21.595648  -0.164455   0.073737  0.000013  22105.796     3.897302   1.500895   7.979909   -1185.543 1
 21.599034  -0.066763   0.091415  0.000024  27405.528     7.195019   1.502269   7.987209    3730.720 1
 18.642981  -0.484326   0.076948  0.000009  23068.430     2.698132   1.507808   8.016663    -292.562 1
 21.473956   0.537864   0.076435  0.000030  22914.637     8.993774   1.511276   8.035099    -435.227 1
 19.077799   1.033081   0.091142  0.000006  27323.684     1.798755   1.512600   8.042137    3654.798 1
 21.466419   0.557915   0.078666  0.000022  23583.474     6.595434   1.512819   8.043304     185.215 0
 18.653529   0.368567   0.076720  0.000007  23000.077     2.098547   1.512842   8.043424    -355.969 1
 21.367943   0.736589   0.089280  0.000019  26765.471     5.696057   1.513324   8.045988    3136.975 1
 18.611202  -0.379297   0.076956  0.000009  23070.828     2.698132   1.514592   8.052732    -290.337 1
 21.058333  -1.255417   0.074488  0.000012  22330.941     3.597509   1.514915   8.054446    -976.689 1
 21.490958   0.510259   0.092622  0.000008  27767.377     2.398340   1.515737   8.058820    4066.387 1
 21.360072   0.753089   0.088635  0.000028  26572.105     8.394189   1.515776   8.059025    2957.600 1
 21.470042   0.557303   0.078026  0.000024  23391.606     7.195019   1.515841   8.059368       7.231 0
 21.330497   0.797428   0.078382  0.000020  23498.332     5.995849   1.516573   8.063263     106.234 0
 21.480624   0.541965   0.078985  0.000012  23679.107     3.597509   1.519042   8.076387     273.929 1
 18.580795  -0.214032   0.069792  0.000087  20923.115    26.081944   1.521580   8.089884   -2282.650 1
 18.663053   0.434923   0.065710  0.000300  19699.362    89.937737   1.525072   8.108452   -3417.857 1
 21.494290   0.532476   0.092611  0.000007  27764.079     2.098547   1.527643   8.122117    4063.328 1
 20.863023   1.241551   0.080071  0.000023  24004.682     6.895227   1.531650   8.143421     575.946 1
 20.856266   1.247295   0.080429  0.000014  24112.008     4.197094   1.533268   8.152027     675.506 1
 18.666737   0.468754   0.091881  0.000010  27545.231     2.997925   1.533492   8.153219    3860.315 1
 18.950167  -1.105000   0.072214  0.000007  21649.213     2.098547   1.534902   8.160711   -1609.090 1
 21.388571   0.744423   0.089950  0.000009  26966.332     2.698132   1.534908   8.160747    3323.302 1
 18.858835   0.822703   0.090570  0.000670  27152.203    99.990000   1.534967   8.161061    3495.725 1
 21.155117   1.027230   0.088959  0.000045  26669.237    13.490661   1.535021   8.161344    3047.705 1
 19.197845   1.160005   0.085307  0.000016  25574.395     4.796679   1.535434   8.163540    2032.081 1
 18.949052  -1.105992   0.072214  0.000007  21649.213     2.098547   1.536394   8.168646   -1609.090 1
 18.598604   0.264026   0.077920  0.000007  23359.828     2.098547   1.538315   8.178862     -22.248 0
 21.459457   0.651258   0.079053  0.000021  23699.493     6.295642   1.548639   8.233749     292.840 1
 20.869587   1.258484   0.080526  0.000008  24141.087     2.398340   1.549598   8.238848     702.482 1
 18.672625  -0.698891   0.078020  0.000007  23389.808     2.098547   1.551030   8.246460       5.562 0
 21.565430   0.427751   0.081600  0.000013  24463.065     3.897302   1.555402   8.269707    1001.162 1
 18.564405  -0.367251   0.089552  0.000012  26847.014     3.597509   1.558293   8.285079    3212.618 1
 21.646667   0.091425   0.094039  0.000010  28192.183     2.997925   1.559771   8.292936    4460.456 1
 18.538130   0.003732   0.088325  0.000007  26479.169     2.098547   1.561246   8.300780    2871.389 1
 18.634833   0.468768   0.091736  0.000017  27501.761     5.096472   1.563293   8.311664    3819.990 1
 21.657476   0.066774   0.077950  0.000006  23368.822     1.798755   1.567938   8.336358     -13.905 0
 18.628822   0.470260   0.091518  0.000025  27436.406     7.494811   1.569443   8.344362    3759.364 1
 18.622703   0.470174   0.091287  0.000017  27367.154     5.096472   1.575138   8.374640    3695.123 1
 18.689289  -0.793676   0.090484  0.000040  27126.421    11.991698   1.576045   8.379462    3471.808 1
 21.561001   0.503776   0.077159  0.000005  23131.686     1.498962   1.577969   8.389689    -233.883 0
 21.586254   0.456907   0.078525  0.000007  23541.203     2.098547   1.584804   8.426031     146.003 0
 18.577727   0.371017   0.076625  0.000016  22971.597     4.796679   1.586026   8.432528    -382.388 1
 18.494936  -0.114431   0.077086  0.000005  23109.801     1.498962   1.602209   8.518569    -254.184 1
 21.693792   0.058778   0.094225  0.000020  28247.944     5.995849   1.603353   8.524649    4512.182 1
 21.704544  -0.036189   0.067838  0.000007  20337.321     2.098547   1.608403   8.551502   -2826.058 1
 18.569866  -0.599447   0.077796  0.000007  23322.654     2.098547   1.611427   8.567576     -56.733 0
 18.487914  -0.193043   0.092681  0.000009  27785.065     2.698132   1.612598   8.573807    4082.795 1
 21.423893   0.831730   0.094118  0.000009  28215.867     2.698132   1.612713   8.574415    4482.426 1
 21.291381   0.999302   0.088745  0.000006  26605.082     1.798755   1.613050   8.576205    2988.191 1
 21.509961   0.694043   0.090094  0.000028  27009.502     8.394189   1.613466   8.578419    3363.349 1
 18.485489  -0.192226   0.092851  0.000008  27836.030     2.398340   1.614963   8.586381    4130.072 1
 18.505580   0.202370   0.076620  0.000160  22970.098    47.966793   1.616977   8.597088    -383.779 1
 21.298578   1.002891   0.088839  0.000009  26633.262     2.698132   1.620792   8.617373    3014.333 1
 18.844580   0.948568   0.091425  0.000012  27408.525     3.597509   1.623542   8.631992    3733.501 1
 21.600552  -0.697674   0.094638  0.000007  28371.759     2.098547   1.623816   8.633449    4627.038 1
 21.724839  -0.039959   0.068162  0.000006  20434.454     1.798755   1.628581   8.658783   -2735.954 1
 18.557280   0.454287   0.092640  0.000780  27772.773    99.990000   1.631211   8.672768    4071.393 1
 18.581185   0.529978   0.082580  0.000670  24756.861    99.990000   1.635585   8.696021    1273.701 1
 19.143242   1.248069   0.084828  0.000006  25430.795     1.798755   1.638811   8.713172    1898.871 1
 18.710767   0.803241   0.065989  0.000006  19783.005     1.798755   1.646127   8.752070   -3340.266 1
 18.471025   0.195477   0.091760  0.000490  27508.956    99.990000   1.649810   8.771652    3826.664 1
 18.445625  -0.086151   0.077370  0.000006  23194.942     1.798755   1.651245   8.779281    -175.203 0
 21.746820  -0.018327   0.072808  0.000009  21827.289     2.698132   1.651282   8.779479   -1443.898 1
 18.445287  -0.085939   0.077370  0.000006  23194.942     1.798755   1.651583   8.781077    -175.203 0
 21.545717   0.708483   0.078343  0.000027  23486.641     8.094396   1.651757   8.782006      95.389 0
 18.454199   0.113436   0.086560  0.000460  25950.035    99.990000   1.654577   8.797000    2380.541 1
 21.679148  -0.574668   0.091128  0.000007  27319.487     2.098547   1.656398   8.806682    3650.905 1
 21.679450  -0.574719   0.091128  0.000007  27319.487     2.098547   1.656702   8.808296    3650.905 1
 21.665402   0.458632   0.078770  0.000020  23614.652     5.995849   1.659971   8.825674     214.137 0
 21.682337  -0.579892   0.091097  0.000005  27310.194     1.498962   1.660995   8.831120    3642.284 1
 18.616777  -0.848549   0.081665  0.000029  24482.551     8.693981   1.665571   8.855450    1019.239 1
 18.431518  -0.028705   0.089380  0.000016  26795.450     4.796679   1.666293   8.859286    3164.785 1
 18.620078  -0.858219   0.079842  0.000018  23936.029     5.396264   1.667103   8.863595     512.261 1
 18.658006   0.762391   0.065539  0.000006  19648.098     1.798755   1.669702   8.877413   -3465.412 1
 18.796418   0.964924   0.064426  0.000010  19314.429     2.997925   1.671198   8.885366   -3774.938 1
 18.901517  -1.253832   0.072853  0.000032  21840.780     9.593359   1.672040   8.889846   -1431.384 1
 18.617377  -0.864047   0.080617  0.000017  24168.369     5.096472   1.672204   8.890717     727.789 1
 18.655772   0.765210   0.065715  0.000006  19700.861     1.798755   1.673058   8.895255   -3416.466 1
 21.696073  -0.579388   0.091384  0.000008  27396.234     2.398340   1.673962   8.900064    3722.099 1
 21.671496   0.485970   0.070994  0.000006  21283.466     1.798755   1.674847   8.904767   -1948.373 1
 21.697255  -0.579262   0.091795  0.000006  27519.449     1.798755   1.675054   8.905871    3836.398 1
 18.910637   1.112212   0.064038  0.000025  19198.109     7.494811   1.685160   8.959602   -3882.841 1
 21.682229   0.487855   0.071183  0.000006  21340.127     1.798755   1.685581   8.961838   -1895.812 1
 18.609344   0.712492   0.069718  0.000006  20900.931     1.798755   1.687679   8.972992   -2303.229 1
 21.788134  -0.301639   0.078811  0.000007  23626.943     2.098547   1.705117   9.065706     225.540 0
 21.481347   0.915790   0.088641  0.000023  26573.903     6.895227   1.708147   9.081816    2959.269 1
 18.630485   0.791729   0.065283  0.000012  19571.351     3.597509   1.708340   9.082842   -3536.605 1
 21.456869   0.954073   0.094031  0.000007  28189.785     2.098547   1.711332   9.098749    4458.231 1
 18.898091   1.144338   0.063935  0.000013  19167.231     3.897302   1.716865   9.128166   -3911.485 1
 21.661554  -0.801643   0.078180  0.000007  23437.774     2.098547   1.721111   9.150743      50.058 0
 18.718903   0.955160   0.064218  0.000011  19252.072     3.297717   1.726302   9.178340   -3832.783 1
 21.572667   0.831361   0.071855  0.000013  21541.587     3.897302   1.736995   9.235194   -1708.928 1
 18.993445   1.266759   0.064236  0.000007  19257.468     2.098547   1.744709   9.276208   -3827.777 1
 18.476702  -0.732348   0.078250  0.000007  23458.760     2.098547   1.744815   9.276772      69.525 0
 18.803286  -1.259611   0.072686  0.000012  21790.715     3.597509   1.747500   9.291046   -1477.827 1
 19.716708   1.625194   0.077613  0.000013  23267.792     3.897302   1.751653   9.313128    -107.625 0
 18.932264   1.226474   0.063742  0.000016  19109.371     4.796679   1.753712   9.324073   -3965.159 1
 18.348760   0.105710   0.086044  0.000036  25795.342    10.792528   1.758449   9.349263    2237.041 1
 18.509053  -0.844972   0.081258  0.000008  24360.536     2.398340   1.760444   9.359866     906.052 1
 18.456167  -0.726755   0.077245  0.000020  23157.468     5.995849   1.761854   9.367362    -209.966 0
 20.940875   1.465111   0.078865  0.000015  23643.132     4.496887   1.764732   9.382667     240.557 1
 21.701422   0.651750   0.078490  0.000007  23530.710     2.098547   1.765488   9.386686     136.269 0
 18.398380   0.415125   0.091550  0.000310  27446.000    92.935662   1.770508   9.413375    3768.263 1
 18.754107  -1.240365   0.073762  0.000011  22113.291     3.297717   1.771597   9.419163   -1178.590 1
 18.602850   0.870637   0.076920  0.000012  23060.036     3.597509   1.773352   9.428497    -300.349 1
 18.351903  -0.421998   0.066978  0.000005  20079.499     1.498962   1.777265   9.449301   -3065.225 1
 18.331187   0.123538   0.085962  0.000007  25770.759     2.098547   1.777920   9.452783    2214.237 1
 18.435272   0.556410   0.076634  0.000011  22974.295     3.297717   1.780993   9.469124    -379.885 1
 18.319816  -0.222002   0.071466  0.000007  21424.968     2.098547   1.782349   9.476330   -1817.109 1
 20.305417  -1.858194   0.063116  0.000011  18921.701     3.297717   1.785705   9.494177   -4139.249 1
 21.644608   0.807283   0.078619  0.000011  23569.383     3.297717   1.786374   9.497732     172.144 0
 18.429192   0.585155   0.064212  0.000006  19250.273     1.798755   1.797182   9.555195   -3834.451 1
 18.360183   0.379080   0.069141  0.000013  20727.950     3.897302   1.797548   9.557139   -2463.693 1
 18.787007   1.148550   0.076855  0.000007  23040.549     2.098547   1.799073   9.565251    -318.425 1
 18.376133   0.441417   0.091635  0.000010  27471.482     2.997925   1.799372   9.566839    3791.902 1
 21.350958  -1.380972   0.067880  0.000107  20349.912    32.077793   1.803616   9.589403   -2814.378 1
 21.867159  -0.469371   0.073641  0.000011  22077.016     3.297717   1.811596   9.631828   -1212.241 1
 21.514139   1.047250   0.065341  0.000013  19588.739     3.897302   1.813828   9.643699   -3520.476 1
 18.313727  -0.422076   0.089104  0.000008  26712.707     2.398340   1.814776   9.648739    3088.029 1
 21.680762  -0.977295   0.093941  0.000007  28162.803     2.098547   1.818081   9.666307    4433.202 1
 18.402086   0.576811   0.091930  0.000470  27559.921    99.990000   1.819312   9.672856    3873.942 1
 18.533849   0.846754   0.064430  0.000008  19315.628     2.398340   1.819520   9.673962   -3773.825 1
 18.531175   0.847225   0.064310  0.000024  19279.653     7.195019   1.822059   9.687458   -3807.197 1
 18.469482   0.739653   0.091214  0.000333  27345.269    99.830889   1.824270   9.699214    3674.821 1
 18.421673   0.652091   0.075680  0.000230  22688.293    68.952265   1.830070   9.730051    -645.193 1
 18.422447   0.667802   0.076507  0.000017  22936.222     5.096472   1.835745   9.760227    -415.204 1
 18.407783   0.646486   0.077010  0.000550  23087.017    99.990000   1.840559   9.785819    -275.320 1
 18.267298   0.138480   0.086253  0.000016  25857.999     4.796679   1.843134   9.799511    2295.164 1
 21.549956  -1.219060   0.081658  0.000025  24480.453     7.494811   1.843422   9.801044    1017.292 1
 21.493250  -1.288972   0.092234  0.000170  27651.058    50.964718   1.843942   9.803806    3958.484 1
 18.414621   0.674933   0.084060  0.000800  25200.554    99.990000   1.845810   9.813737    1685.290 1
 18.442805   0.740392   0.076387  0.000028  22900.246     8.394189   1.848437   9.827704    -448.576 1
 18.259167   0.145972   0.086940  0.000015  26063.956     4.496887   1.852124   9.847306    2486.219 1
 18.819541   1.256488   0.070854  0.000007  21241.495     2.098547   1.852127   9.847325   -1987.307 1
 18.313661   0.437259   0.069103  0.000010  20716.558     2.997925   1.858031   9.878716   -2474.261 1
 21.869242   0.482110   0.081738  0.000006  24504.436     1.798755   1.860799   9.893434    1039.540 1
 19.689125  -1.905417   0.063484  0.000110  19032.024    32.977170   1.865808   9.920060   -4036.908 1
 21.855417  -0.713194   0.067000  0.000333  20086.095    99.830889   1.867477   9.928939   -3059.107 1
 21.740927   0.803266   0.090761  0.000011  27209.463     3.297717   1.868532   9.934546    3548.842 1
 18.301689  -0.605715   0.082637  0.000010  24773.949     2.997925   1.869256   9.938398    1289.553 1
 18.568632   0.993308   0.070156  0.000016  21032.240     4.796679   1.870195   9.943386   -2181.421 1
 21.855605  -0.722571   0.067263  0.000007  20164.940     2.098547   1.870831   9.946768   -2985.966 1
 21.508137   1.144985   0.065320  0.000006  19582.443     1.798755   1.871847   9.952172   -3526.316 1
 21.869642  -0.688181   0.091337  0.000009  27382.144     2.698132   1.872669   9.956542    3709.028 1
 18.423724   0.783537   0.065633  0.000333  19676.278    99.830889   1.885010  10.022158   -3439.270 1
 18.425042   0.795806   0.064356  0.000012  19293.443     3.597509   1.889527  10.046170   -3794.405 1
 21.800102  -0.903107   0.087924  0.000006  26358.952     1.798755   1.889647  10.046810    2759.870 1
 21.694183   0.926702   0.079227  0.000007  23751.657     2.098547   1.890595  10.051851     341.229 1
 21.577682   1.093052   0.094078  0.000031  28203.875     9.293566   1.892066  10.059672    4471.302 1
 19.716875  -1.939917   0.063641  0.000010  19079.092     2.997925   1.893726  10.068495   -3993.247 1
 18.357598   0.670719   0.064830  0.000710  19435.545    99.990000   1.896242  10.081874   -3662.585 1
 18.216833   0.179417   0.068159  0.000013  20433.554     3.897302   1.898499  10.093872   -2736.788 1
 18.445392   0.852107   0.070828  0.000031  21233.700     9.293566   1.898684  10.094855   -1994.538 1
 21.710889  -1.116112   0.092169  0.000009  27631.571     2.698132   1.915422  10.183851    3940.408 1
 18.178804   0.011969   0.068242  0.000011  20458.437     3.297717   1.920500  10.210846   -2713.706 1
 21.758775   0.883282   0.090404  0.000006  27102.437     1.798755   1.923259  10.225514    3449.560 1
 22.017566   0.046818   0.078979  0.000009  23677.309     2.698132   1.925191  10.235788     272.260 1
 18.368111   0.766074   0.064865  0.000006  19446.038     1.798755   1.926768  10.244173   -3652.852 1
 18.591744   1.129715   0.076103  0.000014  22815.105     4.197094   1.933966  10.282445    -527.557 1
 18.490262   1.001416   0.076367  0.000013  22894.251     3.897302   1.939292  10.310758    -454.138 1
 18.196445   0.306845   0.077397  0.000009  23203.037     2.698132   1.940341  10.316340    -167.695 1
 18.487590   1.007060   0.075773  0.000006  22716.174     1.798755   1.944669  10.339348    -619.330 1
 18.157969   0.086316   0.067713  0.000014  20299.847     4.197094   1.946428  10.348701   -2860.821 1
 18.371241  -0.990797   0.080880  0.000008  24247.214     2.398340   1.949048  10.362633     800.930 1
 18.224326  -0.642184   0.082110  0.000014  24615.959     4.197094   1.953765  10.387708    1142.994 1
 18.477677   1.009009   0.076900  0.000007  23054.040     2.098547   1.953970  10.388802    -305.911 1
 18.299353   0.696561   0.084517  0.000011  25337.559     3.297717   1.959960  10.420650    1812.382 1
 18.219529  -0.648958   0.083060  0.000012  24900.762     3.597509   1.960302  10.422465    1407.189 1
 18.159166   0.212572   0.068979  0.000018  20679.384     5.396264   1.960374  10.422850   -2508.746 1
 21.898429  -0.882691   0.087703  0.000009  26292.698     2.698132   1.970376  10.476026    2698.410 1
 18.474231   1.037097   0.076243  0.000016  22857.076     4.796679   1.972663  10.488189    -488.623 1
 18.137465   0.154263   0.068317  0.000015  20480.921     4.496887   1.973923  10.494883   -2692.848 1
 18.322822   0.807359   0.092870  0.001230  27841.726    99.990000   1.985706  10.557530    4135.356 1
 18.119313   0.128300   0.078184  0.000007  23438.974     2.098547   1.988995  10.575017      51.171 1
 21.844025  -1.044985   0.093020  0.000015  27886.694     4.496887   1.993658  10.599812    4177.071 1
 21.769272   1.015247   0.088068  0.000017  26402.122     5.096472   2.001704  10.642592    2799.917 1
 21.785130   1.010601   0.088316  0.000009  26476.471     2.698132   2.012440  10.699670    2868.886 1
 18.228935   0.680990   0.064802  0.000007  19427.151     2.098547   2.018780  10.733377   -3670.372 1
 18.302250   0.846333   0.064668  0.000016  19386.979     4.796679   2.021755  10.749199   -3707.637 1
 22.115312   0.049537   0.079330  0.000010  23782.536     2.997925   2.022898  10.755274     369.874 1
 18.088124   0.171238   0.075898  0.000006  22753.648     1.798755   2.024985  10.766369    -584.567 1
 21.927958   0.780472   0.078835  0.000008  23634.138     2.398340   2.025193  10.767478     232.214 1
 18.068030  -0.143492   0.088542  0.000035  26544.224    10.492736   2.029690  10.791386    2931.737 1
 19.447833  -2.010028   0.063290  0.000150  18973.865    44.968869   2.031774  10.802466   -4090.860 1
 21.919601  -0.990118   0.067533  0.000023  20245.884     6.895227   2.035216  10.820766   -2910.879 1
 19.296667  -1.959750   0.081996  0.000014  24581.782     4.197094   2.038653  10.839041    1111.290 1
 18.056958   0.110333   0.068093  0.000012  20413.768     3.597509   2.049214  10.895188   -2755.143 1
 18.056458   0.105917   0.069191  0.000014  20742.940     4.197094   2.049296  10.895626   -2449.788 1
 18.056957   0.111702   0.067890  0.000019  20352.910     5.696057   2.049345  10.895889   -2811.597 1
 18.186652   0.659769   0.064668  0.000012  19386.979     3.597509   2.050165  10.900243   -3707.637 1
 18.055053   0.105762   0.069032  0.000010  20695.273     2.997925   2.050680  10.902987   -2494.006 1
 18.227686  -0.928256   0.078022  0.000020  23390.407     5.995849   2.050712  10.903152       6.118 1
 18.339433   0.975413   0.076355  0.000006  22890.653     1.798755   2.052422  10.912248    -457.476 1
 18.220000  -0.921556   0.078000  0.000333  23383.812    99.830889   2.054982  10.925858       0.000 1
 22.152249   0.043241   0.094316  0.000008  28275.225     2.398340   2.059354  10.949104    4537.490 1
 22.014400  -0.843894   0.094406  0.000007  28302.207     2.098547   2.062346  10.965012    4562.519 1
 18.442128   1.146823   0.076300  0.000007  22874.165     2.098547   2.062726  10.967028    -472.771 1
 18.099678   0.439090   0.092129  0.000009  27619.579     2.698132   2.064736  10.977717    3929.284 1
 22.035226   0.632618   0.077612  0.000007  23267.492     2.098547   2.066826  10.988827    -107.903 1
 18.135565  -0.739263   0.061353  0.000007  18393.167     2.098547   2.067645  10.993182   -4629.541 1
 21.668833   1.263083   0.094442  0.000016  28312.999     4.796679   2.070652  11.009170    4572.530 1
 18.019546  -0.072869   0.067603  0.000018  20266.870     5.396264   2.077356  11.044817   -2891.412 1
 22.024783  -0.864929   0.083708  0.000007  25095.027     2.098547   2.079803  11.057825    1587.398 1
 21.829428  -1.244404   0.066690  0.000012  19993.159     3.597509   2.084860  11.084712   -3145.318 1
 18.006462  -0.113978   0.067863  0.000006  20344.816     1.798755   2.090612  11.115291   -2819.106 1
 18.313243  -1.183650   0.089953  0.000008  26967.231     2.398340   2.094993  11.138586    3324.137 1
 21.888891  -1.172398   0.067994  0.000007  20384.088     2.098547   2.096282  11.145439   -2782.675 1
 18.069329   0.451110   0.091580  0.000120  27454.993    35.975095   2.097145  11.150029    3776.606 1
 18.189868   0.788996   0.076133  0.000009  22824.099     2.698132   2.097620  11.152555    -519.214 1
 21.848962  -1.249589   0.067125  0.000009  20123.569     2.698132   2.103988  11.186408   -3024.344 1
 21.850121  -1.249663   0.067051  0.000012  20101.384     3.597509   2.104994  11.191758   -3044.924 1
 21.852255  -1.248772   0.066990  0.000007  20083.097     2.098547   2.106279  11.198591   -3061.888 1
 18.005730   0.179179   0.067748  0.000007  20310.339     2.098547   2.107723  11.206270   -2851.087 1
 18.198171   0.830726   0.075782  0.000011  22718.872     3.297717   2.107860  11.206996    -616.827 1
 21.779430   1.192560   0.082675  0.000008  24785.341     2.398340   2.112442  11.231359    1300.120 1
 21.785112   1.185222   0.082273  0.000007  24664.825     2.098547   2.112551  11.231940    1188.324 1
 21.810922   1.153334   0.082520  0.000009  24738.874     2.698132   2.114406  11.241800    1257.015 1
 21.792628   1.185990   0.082927  0.000008  24860.889     2.398340   2.119023  11.266348    1370.202 1
 19.435667  -2.101389   0.081606  0.000150  24464.863    44.968869   2.122308  11.283814    1002.831 1
 21.817566   1.158292   0.082545  0.000012  24746.368     3.597509   2.122695  11.285871    1263.967 1
 22.053592  -0.912188   0.074412  0.000006  22308.156     1.798755   2.124493  11.295432    -997.825 1
 22.190473   0.305729   0.093793  0.000007  28118.434     2.098547   2.129695  11.323088    4392.043 1
 22.198485  -0.437202   0.062739  0.000005  18808.679     1.498962   2.130968  11.329855   -4244.093 1
 21.993881  -1.065884   0.094668  0.000017  28380.752     5.096472   2.135731  11.355178    4635.381 1
 21.891888  -1.256265   0.067280  0.000011  20170.037     3.297717   2.143508  11.396527   -2981.239 1
 21.927424   1.030750   0.090331  0.000009  27080.553     2.698132   2.143633  11.397195    3429.259 1
 21.302542  -1.861639   0.064381  0.000090  19300.938    26.981321   2.147353  11.416970   -3787.452 1
 21.949028   1.021793   0.090216  0.000024  27046.076     7.195019   2.157504  11.470941    3397.277 1
 19.399542  -2.136694   0.081758  0.000012  24510.432     3.597509   2.167236  11.522687    1045.102 1
 18.105174   0.780039   0.076041  0.000009  22796.518     2.698132   2.171321  11.544405    -544.799 1
 22.169975   0.575235   0.081295  0.000020  24371.628     5.995849   2.175609  11.567203     916.342 1
 18.014810  -0.724417   0.088559  0.000009  26549.320     2.698132   2.178118  11.580540    2936.464 1
 22.174692   0.579864   0.081251  0.000006  24358.437     1.798755   2.181510  11.598577     904.105 1
 18.130868  -1.036340   0.078080  0.000025  23407.795     7.494811   2.184208  11.612919      22.248 1
 19.362292  -2.143944   0.081128  0.000011  24321.563     3.297717   2.186334  11.624227     869.899 1
 21.953928   1.100379   0.089636  0.000012  26872.197     3.597509   2.202972  11.712683    3235.979 1
 17.889859  -0.053849   0.075680  0.000008  22688.293     2.398340   2.207225  11.735299    -645.193 1
 21.994417  -1.246832   0.077348  0.000028  23188.347     8.394189   2.225130  11.830496    -181.322 1
 22.311422   0.142467   0.072854  0.000012  21841.080     3.597509   2.226170  11.836024   -1431.106 1
 17.865408  -0.039347   0.068112  0.000018  20419.464     5.396264   2.231922  11.866603   -2749.859 1
 17.857917  -0.074583   0.067307  0.000018  20178.131     5.396264   2.238974  11.904101   -2973.730 1
 17.876839  -0.381068   0.068574  0.000011  20557.968     3.297717   2.239723  11.908083   -2621.376 1
 22.260695   0.499964   0.081802  0.000007  24523.623     2.098547   2.241420  11.917106    1057.339 1
 17.850249  -0.104008   0.067886  0.000007  20351.711     2.098547   2.246702  11.945189   -2812.710 1
 22.271626   0.494113   0.081396  0.000007  24401.907     2.098547   2.250463  11.965182     944.430 1
 22.271376   0.509714   0.081180  0.000008  24337.152     2.398340   2.254285  11.985502     884.360 1
 17.833168  -0.039726   0.067419  0.000007  20211.708     2.098547   2.264147  12.037940   -2942.583 1
 18.152873   1.078556   0.064199  0.000009  19246.376     2.698132   2.265459  12.044912   -3838.067 1
 17.871619   0.344660   0.065561  0.000014  19654.693     4.197094   2.266295  12.049358   -3459.293 1
 21.939247   1.239344   0.078798  0.000048  23623.046    14.390038   2.268800  12.062679     221.924 1
 17.887903  -0.634735   0.076585  0.000006  22959.605     1.798755   2.276414  12.103156    -393.512 1
 21.940131   1.253344   0.079105  0.000011  23715.082     3.297717   2.277714  12.110073     307.301 1
 18.051373  -1.088773   0.089385  0.000006  26796.949     1.798755   2.278640  12.114993    3166.175 1
 22.366704   0.163218   0.072832  0.000009  21834.484     2.698132   2.283330  12.139932   -1437.224 1
 21.867292   1.360833   0.094489  0.000017  28327.090     5.096472   2.285601  12.152004    4585.601 1
 18.068646  -1.149922   0.076647  0.000021  22978.193     6.295642   2.290932  12.180346    -376.270 1
 17.980747  -0.970867   0.085707  0.000024  25694.312     7.195019   2.294177  12.197601    2143.321 1
 17.885472  -0.716416   0.081095  0.000026  24311.669     7.794604   2.299854  12.227785     860.721 1
 22.185238   0.912008   0.078172  0.000013  23435.376     3.897302   2.314025  12.303126      47.833 1
 19.475250   2.146333   0.085886  0.000016  25747.975     4.796679   2.316022  12.313743    2193.101 1
 22.217105   0.872417   0.077854  0.000008  23340.042     2.398340   2.326257  12.368161     -40.603 1
 17.777890   0.109313   0.085778  0.000006  25715.597     1.798755   2.327081  12.372542    2163.067 1
 22.311721   0.645781   0.078334  0.000036  23483.942    10.792528   2.332202  12.399768      92.886 1
 22.029659   1.248133   0.078824  0.000024  23630.841     7.195019   2.347792  12.482658     229.155 1
 22.410091  -0.512587   0.067739  0.000016  20307.641     4.796679   2.352457  12.507463   -2853.590 1
 17.742130  -0.223697   0.089593  0.000005  26859.306     1.498962   2.358837  12.541381    3224.020 1
 17.741930   0.276156   0.065392  0.000010  19604.028     2.997925   2.382427  12.666804   -3506.292 1
 17.719437   0.077299   0.075749  0.000012  22708.979     3.597509   2.382945  12.669558    -626.004 1
 22.385875   0.579306   0.084435  0.000007  25312.976     2.098547   2.383368  12.671807    1789.577 1
 22.397293   0.570407   0.081683  0.000020  24487.947     5.995849   2.391883  12.717082    1024.245 1
 19.952029   2.315417   0.072097  0.000008  21614.137     2.398340   2.404491  12.784116   -1641.628 1
 22.409851   0.586119   0.080003  0.000008  23984.296     2.398340   2.408293  12.804327     557.036 1
 22.481770  -0.450007   0.070368  0.000026  21095.796     7.794604   2.412711  12.827818   -2122.464 1
 17.674392  -0.107779   0.093520  0.000018  28036.591     5.396264   2.422586  12.880322    4316.121 1
 17.740233  -0.651973   0.088914  0.000015  26655.747     4.496887   2.423947  12.887558    3035.190 1
 17.697645  -0.441115   0.076428  0.000013  22912.538     3.897302   2.425551  12.896086    -437.174 1
 22.328847  -1.049564   0.067371  0.000027  20197.318     8.094396   2.431595  12.928218   -2955.931 1
 22.139132   1.246607   0.078491  0.000053  23531.010    15.889000   2.437872  12.961594     136.547 1
 19.211083  -2.358000   0.080509  0.000011  24135.991     3.297717   2.439769  12.971682     697.754 1
 17.747748   0.575474   0.091551  0.000028  27446.299     8.394189   2.440124  12.973568    3768.541 1
 17.654601  -0.248009   0.089958  0.000006  26968.730     1.798755   2.447721  13.013957    3325.527 1
 22.518421   0.290536   0.067574  0.000006  20258.176     1.798755   2.450449  13.028461   -2899.477 1
 22.083500   1.359722   0.094509  0.000012  28333.085     3.597509   2.456230  13.059196    4591.163 1
 17.638649  -0.264122   0.094263  0.000023  28259.336     6.895227   2.464758  13.104539    4522.750 1
 17.682213   0.423671   0.082282  0.000024  24667.523     7.195019   2.467592  13.119607    1190.827 1
 22.525063  -0.538866   0.075240  0.000008  22556.385     2.398340   2.470296  13.133984    -767.558 1
 22.530923  -0.513011   0.075343  0.000012  22587.263     3.597509   2.471445  13.140092    -738.913 1
 22.512841   0.450665   0.079737  0.000013  23904.551     3.897302   2.474575  13.156735     483.061 1
 17.686293   0.474443   0.082416  0.000007  24707.695     2.098547   2.474575  13.156736    1228.092 1
 17.850435   0.955810   0.081565  0.000005  24452.572     1.498962   2.475710  13.162770     991.429 1
 17.676086   0.440406   0.082084  0.000022  24608.164     6.595434   2.477081  13.170060    1135.763 1
 22.507461  -0.707531   0.085475  0.000011  25624.760     3.297717   2.489747  13.237400    2078.802 1
 17.781223   0.832163   0.081504  0.000007  24434.284     2.098547   2.490555  13.241698     974.465 1
 22.602261   0.112314   0.079805  0.000008  23924.937     2.398340   2.513122  13.361680     501.972 1
 17.710866  -0.892719   0.065826  0.000007  19734.138     2.098547   2.519105  13.393489   -3385.597 1
 22.487333  -0.887658   0.075217  0.000007  22549.489     2.098547   2.521711  13.407344    -773.954 1
 17.578807   0.130117   0.065666  0.000010  19686.172     2.997925   2.527208  13.436574   -3430.093 1
 17.619006  -0.590857   0.070495  0.000008  21133.869     2.398340   2.529029  13.446254   -2087.145 1
 22.539745   0.589500   0.081591  0.000010  24460.366     2.997925   2.534201  13.473754     998.659 1
 17.658261  -0.777537   0.076192  0.000010  22841.787     2.997925   2.535117  13.478621    -502.806 1
 17.557195   0.043645   0.065864  0.000008  19745.530     2.398340   2.542915  13.520080   -3375.029 1
 17.554374  -0.018202   0.093546  0.000025  28044.385     7.494811   2.543364  13.522469    4323.352 1
 17.553278  -0.031908   0.093977  0.000010  28173.596     2.997925   2.544138  13.526585    4443.213 1
 22.630011  -0.341137   0.075481  0.000006  22628.635     1.798755   2.546083  13.536927    -700.535 1
 17.733949  -1.036040   0.065670  0.000010  19687.371     2.997925   2.547238  13.543066   -3428.981 1
 22.620887   0.293808   0.081814  0.000011  24527.220     3.297717   2.552238  13.569648    1060.676 1
 17.692803   0.793377   0.081595  0.000022  24461.566     6.595434   2.559407  13.607765     999.772 1
 22.263333  -1.454111   0.066573  0.000150  19958.083    44.968869   2.562969  13.626706   -3177.856 1
 22.657998   0.118028   0.079809  0.000051  23926.136    15.289415   2.569136  13.659492     503.084 1
 22.659056   0.114875   0.079546  0.000018  23847.291     5.396264   2.569944  13.663788     429.944 1
 22.622137   0.401503   0.081566  0.000005  24452.872     1.498962   2.571645  13.672830     991.707 1
 22.638577   0.365153   0.080994  0.000018  24281.390     5.396264   2.581207  13.723672     832.633 1
 22.393371   1.101134   0.089390  0.000008  26798.448     2.398340   2.584593  13.741675    3167.566 1
 22.394405   1.107005   0.089101  0.000006  26711.808     1.798755   2.588210  13.760905    3087.195 1
 17.549781  -0.547791   0.061942  0.000007  18569.744     2.098547   2.588841  13.764261   -4465.740 1
 17.572393  -0.661232   0.061825  0.000006  18534.669     1.798755   2.589470  13.767604   -4498.277 1
 17.656912   0.783588   0.075069  0.000007  22505.120     2.098547   2.589850  13.769626    -815.113 1
 22.687525   0.050174   0.079331  0.000019  23782.835     5.696057   2.594160  13.792540     370.152 1
 22.364931   1.175177   0.086822  0.000008  26028.581     2.398340   2.594493  13.794311    2453.404 1
 17.644877   0.768215   0.090781  0.000025  27215.459     7.494811   2.596101  13.802858    3554.404 1
 17.649727  -0.958665   0.086996  0.000008  26080.745     2.398340   2.598519  13.815716    2501.793 1
 17.642309  -0.952212   0.086056  0.000009  25798.940     2.698132   2.603349  13.841394    2240.379 1
 17.641250  -0.955389   0.086000  0.000333  25782.151    99.830889   2.605407  13.852338    2224.805 1
 19.195625  -2.531806   0.080609  0.000150  24165.970    44.968869   2.607783  13.864969     725.564 1
 17.756846  -1.241077   0.078049  0.000018  23398.502     5.396264   2.610152  13.877566      13.627 1
 17.553965   0.508852   0.061795  0.000004  18525.675     1.199170   2.611258  13.883448   -4506.620 1
 17.579177  -0.777529   0.087876  0.000012  26344.562     3.597509   2.611277  13.883549    2746.522 1
 22.651789   0.458541   0.077935  0.000017  23364.325     5.096472   2.612032  13.887561     -18.077 1
 17.635395  -0.960625   0.085623  0.000006  25669.130     1.798755   2.612677  13.890990    2119.961 1
 17.552000   0.508592   0.061561  0.000005  18455.524     1.498962   2.613113  13.893308   -4571.696 1
 17.559556  -0.718032   0.076305  0.000018  22875.664     5.396264   2.615158  13.904182    -471.381 1
 22.548256   0.849520   0.086641  0.000026  25974.318     7.794604   2.623368  13.947829    2403.067 1
 17.499000  -0.453528   0.068082  0.000011  20410.470     3.297717   2.623918  13.950757   -2758.202 1
 22.474588  -1.197904   0.077964  0.000009  23373.019     2.698132   2.625401  13.958641     -10.012 1
 17.470764  -0.048066   0.086040  0.000005  25794.143     1.498962   2.626360  13.963738    2235.929 1
 22.685291   0.384078   0.078071  0.000015  23405.097     4.496887   2.630525  13.985886      19.745 1
 22.516174   0.950465   0.086772  0.000006  26013.591     1.798755   2.631463  13.990871    2439.499 1
 17.539387  -0.719893   0.075748  0.000016  22708.679     4.796679   2.635179  14.010630    -626.283 1
 17.463931   0.046229   0.085633  0.000006  25672.128     1.798755   2.636191  14.016008    2122.742 1
 22.711428   0.261669   0.081220  0.000060  24349.143    17.987547   2.637398  14.022428     895.484 1
 17.516168   0.471186   0.065765  0.000013  19715.851     3.897302   2.639892  14.035688   -3402.561 1
 22.468977   1.079836   0.082361  0.000130  24691.207    38.973020   2.642544  14.049784    1212.797 1
 22.558561  -1.047215   0.081368  0.000010  24393.513     2.997925   2.643166  14.053091     936.643 1
 17.455230   0.033772   0.085242  0.000007  25554.909     2.098547   2.644294  14.059089    2014.005 1
 22.723326   0.257425   0.081485  0.000028  24428.588     8.394189   2.648642  14.082209     969.181 1
 17.444400  -0.039870   0.085848  0.000012  25736.583     3.597509   2.652847  14.104565    2182.534 1
 22.721020   0.316345   0.078714  0.000010  23597.864     2.997925   2.654616  14.113970     198.564 1
 21.418333  -2.387556   0.072273  0.000150  21666.900    44.968869   2.655064  14.116354   -1592.682 1
 17.469833  -0.473919   0.075320  0.000008  22580.368     2.398340   2.655711  14.119790    -745.310 1
 17.450114  -0.362531   0.066576  0.000005  19958.983     1.498962   2.661295  14.149482   -3177.021 1
 20.130042  -2.745861   0.079415  0.000015  23808.018     4.496887   2.661360  14.149825     393.512 1
 17.447421  -0.357020   0.066673  0.000008  19988.063     2.398340   2.663405  14.160697   -3150.046 1
 17.675337  -1.200376   0.077300  0.000028  23173.957     8.394189   2.666183  14.175466    -194.670 1
 22.700803  -0.669593   0.084775  0.000015  25414.906     4.496887   2.668808  14.189427    1884.132 1
 17.427857   0.009094   0.093513  0.000025  28034.492     7.494811   2.670659  14.199266    4314.175 1
 22.627407   0.771008   0.081294  0.000030  24371.328     8.993774   2.671301  14.202679     916.063 1
 22.731370   0.370168   0.079740  0.000018  23905.451     5.396264   2.673478  14.214252     483.895 1
 22.722875   0.418482   0.079958  0.000011  23970.805     3.297717   2.673777  14.215843     544.521 1
 22.730044   0.396884   0.079907  0.000024  23955.516     7.195019   2.676848  14.232173     530.338 1
 17.416977   0.022520   0.085474  0.000021  25624.461     6.295642   2.682035  14.259753    2078.524 1
 17.415961   0.063043   0.077895  0.000015  23352.334     4.496887   2.684975  14.275384     -29.201 1
 17.419520  -0.289431   0.087032  0.000006  26091.537     1.798755   2.685164  14.276385    2511.805 1
 17.473599  -0.663190   0.088632  0.000022  26571.205     6.595434   2.686295  14.282401    2956.766 1
