214.331511   2.344279   0.055120  0.000014  16524.560     4.197094   0.000001   0.000005     103.175 0
214.305000   2.347715   0.054783  0.000019  16423.530     5.696057   0.026710   0.103450       7.390 0
214.362968   2.412264   0.053338  0.000019  15990.330     5.696057   0.074898   0.290091    -403.321 0
214.407610   2.240897   0.056359  0.000009  16896.003     2.698132   0.128334   0.497054     455.335 1
214.272090   2.225626   0.051467  0.000014  15429.418     4.197094   0.132679   0.513881    -935.113 1
214.308980   2.202342   0.052003  0.000016  15590.107     4.796679   0.143712   0.556615    -782.766 1
214.361994   2.201054   0.056028  0.000018  16796.772     5.396264   0.146429   0.567138     361.255 0
214.484180   2.307733   0.052780  0.000012  15823.046     3.597509   0.156859   0.607536    -561.921 1
214.383587   2.179792   0.052702  0.000026  15799.662     7.794604   0.172522   0.668199    -584.090 1
214.329873   2.551314   0.054409  0.000013  16311.408     3.897302   0.207040   0.801895     -98.912 0
214.466560   2.501911   0.055993  0.000010  16786.279     2.997925   0.207498   0.803668     351.307 0
214.548200   2.320564   0.052926  0.000008  15866.816     2.398340   0.217804   0.843582    -520.423 1
214.415690   2.129609   0.054694  0.000017  16396.849     5.096472   0.230560   0.892990     -17.906 0
214.452092   2.141117   0.057037  0.000011  17099.262     3.297717   0.236201   0.914837     648.042 1
214.268952   2.572338   0.054762  0.000016  16417.235     4.796679   0.236469   0.915874       1.421 0
214.234980   2.127553   0.053956  0.000011  16175.602     3.297717   0.237219   0.918782    -227.667 0
214.279123   2.112673   0.057431  0.000020  17217.381     5.995849   0.237448   0.919667     760.028 1
214.090770   2.358515   0.054712  0.000015  16402.245     4.496887   0.240959   0.933267     -12.790 0
214.263750   2.576417   0.055000  0.000333  16488.585    99.830889   0.241808   0.936556      69.068 0
214.116560   2.463982   0.054217  0.000013  16253.848     3.897302   0.245876   0.952308    -153.484 0
214.086061   2.295753   0.054949  0.000015  16473.296     4.496887   0.249999   0.968277      54.572 0
214.226840   2.100652   0.051784  0.000008  15524.453     2.398340   0.265127   1.026870    -845.013 1
214.426867   2.089436   0.053264  0.000025  15968.145     7.494811   0.272072   1.053771    -424.354 1
214.433430   2.086257   0.053900  0.000027  16158.813     8.094396   0.277392   1.074374    -243.584 0
214.090528   2.205881   0.054409  0.000031  16311.408     9.293566   0.277722   1.075653     -98.912 0
214.049894   2.276592   0.051505  0.000012  15440.811     3.597509   0.289407   1.120912    -924.312 1
214.557450   2.160919   0.052036  0.000027  15600.000     8.094396   0.290835   1.126440    -773.387 1
214.409513   2.061679   0.056173  0.000011  16840.242     3.297717   0.293151   1.135413     402.468 0
214.402000   2.054910   0.052955  0.000015  15875.510     4.496887   0.297818   1.153488    -512.181 1
214.398045   2.053215   0.055430  0.000011  16617.496     3.297717   0.298560   1.156363     191.286 0
214.361712   2.046876   0.054689  0.000011  16395.350     3.297717   0.298931   1.157799     -19.328 0
214.375809   2.048254   0.051942  0.000016  15571.820     4.796679   0.299317   1.159293    -800.104 1
214.434912   2.060267   0.053167  0.000019  15939.066     5.696057   0.302221   1.170541    -451.924 1
214.425296   2.056906   0.053488  0.000024  16035.299     7.195019   0.302266   1.170717    -360.687 0
214.386846   2.044342   0.054885  0.000018  16454.109     5.396264   0.304991   1.181271      36.381 0
214.283752   2.042829   0.057990  0.000023  17384.965     6.895227   0.305204   1.182096     918.912 1
214.343510   2.035371   0.052500  0.000013  15739.104     3.897302   0.309142   1.197346    -641.505 1
214.327980   2.034005   0.054180  0.000024  16242.755     7.195019   0.310295   1.201813    -164.000 0
214.541030   2.111151   0.052167  0.000015  15639.273     4.496887   0.313328   1.213559    -736.153 1
214.271871   2.035760   0.055378  0.000015  16601.907     4.496887   0.314222   1.217023     176.506 0
214.375990   2.032485   0.051153  0.000015  15335.284     4.496887   0.314946   1.219829   -1024.361 1
214.409847   2.036113   0.056100  0.000333  16818.357    99.830889   0.317952   1.231469     381.719 0
214.601760   2.176078   0.052477  0.000013  15732.209     3.897302   0.318127   1.232147    -648.042 1
214.554917   2.114111   0.052698  0.000011  15798.463     3.297717   0.320632   1.241850    -585.227 1
214.419434   2.035265   0.051543  0.000014  15452.203     4.197094   0.321260   1.244282    -913.512 1
214.648530   2.229360   0.052842  0.000018  15841.633     5.396264   0.336957   1.305079    -544.298 1
214.634590   2.504060   0.053255  0.000022  15965.447     6.595434   0.342394   1.326135    -426.912 1
214.153150   2.043677   0.054640  0.000010  16380.660     2.997925   0.349458   1.353498     -33.255 0
214.302305   1.991910   0.055940  0.000014  16770.390     4.197094   0.353576   1.369447     336.243 0
214.363200   1.988482   0.054515  0.000019  16343.186     5.696057   0.357204   1.383498     -68.783 0
214.190926   2.004071   0.059796  0.000006  17926.390     1.798755   0.368067   1.425570    1432.230 1
214.092320   2.060170   0.051763  0.000014  15518.157     4.197094   0.371261   1.437942    -850.981 1
214.640940   2.128430   0.051915  0.000005  15563.725     1.498962   0.377065   1.460422    -807.779 1
214.433844   1.981298   0.058120  0.000006  17423.938     1.798755   0.377108   1.460590     955.862 1
214.238840   1.974839   0.058876  0.000019  17650.581     5.696057   0.380867   1.475149    1170.739 1
214.200437   1.984700   0.051511  0.000016  15442.609     4.796679   0.382687   1.482196    -922.607 1
214.352133   1.962128   0.052583  0.000012  15763.987     3.597509   0.382707   1.482275    -617.914 1
214.008972   2.558334   0.053970  0.000023  16179.799     6.895227   0.386880   1.498435    -223.688 0
214.354740   1.955022   0.054579  0.000024  16362.373     7.195019   0.389949   1.510325     -50.593 0
214.706460   2.204206   0.052407  0.000020  15711.223     5.995849   0.399966   1.549121    -667.938 1
214.391620   1.936926   0.049857  0.000013  14946.753     3.897302   0.411758   1.594791   -1392.722 1
214.098557   2.003661   0.054949  0.000019  16473.296     5.696057   0.412550   1.597860      54.572 0
214.089930   2.002545   0.054519  0.000005  16344.385     1.498962   0.418385   1.620460     -67.646 0
214.324470   1.920027   0.055276  0.000028  16571.328     8.394189   0.424311   1.643413     147.515 0
214.445010   1.934538   0.054823  0.000030  16435.522     8.993774   0.425146   1.646646      18.759 0
214.393200   1.918087   0.055028  0.000032  16496.979     9.593359   0.430627   1.667875      77.026 0
214.345550   1.906261   0.056061  0.000025  16806.665     7.494811   0.438244   1.697374     370.635 0
214.407600   1.911189   0.058252  0.000025  17463.510     7.494811   0.439713   1.703067     993.380 1
214.176199   1.932759   0.052229  0.000021  15657.860     6.295642   0.439808   1.703432    -718.531 1
214.291121   1.905933   0.055897  0.000009  16757.499     2.698132   0.440201   1.704955     324.021 0
214.301145   1.896278   0.056973  0.000007  17080.076     2.098547   0.449028   1.739145     629.851 1
213.897780   2.221315   0.051909  0.000007  15561.927     2.098547   0.450475   1.744747    -809.484 1
214.682860   2.051783   0.056344  0.000019  16891.506     5.696057   0.456941   1.769791     451.071 1
214.647819   2.681135   0.054404  0.000010  16309.909     2.997925   0.461904   1.789014    -100.333 0
214.324990   2.808996   0.039111  0.000006  11725.183     1.798755   0.464762   1.800082   -4447.046 1
214.499920   1.906337   0.053079  0.000020  15912.684     5.995849   0.469157   1.817107    -476.936 1
213.991480   2.002646   0.054086  0.000018  16214.575     5.396264   0.481810   1.866112    -190.718 0
214.754980   2.105326   0.053117  0.000021  15924.076     6.295642   0.485928   1.882062    -466.135 1
214.331670   2.830519   0.054274  0.000027  16270.936     8.094396   0.486239   1.883267    -137.283 0
214.482510   1.869440   0.053973  0.000012  16180.698     3.597509   0.498233   1.929720    -222.835 0
214.581670   1.899774   0.054367  0.000021  16298.817     6.295642   0.509962   1.975148    -110.849 0
214.340036   1.821186   0.054130  0.000014  16227.766     4.197094   0.523163   2.026280    -178.212 0
214.754370   2.023818   0.053564  0.000014  16058.083     4.197094   0.530290   2.053882    -339.085 0
214.839890   2.172773   0.066192  0.000011  19843.862     3.297717   0.536127   2.076491    3250.158 1
214.007467   1.916592   0.054215  0.000019  16253.248     5.696057   0.536419   2.077620    -154.052 0
214.762400   2.016014   0.053941  0.000018  16171.105     5.396264   0.541400   2.096913    -231.931 0
214.879880   2.386201   0.053678  0.000012  16092.260     3.597509   0.549512   2.128333    -306.683 0
214.614090   1.872040   0.052755  0.000009  15815.551     2.698132   0.550208   2.131026    -569.026 1
214.766640   1.991226   0.054156  0.000009  16235.560     2.698132   0.560061   2.169190    -170.822 0
214.186890   1.796989   0.050705  0.000012  15200.977     3.597509   0.566045   2.192368   -1151.696 1
213.767148   2.285253   0.050601  0.000015  15169.798     4.496887   0.566971   2.195951   -1181.255 1
214.056700   1.840605   0.053271  0.000022  15970.244     6.595434   0.573657   2.221849    -422.364 1
213.757520   2.290813   0.050800  0.000023  15229.457     6.895227   0.575997   2.230910   -1124.694 1
214.798286   2.000309   0.056311  0.000022  16881.613     6.595434   0.579510   2.244516     441.692 1
214.401250   1.768174   0.051624  0.000011  15476.486     3.297717   0.580305   2.247596    -890.489 1
214.802204   2.001343   0.056822  0.000021  17034.807     6.295642   0.582055   2.254375     586.933 1
214.202440   1.759632   0.055726  0.000013  16706.235     3.897302   0.598702   2.318852     275.418 0
214.300804   1.743046   0.056248  0.000013  16862.726     3.897302   0.602016   2.331687     423.785 1
214.702230   1.854330   0.054519  0.000030  16344.385     8.993774   0.614210   2.378917     -67.646 0
213.711361   2.337700   0.053339  0.000018  15990.630     5.396264   0.619665   2.400043    -403.037 1
214.303214   1.713989   0.054593  0.000013  16366.570     3.897302   0.630925   2.443654     -46.614 0
213.979415   2.879442   0.054142  0.000017  16231.363     5.096472   0.640439   2.480503    -174.801 0
214.179618   1.718003   0.055670  0.000008  16689.446     2.398340   0.644403   2.495857     259.501 0
214.133170   1.727299   0.055686  0.000006  16694.243     1.798755   0.648027   2.509892     264.049 0
213.718280   2.112239   0.053134  0.000008  15929.172     2.398340   0.655183   2.537609    -461.304 1
214.498570   1.707172   0.054124  0.000015  16225.967     4.496887   0.658611   2.550888    -179.917 0
214.018470   1.748852   0.055582  0.000016  16663.064     4.796679   0.672581   2.604992     234.489 0
214.795348   1.855289   0.066874  0.000018  20048.321     5.396264   0.673719   2.609403    3444.002 1
213.660080   2.264596   0.049827  0.000008  14937.759     2.398340   0.675584   2.616624   -1401.249 1
214.966500   2.109783   0.054742  0.000017  16411.239     5.096472   0.676407   2.619813      -4.263 0
214.821000   1.868016   0.066136  0.000016  19827.074     4.796679   0.682662   2.644038    3234.241 1
214.253880   1.663152   0.055303  0.000014  16579.422     4.197094   0.685530   2.655148     155.189 0
215.036574   2.298211   0.053239  0.000008  15960.651     2.398340   0.705979   2.734347    -431.460 1
214.128410   1.663001   0.055015  0.000036  16493.082    10.792528   0.710860   2.753253      73.331 0
213.755311   1.921176   0.053106  0.000015  15920.778     4.496887   0.714470   2.767234    -469.262 1
214.472230   1.639666   0.054545  0.000034  16352.180    10.192944   0.718505   2.782865     -60.257 0
213.954420   1.719800   0.054063  0.000018  16207.680     5.396264   0.729338   2.824822    -197.255 0
214.142467   1.628147   0.055911  0.000008  16761.696     2.398340   0.740624   2.868533     328.000 0
213.866667   1.757611   0.054000  0.000333  16188.793    99.830889   0.748263   2.898121    -215.161 0
213.863538   1.759375   0.053552  0.000029  16054.486     8.693981   0.748829   2.900313    -342.496 0
213.680421   1.937356   0.052709  0.000018  15801.761     5.396264   0.767330   2.971968    -582.101 1
213.652560   2.711256   0.069232  0.000006  20755.231     1.798755   0.771280   2.987269    4114.214 1
214.260697   1.567373   0.056771  0.000021  17019.518     6.295642   0.780122   3.021515     572.437 1
214.095060   1.591184   0.053805  0.000011  16130.333     3.297717   0.789284   3.056998    -270.586 0
214.523160   3.111510   0.054417  0.000034  16313.806    10.192944   0.790766   3.062738     -96.638 0
213.813965   1.731354   0.054012  0.000018  16192.390     5.396264   0.801925   3.105958    -211.751 0
213.551324   2.533612   0.039187  0.000334  11747.967    99.990000   0.802196   3.107010   -4425.445 1
213.956650   1.632365   0.056753  0.000006  17014.121     1.798755   0.804430   3.115663     567.321 1
213.755110   1.775827   0.055198  0.000017  16547.944     5.096472   0.809209   3.134174     125.345 0
213.625438   1.915361   0.052777  0.000008  15822.147     2.398340   0.825636   3.197796    -562.773 1
214.031350   3.129404   0.049796  0.000024  14928.465     7.195019   0.840455   3.255193   -1410.060 1
215.150208   2.138045   0.068478  0.000012  20529.188     3.597509   0.843610   3.267411    3899.905 1
215.133640   2.064300   0.068601  0.000017  20566.062     5.096472   0.848955   3.288114    3934.865 1
214.044250   1.541395   0.053074  0.000007  15911.185     2.098547   0.852646   3.302408    -478.357 1
215.201944   2.527776   0.054461  0.000015  16326.997     4.496887   0.888852   3.442641     -84.132 0
214.512960   1.470784   0.054882  0.000013  16453.210     3.897302   0.892112   3.455267      35.529 0
213.763797   1.652310   0.054657  0.000011  16385.756     3.297717   0.894752   3.465491     -28.423 0
213.560880   1.875678   0.053094  0.000023  15917.181     6.895227   0.901368   3.491117    -472.673 1
213.646890   1.752041   0.052457  0.000034  15726.213    10.192944   0.904802   3.504418    -653.727 1
213.656713   1.738513   0.055298  0.000021  16577.923     6.295642   0.906390   3.510566     153.768 0
213.631100   1.758862   0.057093  0.000018  17116.051     5.396264   0.912397   3.533831     663.959 1
213.523250   1.904088   0.054885  0.000021  16454.109     6.295642   0.919761   3.562354      36.381 0
213.608880   1.770065   0.054622  0.000043  16375.264    12.891076   0.922520   3.573040     -38.371 0
213.793420   1.591777   0.054521  0.000026  16344.985     7.794604   0.924834   3.582001     -67.078 0
214.435280   1.425001   0.067701  0.000009  20296.249     2.698132   0.925108   3.583062    3679.059 1
213.635875   1.731556   0.053064  0.000014  15908.187     4.197094   0.926568   3.588720    -481.200 1
213.491712   1.946823   0.051684  0.000021  15494.473     6.295642   0.928468   3.596077    -873.436 1
213.632257   1.729646   0.053315  0.000011  15983.435     3.297717   0.930544   3.604117    -409.858 1
213.537800   1.854948   0.052552  0.000020  15754.693     5.995849   0.931862   3.609224    -626.725 1
213.663317   1.683576   0.053666  0.000015  16088.662     4.496887   0.939289   3.637990    -310.094 0
214.017754   1.458221   0.053969  0.000013  16179.499     3.897302   0.939882   3.640286    -223.972 0
213.613181   1.732844   0.052871  0.000008  15850.327     2.398340   0.942861   3.651824    -536.056 1
214.885646   1.580588   0.065610  0.000080  19669.383    23.983397   0.943281   3.653449    3084.737 1
214.879710   1.570835   0.065569  0.000007  19657.092     2.098547   0.947754   3.670775    3073.083 1
213.572760   1.769517   0.054479  0.000027  16332.393     8.094396   0.951363   3.684751     -79.016 0
213.591165   1.740892   0.054154  0.000015  16234.961     4.496887   0.954605   3.697310    -171.390 0
213.459420   1.954274   0.054483  0.000019  16333.592     5.696057   0.954659   3.697517     -77.879 0
213.679438   1.646146   0.053624  0.000014  16076.071     4.197094   0.954923   3.698540    -322.031 1
213.509630   1.847891   0.038831  0.000013  11641.241     3.897302   0.959562   3.716507   -4526.630 1
215.079256   2.967352   0.055810  0.000008  16731.417     2.398340   0.972835   3.767915     299.293 0
213.452310   1.924250   0.054300  0.000008  16278.730     2.398340   0.973717   3.771332    -129.893 0
213.466697   1.894982   0.053937  0.000012  16169.906     3.597509   0.973919   3.772116    -233.068 0
213.445467   1.933517   0.054791  0.000007  16425.929     2.098547   0.975953   3.779994       9.664 0
213.497650   1.831807   0.053307  0.000011  15981.037     3.297717   0.978155   3.788523    -412.132 1
214.463770   1.367394   0.050068  0.000008  15010.009     2.398340   0.985784   3.818069   -1332.749 1
213.612600   3.028626   0.055652  0.000010  16684.050     2.997925   0.992117   3.842599     254.385 0
215.187670   2.847391   0.055736  0.000007  16709.232     2.098547   0.992423   3.843785     278.260 0
213.479572   1.818217   0.055659  0.000011  16686.148     3.297717   1.000663   3.875698     256.374 0
214.049990   1.380566   0.054128  0.000007  16227.166     2.098547   1.003925   3.888333    -178.780 0
215.336327   2.426149   0.052766  0.000007  15818.849     2.098547   1.007309   3.901437    -565.900 1
214.278098   1.332057   0.054203  0.000006  16249.651     1.798755   1.013629   3.925917    -157.463 0
213.485655   1.783624   0.054570  0.000333  16359.674    99.830889   1.014204   3.928142     -53.151 0
214.754395   1.411832   0.055395  0.000006  16607.003     1.798755   1.023715   3.964980     181.338 0
215.298800   2.735053   0.064739  0.000012  19408.264     3.597509   1.042491   4.037704    2837.173 1
214.306620   1.301912   0.055673  0.000013  16690.346     3.897302   1.042665   4.038376     260.354 0
214.252740   1.295656   0.056305  0.000009  16879.814     2.698132   1.051573   4.072881     439.986 1
213.416562   1.782989   0.053480  0.000018  16032.901     5.396264   1.072743   4.154872    -362.960 1
215.068774   3.133206   0.054358  0.000013  16296.118     3.897302   1.079376   4.180565    -113.407 0
213.654594   1.465624   0.053765  0.000017  16118.342     5.096472   1.108821   4.294610    -281.955 0
215.278721   1.759191   0.064510  0.000070  19339.611    20.985472   1.112671   4.309520    2772.085 1
214.312640   1.229392   0.054360  0.000008  16296.718     2.398340   1.115047   4.318724    -112.839 0
215.001749   3.244533   0.052027  0.000009  15597.302     2.698132   1.122018   4.345722    -775.945 1
214.323990   1.221537   0.054217  0.000017  16253.848     5.096472   1.122768   4.348627    -153.484 0
213.605869   1.473096   0.053528  0.000014  16047.291     4.197094   1.133418   4.389874    -349.317 1
213.410220   1.661366   0.054150  0.000040  16233.762    11.991698   1.146179   4.439301    -172.527 0
214.333153   1.173500   0.054393  0.000014  16306.611     4.197094   1.170781   4.534588    -103.459 0
214.204320   3.509473   0.054657  0.000030  16385.756     8.993774   1.172103   4.539707     -28.423 0
213.205383   2.700239   0.069098  0.000009  20715.059     2.698132   1.180147   4.570863    4076.127 1
213.821116   1.280001   0.069508  0.000015  20837.974     4.496887   1.180151   4.570878    4192.661 1
214.125570   3.508818   0.053581  0.000011  16063.180     3.297717   1.182577   4.580276    -334.253 1
213.293760   1.771399   0.048012  0.000017  14393.635     5.096472   1.184616   4.588173   -1917.124 1
214.324460   1.156235   0.053530  0.000017  16047.890     5.096472   1.188066   4.601534    -348.749 1
214.318609   1.153422   0.054762  0.000010  16417.235     2.997925   1.190928   4.612618       1.421 0
213.148010   2.525017   0.068473  0.000008  20527.689     2.398340   1.196242   4.633201    3898.484 1
213.278560   1.765633   0.048958  0.000015  14677.239     4.496887   1.200700   4.650468   -1648.244 1
213.807710   1.262223   0.069096  0.000007  20714.460     2.098547   1.201980   4.655423    4075.559 1
214.383099   1.140854   0.054302  0.000009  16279.330     2.698132   1.204529   4.665299    -129.324 0
214.337958   1.131225   0.053801  0.000017  16129.134     5.096472   1.213072   4.698386    -271.723 0
213.872218   1.207970   0.054469  0.000037  16329.395    11.092321   1.225478   4.746436     -81.858 0
214.733948   1.184920   0.055428  0.000006  16616.896     1.798755   1.227111   4.752760     190.718 0
213.097278   2.271095   0.051282  0.000026  15373.957     7.794604   1.235369   4.784744    -987.696 1
214.195570   3.580747   0.054861  0.000016  16446.914     4.796679   1.243905   4.817806      29.560 0
214.232620   3.585813   0.054407  0.000012  16310.808     3.597509   1.245459   4.823823     -99.480 0
214.581520   3.566576   0.061669  0.000008  18487.901     2.398340   1.247561   4.831966    1964.590 1
214.038242   3.557216   0.054025  0.000011  16196.288     3.297717   1.247828   4.833002    -208.056 0
215.582450   2.439776   0.053405  0.000009  16010.416     2.698132   1.253536   4.855108    -384.278 1
213.920116   3.532615   0.053849  0.000018  16143.524     5.396264   1.257419   4.870147    -258.080 0
213.792850   3.502400   0.056156  0.000012  16835.145     3.597509   1.277071   4.946263     397.636 1
213.717158   3.465570   0.055280  0.000120  16572.527    35.975095   1.278315   4.951079     148.652 0
213.716300   3.479353   0.055645  0.000016  16681.951     4.796679   1.290830   4.999551     252.395 0
214.201579   3.630073   0.049345  0.000013  14793.259     3.897302   1.292330   5.005363   -1538.247 1
214.278550   3.636028   0.065351  0.000012  19591.737     3.597509   1.292831   5.007304    3011.121 1
215.141620   3.369866   0.053787  0.000014  16124.937     4.197094   1.306525   5.060340    -275.702 1
214.066560   3.623952   0.056274  0.000016  16870.521     4.796679   1.306768   5.061281     431.175 1
213.985670   3.608896   0.055763  0.000019  16717.327     5.696057   1.310976   5.077582     285.934 1
214.061250   3.629361   0.056000  0.000333  16788.378    99.830889   1.313146   5.085984     353.297 1
215.638095   2.526707   0.054728  0.000017  16407.042     5.096472   1.318176   5.105467      -8.243 0
213.711481   1.160547   0.053987  0.000013  16184.895     3.897302   1.336045   5.174677    -218.856 0
214.943941   1.146890   0.053633  0.000009  16078.769     2.698132   1.344688   5.208154    -319.473 1
212.981525   2.364042   0.052559  0.000024  15756.792     7.195019   1.349000   5.224853    -624.735 1
213.827162   3.596400   0.055011  0.000022  16491.883     6.595434   1.349721   5.227644      72.194 0
214.121582   3.680879   0.054454  0.000016  16324.899     4.796679   1.352957   5.240179     -86.121 0
214.098363   3.682376   0.053943  0.000013  16171.705     3.897302   1.358222   5.260571    -231.362 0
214.348870   3.706188   0.049151  0.000007  14735.099     2.098547   1.362018   5.275275   -1593.387 1
214.035395   3.680043   0.054630  0.000024  16377.662     7.195019   1.368137   5.298975     -36.097 0
214.351250   3.715139   0.049000  0.000333  14689.830    99.830889   1.371001   5.310065   -1636.306 1
212.952913   2.340274   0.053317  0.000014  15984.034     4.197094   1.377449   5.335040    -409.290 1
214.569696   0.986253   0.053345  0.000017  15992.429     5.096472   1.378722   5.339971    -401.331 1
215.384260   3.239949   0.064805  0.000007  19428.050     2.098547   1.381539   5.350882    2855.932 1
214.032080   3.696219   0.055350  0.000016  16593.513     4.796679   1.384647   5.362918     168.548 0
214.065266   3.713280   0.052815  0.000012  15833.539     3.597509   1.394607   5.401494    -551.973 1
214.173169   3.741517   0.053503  0.000018  16039.796     5.396264   1.406165   5.446262    -356.423 1
215.666492   2.809120   0.055210  0.000016  16551.542     4.796679   1.412541   5.470954     128.756 0
213.087940   3.018957   0.056007  0.000010  16790.476     2.997925   1.413884   5.476157     355.286 1
214.418208   0.920157   0.053479  0.000022  16032.601     6.595434   1.426755   5.526009    -363.245 1
212.902134   2.497976   0.052951  0.000013  15874.310     3.897302   1.436426   5.563465    -513.317 1
212.887970   2.476395   0.053033  0.000009  15898.893     2.698132   1.448370   5.609726    -490.011 1
215.773899   2.503628   0.056639  0.000013  16979.945     3.897302   1.449964   5.615901     534.919 1
214.068601   3.778794   0.055028  0.000013  16496.979     3.897302   1.458368   5.648448      77.026 0
214.385820   0.882813   0.055727  0.000019  16706.534     5.696057   1.462474   5.664353     275.702 1
213.177520   1.440110   0.052881  0.000019  15853.325     5.696057   1.465260   5.675145    -533.213 1
213.440241   1.180321   0.054410  0.000011  16311.708     3.297717   1.465548   5.676260     -98.627 0
213.833290   0.941433   0.069359  0.000007  20793.305     2.098547   1.488552   5.765357    4150.311 1
214.040420   3.805849   0.053909  0.000041  16161.512    12.291491   1.490227   5.771842    -241.026 0
215.745234   2.829418   0.055385  0.000013  16604.005     3.897302   1.493530   5.784634     178.496 0
215.815980   2.527527   0.056606  0.000013  16970.052     3.897302   1.494504   5.788411     525.539 1
215.831570   2.393911   0.055401  0.000012  16608.802     3.597509   1.499626   5.808247     183.043 0
215.319365   1.207441   0.054809  0.000009  16431.325     2.698132   1.505532   5.831123      14.780 0
215.832175   2.541581   0.056429  0.000012  16916.989     3.597509   1.512334   5.857468     475.231 1
214.245903   3.855496   0.055102  0.000015  16519.164     4.496887   1.513635   5.862505      98.059 0
213.369722   1.170308   0.048123  0.000007  14426.912     2.098547   1.517135   5.876062   -1885.575 1
214.146390   3.858613   0.053817  0.000031  16133.931     9.293566   1.525587   5.908798    -267.175 1
215.447108   3.392961   0.054475  0.000022  16331.194     6.595434   1.530428   5.927545     -80.153 0
215.849016   2.564470   0.055718  0.000007  16703.836     2.098547   1.532141   5.934181     273.144 1
213.706603   3.756817   0.054071  0.000017  16210.078     5.096472   1.544382   5.981593    -194.981 0
214.304540   0.793747   0.050508  0.000006  15141.917     1.798755   1.550767   6.006323   -1207.689 1
215.653116   3.166698   0.055212  0.000008  16552.141     2.398340   1.555664   6.025291     129.324 0
214.391375   3.908153   0.055281  0.000021  16572.827     6.295642   1.565016   6.061513     148.936 0
215.795000   2.943745   0.056180  0.000013  16842.340     3.897302   1.580373   6.120989     404.458 1
213.838180   3.856453   0.059478  0.000009  17831.056     2.698132   1.590482   6.160146    1341.845 1
213.839390   3.857305   0.059862  0.000007  17946.176     2.098547   1.590918   6.161834    1450.989 1
213.835417   3.863889   0.058000  0.000333  17387.963    99.830889   1.598408   6.190842     921.754 1
212.890530   3.040476   0.071507  0.000009  21437.259     2.698132   1.599262   6.194149    4760.835 1
215.522690   3.417903   0.059531  0.000008  17846.945     2.398340   1.602873   6.208136    1356.909 1
213.815632   3.864391   0.059405  0.000015  17809.171     4.496887   1.605124   6.216853    1321.096 1
215.941240   2.411054   0.054978  0.000009  16481.990     2.698132   1.609768   6.234842      62.815 0
213.838030   3.879259   0.056011  0.000031  16791.675     9.293566   1.612227   6.244365     356.423 1
215.880090   2.812280   0.052143  0.000007  15632.078     2.098547   1.616512   6.260962    -742.974 1
215.887120   2.806244   0.055773  0.000016  16720.325     4.796679   1.621507   6.280307     288.777 1
214.479116   0.718077   0.066287  0.000020  19872.343     5.995849   1.632877   6.324345    3277.160 1
215.465130   3.522578   0.055235  0.000008  16559.036     2.398340   1.634420   6.330324     135.861 0
213.897821   3.925770   0.055627  0.000011  16676.555     3.297717   1.639781   6.351086     247.279 1
215.504560   1.197270   0.054955  0.000007  16475.095     2.098547   1.639932   6.351669      56.277 0
214.115440   0.706045   0.053287  0.000020  15975.041     5.995849   1.652399   6.399956    -417.817 1
213.896163   3.942664   0.055402  0.000033  16609.102     9.893151   1.656515   6.415898     183.328 0
215.922373   2.811703   0.055780  0.000022  16722.423     6.595434   1.656833   6.417129     290.766 1
215.945910   2.729675   0.049501  0.000009  14840.026     2.698132   1.658450   6.423392   -1493.907 1
215.497308   1.159911   0.054643  0.000014  16381.559     4.197094   1.661187   6.433992     -32.402 0
215.948750   2.729833   0.050000  0.000333  14989.623    99.830889   1.661247   6.434225   -1352.077 1
215.944510   2.787692   0.052164  0.000007  15638.374     2.098547   1.671535   6.474074    -737.006 1
214.483463   0.676604   0.052891  0.000008  15856.323     2.398340   1.674573   6.485839    -530.371 1
212.711460   2.777515   0.052602  0.000005  15769.683     1.498962   1.675668   6.490081    -612.513 1
214.145977   4.009806   0.055412  0.000012  16612.100     3.597509   1.675811   6.490633     186.170 0
213.485670   0.896417   0.053109  0.000007  15921.678     2.098547   1.676471   6.493191    -468.409 1
213.803260   3.937009   0.059463  0.000009  17826.559     2.698132   1.677905   6.498747    1337.581 1
215.533020   1.169913   0.054925  0.000017  16466.101     5.096472   1.679389   6.504494      47.750 0
214.219130   4.026784   0.055393  0.000023  16606.404     6.895227   1.686247   6.531053     180.770 0
215.439900   1.064844   0.054698  0.000011  16398.048     3.297717   1.692167   6.553984     -16.770 0
216.011357   2.597991   0.055705  0.000014  16699.939     4.197094   1.697508   6.574670     269.449 1
215.994037   2.723443   0.052947  0.000016  15873.111     4.796679   1.703859   6.599269    -514.454 1
216.005929   2.668580   0.053138  0.000014  15930.372     4.197094   1.704159   6.600431    -460.167 1
216.000980   2.708344   0.051930  0.000017  15568.222     5.096472   1.707340   6.612750    -803.515 1
214.365680   0.634560   0.050373  0.000006  15101.445     1.798755   1.710061   6.623288   -1246.060 1
213.123880   1.130387   0.046778  0.000008  14023.692     2.398340   1.711568   6.629127   -2267.863 1
212.873330   3.244315   0.054581  0.000007  16362.972     2.098547   1.712540   6.632892     -50.024 0
215.604590   1.197587   0.054027  0.000010  16196.887     2.997925   1.712579   6.633040    -207.487 0
213.246412   1.014104   0.052826  0.000006  15836.836     1.798755   1.716052   6.646495    -548.846 1
216.050147   2.170152   0.053742  0.000012  16111.446     3.597509   1.726005   6.685041    -288.492 1
213.265320   0.981099   0.053585  0.000009  16064.379     2.698132   1.730064   6.700763    -333.116 1
212.837923   3.228799   0.040240  0.000090  12063.649    26.981321   1.734775   6.719009   -4126.151 1
215.551606   1.099138   0.064879  0.000014  19450.235     4.197094   1.742562   6.749169    2876.965 1
215.715810   3.407057   0.055883  0.000017  16753.302     5.096472   1.744298   6.755893     320.042 1
213.150570   1.057880   0.046338  0.000008  13891.783     2.398340   1.745598   6.760927   -2392.923 1
215.072063   0.758564   0.054960  0.000029  16476.593     8.693981   1.749856   6.777421      57.698 0
215.272453   0.865088   0.054057  0.000011  16205.881     3.297717   1.752684   6.788374    -198.960 0
213.143670   1.054405   0.046229  0.000005  13859.106     1.498962   1.752821   6.788903   -2423.904 1
214.039786   4.078399   0.053490  0.000120  16035.899    35.975095   1.758445   6.810687    -360.118 1
216.038512   1.898816   0.053890  0.000011  16155.816     3.297717   1.762787   6.827505    -246.426 1
216.052470   2.747623   0.055994  0.000015  16786.579     4.496887   1.766192   6.840691     351.591 1
214.049330   4.089832   0.054389  0.000012  16305.412     3.597509   1.768175   6.848374    -104.596 0
216.022953   1.799400   0.055555  0.000012  16654.970     3.597509   1.775693   6.877492     226.815 1
214.715800   0.603813   0.053260  0.000033  15966.946     9.893151   1.782318   6.903149    -425.491 1
216.080716   2.708673   0.054837  0.000011  16439.719     3.297717   1.785325   6.914795      22.738 0
213.246830   0.921184   0.052877  0.000008  15852.126     2.398340   1.788789   6.928211    -534.350 1
216.068786   2.790488   0.055277  0.000011  16571.628     3.297717   1.792255   6.941639     147.799 0
214.694471   0.560682   0.052991  0.000007  15886.302     2.098547   1.820094   7.049461    -501.948 1
216.122249   1.975279   0.054264  0.000014  16267.938     4.197094   1.826894   7.075799    -140.125 0
214.749870   0.563522   0.053468  0.000007  16029.303     2.098547   1.829161   7.084580    -366.371 1
216.149554   2.606577   0.052904  0.000012  15860.220     3.597509   1.835362   7.108596    -526.676 1
216.116162   2.780706   0.051584  0.000014  15464.494     4.197094   1.835789   7.110250    -901.858 1
214.452137   0.510942   0.053301  0.000022  15979.238     6.595434   1.837295   7.116085    -413.837 1
214.457739   0.510931   0.052120  0.000012  15625.183     3.597509   1.837682   7.117582    -749.512 1
212.771447   1.358459   0.054894  0.000009  16456.807     2.698132   1.844334   7.143346      38.939 0
214.481900   0.492856   0.053489  0.000033  16035.599     9.893151   1.857512   7.194385    -360.402 1
216.142186   2.773929   0.054477  0.000014  16331.794     4.197094   1.859479   7.202003     -79.584 0
213.540933   0.658643   0.069250  0.000070  20760.628    20.985472   1.861542   7.209994    4119.330 1
216.151099   2.745142   0.054134  0.000010  16228.965     2.997925   1.861734   7.210740    -177.075 0
214.366526   0.482768   0.049975  0.000015  14982.128     4.496887   1.861841   7.211152   -1359.183 1
216.166273   2.689027   0.050476  0.000008  15132.324     2.398340   1.865361   7.224788   -1216.784 1
213.675541   4.090916   0.047350  0.000014  14195.173     4.197094   1.865560   7.225555   -2105.284 1
216.167359   2.691904   0.056277  0.000007  16871.420     2.098547   1.866961   7.230985     432.028 1
214.509050   0.484226   0.052782  0.000016  15823.646     4.796679   1.868494   7.236919    -561.352 1
214.256989   0.477064   0.052453  0.000013  15725.014     3.897302   1.868700   7.237719    -654.863 1
214.536700   0.486801   0.053953  0.000014  16174.702     4.197094   1.868759   7.237948    -228.520 1
214.507393   0.483109   0.052722  0.000021  15805.658     6.295642   1.869449   7.240621    -578.406 1
216.156320   2.766013   0.055848  0.000019  16742.809     5.696057   1.871422   7.248260     310.094 1
214.343220   0.472720   0.050338  0.000021  15090.953     6.295642   1.871597   7.248937   -1256.008 1
216.198583   2.174066   0.062890  0.000130  18853.948    38.973020   1.873260   7.255379    2311.634 1
215.348819   0.765068   0.040183  0.000013  12046.560     3.897302   1.878057   7.273958   -4142.352 1
213.128460   0.900506   0.052803  0.000006  15829.941     1.798755   1.878667   7.276324    -555.383 1
212.908897   3.580833   0.070980  0.000030  21279.269     8.993774   1.884013   7.297028    4611.046 1
214.702766   0.496445   0.053278  0.000010  15972.343     2.997925   1.884700   7.299689    -420.375 1
213.963929   4.193726   0.053928  0.000009  16167.208     2.698132   1.885561   7.303023    -235.626 1
213.105810   0.907518   0.053923  0.000013  16165.709     3.897302   1.887886   7.312027    -237.047 1
214.475740   0.461450   0.054555  0.000019  16355.178     5.696057   1.888337   7.313775     -57.414 0
216.021820   3.190745   0.055447  0.000005  16622.592     1.498962   1.889145   7.316906     196.118 0
216.197529   2.664442   0.053501  0.000011  16039.196     3.297717   1.891746   7.326981    -356.992 1
216.200000   2.666667   0.052000  0.000333  15589.208    99.830889   1.894557   7.337867    -783.619 1
214.489913   4.234650   0.055735  0.000024  16708.933     7.195019   1.896984   7.347266     277.976 1
212.677408   1.408058   0.046471  0.000013  13931.655     3.897302   1.899470   7.356896   -2355.121 1
215.000990   0.560669   0.065755  0.000016  19712.853     4.796679   1.904920   7.378005    3125.950 1
212.661078   1.424955   0.046274  0.000020  13872.596     5.995849   1.905474   7.380151   -2411.114 1
216.194890   2.751898   0.052060  0.000009  15607.195     2.698132   1.905919   7.381873    -766.565 1
214.704320   0.474998   0.052655  0.000009  15785.572     2.698132   1.906035   7.382322    -597.449 1
214.989027   0.553726   0.062047  0.000297  18601.223    89.038360   1.907273   7.387115    2072.029 1
216.199682   2.783852   0.054093  0.000016  16216.673     4.796679   1.917668   7.427378    -188.728 0
214.620171   0.439157   0.049751  0.000033  14914.975     9.893151   1.926831   7.462869   -1422.850 1
216.224500   2.749769   0.056908  0.000010  17060.589     2.997925   1.934383   7.492117     611.376 1
216.179667   2.920430   0.067764  0.000007  20315.136     2.098547   1.934404   7.492198    3696.966 1
212.671065   1.339412   0.054637  0.000009  16379.761     2.698132   1.939645   7.512499     -34.107 0
214.334519   0.403422   0.048029  0.000016  14398.732     4.796679   1.940860   7.517205   -1912.292 1
216.269190   2.624641   0.052546  0.000014  15752.894     4.197094   1.956253   7.576821    -628.430 1
215.097570   4.154194   0.054563  0.000012  16357.576     3.597509   1.965109   7.611125     -55.140 0
216.227995   2.865542   0.055098  0.000015  16517.965     4.496887   1.965287   7.611811      96.922 0
216.253593   2.766571   0.055574  0.000017  16660.666     5.096472   1.966355   7.615949     232.215 1
216.255050   2.781254   0.057393  0.000010  17205.989     2.997925   1.970980   7.633862     749.227 1
215.867450   1.102073   0.039632  0.000012  11881.375     3.597509   1.974397   7.647096   -4298.963 1
214.440875   0.372611   0.053463  0.000024  16027.804     7.195019   1.974695   7.648250    -367.792 1
215.633400   0.845584   0.040022  0.000016  11998.294     4.796679   1.984483   7.686160   -4188.113 1
214.467980   0.363021   0.049647  0.000017  14883.796     5.096472   1.985946   7.691826   -1452.410 1
215.690920   0.887391   0.053480  0.000297  16032.901    89.038360   1.991841   7.714658    -362.960 1
214.377720   0.350528   0.053527  0.000013  16046.991     3.897302   1.994287   7.724132    -349.602 1
214.550550   0.358908   0.053417  0.000015  16014.014     4.496887   1.997398   7.736184    -380.867 1
215.827140   1.015702   0.040213  0.000005  12055.554     1.498962   1.999571   7.744601   -4133.826 1
214.627280   4.328008   0.049329  0.000005  14788.462     1.498962   2.005620   7.768026   -1542.795 1
214.443573   0.341410   0.050472  0.000032  15131.125     9.593359   2.005997   7.769489   -1217.921 1
214.490960   0.338785   0.048240  0.000015  14461.988     4.496887   2.011813   7.792014   -1852.320 1
215.811195   0.978330   0.040073  0.000010  12013.583     2.997925   2.012865   7.796087   -4173.618 1
214.405544   0.329096   0.050964  0.000013  15278.623     3.897302   2.016541   7.810327   -1078.080 1
214.739019   0.365606   0.053282  0.000021  15973.542     6.295642   2.020133   7.824238    -419.238 1
214.459779   0.327921   0.050160  0.000022  15037.590     6.595434   2.020428   7.825381   -1306.600 1
214.463596   0.319502   0.052639  0.000013  15780.775     3.897302   2.029075   7.858870    -601.997 1
215.829282   0.964754   0.040050  0.000070  12006.688    20.985472   2.035352   7.883185   -4180.155 1
214.581360   4.369503   0.055685  0.000016  16693.943     4.796679   2.040551   7.903320     263.764 1
212.481773   1.476665   0.046297  0.000010  13879.491     2.997925   2.041705   7.907788   -2404.577 1
213.669379   0.396203   0.054351  0.000004  16294.020     1.199170   2.057350   7.968384    -115.397 0
216.390668   2.326959   0.053710  0.000120  16101.853    35.975095   2.057508   7.968995    -297.588 1
215.501847   0.649913   0.054399  0.000013  16308.410     3.897302   2.058707   7.973642    -101.754 0
215.908964   1.018106   0.040820  0.000080  12237.528    23.983397   2.059839   7.978023   -3961.299 1
215.901048   1.007599   0.040140  0.000012  12033.669     3.597509   2.060593   7.980946   -4154.574 1
214.517009   0.273823   0.050272  0.000013  15071.166     3.897302   2.078736   8.051216   -1274.767 1
214.498370   0.267427   0.053118  0.000012  15924.376     3.597509   2.083534   8.069799    -465.851 1
214.558390   0.258063   0.052604  0.000018  15770.282     5.396264   2.098497   8.127752    -611.945 1
215.751157   0.793155   0.053890  0.000333  16155.816    99.830889   2.101907   8.140961    -246.426 1
215.877928   0.918436   0.039454  0.000297  11828.012    89.038360   2.102484   8.143194   -4349.555 1
215.754081   0.794350   0.054077  0.000012  16211.877     3.597509   2.102999   8.145190    -193.276 0
216.035000   1.108889   0.039110  0.000333  11724.883    99.830889   2.103144   8.145750   -4447.330 1
216.436930   2.341055   0.039318  0.000007  11787.240     2.098547   2.103660   8.147751   -4388.211 1
215.774267   0.810650   0.053809  0.000022  16131.532     6.595434   2.104777   8.152075    -269.449 1
216.346320   1.724684   0.039034  0.000008  11702.099     2.398340   2.106316   8.158036   -4468.932 1
215.473330   4.115539   0.055768  0.000017  16718.826     5.096472   2.106877   8.160209     287.355 1
216.092660   3.515860   0.054820  0.000017  16434.623     5.096472   2.114015   8.187856      17.906 0
214.465141   0.233356   0.053360  0.000016  15996.926     4.796679   2.115142   8.192222    -397.068 1
213.711213   0.318949   0.038721  0.000016  11608.264     4.796679   2.118039   8.203442   -4557.895 1
214.522880   0.227400   0.053417  0.000012  16014.014     3.597509   2.125498   8.232331    -380.867 1
216.456076   2.167106   0.065510  0.000070  19639.404    20.985472   2.130169   8.250421    3056.314 1
214.690570   4.449232   0.039601  0.000007  11872.081     2.098547   2.135306   8.270318   -4307.774 1
215.783566   0.769340   0.054600  0.000009  16368.668     2.698132   2.141349   8.293723     -44.624 0
212.373778   1.473020   0.056502  0.000008  16938.873     2.398340   2.141354   8.293742     495.979 1
215.547358   0.572670   0.065452  0.000025  19622.016     7.494811   2.148119   8.319945    3039.828 1
216.138221   1.177319   0.038797  0.000007  11631.048     2.098547   2.149544   8.325466   -4536.294 1
214.424840   0.189863   0.053634  0.000046  16079.069    13.790453   2.156434   8.352151    -319.189 1
216.147500   1.173889   0.038800  0.000333  11631.947    99.830889   2.159194   8.362838   -4535.441 1
213.868010   0.227318   0.053917  0.000013  16163.910     3.897302   2.167026   8.393173    -238.752 1
215.752930   0.707416   0.053735  0.000008  16109.348     2.398340   2.167113   8.393510    -290.482 1
214.396217   0.159085   0.054325  0.000015  16286.225     4.496887   2.186151   8.467249    -122.787 0
215.427363   4.236746   0.055866  0.000013  16748.205     3.897302   2.186392   8.468183     315.210 1
215.608090   4.127460   0.054091  0.000020  16216.074     5.995849   2.192410   8.491489    -189.296 0
214.609263   0.169394   0.053259  0.000009  15966.647     2.698132   2.192521   8.491918    -425.775 1
215.701060   4.059979   0.054020  0.000006  16194.789     1.798755   2.194573   8.499868    -209.477 1
212.875240   0.699983   0.053119  0.000014  15924.676     4.197094   2.195652   8.504045    -465.567 1
213.090220   0.530451   0.053745  0.000013  16112.346     3.897302   2.197316   8.510492    -287.640 1
216.192470   1.170878   0.039444  0.000010  11825.014     2.997925   2.198693   8.515824   -4352.398 1
213.790993   4.477916   0.049065  0.000015  14709.317     4.496887   2.200925   8.524471   -1617.831 1
216.408703   1.600427   0.038584  0.000013  11567.192     3.897302   2.204729   8.539202   -4596.835 1
215.058086   0.261058   0.052898  0.000008  15858.421     2.398340   2.206092   8.544483    -528.382 1
214.647749   0.157713   0.053170  0.000007  15939.965     2.098547   2.209279   8.556827    -451.071 1
213.066350   0.522505   0.053014  0.000015  15893.197     4.496887   2.217389   8.588238    -495.411 1
213.065310   0.523169   0.053193  0.000015  15946.860     4.496887   2.217437   8.588421    -444.534 1
215.418560   4.283881   0.056362  0.000015  16896.903     4.496887   2.223005   8.609989     456.187 1
215.965833   0.831139   0.038546  0.000006  11555.800     1.798755   2.226239   8.622512   -4607.635 1
213.982115   4.555317   0.056587  0.000012  16964.356     3.597509   2.238427   8.669721     520.139 1
213.949322   4.552232   0.056426  0.000287  16916.089    86.040435   2.240731   8.678643     474.378 1
216.312890   3.401799   0.060403  0.000033  18108.364     9.893151   2.244470   8.693124    1604.757 1
215.636320   4.175507   0.054910  0.000015  16461.604     4.496887   2.247904   8.706426      43.487 0
214.327860   0.094574   0.052641  0.000016  15781.375     4.796679   2.249709   8.713416    -601.428 1
215.959004   3.900066   0.054778  0.000005  16422.031     1.498962   2.250506   8.716501       5.969 0
213.975840   4.572975   0.056667  0.000007  16988.339     2.098547   2.256850   8.741073     542.877 1
214.838888   4.553329   0.049580  0.000100  14863.710    29.979246   2.266473   8.778345   -1471.453 1
212.083977   2.663730   0.040945  0.000018  12275.002     5.396264   2.268260   8.785265   -3925.770 1
213.024350   0.485372   0.054776  0.000017  16421.432     5.096472   2.271860   8.799209       5.400 0
214.135020   0.071339   0.052544  0.000007  15752.295     2.098547   2.281404   8.836175    -628.999 1
216.090520   0.888627   0.055240  0.000006  16560.535     1.798755   2.282075   8.838773     137.283 0
214.402346   0.062030   0.052860  0.000021  15847.029     6.295642   2.283347   8.843701    -539.182 1
213.887151   4.587887   0.054131  0.000010  16228.066     2.997925   2.287115   8.858296    -177.927 0
212.959634   0.513262   0.054596  0.000014  16367.469     4.197094   2.287252   8.858825     -45.761 0
212.977547   0.497790   0.054398  0.000020  16308.110     5.995849   2.289033   8.865725    -102.038 0
214.329820   0.051020   0.052877  0.000011  15852.126     3.297717   2.293261   8.882097    -534.350 1
216.530320   1.667747   0.067519  0.000009  20241.687     2.698132   2.298776   8.903461    3627.330 1
214.102830   4.633841   0.054835  0.000007  16439.119     2.098547   2.300934   8.911817      22.170 0
214.866180   0.106097   0.060022  0.000008  17994.143     2.398340   2.301056   8.912288    1496.465 1
212.981958   0.466583   0.054766  0.000023  16418.434     6.895227   2.311707   8.953543       2.558 0
214.836031   4.606493   0.054781  0.000022  16422.931     6.595434   2.317698   8.976746       6.821 0
213.814173   4.604446   0.055255  0.000018  16565.032     5.396264   2.318521   8.979934     141.546 0
216.629530   2.671226   0.070171  0.000010  21036.737     2.997925   2.319257   8.982785    4381.105 1
214.342420   0.023720   0.053386  0.000016  16004.720     4.796679   2.320586   8.987930    -389.678 1
216.566141   1.707370   0.053580  0.000030  16062.880     8.993774   2.321826   8.992734    -334.537 1
213.777540   4.600891   0.055613  0.000019  16672.358     5.696057   2.323502   8.999227     243.300 1
216.497438   3.204405   0.055275  0.000007  16571.028     2.098547   2.328779   9.019663     147.231 0
213.051540   4.298727   0.060630  0.000022  18176.417     6.595434   2.335689   9.046430    1669.277 1
216.633780   2.751670   0.039390  0.000010  11808.825     2.997925   2.336139   9.048171   -4367.746 1
216.588806   1.732746   0.067506  0.000014  20237.790     4.197094   2.336843   9.050896    3623.635 1
212.793692   0.578790   0.052916  0.000011  15863.818     3.297717   2.340488   9.065014    -523.265 1
213.899730   0.037455   0.053265  0.000016  15968.445     4.796679   2.346820   9.089539    -424.070 1
212.262504   3.460129   0.040560  0.000020  12159.582     5.995849   2.349200   9.098759   -4035.198 1
214.217050   4.696294   0.054931  0.000015  16467.900     4.496887   2.354793   9.120419      49.456 0
214.726970   4.670354   0.055139  0.000014  16530.256     4.197094   2.359396   9.138246     108.575 0
214.282127  -0.015246   0.052756  0.000014  15815.851     4.197094   2.360042   9.140750    -568.742 1
212.197946   1.317965   0.047621  0.000014  14276.417     4.197094   2.365967   9.163700   -2028.258 1
214.305979  -0.026972   0.051496  0.000012  15438.112     3.597509   2.371389   9.184699    -926.871 1
215.520860   4.402161   0.054313  0.000019  16282.628     5.696057   2.376355   9.203931    -126.198 0
215.803705   4.215222   0.053871  0.000006  16150.120     1.798755   2.379949   9.217851    -251.827 1
213.804040   4.668395   0.054162  0.000018  16237.359     5.396264   2.383122   9.230141    -169.116 0
212.340190   1.027750   0.057654  0.000014  17284.234     4.197094   2.385785   9.240458     823.411 1
216.564529   1.491487   0.055013  0.000010  16492.482     2.997925   2.388574   9.251259      72.763 0
212.818516   0.489433   0.053072  0.000011  15910.585     3.297717   2.392860   9.267858    -478.926 1
216.614790   1.611601   0.064530  0.000019  19345.607     5.696057   2.396135   9.280543    2777.769 1
213.094770   4.399995   0.056494  0.000006  16936.475     1.798755   2.398527   9.289807     493.706 1
215.963820   4.114282   0.054181  0.000012  16243.055     3.597509   2.406841   9.322010    -163.716 0
213.712616   4.671898   0.056741  0.000005  17010.524     1.498962   2.408359   9.327889     563.910 1
216.352130   3.660484   0.055351  0.000006  16593.812     1.798755   2.410076   9.334539     168.832 0
213.626210   4.652886   0.055779  0.000015  16722.124     4.496887   2.413768   9.348839     290.482 1
212.153944   3.422953   0.040438  0.000006  12123.007     1.798755   2.428455   9.405724   -4069.874 1
213.626747   4.668611   0.054856  0.000014  16445.415     4.197094   2.428657   9.406505      28.139 0
213.697810  -0.003127   0.047413  0.000009  14214.060     2.698132   2.431301   9.416745   -2087.377 1
213.696461  -0.003674   0.047508  0.000009  14242.540     2.698132   2.432180   9.420151   -2060.376 1
213.711801   4.698088   0.047667  0.000005  14290.207     1.498962   2.433888   9.426764   -2015.183 1
213.260643   0.146372   0.054612  0.000011  16372.266     3.297717   2.444512   9.467912     -41.213 0
215.856126   4.258529   0.055450  0.000014  16623.492     4.197094   2.446408   9.475258     196.971 1
215.814250   4.302371   0.056500  0.000012  16938.274     3.597509   2.455394   9.510061     495.411 1
216.536835   3.429643   0.054910  0.000120  16461.604    35.975095   2.456285   9.513510      43.487 0
215.673205   4.405800   0.054424  0.000014  16315.905     4.197094   2.459065   9.524277     -94.648 0
212.881360   4.333925   0.060637  0.000009  18178.515     2.698132   2.461322   9.533019    1671.266 1
215.891990   4.250776   0.053681  0.000018  16093.159     5.396264   2.462874   9.539034    -305.830 1
216.408480   1.012635   0.054724  0.000011  16405.842     3.297717   2.465738   9.550126      -9.380 0
214.708610  -0.093784   0.052427  0.000022  15717.219     6.595434   2.467007   9.555039    -662.253 1
211.922125   2.885096   0.048936  0.000012  14670.644     3.597509   2.467368   9.556438   -1654.497 1
213.922501   4.778835   0.055291  0.000010  16575.825     2.997925   2.468616   9.561273     151.778 0
214.843212  -0.080412   0.064186  0.000005  19242.479     1.498962   2.478010   9.597654    2679.995 1
216.703915   1.605142   0.055357  0.000006  16595.611     1.798755   2.482985   9.616924     170.537 1
216.115229   4.074372   0.051078  0.000009  15312.799     2.698132   2.483858   9.620304   -1045.678 1
214.421380  -0.144198   0.049569  0.000009  14860.412     2.698132   2.490098   9.644472   -1474.580 1
213.155109   0.141691   0.054048  0.000008  16203.183     2.398340   2.496598   9.669650    -201.518 1
214.920850   4.775624   0.049451  0.000025  14825.037     7.494811   2.501634   9.689156   -1508.119 1
215.690658   4.445238   0.055944  0.000025  16771.589     7.494811   2.501643   9.689189     337.380 1
214.259320  -0.163580   0.051517  0.000010  15444.408     2.997925   2.508897   9.717285    -920.902 1
216.754600   1.669894   0.054383  0.000007  16303.613     2.098547   2.513233   9.734077    -106.302 0
214.338542  -0.169056   0.043531  0.000011  13050.265     3.297717   2.513346   9.734516   -3190.754 1
216.607269   1.267697   0.055319  0.000021  16584.219     6.295642   2.515839   9.744171     159.737 0
212.974491   0.222977   0.055539  0.000012  16650.173     3.597509   2.517607   9.751021     222.267 1
213.638206   4.767814   0.054158  0.000012  16236.160     3.597509   2.520592   9.762581    -170.253 1
215.131917  -0.047833   0.052252  0.000007  15664.756     2.098547   2.522258   9.769033    -711.993 1
215.830665   4.374534   0.054381  0.000021  16303.014     6.295642   2.523021   9.771990    -106.870 0
216.743230   3.109840   0.039470  0.000007  11832.808     2.098547   2.528388   9.792775   -4345.008 1
215.024536  -0.088220   0.054936  0.000012  16469.398     3.597509   2.529138   9.795680      50.877 0
215.086771  -0.070244   0.038503  0.000297  11542.909    89.038360   2.529702   9.797864   -4619.857 1
213.602493   4.767657   0.053663  0.000018  16087.763     5.396264   2.530481   9.800882    -310.946 1
215.061570  -0.079363   0.052598  0.000010  15768.484     2.997925   2.531036   9.803031    -613.650 1
213.807130   4.834734   0.056048  0.000013  16802.768     3.897302   2.544971   9.857003     366.940 1
213.117427   0.096520   0.054175  0.000020  16241.256     5.995849   2.554204   9.892764    -165.421 0
212.610322   0.444087   0.052935  0.000015  15869.514     4.496887   2.562863   9.926301    -517.865 1
214.436394   4.930455   0.055913  0.000010  16762.296     2.997925   2.588297  10.024813     328.569 1
216.565405   3.657926   0.041250  0.333560  12366.439    99.990000   2.589904  10.031036   -3839.080 1
215.681560   0.132342   0.054322  0.000007  16285.326     2.098547   2.590802  10.034514    -123.640 0
211.737577   2.401988   0.068204  0.000010  20447.045     2.997925   2.592404  10.040720    3822.026 1
214.268849  -0.252365   0.043688  0.000018  13097.333     5.396264   2.597400  10.060067   -3146.130 1
215.653508   4.583943   0.054965  0.000008  16478.092     2.398340   2.600162  10.070768      59.120 0
216.661520   3.505000   0.071573  0.000014  21457.046     4.197094   2.601372  10.075451    4779.594 1
213.813662   4.899006   0.057977  0.000017  17381.067     5.096472   2.606596  10.095686     915.217 1
212.893530   0.166181   0.052948  0.000008  15873.411     2.398340   2.609299  10.106156    -514.170 1
215.868120   0.233412   0.061716  0.000012  18501.991     3.597509   2.610169  10.109526    1977.949 1
214.583980   4.943247   0.039770  0.000070  11922.746    20.985472   2.611181  10.113443   -4259.739 1
216.333432   0.665467   0.065217  0.000297  19551.565    89.038360   2.611398  10.114285    2973.035 1
213.819864   4.907822   0.056347  0.000010  16892.406     2.997925   2.614018  10.124433     451.924 1
213.063201   0.053826   0.053920  0.000021  16164.809     6.295642   2.617651  10.138503    -237.900 1
214.135970   4.954651   0.057618  0.000016  17273.442     4.796679   2.617672  10.138586     813.179 1
216.762530   1.362736   0.055848  0.000011  16742.809     3.297717   2.619809  10.146861     310.094 1
214.115290   4.961360   0.057522  0.000015  17244.662     4.496887   2.625982  10.170770     785.893 1
211.704467   2.218569   0.041699  0.000015  12501.046     4.496887   2.627853  10.178017   -3711.461 1
213.726025   4.904217   0.049096  0.000010  14718.611     2.997925   2.630452  10.188082   -1609.020 1
214.408563   4.978002   0.056006  0.000019  16790.176     5.696057   2.634847  10.205106     355.002 1
213.601380  -0.191071   0.053689  0.000010  16095.557     2.997925   2.638220  10.218168    -303.557 1
213.789896   4.926664   0.056058  0.000018  16805.766     5.396264   2.638477  10.219166     369.782 1
213.612588  -0.195264   0.053495  0.000010  16037.398     2.997925   2.639179  10.221886    -358.697 1
213.610854  -0.195272   0.053016  0.000007  15893.797     2.098547   2.639659  10.223744    -494.843 1
213.770194  -0.246228   0.038645  0.000026  11585.480     7.794604   2.650525  10.265827   -4579.497 1
214.714146  -0.280192   0.051390  0.000009  15406.334     2.698132   2.652172  10.272209    -956.999 1
213.821943   4.948186   0.056805  0.000029  17029.711     8.693981   2.653215  10.276248     582.101 1
213.819583   4.950833   0.057000  0.000333  17088.170    99.830889   2.656266  10.288065     637.525 1
211.959996   1.136916   0.049604  0.000067  14870.905    20.086095   2.659398  10.300194   -1464.632 1
216.449703   3.956103   0.056060  0.000120  16806.365    35.975095   2.660302  10.303697     370.350 1
216.579217   0.907264   0.064598  0.000297  19365.993    89.038360   2.666224  10.326632    2797.097 1
213.735590   4.944597   0.056190  0.000013  16845.338     3.897302   2.667616  10.332024     407.300 1
213.579782   4.912555   0.054431  0.000008  16318.003     2.398340   2.675852  10.363925     -92.659 0
211.677642   1.914508   0.047207  0.000016  14152.303     4.796679   2.686249  10.404194   -2145.928 1
216.928536   1.646015   0.055336  0.000011  16589.315     3.297717   2.687161  10.407724     164.569 0
216.011417   0.236639   0.065387  0.000297  19602.529    89.038360   2.694349  10.435565    3021.354 1
215.150584  -0.224040   0.052581  0.000007  15763.387     2.098547   2.695557  10.440243    -618.482 1
213.681450  -0.282227   0.038470  0.000007  11533.016     2.098547   2.705626  10.479241   -4629.237 1
213.674364  -0.284055   0.038706  0.000005  11603.767     1.498962   2.709107  10.492726   -4562.159 1
213.490000  -0.232806   0.038692  0.000010  11599.570     2.997925   2.710780  10.499203   -4566.138 1
215.031474  -0.276293   0.051250  0.000009  15364.363     2.698132   2.712293  10.505064    -996.791 1
215.137208  -0.248444   0.063520  0.000010  19042.817     2.997925   2.714826  10.514875    2490.698 1
216.558904   3.899333   0.055056  0.000039  16505.374    11.691906   2.714990  10.515512      84.984 0
215.567440  -0.074192   0.053559  0.000011  16056.584     3.297717   2.715506  10.517509    -340.506 1
216.298710   0.461431   0.052019  0.000006  15594.904     1.798755   2.721860  10.542118    -778.219 1
215.807830   0.044422   0.055062  0.000023  16507.172     6.895227   2.732256  10.582382      86.690 0
215.674475   4.724750   0.054981  0.000011  16482.889     3.297717   2.732613  10.583767      63.667 0
212.974215  -0.034188   0.053058  0.000015  15906.388     4.496887   2.737933  10.604371    -482.905 1
215.521934  -0.122116   0.054429  0.000016  16317.404     4.796679   2.738220  10.605482     -93.227 0
216.172080   0.309990   0.054542  0.000297  16351.280    89.038360   2.742329  10.621396     -61.109 0
211.669690   1.675247   0.044510  0.000010  13343.762     2.997925   2.742451  10.621869   -2912.494 1
216.962280   1.559665   0.054825  0.000009  16436.122     2.698132   2.743172  10.624662      19.328 0
215.081600  -0.294689   0.051359  0.000010  15397.041     2.997925   2.743328  10.625269    -965.810 1
215.019448  -0.314823   0.051687  0.000006  15495.373     1.798755   2.746506  10.637576    -872.583 1
212.972780  -0.050637   0.053808  0.000013  16131.233     3.897302   2.752941  10.662500    -269.733 1
212.965060  -0.050881   0.054957  0.000026  16475.694     7.794604   2.756965  10.678086      56.846 0
215.549010  -0.131283   0.054087  0.000007  16214.875     2.098547   2.758304  10.683269    -190.433 1
216.486170   0.612931   0.055418  0.000010  16613.898     2.997925   2.762673  10.700192     187.875 1
215.379260  -0.213150   0.051949  0.000016  15573.918     4.796679   2.763402  10.703017    -798.115 1
213.208730   4.873506   0.055640  0.000012  16680.452     3.597509   2.766859  10.716406     250.974 1
211.547491   2.312114   0.068166  0.000014  20435.653     4.197094   2.781875  10.774564    3811.226 1
216.923229   3.372118   0.054873  0.000022  16450.512     6.595434   2.786076  10.790836      32.971 0
215.541380   4.860085   0.055055  0.000016  16505.074     4.796679   2.791167  10.810552      84.700 0
213.040020   4.823603   0.055804  0.000016  16729.618     4.796679   2.795031  10.825519     297.588 1
214.821950  -0.412761   0.039405  0.000017  11813.322     5.096472   2.800251  10.845736   -4363.483 1
216.282982   4.361404   0.055550  0.000120  16653.471    35.975095   2.805470  10.865950     225.394 1
214.812150  -0.426031   0.051744  0.000008  15512.461     2.398340   2.811628  10.889801    -856.382 1
216.279770   4.379811   0.055622  0.000028  16675.056     8.394189   2.816514  10.908727     245.858 1
215.628090   4.847720   0.055412  0.000024  16612.100     7.195019   2.818780  10.917501     186.170 1
216.810628   0.990304   0.052384  0.000008  15704.328     2.398340   2.822941  10.933617    -674.475 1
214.099881  -0.473070   0.063210  0.000320  18949.881    95.933587   2.826840  10.948719    2402.587 1
212.877950  -0.083059   0.054440  0.000019  16320.701     5.696057   2.828653  10.955741     -90.101 0
216.819490   0.993084   0.052357  0.000005  15696.234     1.498962   2.829385  10.958576    -682.149 1
214.631310  -0.485188   0.051170  0.000010  15340.380     2.997925   2.845280  11.020141   -1019.529 1
216.288531   4.422240   0.055120  0.000010  16524.560     2.997925   2.853321  11.051284     103.175 0
216.812901   0.931053   0.052252  0.000009  15664.756     2.698132   2.853806  11.053163    -711.993 1
211.527965   1.796602   0.042545  0.000007  12754.670     2.098547   2.854236  11.054829   -3471.004 1
214.464375  -0.523806   0.050456  0.000297  15126.328    89.038360   2.871157  11.120364   -1222.469 1
217.028431   3.358774   0.054815  0.000016  16433.124     4.796679   2.879307  11.151933      16.485 0
215.787598   4.830872   0.067087  0.000010  20112.177     2.997925   2.880935  11.158235    3504.543 1
215.298510  -0.372700   0.053109  0.000020  15921.678     5.995849   2.883662  11.168797    -468.409 1
215.286414  -0.377877   0.053117  0.000120  15924.076    35.975095   2.884520  11.172121    -466.135 1
211.510356   1.720248   0.044541  0.000014  13353.056     4.197094   2.887042  11.181888   -2903.683 1
215.423106  -0.337712   0.051909  0.000013  15561.927     3.897302   2.895284  11.213812    -809.484 1
211.538470   1.570276   0.042048  0.000007  12605.673     2.098547   2.896049  11.216777   -3612.266 1
216.835463   3.818637   0.068538  0.000014  20547.175     4.197094   2.903966  11.247439    3916.959 1
211.735844   1.012118   0.048074  0.000013  14412.223     3.897302   2.915624  11.292593   -1899.502 1
212.869150   4.867878   0.049610  0.000006  14872.704     1.798755   2.916070  11.294320   -1462.926 1
217.129873   1.510789   0.054764  0.000005  16417.834     1.498962   2.917609  11.300279       1.990 0
214.544410  -0.567497   0.050360  0.000005  15097.548     1.498962   2.919537  11.307747   -1249.755 1
215.422080  -0.366028   0.051992  0.000012  15586.809     3.597509   2.921151  11.313998    -785.893 1
215.422166  -0.366357   0.053050  0.000333  15903.990    99.830889   2.921488  11.315304    -485.179 1
212.939256  -0.230560   0.047833  0.000008  14339.973     2.398340   2.926590  11.335064   -1968.001 1
215.476126  -0.350201   0.052724  0.000297  15806.258    89.038360   2.927146  11.337216    -577.837 1
217.199930   1.692904   0.048270  0.000014  14470.982     4.197094   2.939108  11.383549   -1843.793 1
212.372792   0.143667   0.054097  0.000007  16217.873     2.098547   2.944971  11.406257    -187.591 1
216.069756  -0.038432   0.066133  0.000010  19826.175     2.997925   2.948518  11.419996    3233.388 1
211.782510   0.851049   0.048145  0.000015  14433.508     4.496887   2.952333  11.434769   -1879.322 1
217.039696   3.531527   0.039606  0.000006  11873.580     1.798755   2.954921  11.444792   -4306.353 1
211.773079   0.856389   0.048691  0.000024  14597.195     7.195019   2.957776  11.455851   -1724.133 1
216.262694   4.586384   0.055944  0.000014  16771.589     4.197094   2.958084  11.457045     337.380 1
215.750630  -0.254542   0.054972  0.000008  16480.191     2.398340   2.960474  11.466303      61.109 0
212.441660   0.062315   0.054392  0.000016  16306.311     4.796679   2.961912  11.471870    -103.744 0
214.966609  -0.561228   0.055025  0.000020  16496.080     5.995849   2.973996  11.518674      76.173 0
212.275708   0.188806   0.053675  0.000012  16091.360     3.597509   2.977469  11.532124    -307.536 1
217.305480   2.152521   0.064637  0.000008  19377.685     2.398340   2.977662  11.532873    2808.182 1
217.317670   2.325532   0.054650  0.000010  16383.658     2.997925   2.983720  11.556335     -30.412 0
215.460926  -0.418547   0.052784  0.000008  15824.245     2.398340   2.984403  11.558980    -560.784 1
216.107350   4.747450   0.054725  0.000013  16406.142     3.897302   2.987232  11.569940      -9.095 0
217.274580   1.782895   0.053198  0.000008  15948.359     2.398340   2.993714  11.595043    -443.113 1
211.413959   1.645632   0.043514  0.000023  13045.169     6.895227   2.997661  11.610331   -3195.586 1
214.141868  -0.648872   0.048610  0.000006  14572.911     1.798755   2.999144  11.616074   -1747.155 1
217.076680   1.129594   0.054884  0.000014  16453.809     4.197094   2.999802  11.618624      36.097 0
211.715760   0.850133   0.047586  0.000013  14265.924     3.897302   3.010511  11.660101   -2038.206 1
211.713581   0.849502   0.048746  0.000017  14613.683     5.096472   3.012714  11.668634   -1708.500 1
212.855070   4.971997   0.055991  0.000015  16785.680     4.496887   3.013490  11.671641     350.739 1
211.711050   0.851800   0.046121  0.000019  13826.728     5.696057   3.013771  11.672729   -2454.601 1
216.708631   4.205358   0.047468  0.000008  14230.548     2.398340   3.017426  11.686885   -2071.745 1
211.658384   3.748753   0.040544  0.000015  12154.785     4.496887   3.017647  11.687739   -4039.746 1
211.394167   1.552222   0.042996  0.000500  12889.877    99.990000   3.039886  11.773873   -3342.816 1
211.394181   1.551043   0.043546  0.000008  13054.762     2.398340   3.040179  11.775011   -3186.491 1
211.305855   1.944051   0.068955  0.000008  20672.189     2.398340   3.049501  11.811114    4035.482 1
211.299820   1.920929   0.068568  0.000024  20556.169     7.195019   3.058593  11.846330    3925.486 1
212.465474  -0.083015   0.054633  0.000016  16378.561     4.796679   3.060723  11.854579     -35.244 0
211.332195   2.970604   0.067975  0.000018  20378.392     5.396264   3.061555  11.857803    3756.938 1
213.622625  -0.640417   0.071572  0.000009  21456.746     2.698132   3.067588  11.881166    4779.310 1
217.380057   1.926743   0.064216  0.000008  19251.472     2.398340   3.074480  11.907861    2688.521 1
215.414774  -0.533831   0.054240  0.000070  16260.743    20.985472   3.074902  11.909495    -146.946 1
216.966208   0.754250   0.056999  0.000006  17087.870     1.798755   3.075421  11.911506     637.241 1
211.604600   0.892899   0.047645  0.000012  14283.612     3.597509   3.087087  11.956688   -2021.436 1
211.590229   3.777972   0.052114  0.000009  15623.384     2.698132   3.091524  11.973876    -751.217 1
214.566738  -0.739356   0.049700  0.000027  14899.685     8.094396   3.092580  11.977965   -1437.346 1
214.120627  -0.743875   0.048740  0.000010  14611.884     2.997925   3.095335  11.988636   -1710.205 1
216.407731   4.646879   0.055621  0.000011  16674.756     3.297717   3.099265  12.003857     245.574 1
212.779840  -0.342183   0.054651  0.000007  16383.958     2.098547   3.101731  12.013408     -30.128 0
212.757320  -0.332298   0.054730  0.000007  16407.641     2.098547   3.104512  12.024181      -7.674 0
216.439479   4.636798   0.053816  0.000011  16133.631     3.297717   3.113156  12.057657    -267.459 1
216.991550   0.715005   0.056669  0.000006  16988.939     1.798755   3.117453  12.074300     543.446 1
212.192400   0.072031   0.053132  0.000006  15928.573     1.798755   3.119495  12.082212    -461.872 1
215.480414  -0.556585   0.052313  0.000013  15683.043     3.897302   3.119742  12.083167    -694.656 1
216.370051  -0.022953   0.054684  0.000031  16393.851     9.293566   3.122897  12.095389     -20.749 0
216.574800   0.154333   0.054333  0.000014  16288.624     4.197094   3.133656  12.137057    -120.513 1
214.540570  -0.785019   0.049929  0.000019  14968.338     5.696057   3.136263  12.147155   -1372.257 1
211.207560   1.987593   0.069194  0.000006  20743.839     1.798755   3.141649  12.168017    4103.413 1
212.328540  -0.078463   0.053500  0.000024  16038.897     7.195019   3.142429  12.171037    -357.276 1
216.286890  -0.124357   0.054577  0.000008  16361.773     2.398340   3.148219  12.193462     -51.161 0
215.495971  -0.590353   0.051098  0.000020  15318.795     5.995849   3.156861  12.226934   -1039.994 1
216.310840   4.809734   0.055935  0.000017  16768.891     5.096472   3.160642  12.241577     334.822 1
215.520851  -0.596835   0.050299  0.000297  15079.261    89.038360   3.172116  12.286020   -1267.093 1
211.292669   1.401401   0.058121  0.000013  17424.237     3.897302   3.179328  12.313951     956.146 1
212.540042  -0.283342   0.053357  0.000011  15996.026     3.297717   3.179369  12.314109    -397.921 1
216.737150   4.430386   0.055191  0.000011  16545.846     3.297717   3.182650  12.326817     123.355 1
216.736360   4.431397   0.055340  0.000022  16590.515     6.595434   3.182717  12.327076     165.705 1
216.135592  -0.279929   0.061240  0.000070  18359.290    20.985472   3.183668  12.330759    1842.656 1
213.752621  -0.796956   0.038472  0.000011  11533.615     3.297717   3.194044  12.370948   -4628.668 1
217.001028   4.117191   0.068815  0.000008  20630.218     2.398340   3.202751  12.404673    3995.690 1
214.634315  -0.850166   0.048875  0.000297  14652.356    89.038360   3.208742  12.427874   -1671.835 1
214.632030  -0.856777   0.050279  0.000014  15073.265     4.197094   3.215109  12.452537   -1272.777 1
211.179410   1.682606   0.069163  0.000009  20734.546     2.698132   3.218217  12.464575    4094.602 1
216.720320   4.519618   0.057516  0.000009  17242.863     2.698132   3.229390  12.507849     784.188 1
213.147310  -0.661821   0.070158  0.000009  21032.839     2.698132   3.230577  12.512445    4377.410 1
211.108262   2.028749   0.045471  0.000008  13631.863     2.398340   3.235970  12.533335   -2639.350 1
214.630822  -0.878004   0.050710  0.000110  15202.476    32.977170   3.236132  12.533962   -1150.274 1
215.524660  -0.669308   0.054918  0.000018  16464.002     5.396264   3.240824  12.552132      45.761 0
215.639170  -0.631637   0.054385  0.000033  16304.213     9.893151   3.250107  12.588088    -105.733 1
214.654530  -0.890369   0.048337  0.000013  14491.068     3.897302   3.250711  12.590427   -1824.750 1
213.603430  -0.829337   0.039612  0.000013  11875.379     3.897302   3.255927  12.610628   -4304.647 1
215.485825  -0.700865   0.050607  0.000011  15171.597     3.297717   3.256244  12.611855   -1179.550 1
216.916410   4.337268   0.056368  0.000011  16898.701     3.297717   3.262289  12.635271     457.893 1
216.652113   0.041923   0.055230  0.000014  16557.537     4.197094   3.267573  12.655737     134.440 1
215.819364  -0.566714   0.070870  0.000230  21246.291    68.952265   3.268622  12.659800    4579.781 1
215.631912  -0.655301   0.055096  0.000017  16517.365     5.096472   3.268899  12.660873      96.354 0
212.390991  -0.290834   0.070423  0.000020  21112.284     5.995849   3.271565  12.671199    4452.730 1
217.467270   1.383709   0.051329  0.000006  15388.047     1.798755   3.277077  12.692547    -974.337 1
217.187446   0.711489   0.056803  0.000015  17029.111     4.496887   3.287663  12.733548     581.532 1
214.025321  -0.935757   0.048591  0.000010  14567.215     2.997925   3.294273  12.759150   -1752.556 1
212.471351  -0.383976   0.054460  0.000007  16326.697     2.098547   3.301179  12.785896     -84.416 0
216.955612   4.350343   0.056620  0.000009  16974.249     2.698132   3.301315  12.786422     529.519 1
216.871030   4.459120   0.056715  0.000014  17002.729     4.197094   3.303168  12.793601     556.520 1
216.846276   4.492358   0.057006  0.000010  17089.969     2.997925   3.305708  12.803438     639.231 1
211.816117   4.496354   0.057108  0.000018  17120.548     5.396264   3.308782  12.815344     668.222 1
216.865150   4.475313   0.056649  0.000024  16982.943     7.195019   3.309062  12.816429     537.761 1
212.173333  -0.169611   0.052979  0.000008  15882.705     2.398340   3.312036  12.827947    -505.359 1
213.101170  -0.732032   0.054416  0.000006  16313.506     1.798755   3.312839  12.831055     -96.922 0
216.884908   4.457839   0.056452  0.000417  16923.884    99.990000   3.313014  12.831736     481.768 1
215.635351  -0.704998   0.054407  0.000010  16310.808     2.997925   3.315909  12.842948     -99.480 0
216.915633   4.426015   0.055587  0.000012  16664.563     3.597509   3.316646  12.845801     235.910 1
216.889820   4.460073   0.056190  0.000007  16845.338     2.098547   3.318219  12.851896     407.300 1
215.457347  -0.777466   0.054933  0.000012  16468.499     3.597509   3.318235  12.851958      50.024 0
217.302284   0.850417   0.054372  0.000013  16300.316     3.897302   3.323004  12.870429    -109.428 1
212.357552  -0.335196   0.071016  0.000006  21290.061     1.798755   3.327098  12.886285    4621.278 1
216.909309   4.460340   0.056040  0.000013  16800.369     3.897302   3.333413  12.910741     364.666 1
216.914264   4.454816   0.056858  0.000025  17045.600     7.494811   3.333740  12.912008     597.165 1
215.259157  -0.861984   0.054548  0.000010  16353.079     2.997925   3.337547  12.926753     -59.404 0
215.098480  -0.912227   0.049690  0.000020  14896.687     5.995849   3.345459  12.957399   -1440.188 1
215.823665  -0.652441   0.053282  0.000297  15973.542    89.038360   3.347109  12.963789    -419.238 1
217.206163   0.625452   0.051285  0.000007  15374.856     2.098547   3.347264  12.964388    -986.843 1
216.899700   4.498736   0.056773  0.000016  17020.117     4.796679   3.350559  12.977151     573.006 1
216.905211   4.500191   0.047990  0.000011  14387.040     3.297717   3.355712  12.997112   -1923.377 1
217.624853   1.646128   0.051521  0.000008  15445.607     2.398340   3.363834  13.028566    -919.765 1
212.157630  -0.225156   0.052042  0.000009  15601.799     2.698132   3.364498  13.031140    -771.682 1
215.889747  -0.649508   0.050750  0.000297  15214.467    89.038360   3.374434  13.069624   -1138.905 1
210.975169   2.724100   0.071574  0.000006  21457.345     1.798755   3.374973  13.071709    4779.878 1
212.434167  -0.448410   0.054399  0.000010  16308.410     2.997925   3.375353  13.073180    -101.754 0
217.007850   4.409968   0.056390  0.000016  16905.297     4.796679   3.379035  13.087443     464.146 1
210.970071   2.721467   0.070850  0.000070  21240.296    20.985472   3.379739  13.090170    4574.096 1
216.494988   4.945745   0.056257  0.000005  16865.424     1.498962   3.382370  13.100359     426.343 1
210.991288   1.739769   0.071635  0.000010  21475.633     2.997925   3.391732  13.136622    4797.216 1
216.895157   4.567476   0.054307  0.000031  16280.829     9.293566   3.391739  13.136645    -127.903 1
212.609920  -0.588559   0.053687  0.000008  16094.958     2.398340   3.400067  13.168904    -304.125 1
217.508107   3.566857   0.066384  0.000015  19901.423     4.496887   3.401261  13.173529    3304.730 1
217.321417   0.697278   0.055858  0.000029  16745.807     8.693981   3.411334  13.212543     312.936 1
215.944566  -0.664108   0.052557  0.000015  15756.192     4.496887   3.412916  13.218668    -625.304 1
211.250768   0.848406   0.069561  0.000007  20853.863     2.098547   3.422387  13.255350    4207.725 1
210.937280   2.812500   0.050910  0.000009  15262.434     2.698132   3.423558  13.259887   -1093.429 1
211.250150   0.846877   0.069582  0.000007  20860.159     2.098547   3.423611  13.260090    4213.694 1
211.220488   3.785578   0.051897  0.000009  15558.329     2.698132   3.426311  13.270547    -812.895 1
211.229160   3.807835   0.051595  0.000015  15467.792     4.496887   3.427895  13.276685    -898.732 1
217.007546   4.489678   0.055426  0.000008  16616.297     2.398340   3.428107  13.277506     190.149 1
212.024167  -0.194167   0.053589  0.000014  16065.578     4.197094   3.429087  13.281301    -331.979 1
216.576358   4.942259   0.056076  0.000009  16811.162     2.698132   3.432260  13.293589     374.898 1
217.366693   0.716583   0.056118  0.000030  16823.753     8.993774   3.441848  13.330727     386.836 1
217.359765   0.679002   0.052180  0.000080  15643.170    23.983397   3.453713  13.376682    -732.458 1
217.771070   2.000244   0.051370  0.000013  15400.339     3.897302   3.453859  13.377245    -962.683 1
211.513900   0.343174   0.053645  0.000006  16082.366     1.798755   3.453993  13.377765    -316.063 1
217.772083   2.004556   0.051000  0.000333  15289.415    99.830889   3.454439  13.379493   -1067.848 1
212.006600  -0.225614   0.053289  0.000018  15975.640     5.396264   3.464176  13.417207    -417.248 1
210.866788   2.524882   0.071189  0.000016  21341.925     4.796679   3.466530  13.426323    4670.450 1
217.317545   0.565378   0.053809  0.000005  16131.532     1.498962   3.473612  13.453751    -269.449 1
216.045810  -0.678905   0.050474  0.000011  15131.725     3.297717   3.474702  13.457974   -1217.353 1
216.304251  -0.521373   0.055366  0.000008  16598.309     2.398340   3.478098  13.471125     173.095 1
211.866838   4.808032   0.068960  0.001800  20673.688    99.990000   3.483464  13.491908    4036.904 1
211.279840   4.067672   0.049026  0.000015  14697.625     4.496887   3.502455  13.565463   -1628.916 1
211.315292   0.538306   0.044808  0.000007  13433.100     2.098547   3.513387  13.607808   -2827.794 1
213.333223  -1.026778   0.070273  0.000009  21067.315     2.698132   3.515529  13.616100    4410.096 1
211.105690   3.759665   0.041010  0.000012  12294.489     3.597509   3.520202  13.634199   -3907.295 1
217.447003   0.688045   0.053969  0.000010  16179.499     2.997925   3.526070  13.656929    -223.972 1
217.353512   0.513411   0.054508  0.000025  16341.087     7.494811   3.531189  13.676756     -70.773 1
214.133520  -1.182154   0.049746  0.000007  14913.476     2.098547   3.531978  13.679812   -1424.271 1
212.939500  -0.904278   0.054444  0.000025  16321.901     7.494811   3.533777  13.686778     -88.964 1
217.379550   0.548719   0.056512  0.000034  16941.871    10.192944   3.535399  13.693059     498.822 1
212.308570  -0.560877   0.054213  0.000010  16252.649     2.997925   3.539121  13.707476    -154.621 1
216.007839  -0.773576   0.052235  0.000009  15659.659     2.698132   3.539266  13.708038    -716.825 1
217.457550   0.664821   0.053653  0.000012  16084.765     3.597509   3.546316  13.735345    -313.789 1
216.868050   4.827301   0.056923  0.000009  17065.086     2.698132   3.548051  13.742062     615.640 1
213.942587  -1.186810   0.049907  0.000006  14961.742     1.798755   3.552408  13.758940   -1378.510 1
213.154680  -1.012213   0.053708  0.000007  16101.253     2.098547   3.556495  13.774769    -298.156 1
213.100421  -0.994181   0.053962  0.000007  16177.401     2.098547   3.557860  13.780054    -225.962 1
211.972250  -0.324370   0.053116  0.000011  15923.776     3.297717   3.560686  13.791002    -466.420 1
217.388000   0.497458   0.055400  0.000333  16608.502    99.830889   3.568929  13.822926     182.759 1
217.385952   0.493800   0.055529  0.000022  16647.175     6.595434   3.569073  13.823485     219.425 1
217.908167   2.328397   0.065321  0.000023  19582.743     6.895227   3.573699  13.841402    3002.594 1
213.151750  -1.036412   0.053830  0.000014  16137.828     4.197094   3.580305  13.866987    -263.480 1
213.152297  -1.036717   0.054481  0.000500  16332.993    99.990000   3.580413  13.867406     -78.447 1
213.352238  -1.104708   0.069863  0.000023  20944.400     6.895227   3.585092  13.885530    4293.562 1
217.927952   2.322007   0.065002  0.000014  19487.109     4.197094   3.593501  13.918098    2911.925 1
217.175099   4.547545   0.054477  0.000010  16331.794     2.997925   3.595392  13.925423     -79.584 1
217.534520   0.703472   0.053767  0.000009  16118.941     2.698132   3.596437  13.929469    -281.387 1
210.930483   1.165800   0.042552  0.000008  12756.769     2.398340   3.596727  13.930593   -3469.014 1
217.359400   0.397540   0.056493  0.000012  16936.175     3.597509   3.597579  13.933892     493.421 1
217.068640   0.002323   0.053046  0.000006  15902.791     1.798755   3.600571  13.945479    -486.316 1
217.353231   0.373080   0.056927  0.000021  17066.285     6.295642   3.605711  13.965388     616.777 1
215.844450  -0.931977   0.054538  0.000009  16350.081     2.698132   3.608188  13.974981     -62.246 1
217.743230   3.548943   0.065827  0.000031  19734.438     9.293566   3.615463  14.003159    3146.414 1
211.015430   0.896530   0.043023  0.000013  12897.971     3.897302   3.615794  14.004442   -3335.142 1
214.021170  -1.259696   0.050166  0.000012  15039.388     3.597509   3.617291  14.010239   -1304.895 1
214.021928  -1.260395   0.049872  0.000006  14951.249     1.798755   3.617922  14.012685   -1388.458 1
214.252589  -1.276793   0.049213  0.000010  14753.686     2.997925   3.621931  14.028213   -1575.765 1
212.183060  -0.573859   0.054147  0.000006  16232.862     1.798755   3.622658  14.031026    -173.380 1
214.046710  -1.268448   0.050239  0.000018  15061.273     5.396264   3.623918  14.035905   -1284.146 1
217.403840   0.410044   0.055835  0.000020  16738.912     5.995849   3.628317  14.052946     306.399 1
215.683210  -1.028698   0.038766  0.000020  11621.754     5.995849   3.633320  14.072323   -4545.105 1
211.397510   0.184991   0.047675  0.000012  14292.605     3.597509   3.640945  14.101855   -2012.909 1
210.843575   3.402255   0.046420  0.000020  13916.366     5.995849   3.642066  14.106197   -2369.617 1
214.340114  -1.301739   0.049720  0.000297  14905.681    89.038360   3.646029  14.121546   -1431.661 1
210.691011   2.630002   0.071607  0.000019  21467.239     5.696057   3.648657  14.131723    4789.258 1
217.444935   0.424152   0.054282  0.000012  16273.334     3.597509   3.655693  14.158974    -135.009 1
216.420083  -0.660611   0.050022  0.000010  14996.218     2.997925   3.658443  14.169628   -1345.824 1
217.414000   0.368844   0.054600  0.000333  16368.668    99.830889   3.658988  14.171738     -44.624 1
210.926597   0.994370   0.042968  0.000011  12881.482     3.297717   3.660095  14.176023   -3350.775 1
217.458200   0.429605   0.054692  0.000020  16396.249     5.995849   3.664125  14.191634     -18.475 1
217.419290   0.366376   0.055747  0.000011  16712.530     3.297717   3.664770  14.194131     281.387 1
216.882208  -0.290139   0.053605  0.000016  16070.375     4.796679   3.665425  14.196667    -327.432 1
216.895788  -0.277567   0.052871  0.000017  15850.327     5.096472   3.665870  14.198391    -536.056 1
217.424290   0.369006   0.053746  0.000019  16112.645     5.696057   3.667559  14.204935    -287.355 1
217.402560   0.334932   0.055771  0.000015  16719.725     4.496887   3.667840  14.206021     288.208 1
210.951780   0.907483   0.070106  0.000015  21017.250     4.496887   3.669857  14.213834    4362.630 1
213.964010  -1.307671   0.040561  0.000013  12159.882     3.897302   3.670365  14.215800   -4034.914 1
217.351355   0.253814   0.055286  0.000015  16574.326     4.496887   3.670729  14.217213     150.357 1
213.955290  -1.316065   0.049795  0.000008  14928.165     2.398340   3.679596  14.251557   -1410.344 1
212.103610  -0.589145   0.052676  0.000012  15791.868     3.597509   3.682420  14.262492    -591.480 1
212.810695  -1.012713   0.049080  0.000110  14713.814    32.977170   3.684889  14.272057   -1613.568 1
