335.974875  -1.633472   0.086727  0.000147  26000.101    44.069491   0.008760   0.053593    -938.862 0
335.959134  -1.638081   0.084839  0.000073  25434.092    21.884849   0.012025   0.073569   -1458.068 0
335.959123  -1.653498   0.088758  0.000060  26608.979    17.987547   0.016921   0.103519    -380.330 0
335.952572  -1.648289   0.088690  0.000180  26588.593    53.962642   0.019506   0.119332    -399.030 0
335.956292  -1.654889   0.091577  0.000057  27454.094    17.088170   0.019906   0.121783     394.905 0
335.965950  -1.620707   0.087180  0.000113  26135.906    33.876548   0.021050   0.128779    -814.285 0
335.987876  -1.656607   0.089940  0.000210  26963.334    62.956416   0.023028   0.140884     -55.276 0
335.962000  -1.616083   0.094128  0.000077  28218.864    23.084019   0.026599   0.162728    1096.438 0
335.967457  -1.612842   0.093328  0.000067  27979.031    20.086095   0.028551   0.174669     876.436 0
335.970750  -1.612556   0.093421  0.000067  28006.911    20.086095   0.028646   0.175253     902.011 0
335.947009  -1.657855   0.096450  0.000240  28914.983    71.950190   0.028993   0.177375    1734.996 0
335.997789  -1.655670   0.088828  0.000057  26629.964    17.088170   0.030655   0.187543    -361.079 0
335.990958  -1.614833   0.093131  0.000197  27919.971    59.059114   0.033216   0.203208     822.260 0
335.979967  -1.603459   0.086710  0.000200  25995.004    59.958492   0.038851   0.237684    -943.537 0
336.008804  -1.653025   0.087461  0.000213  26220.148    63.855794   0.039832   0.243684    -737.009 0
335.974792  -1.601528   0.092551  0.000013  27746.092     3.897302   0.039879   0.243975     662.758 0
335.938583  -1.667361   0.086246  0.000047  25855.900    14.090246   0.041452   0.253599   -1071.138 0
336.001034  -1.611775   0.092220  0.000180  27646.860    53.962642   0.042216   0.258272     571.732 0
335.966542  -1.598333   0.090079  0.000287  27005.005    86.040435   0.043075   0.263528     -17.050 0
335.932625  -1.664222   0.094969  0.000067  28470.990    20.086095   0.044524   0.272393    1327.716 0
335.983333  -1.598056   0.089926  0.000107  26959.137    32.077793   0.044941   0.274946     -59.126 0
335.977878  -1.594571   0.093770  0.000180  28111.539    53.962642   0.047172   0.288592     997.987 0
335.989045  -1.595494   0.095106  0.000157  28512.062    47.067416   0.049230   0.301182    1365.392 0
335.929458  -1.668250   0.089549  0.000047  26846.115    14.090246   0.049350   0.301915    -162.802 0
335.921105  -1.641546   0.091036  0.000067  27291.906    20.086095   0.049628   0.303617     246.128 0
335.969496  -1.590894   0.093655  0.000087  28077.063    26.081944   0.050324   0.307874     966.362 0
335.995446  -1.597341   0.089345  0.000180  26784.957    53.962642   0.050330   0.307911    -218.903 0
335.968958  -1.586972   0.092067  0.000057  27600.992    17.088170   0.054260   0.331953     529.657 0
335.914208  -1.637917   0.086196  0.000087  25840.911    26.081944   0.056616   0.346370   -1084.888 0
335.979167  -1.699234   0.090286  0.000137  27067.062    41.071567   0.058638   0.358742      39.875 0
335.994625  -1.578833   0.086893  0.000187  26049.866    56.061190   0.066778   0.408541    -893.211 0
335.933199  -1.585606   0.095430  0.000140  28609.194    41.970944   0.067082   0.410399    1454.493 0
335.930042  -1.694583   0.088118  0.000097  26417.112    29.079868   0.067123   0.410649    -556.332 0
335.970667  -1.572694   0.084392  0.000107  25300.085    32.077793   0.068508   0.419123   -1580.994 0
335.982667  -1.572722   0.086710  0.000217  25995.004    65.054963   0.069508   0.425241    -943.537 0
335.906383  -1.613420   0.086346  0.000093  25885.880    27.880699   0.070084   0.428767   -1043.638 0
336.009721  -1.579822   0.087511  0.000173  26235.138    51.864095   0.072697   0.444750    -723.259 0
336.049167  -1.638556   0.094355  0.000037  28286.917    11.092321   0.078427   0.479809    1158.864 0
335.959333  -1.559778   0.088274  0.000127  26463.879    38.073642   0.082220   0.503012    -513.431 0
335.971417  -1.552861   0.089635  0.000060  26871.897    17.987547   0.088344   0.540474    -139.152 0
335.890667  -1.601250   0.085733  0.000117  25702.107    35.075718   0.089468   0.547353   -1212.215 0
335.943167  -1.554750   0.086316  0.000010  25876.886     2.997925   0.090743   0.555153   -1051.888 0
336.050538  -1.596259   0.086306  0.000120  25873.888    35.975095   0.091545   0.560059   -1054.638 0
335.885052  -1.674952   0.087040  0.000060  26093.936    17.987547   0.092073   0.563294    -852.785 0
335.919734  -1.560688   0.087060  0.000160  26099.931    47.966793   0.095306   0.583069    -847.285 0
335.955792  -1.546974   0.093091  0.000150  27907.980    44.968869   0.095407   0.583689     811.260 0
335.878226  -1.616383   0.093738  0.000167  28101.945    50.065340   0.095760   0.585849     989.187 0
336.014833  -1.556083   0.085870  0.000110  25743.178    32.977170   0.095848   0.586384   -1174.539 0
335.889333  -1.589611   0.083323  0.000014  24979.607     4.197094   0.096360   0.589518   -1874.973 1
335.901833  -1.573306   0.077240  0.000240  23155.969    71.950190   0.096725   0.591753   -3547.819 1
336.062508  -1.672132   0.092841  0.000087  27833.032    26.081944   0.096793   0.592168     742.509 0
336.043667  -1.576889   0.091053  0.000037  27297.003    11.092321   0.097203   0.594675     250.803 0
336.052179  -1.695227   0.090476  0.000113  27124.022    33.876548   0.097691   0.597664      92.126 0
335.915731  -1.558724   0.093958  0.000070  28167.900    20.985472   0.099133   0.606486    1049.688 0
336.068202  -1.616974   0.093498  0.000070  28029.995    20.985472   0.100378   0.614099     923.186 0
335.974061  -1.540440   0.093581  0.000070  28054.878    20.985472   0.100816   0.616781     946.012 0
336.019708  -1.547528   0.093508  0.000107  28032.993    32.077793   0.105686   0.646574     925.936 0
336.062208  -1.577778   0.090519  0.000097  27136.914    29.079868   0.111265   0.680706     103.951 0
336.036083  -1.550889   0.093388  0.000057  27997.018    17.088170   0.111450   0.681836     892.936 0
336.078320  -1.676704   0.089262  0.000050  26760.074    14.989623   0.113233   0.692747    -241.728 0
335.865167  -1.682583   0.088024  0.000047  26388.931    14.090246   0.113364   0.693547    -582.182 0
336.012496  -1.535408   0.093892  0.000097  28148.113    29.079868   0.113726   0.695758    1031.538 0
335.906183  -1.735175   0.089332  0.000120  26781.060    35.975095   0.114003   0.697455    -222.478 0
335.950042  -1.521500   0.091930  0.000117  27559.921    35.075718   0.121479   0.743192     491.981 0
336.092960  -1.622591   0.086670  0.000207  25983.012    62.057039   0.123567   0.755970    -954.537 0
335.923625  -1.523806   0.094809  0.000053  28423.023    15.889000   0.126495   0.773879    1283.716 0
335.882628  -1.733596   0.087527  0.000067  26239.934    20.086095   0.127656   0.780984    -718.859 0
336.102083  -1.662528   0.088278  0.000013  26465.079     3.897302   0.132998   0.813665    -512.331 0
335.857801  -1.714229   0.085703  0.000057  25693.113    17.088170   0.134463   0.822630   -1220.465 0
335.913733  -1.764795   0.090086  0.000130  27007.103    38.973020   0.136102   0.832654     -15.125 0
336.044425  -1.518522   0.097147  0.000070  29123.938    20.985472   0.143086   0.875382    1926.674 1
335.925244  -1.503816   0.088074  0.000057  26403.921    17.088170   0.144721   0.885385    -568.432 0
336.027575  -1.505720   0.094118  0.000163  28215.867    48.866171   0.146907   0.898756    1093.688 0
335.887442  -1.765503   0.092100  0.000073  27610.885    21.884849   0.149618   0.915345     538.732 0
336.053792  -1.515281   0.094510  0.000180  28333.385    53.962642   0.150818   0.922685    1201.490 0
336.064384  -1.519899   0.092940  0.000130  27862.711    38.973020   0.153213   0.937336     769.734 0
336.043454  -1.491052   0.085846  0.000080  25735.983    23.983397   0.166812   1.020535   -1181.140 0
335.801505  -1.646287   0.083314  0.000057  24976.909    17.088170   0.169254   1.035474   -1877.448 1
336.059762  -1.495604   0.096100  0.000200  28810.055    59.958492   0.170631   1.043900    1638.745 0
335.814091  -1.565762   0.091807  0.000107  27523.046    32.077793   0.173821   1.063414     458.156 0
335.874026  -1.495780   0.087690  0.000170  26288.801    50.964718   0.174630   1.068367    -674.033 0
336.117083  -1.544472   0.093865  0.000017  28140.019     5.096472   0.175362   1.072843    1024.113 0
336.147016  -1.633400   0.087180  0.000130  26135.906    38.973020   0.176364   1.078974    -814.285 0
336.020029  -1.471173   0.087420  0.000110  26207.857    32.977170   0.177020   1.082986    -748.284 0
335.999667  -1.461972   0.087660  0.000120  26279.807    35.975095   0.181546   1.110672    -682.283 0
336.102333  -1.515667   0.088384  0.000013  26496.857     3.897302   0.181820   1.112349    -483.181 0
336.155763  -1.653605   0.092710  0.000230  27793.759    68.952265   0.185351   1.133951     706.484 0
335.852648  -1.493212   0.093270  0.000150  27961.643    44.968869   0.189310   1.158172     860.486 0
336.023137  -1.456592   0.088460  0.000200  26519.641    59.958492   0.191893   1.173974    -462.281 0
336.002542  -1.447361   0.091497  0.000013  27430.111     3.897302   0.196428   1.201723     372.905 0
335.905857  -1.827827   0.089190  0.000230  26738.489    68.952265   0.197577   1.208752    -261.528 0
336.093013  -1.482286   0.091223  0.000057  27347.967    17.088170   0.200474   1.226473     297.554 0
336.114546  -1.500160   0.095196  0.000043  28539.043    12.891076   0.201377   1.231997    1390.142 0
336.136750  -1.523704   0.094842  0.000143  28432.916    42.870321   0.203319   1.243878    1292.791 0
335.981771  -1.434603   0.088278  0.000203  26465.079    60.857869   0.206892   1.265741    -512.331 0
335.903792  -1.840194   0.083590  0.000170  25059.652    50.964718   0.209947   1.284429   -1801.547 1
336.037833  -1.431889   0.095776  0.000040  28712.922    11.991698   0.219791   1.344653    1549.644 0
336.010292  -1.424806   0.089055  0.000017  26698.017     5.096472   0.219976   1.345784    -298.654 0
336.188352  -1.679485   0.098351  0.000153  29484.888    45.868246   0.220854   1.351156    2257.778 1
336.064253  -1.433399   0.089278  0.000080  26764.871    23.983397   0.227854   1.393980    -237.328 0
335.898127  -1.423398   0.089272  0.000157  26763.072    47.067416   0.229584   1.404563    -238.978 0
335.813571  -1.812251   0.093415  0.000240  28005.112    71.950190   0.232257   1.420919     900.361 0
335.746619  -1.575148   0.083671  0.000100  25083.935    29.979246   0.233576   1.428985   -1779.272 1
336.152437  -1.489334   0.093942  0.000063  28163.103    18.886925   0.236741   1.448350    1045.288 0
336.182271  -1.519562   0.087958  0.000147  26369.145    44.069491   0.243926   1.492307    -600.332 0
336.205100  -1.572905   0.088868  0.000187  26641.956    56.061190   0.244005   1.492791    -350.079 0
335.738333  -1.733417   0.091874  0.000023  27543.132     6.895227   0.249956   1.529197     476.581 0
335.714832  -1.637129   0.091773  0.000157  27512.853    47.067416   0.255847   1.565241     448.806 0
336.184198  -1.476132   0.089272  0.000173  26763.072    51.864095   0.269759   1.650351    -238.978 0
335.810917  -1.415750   0.088354  0.000120  26487.863    35.975095   0.276324   1.690514    -491.431 0
336.165614  -1.432753   0.093081  0.000077  27904.982    23.084019   0.285291   1.745374     808.510 0
336.261350  -1.654452   0.091340  0.000220  27383.043    65.954341   0.290781   1.778959     329.729 0
335.778083  -1.861444   0.085312  0.000018  25575.894     5.396264   0.292570   1.789908   -1327.991 1
336.073944  -1.362935   0.090946  0.000167  27264.925    50.065340   0.296770   1.815600     221.378 0
336.238877  -1.506885   0.092784  0.000170  27815.943    50.964718   0.299788   1.834067     726.834 0
335.721396  -1.812949   0.084625  0.000097  25369.937    29.079868   0.302695   1.851851   -1516.919 0
336.019576  -1.321572   0.089795  0.000110  26919.864    32.977170   0.323334   1.978118     -95.151 0
336.251292  -1.804917   0.098868  0.000067  29639.881    20.086095   0.324716   1.986573    2399.954 1
336.034609  -1.318264   0.093224  0.000063  27947.852    18.886925   0.329186   2.013916     847.835 0
336.248564  -1.832337   0.098341  0.000113  29481.890    33.876548   0.337118   2.062446    2255.028 1
335.674407  -1.815266   0.085993  0.000067  25780.053    20.086095   0.343579   2.101972   -1140.714 0
336.240343  -1.426882   0.090910  0.000177  27254.132    53.063265   0.344315   2.106474     211.478 0
336.299103  -1.751043   0.092077  0.000083  27603.990    24.882774   0.346108   2.117446     532.407 0
336.184098  -1.362855   0.077397  0.000063  23203.037    18.886925   0.350651   2.145238   -3504.643 1
335.790833  -1.945806   0.093838  0.000067  28131.925    20.086095   0.353734   2.164100    1016.687 0
335.865500  -1.987361   0.084863  0.000015  25441.287     4.496887   0.361794   2.213409   -1451.468 0
336.019375  -2.016139   0.092444  0.000067  27714.014    20.086095   0.378074   2.313008     633.333 0
335.759772  -1.960510   0.087757  0.000053  26308.887    15.889000   0.382666   2.341104    -655.608 0
335.682625  -1.898583   0.086030  0.000130  25791.145    38.973020   0.386256   2.363067   -1130.539 0
336.107682  -1.275118   0.088838  0.000053  26632.962    15.889000   0.390835   2.391077    -358.329 0
336.057150  -1.249387   0.089223  0.000028  26748.382     8.394189   0.401220   2.454612    -252.453 0
335.791680  -1.277275   0.091297  0.000020  27370.152     5.995849   0.405565   2.481197     317.904 0
336.033115  -1.238618   0.090589  0.000147  27157.899    44.069491   0.407382   2.492308     123.202 0
335.959830  -1.230201   0.101118  0.000026  30314.414     7.794604   0.411146   2.515338    3018.712 1
336.098912  -1.242988   0.088172  0.000008  26433.301     2.398340   0.418313   2.559186    -541.482 0
336.389963  -1.644336   0.092341  0.000070  27683.135    20.985472   0.419051   2.563698     605.007 0
335.634917  -1.386402   0.081903  0.000050  24553.902    14.989623   0.421445   2.578344   -2265.478 1
335.689958  -1.962194   0.094347  0.000019  28284.519     5.696057   0.426399   2.608656    1156.664 1
335.952140  -1.214255   0.095736  0.000032  28700.931     9.593359   0.427352   2.614485    1538.644 1
336.285143  -1.349210   0.092010  0.000310  27583.904    92.935662   0.428975   2.624416     513.981 0
335.926910  -1.209763   0.101310  0.000011  30371.974     3.297717   0.433659   2.653070    3071.513 1
335.986478  -2.080915   0.095059  0.000057  28497.971    17.088170   0.439994   2.691826    1352.467 1
335.880667  -2.077361   0.097431  0.000050  29209.079    14.989623   0.445358   2.724640    2004.775 1
335.826556  -2.064848   0.087350  0.000160  26186.871    47.966793   0.447495   2.737714    -767.534 0
335.642888  -1.946552   0.086393  0.000127  25899.970    38.073642   0.447934   2.740405   -1030.713 0
335.874855  -1.202336   0.090377  0.000025  27094.343     7.494811   0.449213   2.748225      64.901 0
336.292952  -1.295473   0.090326  0.000220  27079.054    65.954341   0.472500   2.890694      50.876 0
335.765290  -1.205856   0.101557  0.000008  30446.023     2.398340   0.481359   2.944890    3139.439 1
335.633458  -1.986278   0.088972  0.000150  26673.135    44.968869   0.482443   2.951524    -321.479 0
336.230081  -2.048735   0.097217  0.000217  29144.923    65.054963   0.482990   2.954871    1945.924 1
336.483341  -1.673402   0.092067  0.000093  27600.992    27.880699   0.513390   3.140851     529.657 0
336.448083  -1.401472   0.092561  0.000047  27749.090    14.090246   0.533974   3.266785     665.508 0
336.003340  -1.095975   0.087654  0.000009  26278.008     2.698132   0.546199   3.341576    -683.933 0
336.277168  -1.180661   0.089829  0.000025  26930.057     7.494811   0.553093   3.383751     -85.801 0
335.573390  -1.237677   0.101247  0.000012  30353.087     3.597509   0.566215   3.464030    3054.188 1
335.633840  -1.180502   0.100910  0.000015  30252.057     4.496887   0.570667   3.491268    2961.511 1
336.346040  -1.202773   0.079021  0.000009  23689.900     2.698132   0.577014   3.530099   -3058.038 1
336.074005  -1.072148   0.088273  0.000006  26463.580     1.798755   0.578338   3.538197    -513.706 0
335.586930  -1.192615   0.100745  0.000008  30202.591     2.398340   0.590279   3.611248    2916.136 1
335.556880  -1.216946   0.100297  0.000027  30068.284     8.094396   0.592573   3.625284    2792.934 1
335.545500  -1.223790   0.101031  0.000028  30288.332     8.394189   0.595755   3.644750    2994.787 1
336.168250  -1.076018   0.098185  0.000035  29435.122    10.492736   0.598671   3.662589    2212.127 1
336.199250  -1.080157   0.093047  0.000007  27894.789     2.098547   0.605756   3.705935     799.160 0
335.943063  -1.029335   0.091266  0.000027  27360.858     8.094396   0.612493   3.747151     309.379 0
335.585200  -1.136701   0.100427  0.000027  30107.257     8.094396   0.634862   3.884003    2828.685 1
336.464869  -1.239192   0.093460  0.000008  28018.603     2.398340   0.636839   3.896096     912.736 1
335.789242  -1.018654   0.089741  0.000027  26903.675     8.094396   0.648448   3.967121    -110.001 0
335.526963  -1.167452   0.099660  0.000045  29877.316    13.490661   0.649019   3.970617    2617.757 1
336.298292  -2.201639   0.090646  0.000013  27174.987     3.897302   0.649064   3.970889     138.877 0
335.971544  -0.991030   0.093749  0.000006  28105.243     1.798755   0.650172   3.977671     992.212 1
335.971810  -0.990924   0.093749  0.000006  28105.243     1.798755   0.650279   3.978322     992.212 1
335.509466  -1.174469   0.101380  0.000047  30392.959    14.090246   0.656087   4.013854    3090.763 1
335.504546  -1.167900   0.100440  0.000025  30111.154     7.494811   0.664217   4.063595    2832.260 1
335.654147  -1.025447   0.077522  0.000010  23240.511     2.997925   0.692323   4.235541   -3470.268 1
335.524260  -1.106298   0.077484  0.000008  23229.119     2.398340   0.696645   4.261982   -3480.718 1
335.491050  -1.121778   0.100612  0.000029  30162.719     8.693981   0.706913   4.324804    2879.560 1
335.759036  -0.949655   0.090058  0.000032  26998.709     9.593359   0.723204   4.424469     -22.825 1
335.608920  -1.004303   0.099888  0.000006  29945.669     1.798755   0.732431   4.480919    2680.458 1
335.241167  -1.558861   0.102031  0.000015  30588.124     4.496887   0.733919   4.490024    3269.790 1
336.006354  -0.907721   0.089711  0.000020  26894.681     5.995849   0.734344   4.492620    -118.251 1
335.413790  -1.137832   0.092385  0.000007  27696.326     2.098547   0.750556   4.591801     617.108 1
335.404450  -1.133763   0.100172  0.000028  30030.810     8.394189   0.760217   4.650906    2758.559 1
335.482030  -1.055350   0.107250  0.000022  32152.741     6.595434   0.762808   4.666760    4705.033 1
336.167250  -0.897112   0.099001  0.000025  29679.753     7.494811   0.769578   4.708176    2436.530 1
335.357873  -1.174874   0.101403  0.000015  30399.855     4.496887   0.769918   4.710261    3097.088 1
336.138800  -0.888514   0.091384  0.000016  27396.234     4.796679   0.771204   4.718128     341.829 1
336.605833  -1.194500   0.093000  0.000333  27880.699    99.830889   0.776234   4.748901     786.235 1
336.603990  -1.191811   0.092906  0.000028  27852.518     8.394189   0.776282   4.749193     760.384 1
336.737080  -1.464633   0.078781  0.000011  23617.950     3.297717   0.786100   4.809259   -3124.038 1
335.400270  -1.089737   0.106877  0.000009  32040.919     2.698132   0.793282   4.853197    4602.457 1
335.886630  -0.844034   0.090148  0.000020  27025.691     5.995849   0.801591   4.904028       1.925 1
335.666712  -0.894627   0.100096  0.000007  30008.026     2.098547   0.806064   4.931393    2737.659 1
335.653958  -0.894278   0.099488  0.000010  29825.752     2.997925   0.811278   4.963292    2570.457 1
335.549190  -0.935303   0.103165  0.000028  30928.089     8.394189   0.822108   5.029552    3581.644 1
336.409220  -0.936635   0.087655  0.000023  26278.308     6.895227   0.829766   5.076399    -683.658 1
335.630490  -0.880252   0.092156  0.000008  27627.674     2.398340   0.833504   5.099267     554.132 1
335.567382  -0.909016   0.092422  0.000008  27707.419     2.398340   0.835865   5.113713     627.283 1
336.184108  -0.820534   0.098718  0.000009  29594.912     2.698132   0.847927   5.187505    2358.704 1
335.399680  -0.998803   0.099954  0.000011  29965.455     3.297717   0.859379   5.257569    2698.608 1
335.289250  -1.113563   0.093167  0.000023  27930.764     6.895227   0.861665   5.271556     832.160 1
335.301750  -1.085037   0.107213  0.000019  32141.649     5.696057   0.869779   5.321197    4694.858 1
335.317750  -1.062110   0.106676  0.000030  31980.660     8.993774   0.872588   5.338379    4547.181 1
335.286022  -1.097391   0.099840  0.000023  29931.279     6.895227   0.874186   5.348156    2667.258 1
335.385770  -0.983710   0.092135  0.000014  27621.378     4.197094   0.879897   5.383097     548.357 1
336.304738  -0.820805   0.091453  0.000022  27416.920     6.595434   0.885724   5.418742     360.804 1
335.515537  -0.881103   0.102516  0.000008  30733.524     2.398340   0.885890   5.419761    3403.167 1
335.385920  -0.974428   0.106153  0.000031  31823.869     9.293566   0.886756   5.425056    4403.354 1
336.828750  -1.413917   0.103881  0.000018  31142.740     5.396264   0.887251   5.428090    3778.546 1
335.998600  -0.749921   0.076996  0.000007  23082.820     2.098547   0.891716   5.455400   -3614.919 1
335.322240  -1.027898   0.107021  0.000021  32084.089     6.295642   0.892393   5.459542    4642.057 1
335.435907  -0.926123   0.104564  0.000015  31347.499     4.496887   0.892840   5.462277    3966.374 1
335.399020  -0.949078   0.105494  0.000006  31626.306     1.798755   0.897577   5.491261    4222.127 1
336.859417  -1.429806   0.102952  0.000019  30864.233     5.696057   0.913108   5.586275    3523.068 1
335.224314  -1.095721   0.092055  0.000006  27597.395     1.798755   0.924263   5.654521     526.356 1
336.235958  -0.714778   0.090980  0.000040  27275.118    11.991698   0.963607   5.895221     230.728 1
336.772800  -1.105977   0.091576  0.000007  27453.794     2.098547   0.963960   5.897383     394.630 1
335.174690  -1.089345   0.100105  0.000010  30010.724     2.997925   0.968370   5.924364    2740.134 1
336.678960  -0.943485   0.103311  0.000031  30971.859     9.293566   0.993960   6.080917    3621.794 1
335.080960  -1.166228   0.078181  0.000009  23438.074     2.698132   1.008306   6.168684   -3289.040 1
335.887994  -0.619502   0.091975  0.000074  27573.411    22.184642   1.025043   6.271083     504.356 1
336.701533  -0.910633   0.095710  0.000011  28693.136     3.297717   1.033119   6.320485    1531.494 1
337.017250  -1.572389   0.078718  0.000150  23599.063    44.968869   1.048330   6.413545   -3141.364 1
336.826540  -1.034474   0.092153  0.000008  27626.774     2.398340   1.048757   6.416159     553.307 1
337.018390  -1.571012   0.078888  0.000021  23650.027     6.295642   1.049558   6.421059   -3094.613 1
335.145566  -0.988072   0.107254  0.000020  32153.940     5.995849   1.052118   6.436721    4706.133 1
335.040125  -1.111083   0.106513  0.000042  31931.794    12.591283   1.070692   6.550358    4502.355 1
336.489125  -2.578833   0.090686  0.000017  27186.979     5.096472   1.071281   6.553956     149.877 1
336.821870  -0.956622   0.091921  0.000006  27557.223     1.798755   1.091997   6.680696     489.506 1
334.879958  -1.560306   0.106948  0.000012  32062.204     3.597509   1.093343   6.688933    4621.982 1
336.933167  -2.189722   0.089560  0.000018  26849.413     5.396264   1.107410   6.774991    -159.777 1
335.366167  -2.570667   0.077501  0.000013  23234.215     3.897302   1.108661   6.782642   -3476.043 1
336.024140  -0.527309   0.078867  0.000026  23643.732     7.794604   1.115171   6.822469   -3100.388 1
336.010090  -0.522195   0.079024  0.000027  23690.799     8.094396   1.119698   6.850165   -3057.213 1
334.996113  -1.067723   0.099474  0.000032  29821.555     9.593359   1.130496   6.916225    2566.607 1
336.539958  -2.618500   0.094505  0.000150  28331.886    44.968869   1.130859   6.918446    1200.115 1
337.000556  -1.168455   0.077566  0.000024  23253.702     7.195019   1.132747   6.930000   -3458.167 1
335.401196  -0.660984   0.103027  0.000008  30886.718     2.398340   1.133559   6.934965    3543.694 1
335.224405  -0.772014   0.094902  0.000034  28450.904    10.192944   1.145454   7.007739    1309.291 1
335.223380  -0.730790   0.078567  0.000023  23553.794     6.895227   1.177691   7.204963   -3182.889 1
336.417958  -2.731417   0.096061  0.000017  28798.363     5.096472   1.178303   7.208705    1628.020 1
336.359417  -2.782667   0.094308  0.000011  28272.827     3.297717   1.205769   7.376739    1145.939 1
335.627172  -0.485353   0.091432  0.000010  27410.624     2.997925   1.205793   7.376887     355.029 1
336.398867  -0.497431   0.081415  0.000038  24407.603    11.392113   1.221206   7.471180   -2399.679 1
336.588042  -2.700472   0.090749  0.000017  27205.866     5.096472   1.225882   7.499789     167.202 1
336.402480  -0.485808   0.098994  0.000033  29677.655     9.893151   1.233358   7.545523    2434.605 1
334.862120  -1.098371   0.085293  0.000008  25570.198     2.398340   1.233986   7.549368   -1333.216 1
336.872710  -0.795895   0.104427  0.000011  31306.427     3.297717   1.235882   7.560967    3928.698 1
336.955570  -0.862650   0.090043  0.000020  26994.212     5.995849   1.255075   7.678388     -26.950 1
335.866710  -0.387554   0.077626  0.000029  23271.689     8.693981   1.257954   7.696002   -3441.667 1
335.715730  -0.408150   0.077364  0.000021  23193.144     6.295642   1.259127   7.703174   -3513.718 1
337.126958  -2.167028   0.077943  0.000011  23366.724     3.297717   1.269728   7.768030   -3354.491 1
336.875520  -0.731038   0.089987  0.000006  26977.424     1.798755   1.283095   7.849807     -42.351 1
334.703417  -1.431444   0.100913  0.000150  30252.956    44.968869   1.284063   7.855734    2962.336 1
335.204673  -0.608531   0.095122  0.000018  28516.858     5.396264   1.285615   7.865224    1369.792 1
336.271940  -0.390223   0.088157  0.000035  26428.804    10.492736   1.286697   7.871843    -545.607 1
334.941590  -0.855480   0.091463  0.000021  27419.918     6.295642   1.294475   7.919428     363.554 1
336.789090  -0.622128   0.090077  0.000011  27004.405     3.297717   1.306767   7.994630     -17.600 1
335.594224  -0.389648   0.077659  0.000013  23281.582     3.897302   1.306922   7.995578   -3432.592 1
337.188990  -1.163846   0.091888  0.000005  27547.329     1.498962   1.307958   8.001920     480.431 1
334.909580  -0.872805   0.085239  0.000026  25554.009     7.794604   1.309808   8.013234   -1348.067 1
334.909410  -0.872036   0.085305  0.000015  25573.796     4.496887   1.310397   8.016836   -1329.916 1
334.804393  -1.032761   0.099230  0.000024  29748.406     7.195019   1.315096   8.045588    2499.506 1
334.830578  -0.977992   0.098448  0.000033  29513.968     9.893151   1.318627   8.067191    2284.453 1
335.366750  -2.833250   0.092069  0.000015  27601.592     4.496887   1.336225   8.174852     530.207 1
335.430708  -2.888056   0.090031  0.000018  26990.615     5.396264   1.358695   8.312322     -30.250 1
334.740420  -1.054370   0.098461  0.000042  29517.865    12.591283   1.362662   8.336588    2288.028 1
335.154260  -2.740738   0.089877  0.000013  26944.447     3.897302   1.369340   8.377444     -72.601 1
335.152542  -2.740167   0.093472  0.000017  28022.201     5.096472   1.369906   8.380907     916.036 1
335.007667  -2.619028   0.088605  0.000023  26563.111     6.895227   1.372194   8.394903    -422.405 1
334.678470  -1.158055   0.085312  0.000011  25575.894     3.297717   1.379150   8.437459   -1327.991 1
336.540262  -0.384778   0.088352  0.000017  26487.263     5.096472   1.379376   8.438841    -491.981 1
334.708590  -1.083034   0.105798  0.000017  31717.442     5.096472   1.379601   8.440217    4305.728 1
336.744118  -0.492756   0.095994  0.000047  28778.277    14.090246   1.384389   8.469512    1609.595 1
337.269042  -1.118766   0.103514  0.000016  31032.716     4.796679   1.398969   8.558710    3677.620 1
335.357583  -2.899417   0.091146  0.000150  27324.883    44.968869   1.399562   8.562337     276.378 1
335.286090  -0.418172   0.084969  0.000012  25473.065     3.597509   1.401492   8.574147   -1422.317 1
334.930125  -2.589750   0.103732  0.000150  31098.071    44.968869   1.407750   8.612431    3737.571 1
335.148459  -2.786204   0.092854  0.000020  27836.929     5.995849   1.409482   8.623031     746.084 1
334.790130  -0.851121   0.098249  0.000034  29454.309    10.192944   1.420195   8.688567    2229.727 1
335.135083  -2.790833   0.093981  0.000021  28174.795     6.295642   1.421063   8.693882    1056.013 1
337.306569  -1.150750   0.090779  0.000010  27214.860     2.997925   1.422493   8.702628     175.452 1
335.169708  -2.818500   0.093182  0.000023  27935.261     6.895227   1.423789   8.710558     836.285 1
335.062500  -2.745667   0.092005  0.000015  27582.405     4.496887   1.429716   8.746817     512.606 1
335.121781  -2.798093   0.091000  0.000333  27281.114    99.830889   1.434767   8.777721     236.228 1
334.881900  -0.700977   0.097673  0.000006  29281.629     1.798755   1.438280   8.799210    2071.325 1
336.341090  -0.245643   0.091438  0.000018  27412.423     5.396264   1.443822   8.833117     356.679 1
335.007958  -2.721333   0.090803  0.000020  27222.055     5.995849   1.446684   8.850626     182.052 1
334.683680  -0.949729   0.098167  0.000025  29429.726     7.494811   1.460592   8.935715    2207.177 1
337.389510  -1.251728   0.104701  0.000017  31388.570     5.096472   1.470685   8.997458    4004.049 1
335.542760  -0.232900   0.094847  0.000028  28434.415     8.394189   1.471850   9.004585    1294.166 1
336.090523  -0.173478   0.096775  0.000011  29012.415     3.297717   1.472599   9.009168    1824.372 1
336.088880  -0.172325   0.096207  0.000009  28842.133     2.698132   1.473615   9.015388    1668.170 1
336.091667  -0.172028   0.096000  0.000333  28780.076    99.830889   1.474137   9.018581    1611.245 1
334.609483  -1.064053   0.095807  0.000025  28722.216     7.494811   1.478051   9.042523    1558.169 1
334.761111  -0.788344   0.097708  0.000022  29292.121     6.595434   1.479661   9.052377    2080.951 1
337.287615  -0.962449   0.091360  0.000013  27389.039     3.897302   1.481017   9.060670     335.229 1
335.147583  -2.872944   0.097314  0.000017  29174.003     5.096472   1.481297   9.062381    1972.599 1
334.678033  -0.910000   0.087007  0.000037  26084.042    11.092321   1.484725   9.083354    -861.861 1
337.401966  -1.199848   0.103357  0.000006  30985.649     1.798755   1.497160   9.159428    3634.445 1
336.910799  -0.471484   0.100878  0.000016  30242.464     4.796679   1.500401   9.179260    2952.711 1
334.476125  -1.500889   0.090135  0.000024  27021.793     7.195019   1.500588   9.180405      -1.650 1
335.067800  -2.841371   0.092604  0.000016  27761.981     4.796679   1.501685   9.187117     677.333 1
335.956128  -0.130786   0.097657  0.000007  29276.832     2.098547   1.510487   9.240962    2066.925 1
337.343369  -0.985431   0.082535  0.000009  24743.371     2.698132   1.520713   9.303524   -2091.676 1
334.530400  -1.117692   0.095582  0.000007  28654.763     2.098547   1.531984   9.372479    1496.293 1
334.530180  -1.116324   0.095851  0.000011  28735.407     3.297717   1.532659   9.376606    1570.269 1
335.138625  -2.929083   0.094432  0.000026  28310.001     7.794604   1.533136   9.379525    1180.039 1
335.046708  -2.870944   0.092496  0.000018  27729.603     5.396264   1.537993   9.409241     647.633 1
335.444417  -3.102583   0.091377  0.000013  27394.135     3.897302   1.553202   9.502287     339.904 1
334.508376  -1.112385   0.098173  0.000006  29431.525     1.798755   1.554489   9.510164    2208.827 1
336.383990  -0.141383   0.079351  0.000008  23788.831     2.398340   1.555661   9.517335   -2967.286 1
334.997840  -0.426980   0.098600  0.000333  29559.536    99.830889   1.555672   9.517402    2326.254 1
337.054083  -2.761056   0.107023  0.000019  32084.688     5.696057   1.557792   9.530370    4642.607 1
337.486750  -1.270889   0.104268  0.000047  31258.760    14.090246   1.559967   9.543675    3884.973 1
334.976270  -0.438378   0.097623  0.000027  29266.639     8.094396   1.560439   9.546561    2057.575 1
334.499300  -1.118596   0.093154  0.000009  27926.867     2.698132   1.560933   9.549586     828.585 1
337.021450  -0.484566   0.087404  0.000009  26203.060     2.698132   1.562328   9.558118    -752.684 1
334.548100  -0.992575   0.104716  0.000014  31393.067     4.197094   1.563008   9.562283    4008.174 1
337.000573  -0.461770   0.088200  0.000013  26441.695     3.897302   1.565478   9.577391    -533.782 1
334.568615  -0.936080   0.093139  0.000008  27922.370     2.398340   1.568940   9.598571     824.460 1
337.443576  -1.092741   0.103257  0.000013  30955.670     3.897302   1.571064   9.611563    3606.944 1
334.664280  -0.757641   0.095053  0.000008  28496.173     2.398340   1.576753   9.646368    1350.817 1
337.473000  -1.151519   0.079598  0.000021  23862.880     6.295642   1.579458   9.662919   -2899.361 1
335.793135  -0.069906   0.094401  0.000024  28300.708     7.195019   1.581295   9.674156    1171.514 1
335.792762  -0.065021   0.094719  0.000015  28396.042     4.496887   1.586191   9.704109    1258.965 1
337.033601  -0.461981   0.088036  0.000006  26392.529     1.798755   1.587225   9.710437    -578.882 1
336.788210  -0.271445   0.081526  0.000010  24440.880     2.997925   1.594968   9.757809   -2369.154 1
334.374708  -1.680056   0.087584  0.000021  26257.023     6.295642   1.595862   9.763279    -703.184 1
334.521910  -0.965006   0.106248  0.000007  31852.349     2.098547   1.598331   9.778382    4429.479 1
336.403249  -0.102081   0.096167  0.000007  28830.141     2.098547   1.598685   9.780547    1657.170 1
334.985847  -0.373038   0.086773  0.000011  26013.891     3.297717   1.605454   9.821959    -926.211 1
337.047255  -0.445865   0.087726  0.000006  26299.593     1.798755   1.608334   9.839580    -664.133 1
334.462000  -2.207667   0.093000  0.000333  27880.699    99.830889   1.611008   9.855940     786.235 1
334.462208  -2.208333   0.091844  0.000150  27534.139    44.968869   1.611048   9.856183     468.331 1
337.277910  -0.696463   0.089915  0.000010  26955.839     2.997925   1.612387   9.864375     -62.151 1
336.491040  -0.113796   0.088260  0.000010  26459.682     2.997925   1.613520   9.871306    -517.281 1
336.822120  -0.266672   0.081470  0.000012  24424.092     3.597509   1.616653   9.890471   -2384.554 1
336.537630  -0.122409   0.089097  0.000008  26710.609     2.398340   1.621055   9.917404    -287.104 1
336.357012  -0.065700   0.091046  0.000023  27294.904     6.895227   1.622122   9.923934     248.878 1
335.693820  -0.042648   0.096993  0.000008  29077.770     2.398340   1.622345   9.925296    1884.323 1
337.271500  -2.612472   0.090089  0.000013  27008.003     3.897302   1.622937   9.928915     -14.300 1
336.360945  -0.065502   0.090709  0.000023  27193.874     6.895227   1.623255   9.930862     156.202 1
336.369943  -0.066495   0.097774  0.000008  29311.908     2.398340   1.624477   9.938338    2099.101 1
336.377790  -0.067841   0.097846  0.000031  29333.493     9.293566   1.625118   9.942262    2118.901 1
334.700800  -0.625176   0.094804  0.000021  28421.524     6.295642   1.625966   9.947446    1282.341 1
337.061370  -0.433207   0.087763  0.000009  26310.685     2.698132   1.627183   9.954893    -653.958 1
334.395010  -1.227314   0.078397  0.000011  23502.829     3.297717   1.628567   9.963360   -3229.640 1
337.020210  -0.395159   0.106504  0.000006  31929.096     1.798755   1.628828   9.964961    4499.880 1
335.719450  -0.026603   0.094152  0.000026  28226.060     7.794604   1.634023   9.996740    1103.039 1
334.429135  -1.092367   0.094991  0.000010  28477.585     2.997925   1.635804  10.007634    1333.766 1
336.820783  -0.242475   0.081392  0.000025  24400.708     7.494811   1.636581  10.012390   -2406.005 1
336.765335  -0.206772   0.089061  0.000015  26699.816     4.496887   1.639644  10.031132    -297.004 1
334.414070  -1.118000   0.098329  0.000019  29478.293     5.696057   1.641649  10.043396    2251.728 1
335.995240   0.004020   0.089585  0.000021  26856.907     6.295642   1.645404  10.066369    -152.902 1
334.389132  -1.174063   0.094718  0.000007  28395.742     2.098547   1.648541  10.085563    1258.690 1
336.755940  -0.188253   0.096235  0.000012  28850.527     3.597509   1.651386  10.102965    1675.871 1
336.003536   0.010066   0.097113  0.000036  29113.745    10.792528   1.651593  10.104233    1917.324 1
336.428503  -0.053106   0.090983  0.000030  27276.017     8.993774   1.652699  10.110996     231.553 1
336.013547   0.013194   0.089793  0.000020  26919.264     5.995849   1.654949  10.124763     -95.701 1
334.381816  -1.156481   0.090513  0.000010  27135.115     2.997925   1.660603  10.159352     102.301 1
335.818292   0.018056   0.097177  0.000011  29132.932     3.297717   1.666242  10.193852    1934.924 1
334.308500  -1.514278   0.099766  0.000024  29909.094     7.195019   1.666411  10.194885    2646.908 1
336.868380  -0.236853   0.089636  0.000011  26872.197     3.297717   1.666515  10.195521    -138.877 1
334.377896  -1.139286   0.089563  0.000034  26850.312    10.192944   1.669440  10.213415    -158.952 1
335.009417  -3.007694   0.089987  0.000015  26977.424     4.496887   1.670541  10.220153     -42.351 1
334.364070  -1.168899   0.089968  0.000035  26971.728    10.492736   1.674031  10.241504     -47.576 1
334.295750  -1.665167   0.101203  0.000150  30339.896    44.968869   1.674486  10.244291    3042.087 1
334.380360  -1.113571   0.089349  0.000032  26786.156     9.593359   1.675012  10.247508    -217.803 1
334.707356  -0.539575   0.079075  0.000006  23706.089     1.798755   1.675841  10.252576   -3043.187 1
336.521790  -0.057663   0.089099  0.000006  26711.208     1.798755   1.676601  10.257225    -286.554 1
336.698576  -0.124559   0.090190  0.000035  27038.282    10.492736   1.682112  10.290940      13.475 1
335.043625  -3.045778   0.090796  0.000013  27219.956     3.897302   1.682764  10.294929     180.127 1
337.649708  -1.784167   0.088622  0.000016  26568.207     4.796679   1.684346  10.304608    -417.730 1
337.422373  -0.769445   0.090953  0.000007  27267.023     2.098547   1.692760  10.356084     223.303 1
336.772795  -0.147870   0.089099  0.000030  26711.208     8.993774   1.694929  10.369359    -286.554 1
334.329410  -1.209997   0.091494  0.000011  27429.211     3.297717   1.696388  10.378280     372.080 1
334.343734  -1.155917   0.081960  0.000008  24570.990     2.398340   1.697209  10.383303   -2249.803 1
336.777009  -0.144296   0.090736  0.000013  27201.968     3.897302   1.700072  10.400820     163.627 1
334.881750  -0.335286   0.090120  0.000013  27017.296     3.897302   1.700109  10.401044      -5.775 1
336.765417  -0.134694   0.090749  0.000033  27205.866     9.893151   1.703097  10.419329     167.202 1
334.349760  -1.080560   0.098941  0.000008  29661.766     2.398340   1.714578  10.489568    2420.030 1
336.764535  -0.119798   0.090376  0.000023  27094.043     6.895227   1.715880  10.497532      64.626 1
336.800953  -0.134102   0.089794  0.000030  26919.564     8.993774   1.720471  10.525615     -95.426 1
335.849072   0.078524   0.094422  0.000007  28307.003     2.098547   1.724022  10.547342    1177.289 1
336.318080   0.049464   0.096287  0.000006  28866.116     1.798755   1.725946  10.559113    1690.171 1
335.860020   0.082607   0.094749  0.000029  28405.036     8.693981   1.727359  10.567758    1267.216 1
336.383910   0.039007   0.088582  0.000016  26556.216     4.796679   1.730220  10.585263    -428.730 1
334.245042  -1.502972   0.099721  0.000019  29895.604     5.696057   1.730532  10.587168    2634.532 1
335.794581   0.080411   0.089251  0.000007  26756.777     2.098547   1.730596  10.587561    -244.753 1
334.952708  -3.046056   0.090803  0.000150  27222.055    44.968869   1.734698  10.612659     182.052 1
336.914429  -0.185088   0.092865  0.000027  27840.227     8.094396   1.734954  10.614221     749.109 1
336.862019  -0.149200   0.090569  0.000027  27151.903     8.094396   1.737750  10.631330     117.701 1
334.715542  -2.848333   0.091624  0.000015  27468.184     4.496887   1.741099  10.651817     407.830 1
336.962525  -0.204110   0.092542  0.000008  27743.394     2.398340   1.745864  10.680968     660.283 1
336.922300  -0.176615   0.092335  0.000008  27681.337     2.398340   1.746344  10.683904     603.357 1
336.800240  -0.103968   0.102735  0.000010  30799.178     2.997925   1.746589  10.685407    3463.393 1
337.527515  -0.838504   0.091380  0.000003  27395.035     0.899377   1.750956  10.712122     340.729 1
334.840840  -2.979584   0.092600  0.000013  27760.782     3.897302   1.751262  10.713997     676.233 1
334.841125  -2.980944   0.093064  0.000015  27899.885     4.496887   1.752118  10.719234     803.835 1
337.481441  -0.751711   0.090283  0.000035  27066.162    10.492736   1.752571  10.721999      39.050 1
336.978417  -0.199332   0.094816  0.000007  28425.122     2.098547   1.758848  10.760402    1285.641 1
334.979604  -3.097360   0.090519  0.000033  27136.914     9.893151   1.761240  10.775035     103.951 1
337.697740  -1.251848   0.104315  0.000010  31272.850     2.997925   1.769643  10.826449    3897.898 1
337.227440  -0.392748   0.106736  0.000033  31998.648     9.893151   1.771047  10.835035    4563.681 1
334.294265  -1.046167   0.096870  0.000033  29040.895     9.893151   1.778305  10.879441    1850.498 1
334.777417  -2.961500   0.093054  0.000018  27896.887     5.396264   1.779345  10.885799     801.085 1
334.761417  -2.947083   0.093705  0.000023  28092.052     6.895227   1.779499  10.886744     980.112 1
337.708790  -1.250037   0.104715  0.000025  31392.767     7.494811   1.780817  10.894806    4007.899 1
337.632110  -0.993947   0.102698  0.000015  30788.086     4.496887   1.782354  10.904210    3453.217 1
337.420648  -0.599956   0.091170  0.000007  27332.078     2.098547   1.784564  10.917729     282.978 1
334.755708  -2.951528   0.087727  0.000015  26299.893     4.496887   1.786638  10.930419    -663.858 1
334.374180  -0.829667   0.103652  0.000005  31074.088     1.498962   1.790402  10.953449    3715.571 1
334.572580  -0.520489   0.086659  0.000015  25979.715     4.496887   1.791446  10.959835    -957.562 1
337.641622  -0.989811   0.103243  0.000025  30951.473     7.494811   1.792715  10.967597    3603.094 1
334.501542  -2.677694   0.090396  0.000010  27100.039     2.997925   1.797532  10.997071      70.126 1
334.666325  -0.400557   0.094779  0.000009  28414.029     2.698132   1.799815  11.011035    1275.466 1
337.475672  -0.650143   0.091183  0.000010  27335.976     2.997925   1.801423  11.020872     286.554 1
337.509700  -0.703796   0.092729  0.000006  27799.455     1.798755   1.801430  11.020912     711.709 1
334.670710  -0.393182   0.095042  0.000013  28492.875     3.897302   1.801743  11.022828    1347.792 1
337.443527  -0.599847   0.092952  0.000011  27866.309     3.297717   1.803249  11.032044     773.034 1
334.539042  -2.749528   0.088150  0.000017  26426.705     5.096472   1.810110  11.074019    -547.532 1
336.874392  -0.070578   0.090840  0.000030  27233.147     8.993774   1.811838  11.084587     192.227 1
334.545410  -0.521770   0.087109  0.000007  26114.621     2.098547   1.811922  11.085104    -833.810 1
334.716292  -2.951278   0.093220  0.000016  27946.653     4.796679   1.813471  11.094582     846.735 1
335.309080   0.048565   0.086567  0.000007  25952.134     2.098547   1.814597  11.101471    -982.862 1
334.277980  -0.984486   0.089498  0.000038  26830.825    11.392113   1.815049  11.104234    -176.827 1
334.278710  -0.975574   0.094756  0.000035  28407.134    10.492736   1.817613  11.119923    1269.141 1
334.474554  -0.604566   0.094031  0.000012  28189.785     3.597509   1.819722  11.132820    1069.763 1
334.684125  -2.928694   0.088584  0.000684  26556.815    99.990000   1.819804  11.133325    -428.180 1
334.691000  -2.936694   0.091330  0.000297  27380.045    89.038360   1.820638  11.138425     326.979 1
336.381460   0.133615   0.088745  0.000016  26605.082     4.796679   1.821680  11.144802    -383.905 1
334.694500  -2.942694   0.074415  0.000607  22309.056    99.990000   1.822461  11.149581   -4324.703 1
336.157641   0.171748   0.090559  0.000007  27148.905     2.098547   1.822549  11.150121     114.951 1
334.696500  -2.946500   0.092671  0.000294  27782.067    88.138983   1.823784  11.157676     695.759 1
334.363642  -0.777379   0.091377  0.000007  27394.135     2.098547   1.823972  11.158825     339.904 1
334.725583  -2.974694   0.089842  0.000260  26933.954    77.946039   1.824109  11.159665     -82.226 1
335.692738   0.161813   0.094923  0.000011  28457.199     3.297717   1.824306  11.160866    1315.066 1
336.797848  -0.009083   0.096145  0.000007  28823.546     2.098547   1.829573  11.193093    1651.120 1
334.725000  -2.983611   0.087822  0.000020  26328.373     5.995849   1.831034  11.202031    -637.733 1
336.129650  -3.470380   0.096075  0.000048  28802.560    14.390038   1.836061  11.232783    1631.870 1
336.400360   0.145422   0.088723  0.000015  26598.486     4.496887   1.837508  11.241638    -389.955 1
334.704083  -2.974889   0.085739  0.000333  25703.906    99.830889   1.838982  11.250654   -1210.565 1
334.699875  -2.973389   0.089262  0.000110  26760.074    32.977170   1.840795  11.261744    -241.728 1
335.154114   0.011312   0.091106  0.000020  27312.892     5.995849   1.843137  11.276072     265.378 1
334.759750  -3.032500   0.094747  0.000016  28404.436     4.796679   1.844189  11.282509    1266.666 1
334.727250  -3.004639   0.092102  0.000021  27611.485     6.295642   1.844990  11.287412     539.282 1
335.221288   0.045994   0.086192  0.000026  25839.712     7.794604   1.846041  11.293837   -1085.988 1
335.800706   0.200449   0.095211  0.000013  28543.540     3.897302   1.849478  11.314869    1394.267 1
335.538167  -3.444000   0.103816  0.000014  31123.254     4.197094   1.853930  11.342104    3760.671 1
336.932500  -3.229833   0.099125  0.000150  29716.927    44.968869   1.856865  11.360062    2470.630 1
334.295010  -0.835769   0.101936  0.000034  30559.644    10.192944   1.858637  11.370898    3243.665 1
334.618350  -0.357389   0.086883  0.000010  26046.868     2.997925   1.864314  11.405631    -895.961 1
336.305979   0.197065   0.091327  0.000007  27379.146     2.098547   1.868558  11.431598     326.154 1
336.929458  -3.246667   0.095142  0.000017  28522.854     5.096472   1.869728  11.438751    1375.292 1
336.379012   0.190475   0.096666  0.000094  28979.738    28.180491   1.876587  11.480718    1794.397 1
336.590270   0.132428   0.090082  0.000027  27005.904     8.094396   1.878630  11.493215     -16.225 1
334.607940  -0.340540   0.095074  0.000009  28502.468     2.698132   1.883469  11.522818    1356.592 1
337.684390  -0.855685   0.089365  0.000022  26790.953     6.595434   1.884458  11.528872    -213.403 1
337.379742  -0.389107   0.091387  0.000010  27397.133     2.997925   1.884507  11.529169     342.654 1
334.745910  -0.207256   0.090089  0.000017  27008.003     5.096472   1.885526  11.535404     -14.300 1
336.416380   0.196130   0.098372  1.799697  29491.184    99.990000   1.890558  11.566190    2263.553 1
336.923829  -0.006687   0.090860  0.000007  27239.143     2.098547   1.891891  11.574341     197.727 1
337.381679  -0.379760   0.091747  0.000006  27505.059     1.798755   1.892173  11.576068     441.655 1
336.501740   0.175121   0.077610  0.000011  23266.893     3.297717   1.892286  11.576760   -3446.067 1
337.482850  -0.499500   0.093364  0.000007  27989.823     2.098547   1.894214  11.588558     886.336 1
334.202833  -2.329528   0.094178  0.000150  28233.854    44.968869   1.896514  11.602629    1110.189 1
337.631724  -0.720920   0.091410  0.000007  27404.029     2.098547   1.898284  11.613458     348.979 1
334.835579  -0.108238   0.077285  0.000025  23169.460     7.494811   1.907233  11.668207   -3535.443 1
337.671472  -0.776241   0.089790  0.000015  26918.365     4.496887   1.907415  11.669320     -96.526 1
336.835843   0.064388   0.095842  0.000008  28732.709     2.398340   1.912278  11.699067    1567.794 1
336.634632   0.158435   0.089992  0.000040  26978.923    11.991698   1.918090  11.734625     -40.976 1
337.865125  -1.965333   0.094713  0.000020  28394.243     5.995849   1.921137  11.753265    1257.315 1
336.139920   0.274054   0.083275  0.000029  24965.217     8.693981   1.922706  11.762868   -1888.173 1
336.491988   0.209681   0.090109  0.000031  27013.999     9.293566   1.922819  11.763556      -8.800 1
334.168133  -0.967630   0.077345  0.000008  23187.448     2.398340   1.923660  11.768705   -3518.943 1
334.168042  -0.966583   0.077110  0.000150  23116.996    44.968869   1.924112  11.771470   -3583.569 1
334.168300  -0.965893   0.076812  0.000011  23027.658     3.297717   1.924113  11.771473   -3665.520 1
335.044040   0.046080   0.100400  0.000333  30099.163    99.830889   1.924841  11.775925    2821.260 1
334.610030  -0.278320   0.092600  0.000333  27760.782    99.830889   1.925485  11.779868     676.233 1
334.183110  -0.923082   0.099544  0.000010  29842.540     2.997925   1.925809  11.781848    2585.857 1
334.044667  -1.514472   0.098994  0.000019  29677.655     5.696057   1.929461  11.804194    2434.605 1
334.140208  -2.253583   0.084544  0.000018  25345.654     5.396264   1.929547  11.804721   -1539.194 1
336.650550   0.169701   0.089223  0.000009  26748.382     2.698132   1.934196  11.833163    -252.453 1
336.380292  -3.532694   0.104336  0.000150  31279.146    44.968869   1.935285  11.839822    3903.673 1
337.347792  -3.004472   0.077414  0.000150  23208.133    44.968869   1.937315  11.852241   -3499.968 1
334.176124  -0.898023   0.098994  0.000034  29677.655    10.192944   1.941742  11.879327    2434.605 1
335.297330   0.181481   0.098499  0.000007  29529.257     2.098547   1.943013  11.887100    2298.478 1
336.297914   0.276214   0.095497  0.000011  28629.280     3.297717   1.945104  11.899897    1472.918 1
337.039542  -3.267278   0.090286  0.000150  27067.062    44.968869   1.945636  11.903147      39.875 1
337.799832  -0.974560   0.106403  0.000006  31898.817     1.798755   1.946073  11.905824    4472.105 1
334.168341  -0.902633   0.098947  0.000007  29663.564     2.098547   1.947179  11.912587    2421.680 1
336.511555   0.232513   0.087568  0.000007  26252.226     2.098547   1.950137  11.930688    -707.584 1
336.511570   0.232859   0.087568  0.000007  26252.226     2.098547   1.950474  11.932747    -707.584 1
337.417600  -0.332210   0.090182  0.000020  27035.883     5.995849   1.950670  11.933944      11.275 1
334.090610  -1.114096   0.094785  0.000009  28415.828     2.698132   1.951890  11.941411    1277.116 1
334.698826  -0.157790   0.086843  0.000008  26034.876     2.398340   1.953709  11.952540    -906.961 1
335.777250   0.307667   0.094859  0.000023  28438.013     6.895227   1.958444  11.981506    1297.466 1
337.824417  -2.280889   0.078199  0.000014  23443.470     4.197094   1.960218  11.992360   -3284.090 1
336.482688   0.251278   0.074589  0.000025  22361.220     7.494811   1.960445  11.993747   -4276.853 1
337.666366  -0.653084   0.090799  0.000007  27220.855     2.098547   1.961919  12.002765     180.952 1
334.341518  -0.543480   0.077134  0.000005  23124.191     1.498962   1.963981  12.015378   -3576.969 1
334.344269  -0.538809   0.077394  0.000021  23202.137     6.295642   1.964319  12.017446   -3505.468 1
334.345000  -0.537389   0.077127  0.000011  23122.093     3.297717   1.964511  12.018625   -3578.894 1
336.545910   0.237745   0.078750  0.000026  23608.656     7.794604   1.964937  12.021229   -3132.563 1
337.669678  -0.652258   0.091170  0.000010  27332.078     2.997925   1.965195  12.022809     282.978 1
334.155260  -2.404282   0.093196  0.000018  27939.458     5.396264   1.968654  12.043970     840.135 1
334.153667  -2.404222   0.091906  0.000014  27552.726     4.197094   1.970099  12.052809     485.381 1
333.998715  -1.611187   0.099260  0.000100  29757.399    29.979246   1.971457  12.061115    2507.756 1
335.456980   0.263568   0.086285  0.000011  25867.592     3.297717   1.972788  12.069263   -1060.413 1
334.118350  -0.949488   0.100349  0.000005  30083.873     1.498962   1.976625  12.092736    2807.234 1
336.505659   0.262346   0.079003  0.000017  23684.504     5.096472   1.977217  12.096355   -3062.988 1
334.137314  -0.892141   0.099718  0.000008  29894.704     2.398340   1.979856  12.112503    2633.707 1
334.343167  -2.771194   0.089426  0.000013  26809.240     3.897302   1.980844  12.118545    -196.627 1
334.154270  -0.847769   0.092743  0.000008  27803.652     2.398340   1.981524  12.122705     715.559 1
337.614170  -0.527983   0.091546  0.000012  27444.800     3.597509   1.984405  12.140334     386.380 1
337.505266  -0.381178   0.079762  0.000029  23912.046     8.693981   1.985060  12.144338   -2854.260 1
335.747210   0.332591   0.093842  0.000017  28133.124     5.096472   1.986401  12.152544    1017.788 1
334.192470  -0.752445   0.095037  0.000014  28491.376     4.197094   1.987356  12.158383    1346.417 1
336.667173   0.222658   0.089728  0.000027  26899.778     8.094396   1.989618  12.172223    -113.576 1
335.463190   0.284442   0.085783  0.000012  25717.096     3.597509   1.991360  12.182879   -1198.465 1
336.905330   0.120239   0.093046  0.000007  27894.489     2.098547   1.993839  12.198049     798.885 1
334.073670  -1.019707   0.076839  0.000008  23035.753     2.398340   1.995551  12.208523   -3658.095 1
337.331600  -0.177533   0.078556  0.000014  23550.496     4.197094   1.998178  12.224594   -3185.914 1
335.749315   0.344768   0.093400  0.000027  28000.616     8.094396   1.998267  12.225138     896.236 1
337.644560  -0.542319   0.091695  0.000023  27489.469     6.895227   2.001719  12.246257     427.355 1
336.960314   0.100163   0.088996  0.000011  26680.330     3.297717   2.002694  12.252220    -314.879 1
334.481333  -2.985083   0.089677  0.000014  26884.488     4.197094   2.005633  12.270205    -127.602 1
334.468480  -0.301450   0.100400  0.000333  30099.163    99.830889   2.012438  12.311833    2821.260 1
334.759644  -0.032068   0.086873  0.000007  26043.870     2.098547   2.013676  12.319410    -898.711 1
336.515960   0.297602   0.080241  0.000012  24055.647     3.597509   2.013944  12.321046   -2722.533 1
334.430721  -0.338259   0.094558  0.000008  28347.775     2.398340   2.016782  12.338412    1214.690 1
333.965125  -1.407278   0.097134  0.000019  29120.041     5.696057   2.018405  12.348343    1923.099 1
335.477140   0.318321   0.094578  0.000006  28353.771     1.798755   2.020689  12.362312    1220.190 1
334.972125  -3.398972   0.089352  0.000150  26787.056    44.968869   2.021433  12.366868    -216.978 1
334.173156  -0.706343   0.087966  0.000028  26371.543     8.394189   2.025503  12.391764    -598.132 1
334.199800  -0.656732   0.101826  0.000019  30526.667     5.696057   2.025557  12.392093    3213.414 1
337.795886  -0.752319   0.089825  0.000028  26928.858     8.394189   2.029407  12.415652     -86.901 1
334.981060   0.133770   0.106900  0.000333  32047.814    99.830889   2.032046  12.431796    4608.782 1
336.551670   0.306235   0.078649  0.000012  23578.377     3.597509   2.032166  12.432530   -3160.339 1
334.575380  -0.162791   0.089765  0.000010  26910.870     2.997925   2.032527  12.434735    -103.401 1
334.142460  -0.743126   0.089011  0.000037  26684.826    11.092321   2.036283  12.457718    -310.754 1
333.977958  -2.080611   0.077579  0.000015  23257.599     4.496887   2.039865  12.479632   -3454.592 1
336.548000   0.316389   0.080057  0.000010  24000.485     2.997925   2.040859  12.485709   -2773.134 1
336.811423   0.219829   0.092331  0.000015  27680.137     4.496887   2.041956  12.492422     602.257 1
337.519830  -0.309766   0.081591  0.000022  24460.366     6.595434   2.042155  12.493638   -2351.279 1
337.509480  -0.291271   0.081145  0.000008  24326.659     2.398340   2.046474  12.520062   -2473.930 1
337.944220  -1.090288   0.105282  0.000011  31562.750     3.297717   2.048142  12.530270    4163.826 1
337.508876  -0.287289   0.081532  0.000014  24442.679     4.197094   2.048650  12.533373   -2367.504 1
334.428950  -0.290766   0.094675  0.000007  28382.851     2.098547   2.049117  12.536233    1246.865 1
334.446950  -3.012237   0.090081  0.000099  27005.604    29.679453   2.049343  12.537612     -16.500 1
336.533611   0.330232   0.078715  0.000024  23598.163     7.195019   2.050147  12.542533   -3142.189 1
337.119690   0.059161   0.096004  0.000012  28781.275     3.597509   2.051880  12.553134    1612.345 1
334.414000  -2.981056   0.091768  0.000013  27511.354     3.897302   2.053460  12.562802     447.430 1
335.752353   0.403047   0.087603  0.000028  26262.719     8.394189   2.055873  12.577563    -697.959 1
337.841020  -0.783298   0.089259  0.000010  26759.175     2.997925   2.056947  12.584137    -242.553 1
334.548083  -3.127750   0.090032  0.000017  26990.915     5.096472   2.057219  12.585802     -29.975 1
337.740750  -0.576983   0.090331  0.000009  27080.553     2.698132   2.064676  12.631417      52.251 1
335.445370   0.356870   0.096732  0.000008  28999.524     2.398340   2.065936  12.639129    1812.547 1
337.710470  -0.524166   0.080681  0.000021  24187.555     6.295642   2.066859  12.644774   -2601.532 1
334.509917  -3.104694   0.094175  0.000150  28232.955    44.968869   2.067389  12.648018    1109.364 1
334.642625  -3.226111   0.088535  0.000021  26542.125     6.295642   2.067465  12.648482    -441.655 1
334.748960   0.028456   0.098228  0.000007  29448.014     2.098547   2.068649  12.655727    2223.952 1
334.413667  -3.012722   0.090061  0.000021  26999.609     6.295642   2.074510  12.691584     -22.000 1
337.716623  -0.518619   0.093538  0.000016  28041.987     4.796679   2.075032  12.694777     934.186 1
334.952270   0.168122   0.106796  0.000006  32016.635     1.798755   2.076080  12.701188    4580.181 1
334.745240   0.035911   0.097329  0.000029  29178.500     8.693981   2.076862  12.705972    1976.724 1
334.406429  -0.266197   0.078918  0.000014  23659.021     4.197094   2.082243  12.738896   -3086.363 1
336.247732   0.436306   0.102182  0.000034  30633.393    10.192944   2.095876  12.822295    3311.316 1
336.896330   0.243896   0.091164  0.000012  27330.280     3.597509   2.099902  12.846925     281.328 1
336.908010   0.239004   0.090822  0.000027  27227.751     8.094396   2.100692  12.851761     187.277 1
334.047240  -0.788229   0.099301  0.000010  29769.691     2.997925   2.103432  12.868525    2519.031 1
337.722670  -0.474818   0.091016  0.000027  27285.910     8.094396   2.104080  12.872486     240.628 1
337.534966  -0.229150   0.094452  0.000011  28315.997     3.297717   2.106810  12.889192    1185.540 1
334.556520  -0.078478   0.091562  0.000007  27449.597     2.098547   2.107254  12.891905     390.780 1
334.046042  -2.509444   0.093864  0.000014  28139.719     4.197094   2.110761  12.913365    1023.838 1
337.885810  -0.745054   0.089879  0.000023  26945.046     6.895227   2.113651  12.931042     -72.051 1
337.138330   0.121870   0.083889  0.000041  25149.290    12.291491   2.114366  12.935416   -1719.321 1
335.027310   0.251204   0.097589  0.000028  29256.446     8.394189   2.114368  12.935431    2048.225 1
337.905300  -0.758431   0.089646  0.000039  26875.195    11.691906   2.125721  13.004887    -136.127 1
334.488444  -0.114625   0.091489  0.000007  27427.712     2.098547   2.127410  13.015217     370.705 1
338.027940  -1.093679   0.105564  0.000049  31647.291    14.689830   2.127988  13.018754    4241.377 1
334.594180  -0.016458   0.091317  0.000012  27376.148     3.597509   2.129129  13.025734     323.404 1
333.915358  -1.060082   0.097851  0.000007  29334.992     2.098547   2.135153  13.062591    2120.276 1
334.860333  -3.467139   0.090414  0.000018  27105.435     5.396264   2.136835  13.072881      75.076 1
337.439146  -0.086536   0.081794  0.000024  24521.224     7.195019   2.138083  13.080514   -2295.453 1
333.845292  -1.923306   0.095389  0.000019  28596.903     5.696057   2.143235  13.112035    1443.218 1
338.050810  -1.119624   0.105066  0.000014  31497.994     4.197094   2.143627  13.114431    4104.425 1
334.281375  -2.961778   0.090703  0.000027  27192.075     8.094396   2.143729  13.115057     154.552 1
335.745204   0.490798   0.095046  0.000041  28494.074    12.291491   2.143888  13.116027    1348.892 1
334.479550  -0.096078   0.077283  0.000034  23168.861    10.192944   2.146920  13.134581   -3535.993 1
337.504617  -0.137580   0.088431  0.000008  26510.947     2.398340   2.147485  13.138034    -470.256 1
334.121055  -2.744313   0.076221  0.000034  22850.481    10.192944   2.153004  13.171800   -3828.047 1
334.173430  -0.451041   0.088542  0.000010  26544.224     2.997925   2.155041  13.184259    -439.730 1
334.169095  -0.450039   0.088644  0.000018  26574.803     5.396264   2.159207  13.209748    -411.680 1
334.833333  -3.478083   0.087851  0.000150  26337.067    44.968869   2.160276  13.216289    -629.758 1
336.595544   0.430594   0.097233  0.000017  29149.720     5.096472   2.163882  13.238347    1950.324 1
337.787366  -0.462007   0.090854  0.000027  27237.344     8.094396   2.165151  13.246115     196.077 1
337.545980  -0.154018   0.088534  0.000007  26541.825     2.098547   2.165877  13.250556    -441.930 1
337.547060  -0.154391   0.088659  0.000009  26579.300     2.698132   2.166406  13.253792    -407.555 1
337.819290  -0.508733   0.089046  0.000037  26695.319    11.092321   2.167205  13.258677    -301.129 1
334.027980  -0.677138   0.107212  0.000007  32141.349     2.098547   2.168107  13.264195    4694.583 1
337.785550  -0.444698   0.090363  0.000007  27090.146     2.098547   2.173111  13.294812      61.051 1
336.687650   0.416551   0.088191  0.000017  26438.997     5.096472   2.178960  13.330597    -536.257 1
334.522890  -0.001693   0.095471  0.000016  28621.486     4.796679   2.186910  13.379231    1465.768 1
337.817090  -0.467127   0.089685  0.000008  26886.887     2.398340   2.187377  13.382091    -125.402 1
336.770196   0.397018   0.088644  0.000008  26574.803     2.398340   2.189276  13.393704    -411.680 1
337.816667  -0.460750   0.090000  0.000333  26981.321    99.830889   2.190451  13.400893     -38.775 1
336.280640   0.531455   0.106221  0.000019  31844.255     5.696057   2.194628  13.426447    4422.054 1
337.298580   0.107821   0.089813  0.000009  26925.260     2.698132   2.195623  13.432540     -90.201 1
337.560550  -0.125901   0.087902  0.000006  26352.357     1.798755   2.195796  13.433597    -615.733 1
337.999340  -0.797905   0.103334  0.000030  30978.754     8.993774   2.196120  13.435578    3628.120 1
337.884270  -0.552475   0.088855  0.000046  26638.059    13.790453   2.200880  13.464700    -353.654 1
338.111960  -1.128459   0.090152  0.000023  27026.890     6.895227   2.200890  13.464759       3.025 1
334.385470  -0.113488   0.094892  0.000007  28447.906     2.098547   2.201129  13.466220    1306.541 1
334.385188  -0.113472   0.094892  0.000007  28447.906     2.098547   2.201343  13.467530    1306.541 1
334.936720   0.305785   0.097309  0.000007  29172.504     2.098547   2.204337  13.485851    1971.224 1
338.134120  -1.211731   0.078215  0.000007  23448.267     2.098547   2.204715  13.488159   -3279.690 1
336.620540   0.468927   0.097036  0.000006  29090.661     1.798755   2.207832  13.507230    1896.148 1
334.132240  -0.413430   0.089000  0.000333  26681.529    99.830889   2.210153  13.521432    -313.779 1
334.407280  -0.069409   0.076900  0.000013  23054.040     3.897302   2.216523  13.560398   -3641.320 1
336.721404   0.452973   0.088152  0.000007  26427.305     2.098547   2.224542  13.609457    -546.982 1
337.058560   0.299779   0.084435  0.000008  25312.976     2.398340   2.224806  13.611076   -1569.169 1
337.057972   0.300212   0.084435  0.000008  25312.976     2.398340   2.224897  13.611631   -1569.169 1
337.610080  -0.135025   0.088017  0.000011  26386.833     3.297717   2.225705  13.616572    -584.107 1
336.138993   0.579167   0.090231  0.000008  27050.573     2.398340   2.226729  13.622837      24.750 1
338.154536  -1.199743   0.089587  0.000011  26857.507     3.297717   2.227080  13.624989    -152.352 1
333.894430  -0.821100   0.090708  0.000012  27193.574     3.597509   2.231624  13.652784     155.927 1
334.054550  -0.486298   0.088324  0.000025  26478.869     7.494811   2.236654  13.683560    -499.681 1
338.097862  -0.919802   0.080256  0.000012  24060.144     3.597509   2.245285  13.736361   -2718.408 1
338.014104  -0.705708   0.106712  0.000019  31991.453     5.696057   2.246555  13.744135    4557.081 1
334.546720   0.099360   0.097639  0.000007  29271.436     2.098547   2.248502  13.756042    2061.975 1
334.547970   0.101183   0.098021  0.000007  29385.957     2.098547   2.249123  13.759842    2167.027 1
334.620277   0.159428   0.095274  0.000010  28562.427     2.997925   2.250457  13.768002    1411.592 1
336.541810   0.537201   0.079754  0.000008  23909.648     2.398340   2.251950  13.777139   -2856.460 1
337.808280  -0.331449   0.090280  0.000033  27065.263     9.893151   2.255924  13.801450      38.225 1
338.048920  -0.751216   0.090073  0.000054  27003.206    16.188793   2.259937  13.826001     -18.700 1
337.696140  -0.176680   0.094231  0.000006  28249.743     1.798755   2.262597  13.842277    1124.764 1
337.343440   0.158258   0.087518  0.000020  26237.236     5.995849   2.262915  13.844219    -721.334 1
338.102156  -0.854838   0.089420  0.000048  26807.442    14.390038   2.271018  13.893797    -198.277 1
336.716172   0.506416   0.107221  0.000017  32144.047     5.096472   2.273204  13.907170    4697.058 1
338.197896  -1.168318   0.080628  0.000026  24171.666     7.794604   2.275900  13.923661   -2616.107 1
336.497621   0.572987   0.091018  0.000006  27286.510     1.798755   2.275960  13.924031     241.178 1
338.131930  -0.919306   0.091275  0.000022  27363.557     6.595434   2.277717  13.934775     311.854 1
338.203333  -1.177306   0.080000  0.000333  23983.397    99.830889   2.279370  13.944892   -2788.809 1
338.206830  -1.187365   0.079784  0.000020  23918.641     5.995849   2.280770  13.953455   -2848.210 1
334.315710  -0.066594   0.077063  0.000013  23102.906     3.897302   2.283924  13.972749   -3596.494 1
338.206410  -1.168163   0.079252  0.000012  23759.152     3.597509   2.284258  13.974792   -2994.512 1
338.157300  -0.977260   0.079236  0.000017  23754.355     5.096472   2.284270  13.974868   -2998.912 1
333.739170  -1.140783   0.091372  0.000039  27392.636    11.691906   2.286109  13.986116     338.529 1
334.133760  -0.277719   0.095067  0.000038  28500.370    11.392113   2.287107  13.992223    1354.667 1
333.913000  -2.645361   0.090445  0.000016  27114.729     4.796679   2.288931  14.003383      83.601 1
334.499708  -3.396611   0.081387  0.000015  24399.209     4.496887   2.289903  14.009330   -2407.380 1
333.706625  -2.000861   0.093138  0.000150  27922.070    44.968869   2.291598  14.019699     824.185 1
337.188647   0.302092   0.096749  0.000006  29004.621     1.798755   2.293130  14.029069    1817.222 1
337.600792  -3.256528   0.097208  0.000012  29142.225     3.597509   2.294369  14.036652    1943.449 1
338.201770  -1.094040   0.090184  0.000011  27036.483     3.297717   2.296246  14.048134      11.825 1
337.856520  -0.327847   0.090296  0.000009  27070.060     2.698132   2.297413  14.055273      42.626 1
338.165609  -0.949560   0.106860  0.000007  32035.822     2.098547   2.300394  14.073515    4597.781 1
334.791990   0.335776   0.077656  0.000007  23280.683     2.098547   2.301474  14.080119   -3433.417 1
334.004640  -0.426275   0.088398  0.000010  26501.054     2.997925   2.310514  14.135423    -479.331 1
335.433529   0.616190   0.098211  0.000011  29442.917     3.297717   2.320386  14.195820    2219.277 1
334.092979  -0.272915   0.095206  0.000052  28542.041    15.589208   2.322789  14.210522    1392.892 1
336.966499   0.458120   0.097115  0.000024  29114.345     7.195019   2.323328  14.213818    1917.874 1
338.116140  -0.746609   0.089955  0.000030  26967.831     8.993774   2.323620  14.215607     -51.151 1
338.091098  -0.684982   0.107035  0.000029  32088.286     8.693981   2.325196  14.225247    4645.907 1
334.576720   0.223109   0.095351  0.000005  28585.511     1.498962   2.327528  14.239515    1432.768 1
337.573870   0.052559   0.089172  0.000009  26733.093     2.698132   2.331674  14.264882    -266.478 1
337.442750  -3.450444   0.107065  0.000015  32097.280     4.496887   2.332029  14.267049    4654.157 1
334.982270   0.473460   0.086713  0.000030  25995.903     8.993774   2.334115  14.279810    -942.712 1
