 55.206250 -45.677778   0.069800  0.000333  20925.514    99.830889   0.006730   0.031962     241.474 0
 55.195292 -45.669194   0.068571  0.000150  20557.069    44.968869   0.015506   0.073640    -103.209 0
 55.171583 -45.689111   0.069468  0.000113  20825.982    33.876548   0.022069   0.104806     148.362 0
 55.286708 -45.692000   0.066746  0.000033  20009.947     9.893151   0.059533   0.282723    -615.044 0
 55.281583 -45.758194   0.068184  0.000437  20441.049    99.990000   0.092667   0.440078    -211.746 0
 55.289292 -45.766889   0.069201  0.000304  20745.938    91.136907   0.102860   0.488488      73.480 0
 55.327208 -45.740306   0.065368  0.000617  19596.833    99.990000   0.103910   0.493472   -1001.515 1
 55.267500 -45.778889   0.068344  0.000333  20489.016    99.830889   0.105341   0.500267    -166.872 0
 55.277083 -45.786500   0.070395  0.000150  21103.890    44.968869   0.115131   0.546763     408.347 0
 55.292292 -45.790000   0.070695  0.000137  21193.828    41.071567   0.123325   0.585674     492.484 0
 55.270917 -45.803611   0.070615  0.000193  21169.844    57.859944   0.128946   0.612371     470.048 0
 55.304500 -45.805389   0.069832  0.000133  20935.107    39.872397   0.140913   0.669199     250.449 0
 55.337292 -45.796889   0.070832  0.000647  21234.899    99.990000   0.147174   0.698935     530.907 0
 55.338630 -45.526258   0.067700  0.000333  20295.949    99.830889   0.184195   0.874749    -347.487 0
 54.916792 -45.656889   0.069268  0.000150  20766.024    44.968869   0.201271   0.955842      92.271 0
 55.177208 -45.886611   0.071116  0.000150  21320.040    44.968869   0.203456   0.966218     610.557 0
 55.446500 -45.531833   0.070632  0.000150  21174.941    44.968869   0.228554   1.085410     474.815 0
 55.331292 -45.899944   0.069030  0.000213  20694.673    63.855794   0.234080   1.111652      25.522 0
 55.901042 -45.737139   0.067333  0.000113  20185.926    33.876548   0.491058   2.332050    -450.415 1
 54.928792 -45.230528   0.077724  0.000150  23301.069    44.968869   0.491998   2.336516    2463.823 1
 55.095833 -45.197417   0.077277  0.000150  23167.062    44.968869   0.492145   2.337215    2338.459 1
 54.574156 -45.447440   0.068400  0.000333  20505.804    99.830889   0.498479   2.367294    -151.167 1
 55.921167 -45.727972   0.077686  0.000297  23289.677    89.038360   0.504153   2.394241    2453.166 1
 54.510250 -45.519583   0.070625  0.000120  21172.842    35.975095   0.510630   2.424998     472.852 1
 55.646333 -46.099167   0.069591  0.000150  20862.857    44.968869   0.518338   2.461606     182.859 1
 54.988361 -45.166550   0.077200  0.000333  23143.978    99.830889   0.538514   2.557423    2316.863 1
 56.001625 -45.545472   0.071840  0.000095  21537.090    28.480284   0.575337   2.732297     813.609 1
 55.723583 -46.189611   0.066140  0.000213  19828.273    63.855794   0.623190   2.959552    -785.002 1
 55.658042 -46.220111   0.070704  0.000213  21196.526    63.855794   0.623610   2.961546     495.008 1
 55.647292 -46.251167   0.069355  0.000150  20792.106    44.968869   0.646863   3.071977     116.671 1
 55.704708 -46.246417   0.068338  0.000297  20487.217    89.038360   0.663035   3.148777    -168.555 1
 54.486250 -45.223033   0.067300  0.000333  20176.032    99.830889   0.680177   3.230185    -459.671 1
 55.765375 -46.244417   0.068941  0.000213  20667.992    63.855794   0.684777   3.252028       0.561 1
 54.486708 -45.213194   0.077163  0.000167  23132.885    50.065340   0.686649   3.260920    2306.486 1
 54.156083 -45.608139   0.066336  0.000150  19887.032    44.968869   0.734809   3.489636    -730.032 1
 55.566083 -46.375167   0.069000  0.000297  20685.680    89.038360   0.736499   3.497659      17.108 1
 55.192333 -46.438778   0.066841  0.000297  20038.428    89.038360   0.754899   3.585042    -588.401 1
 54.438224 -45.149453   0.077400  0.000333  23203.936    99.830889   0.755361   3.587237    2372.955 1
 55.476542 -44.950694   0.068500  0.000200  20535.783    59.958492   0.757838   3.598999    -123.121 1
 55.995083 -45.150167   0.068197  0.000150  20444.946    44.968869   0.769186   3.652890    -208.100 1
 56.290407 -45.529052   0.067100  0.000333  20116.074    99.830889   0.775794   3.684274    -515.762 1
 54.153625 -45.956000   0.074195  0.000183  22243.101    54.862020   0.781504   3.711392    1474.087 1
 56.141375 -46.192028   0.069581  0.000297  20859.859    89.038360   0.829822   3.940852     180.054 1
 55.159542 -46.545611   0.066767  0.000297  20016.243    89.038360   0.862217   4.094700    -609.155 1
 55.985292 -46.364139   0.060028  0.000213  17995.942    63.855794   0.872894   4.145405   -2499.161 1
 55.691792 -46.492000   0.069386  0.000297  20801.399    89.038360   0.877472   4.167146     125.365 1
 56.490458 -45.638139   0.071002  0.000150  21285.864    44.968869   0.901103   4.279371     578.585 1
 54.057750 -45.179611   0.067573  0.000113  20257.876    33.876548   0.945337   4.489437    -383.106 1
 54.878917 -44.750306   0.083304  0.000150  24973.911    44.968869   0.960548   4.561678    4028.779 1
 55.928208 -46.519444   0.066111  0.000297  19819.579    89.038360   0.977399   4.641704    -793.135 1
 56.499083 -46.087306   0.062715  0.000213  18801.484    63.855794   0.991716   4.709695   -1745.570 1
 54.058958 -45.042917   0.077494  0.000095  23232.117    28.480284   1.024142   4.863688    2399.318 1
 53.948737 -45.125304   0.067800  0.000333  20325.929    99.830889   1.038737   4.933001    -319.442 1
 53.699625 -45.682167   0.071256  0.000103  21362.011    30.878623   1.049783   4.985455     649.821 1
 56.038250 -46.572500   0.067739  0.000213  20307.641    63.855794   1.063330   5.049790    -336.550 1
 53.869458 -45.163500   0.068541  0.000113  20548.075    33.876548   1.066694   5.065768    -111.622 1
 53.864350 -45.168279   0.066600  0.000333  19966.178    99.830889   1.067494   5.069567    -655.991 1
 56.015292 -46.595167   0.067983  0.000213  20380.791    63.855794   1.073774   5.099390    -268.118 1
 53.859083 -45.156944   0.068704  0.000150  20596.941    44.968869   1.076222   5.111016     -65.908 1
 55.961875 -46.620278   0.068131  0.000297  20425.160    89.038360   1.076284   5.111309    -226.610 1
 56.743027 -45.565886   0.073347  0.000095  21988.877    28.480284   1.082840   5.142446    1236.259 1
 56.783833 -45.781000   0.069485  0.000113  20831.079    33.876548   1.109154   5.267411     153.130 1
 56.792917 -45.566194   0.070020  0.000333  20991.468    99.830889   1.117460   5.306859     303.175 1
 53.682458 -45.306667   0.069094  0.000183  20713.860    54.862020   1.126800   5.351212      43.471 1
 56.080875 -46.669972   0.065025  0.000150  19494.005    44.968869   1.161493   5.515969   -1097.712 1
 56.859125 -45.528806   0.066920  0.000071  20062.111    21.285265   1.167843   5.546125    -566.245 1
 56.890542 -45.570222   0.070032  0.000103  20995.065    30.878623   1.184912   5.627188     306.541 1
 54.353708 -46.722194   0.062363  0.000090  18695.957    26.981321   1.195607   5.677981   -1844.292 1
 56.776375 -45.206000   0.071523  0.000150  21442.056    44.968869   1.199045   5.694306     724.703 1
 56.920333 -45.900083   0.059748  0.000213  17912.000    63.855794   1.219569   5.791776   -2577.689 1
 56.503000 -44.838611   0.062637  0.000123  18778.100    36.874472   1.241077   5.893917   -1767.446 1
 56.978792 -45.564583   0.070020  0.000333  20991.468    99.830889   1.246821   5.921198     303.175 1
 56.983000 -45.560000   0.069675  0.000333  20888.040    99.830889   1.250194   5.937213     206.417 1
 56.857384 -45.207788   0.060700  0.000333  18197.402    99.830889   1.250471   5.938530   -2310.693 1
 56.957125 -45.435972   0.073498  0.000150  22034.146    44.968869   1.250781   5.940005    1278.608 1
 57.011167 -45.605139   0.068080  0.000081  20409.871    24.283189   1.266168   6.013078    -240.913 1
 56.044625 -46.817694   0.067958  0.000297  20373.296    89.038360   1.277406   6.066445    -275.129 1
 54.863042 -46.944361   0.069385  0.000213  20801.100    63.855794   1.282538   6.090816     125.084 1
 56.944958 -46.169444   0.070183  0.000213  21040.334    63.855794   1.310707   6.224595     348.890 1
 57.074532 -45.527233   0.069000  0.000333  20685.680    99.830889   1.317334   6.256065      17.108 1
 57.082875 -45.545250   0.069061  0.000113  20703.967    33.876548   1.321109   6.273993      34.216 1
 53.304125 -45.703972   0.069802  0.000150  20926.113    44.968869   1.326236   6.298340     242.035 1
 55.092875 -47.014111   0.069967  0.000297  20975.579    89.038360   1.332394   6.327587     288.311 1
 57.103927 -45.480324   0.068200  0.000333  20445.846    99.830889   1.344028   6.382836    -207.258 1
 57.123083 -45.576583   0.073688  0.000150  22091.107    44.968869   1.346187   6.393091    1331.895 1
 53.598333 -44.896861   0.063117  0.000107  18922.001    32.077793   1.369332   6.503005   -1632.826 1
 56.845750 -44.934139   0.060749  0.000113  18212.092    33.876548   1.371281   6.512264   -2296.951 1
 56.826125 -44.905194   0.061789  0.000081  18523.876    24.283189   1.375994   6.534644   -2005.274 1
 57.063417 -46.173083   0.068206  0.000213  20447.644    63.855794   1.389193   6.597326    -205.576 1
 56.969292 -45.046361   0.061346  0.000150  18391.068    44.968869   1.389376   6.598193   -2129.517 1
 57.053000 -46.217250   0.069660  0.000213  20883.543    63.855794   1.398623   6.642110     202.210 1
 53.853617 -44.638451   0.069795  0.000043  20924.015    12.891076   1.407383   6.683712     240.072 1
 55.425958 -47.088139   0.072858  0.000297  21842.279    89.038360   1.412896   6.709892    1099.115 1
 56.487125 -44.580361   0.083791  0.000150  25119.910    44.968869   1.422508   6.755540    4165.362 1
 57.240833 -45.746583   0.071776  0.000113  21517.903    33.876548   1.425542   6.769951     795.659 1
 56.174417 -46.946750   0.061560  0.000213  18455.224    63.855794   1.433878   6.809535   -2069.499 1
 53.185124 -45.948975   0.053400  0.000333  16008.917    99.830889   1.433932   6.809792   -4358.036 1
 56.509292 -44.571611   0.083701  0.000103  25092.929    30.878623   1.439083   6.834254    4140.120 1
 57.015417 -46.381028   0.068635  0.000213  20576.255    63.855794   1.445843   6.866360     -85.259 1
 53.105958 -45.750361   0.070976  0.000150  21278.069    44.968869   1.466033   6.962244     571.293 1
 57.239492 -45.328180   0.068160  0.000142  20433.854    42.570529   1.467011   6.966885    -218.477 1
 54.008792 -46.905750   0.054895  0.000183  16457.107    54.862020   1.479223   7.024881   -3938.752 1
 57.272042 -45.347194   0.070112  0.000071  21019.049    21.285265   1.484655   7.050677     328.977 1
 56.272125 -46.980556   0.060957  0.000297  18274.449    89.038360   1.496632   7.107560   -2238.615 1
 56.324333 -47.008694   0.067445  0.000297  20219.502    89.038360   1.539325   7.310309    -419.004 1
 55.935000 -47.136556   0.053721  0.000297  16105.151    89.038360   1.540197   7.314450   -4268.009 1
 54.168762 -44.316711   0.081973  0.000250  24574.887    74.948115   1.546147   7.342705    3655.489 1
 53.002292 -45.410417   0.067847  0.000150  20340.019    44.968869   1.561093   7.413687    -306.260 1
 56.315250 -47.038639   0.060173  0.000297  18039.412    89.038360   1.562002   7.418004   -2458.495 1
 57.203625 -46.383639   0.064241  0.000213  19258.967    63.855794   1.563489   7.425065   -1317.592 1
 56.623833 -46.892528   0.060585  0.000150  18162.926    44.968869   1.564301   7.428921   -2342.946 1
 57.115792 -46.504833   0.071719  0.000297  21500.815    89.038360   1.568748   7.450039     779.673 1
 56.495417 -44.395861   0.061336  0.000150  18388.070    44.968869   1.573281   7.471566   -2132.322 1
 52.948917 -45.782333   0.062613  0.000103  18770.905    30.878623   1.577312   7.490709   -1774.177 1
 56.939125 -46.707639   0.068291  0.000213  20473.127    63.855794   1.587553   7.539345    -181.737 1
 55.108292 -47.273028   0.070931  0.000297  21264.579    89.038360   1.590473   7.553213     558.672 1
 53.632000 -44.510500   0.066866  0.000237  20045.922    71.050813   1.606349   7.628609    -581.389 1
 55.998750 -47.205750   0.063648  0.000333  19081.190    99.830889   1.620371   7.695199   -1483.903 1
 52.909250 -45.368139   0.068344  0.000150  20489.016    44.968869   1.632776   7.754108    -166.872 1
 57.327292 -44.993639   0.069705  0.000150  20897.033    44.968869   1.637196   7.775102     214.831 1
 53.704625 -44.398556   0.066283  0.000083  19871.143    24.882774   1.657364   7.870881    -744.896 1
 53.024875 -46.351194   0.066803  0.000103  20027.036    30.878623   1.661094   7.888593    -599.058 1
 57.333125 -46.457639   0.071946  0.000150  21568.868    44.968869   1.677709   7.967497     843.337 1
 57.134667 -46.696944   0.073176  0.000213  21937.613    63.855794   1.687816   8.015496    1188.300 1
 53.997083 -44.220333   0.076867  0.000150  23044.147    44.968869   1.688484   8.018669    2223.471 1
 56.716208 -47.004250   0.059756  0.000213  17914.398    63.855794   1.691722   8.034048   -2575.446 1
 57.555583 -45.277139   0.061696  0.000334  18495.995    99.990000   1.693628   8.043099   -2031.357 1
 57.195833 -46.665500   0.073172  0.000297  21936.414    89.038360   1.703879   8.091781    1187.179 1
 57.630361 -45.894568   0.070108  0.000333  21017.850    99.830889   1.709325   8.117645     327.855 1
 57.379708 -46.465500   0.070877  0.000297  21248.390    89.038360   1.710229   8.121938     543.528 1
 56.414333 -47.169972   0.062936  0.000213  18867.738    63.855794   1.710373   8.122622   -1683.589 1
 56.598542 -44.273500   0.078257  0.000103  23460.858    30.878623   1.714865   8.143952    2613.307 1
 57.244250 -46.665083   0.074451  0.000297  22319.848    89.038360   1.731400   8.222481    1545.884 1
 53.448667 -44.429417   0.063614  0.000150  19070.997    44.968869   1.753464   8.327263   -1493.439 1
 54.014625 -44.111611   0.069475  0.000150  20828.081    44.968869   1.777796   8.442815     150.325 1
 57.754917 -45.606750   0.068140  0.000150  20427.858    44.968869   1.784980   8.476933    -224.086 1
 57.169500 -46.836917   0.072185  0.000297  21640.519    89.038360   1.793936   8.519463     910.367 1
 52.965333 -44.802806   0.067230  0.000150  20155.047    44.968869   1.794044   8.519979    -479.303 1
 56.872875 -47.053917   0.060442  0.000150  18120.056    44.968869   1.799735   8.547004   -2383.051 1
 55.422667 -47.477194   0.064454  0.000297  19322.823    89.038360   1.799880   8.547694   -1257.854 1
 55.807250 -47.435917   0.060734  0.000213  18207.595    63.855794   1.802262   8.559007   -2301.158 1
 57.508792 -46.559194   0.072568  0.000297  21755.339    89.038360   1.833744   8.708514    1017.782 1
 57.506250 -46.586972   0.073508  0.000150  22037.144    44.968869   1.845615   8.764891    1281.412 1
 54.777500 -47.513694   0.056703  0.000150  16999.132    44.968869   1.853692   8.803247   -3431.684 1
 56.674250 -47.264806   0.067462  0.000213  20224.599    63.855794   1.885925   8.956323    -414.236 1
 54.120917 -47.414667   0.068617  0.000150  20570.859    44.968869   1.888448   8.968306     -90.307 1
 57.525750 -46.655500   0.072305  0.000297  21676.494    89.038360   1.891772   8.984092     944.022 1
 56.707833 -47.274917   0.069827  0.000213  20933.608    63.855794   1.907246   9.057578     249.047 1
 52.730708 -44.866611   0.066933  0.000150  20066.009    44.968869   1.910343   9.072287    -562.599 1
 56.668375 -47.296667   0.077649  0.000297  23278.585    89.038360   1.910508   9.073069    2442.789 1
 56.036346 -47.506950   0.061788  0.000333  18523.576    99.830889   1.913896   9.089161   -2005.555 1
 56.660000 -47.312361   0.059612  0.000213  17871.228    63.855794   1.920666   9.121309   -2615.831 1
 56.915250 -44.180861   0.072130  0.000150  21624.030    44.968869   1.921267   9.124163     894.941 1
 57.837667 -45.124472   0.060455  0.000167  18123.953    50.065340   1.924241   9.138287   -2379.405 1
 52.501667 -46.096389   0.067487  0.000150  20232.094    44.968869   1.931257   9.171606    -407.225 1
 57.975792 -45.744111   0.067954  0.000150  20372.097    44.968869   1.938553   9.206258    -276.251 1
 54.672583 -43.779167   0.071606  0.000150  21466.939    44.968869   1.940359   9.214832     747.981 1
 57.885292 -45.181750   0.068668  0.000150  20586.149    44.968869   1.940494   9.215474     -76.004 1
 52.428125 -45.968306   0.069942  0.000150  20968.084    44.968869   1.958827   9.302538     281.299 1
 52.757125 -44.678583   0.066343  0.000150  19889.131    44.968869   1.982101   9.413067    -728.069 1
 52.897583 -46.840556   0.065996  0.000150  19785.103    44.968869   1.982486   9.414898    -825.388 1
 56.390917 -47.504944   0.067823  0.000213  20332.824    63.855794   2.001430   9.504863    -312.991 1
 58.036457 -45.324893   0.069300  0.000333  20775.617    99.830889   2.012286   9.556415     101.245 1
 57.995667 -45.146556   0.067817  0.000150  20331.025    44.968869   2.024133   9.612680    -314.674 1
 57.267292 -44.262444   0.054748  0.000150  16413.037    44.968869   2.025291   9.618179   -3979.979 1
 56.934250 -44.058222   0.054187  0.000103  16244.854    30.878623   2.026553   9.624171   -4137.316 1
 56.350167 -47.557694   0.059380  0.000213  17801.676    63.855794   2.038174   9.679362   -2680.898 1
 56.149625 -47.626528   0.068066  0.000213  20405.673    63.855794   2.052262   9.746263    -244.840 1
 52.297083 -45.211583   0.062650  0.000150  18781.997    44.968869   2.083855   9.896299   -1763.800 1
 56.625167 -47.523389   0.054528  0.000213  16347.083    63.855794   2.090888   9.929703   -4041.680 1
 58.160542 -45.353583   0.069358  0.000150  20793.005    44.968869   2.092920   9.939351     117.512 1
 58.072292 -45.067278   0.068377  0.000150  20498.909    44.968869   2.097713   9.962114    -157.617 1
 52.184792 -45.930722   0.069762  0.000150  20914.121    44.968869   2.122467  10.079671     230.817 1
 52.193625 -46.034917   0.066509  0.000150  19938.897    44.968869   2.131004  10.120212    -681.513 1
 58.190167 -45.220500   0.061316  0.000167  18382.074    50.065340   2.138205  10.154413   -2137.931 1
 58.241208 -45.412000   0.069258  0.000150  20763.026    44.968869   2.140384  10.164759      89.466 1
 52.459375 -44.723611   0.064605  0.000150  19368.092    44.968869   2.143397  10.179069   -1215.505 1
 55.629981 -47.812017   0.068398  0.000333  20505.205    99.830889   2.148980  10.205581    -151.728 1
 52.139667 -45.938167   0.068177  0.000150  20438.950    44.968869   2.154647  10.232496    -213.709 1
 58.237333 -45.231083   0.062110  0.000150  18620.110    44.968869   2.168150  10.296621   -1915.247 1
 53.344500 -47.431583   0.061739  0.000103  18508.887    30.878623   2.176888  10.338119   -2019.297 1
 58.279583 -45.286500   0.069011  0.000150  20688.977    44.968869   2.186275  10.382696      20.193 1
 52.153792 -46.291472   0.069908  0.000103  20957.891    30.878623   2.214692  10.517650     271.764 1
 53.023125 -44.048444   0.066116  0.000150  19821.078    44.968869   2.234377  10.611134    -791.733 1
 58.120125 -44.762222   0.069888  0.000150  20951.895    44.968869   2.237140  10.624257     266.155 1
 52.189125 -44.897833   0.060032  0.000150  17997.141    44.968869   2.247024  10.671196   -2498.039 1
 57.706667 -44.259139   0.068681  0.000150  20590.046    44.968869   2.256344  10.715456     -72.358 1
 52.357958 -44.614861   0.078631  0.000103  23572.981    30.878623   2.256413  10.715786    2718.199 1
 56.044250 -43.409889   0.071329  0.000150  21383.896    44.968869   2.348866  11.154845     670.295 1
 54.955792 -48.040444   0.069271  0.000047  20766.923    14.090246   2.362816  11.221098      93.112 1
 56.700042 -43.448889   0.067810  0.000150  20328.927    44.968869   2.467831  11.719816    -316.637 1
 52.706208 -43.912306   0.064771  0.000103  19417.857    30.878623   2.485843  11.805358   -1168.949 1
 54.106708 -43.317972   0.062460  0.000113  18725.037    33.876548   2.486661  11.809241   -1817.087 1
 56.237167 -43.216806   0.054928  0.000150  16467.000    44.968869   2.570859  12.209101   -3929.497 1
 53.568333 -43.378694   0.064791  0.000150  19423.853    44.968869   2.572364  12.216247   -1163.340 1
 57.302708 -43.555778   0.068698  0.000103  20595.142    30.878623   2.584993  12.276220     -67.590 1
 56.341917 -43.218167   0.054378  0.000103  16302.114    30.878623   2.591095  12.305203   -4083.748 1
 54.546458 -48.239694   0.061362  0.000150  18395.865    44.968869   2.596526  12.330993   -2125.030 1
 54.346375 -43.141389   0.054534  0.000081  16348.882    24.283189   2.611889  12.403952   -4039.997 1
 54.180000 -48.215111   0.065342  0.000150  19589.039    44.968869   2.630025  12.490081   -1008.807 1
 54.943333 -43.017500   0.054348  0.000150  16293.121    44.968869   2.672541  12.691991   -4092.162 1
 53.403500 -43.238222   0.062036  0.000150  18597.925    44.968869   2.749652  13.058194   -1936.001 1
 53.185125 -43.322806   0.063154  0.000103  18933.093    30.878623   2.749676  13.058306   -1622.449 1
 54.689500 -42.900028   0.061559  0.000167  18454.924    50.065340   2.806838  13.329772   -2069.780 1
 54.744917 -42.842556   0.061266  0.000150  18367.085    44.968869   2.859264  13.578748   -2151.954 1
