357.903042 -28.365056   0.027646  0.000031   8288.062     9.293566   0.004698   0.009863    -416.590 0
357.903100 -28.364700   0.029900  0.000333   8963.794    99.830889   0.004873   0.010232     240.049 0
357.765333 -28.350000   0.027571  0.000213   8265.578    63.855794   0.117911   0.247570    -438.440 0
358.067000 -28.229056   0.032886  0.000213   9858.975    63.855794   0.202564   0.425310    1109.937 0
357.914917 -28.592250   0.027891  0.000213   8361.511    63.855794   0.226140   0.474811    -345.217 0
357.625333 -28.427667   0.027616  0.000150   8279.069    44.968869   0.247576   0.519818    -425.330 0
357.797375 -28.101722   0.029507  0.000297   8845.976    89.038360   0.279285   0.586395     125.560 0
357.897083 -28.079250   0.028303  0.000103   8485.026    30.878623   0.287351   0.603331    -225.192 0
357.894208 -28.071694   0.032332  0.000039   9692.890    11.691906   0.294925   0.619233     948.544 0
357.655458 -28.598361   0.027993  0.000213   8392.090    63.855794   0.315057   0.661502    -315.502 0
357.880071 -28.021299   0.035307  0.000213  10584.772    63.855794   0.345661   0.725760    1815.227 1
357.959750 -27.965333   0.029364  0.000033   8803.106     9.893151   0.404929   0.850201      83.901 0
357.436500 -28.261306   0.028609  0.000213   8576.762    63.855794   0.419515   0.880825    -136.047 0
357.976667 -27.929833   0.029260  0.000019   8771.927     5.696057   0.442218   0.928494      53.603 0
357.435167 -28.051056   0.031142  0.000150   9336.137    44.968869   0.515197   1.081722     601.871 0
357.339625 -28.541556   0.029133  0.000213   8733.854    63.855794   0.521549   1.095059      16.605 0
357.489250 -27.980278   0.033642  0.000213  10085.618    63.855794   0.527832   1.108252    1330.176 1
357.306042 -28.262167   0.029550  0.000150   8858.867    44.968869   0.531245   1.115417     138.087 0
357.869167 -28.930278   0.028703  0.000333   8604.943    99.830889   0.564249   1.184713    -108.663 0
357.633750 -28.939500   0.029375  0.000213   8806.403    63.855794   0.618288   1.298175      87.105 0
357.169750 -28.309778   0.025878  0.000120   7758.029    35.975095   0.643320   1.350734    -931.648 0
357.314792 -27.976222   0.034017  0.000023  10198.040     6.895227   0.644786   1.353810    1439.422 1
357.250542 -28.040944   0.034684  0.000023  10398.002     6.895227   0.656222   1.377822    1633.734 1
358.100792 -29.023000   0.028943  0.000017   8676.893     5.096472   0.680222   1.428214     -38.746 0
357.158876 -28.113895   0.034377  0.000030  10305.965     8.993774   0.697744   1.465003    1544.298 1
358.700750 -28.236694   0.031643  0.000297   9486.333    89.038360   0.718206   1.507967     747.824 0
358.042583 -29.079056   0.028993  0.000014   8691.883     4.197094   0.723726   1.519555     -24.180 0
357.112344 -28.149741   0.030898  0.000037   9262.987    11.092321   0.724534   1.521252     530.789 0
357.110833 -28.145278   0.033843  0.000333  10145.876    99.830889   0.727149   1.526742    1388.732 1
357.175583 -28.724833   0.034604  0.000213  10374.018    63.855794   0.729665   1.532026    1610.428 1
357.929208 -29.096278   0.027157  0.000213   8141.464    63.855794   0.730195   1.533137    -559.047 0
358.732250 -28.208500   0.029377  0.000150   8807.003    44.968869   0.750910   1.576632      87.688 0
358.025542 -29.114528   0.029036  0.000213   8704.774    63.855794   0.756301   1.587951     -11.653 0
357.036667 -28.317778   0.033877  0.000333  10156.069    99.830889   0.759480   1.594626    1398.637 1
357.962167 -27.597528   0.032658  0.000213   9790.622    63.855794   0.771142   1.619111    1043.515 0
357.111667 -27.987500   0.028747  0.000333   8618.134    99.830889   0.788963   1.656529     -95.845 0
357.286750 -27.779250   0.032096  0.000083   9622.139    24.882774   0.796409   1.672163     879.792 0
357.330333 -29.006861   0.034761  0.000213  10421.086    63.855794   0.812059   1.705021    1656.165 1
357.003583 -28.156361   0.032197  0.000297   9652.418    89.038360   0.814618   1.710394     909.216 0
357.271125 -27.746500   0.026611  0.000297   7977.777    89.038360   0.829934   1.742553    -718.109 0
357.316083 -29.030139   0.034507  0.000103  10344.938    30.878623   0.838136   1.759775    1582.170 1
357.084292 -27.919889   0.034064  0.000213  10212.130    63.855794   0.843926   1.771930    1453.114 1
357.047500 -27.932944   0.034024  0.000297  10200.139    89.038360   0.864942   1.816058    1441.461 1
358.510542 -27.684889   0.032395  0.000297   9711.777    89.038360   0.869046   1.824675     966.898 0
356.937652 -28.140745   0.028840  0.000019   8646.014     5.696057   0.874697   1.836538     -68.752 0
356.937027 -28.137032   0.026919  0.000333   8070.113    99.830889   0.876194   1.839681    -628.382 0
356.929882 -28.143920   0.027079  0.000019   8118.080     5.696057   0.880495   1.848713    -581.770 0
356.928009 -28.137729   0.029020  0.000333   8699.977    99.830889   0.883673   1.855385     -16.314 0
358.597458 -27.727278   0.042810  0.000103  12834.115    30.878623   0.887433   1.863280    4001.016 1
356.921208 -28.144139   0.028000  0.000333   8394.189    99.830889   0.887827   1.864107    -313.462 0
358.711167 -28.893139   0.030168  0.000083   9044.139    24.882774   0.888381   1.865271     318.124 0
356.925000 -28.104000   0.028286  0.000333   8479.929    99.830889   0.895534   1.880290    -230.144 0
358.141650 -29.271744   0.029100  0.000333   8723.961    99.830889   0.930188   1.953050       6.992 0
356.882338 -28.107070   0.028223  0.000017   8461.043     5.096472   0.930628   1.953973    -248.498 0
356.868083 -28.136000   0.027863  0.000033   8353.117     9.893151   0.935129   1.963423    -353.374 0
356.870529 -28.122607   0.028000  0.000333   8394.189    99.830889   0.936443   1.966183    -313.462 0
358.159583 -27.456278   0.030308  0.000213   9086.110    63.855794   0.938971   1.971490     358.909 0
356.869136 -28.109482   0.027486  0.000019   8240.096     5.696057   0.941127   1.976018    -463.202 0
357.975244 -29.318192   0.028554  0.000213   8560.274    63.855794   0.954016   2.003080    -152.070 0
358.077667 -29.323528   0.035091  0.000150  10520.017    44.968869   0.969899   2.036428    1752.302 1
357.161708 -27.636917   0.034748  0.000297  10417.188    89.038360   0.975802   2.048821    1652.378 1
358.815125 -28.959528   0.028977  0.000150   8687.086    44.968869   1.001407   2.102582     -28.841 0
356.805288 -28.016996   0.033630  0.000030  10082.020     8.993774   1.023091   2.148111    1326.680 1
356.724753 -28.360538   0.024303  0.000333   7285.856    99.830889   1.032388   2.167631   -1390.480 1
356.810938 -27.957714   0.028553  0.000050   8559.974    14.989623   1.040262   2.184163    -152.361 0
356.800417 -27.930056   0.029340  0.000117   8795.911    35.075718   1.059870   2.225333      76.909 0
356.908917 -27.745889   0.031408  0.000297   9415.882    89.038360   1.068989   2.244481     679.363 0
357.431667 -29.371583   0.029921  0.000213   8970.090    63.855794   1.085527   2.279203     246.167 0
357.265417 -29.301472   0.029487  0.000297   8839.980    89.038360   1.088034   2.284467     119.733 0
358.067708 -29.447722   0.030091  0.000027   9021.055     8.094396   1.091386   2.291506     295.692 0
359.006667 -28.862583   0.027893  0.000150   8362.111    44.968869   1.094389   2.297809    -344.634 0
358.069707 -29.538479   0.030404  0.000037   9114.890    11.092321   1.181579   2.480877     386.876 0
356.596197 -28.003246   0.028847  0.000100   8648.113    29.979246   1.201738   2.523203     -66.713 0
356.594583 -28.006028   0.026128  0.000033   7832.977     9.893151   1.202254   2.524287    -858.817 0
356.562792 -28.098972   0.027999  0.000023   8393.889     6.895227   1.204980   2.530010    -313.754 0
358.117750 -29.559667   0.043115  0.000213  12925.552    63.855794   1.208635   2.537684    4089.869 1
358.355250 -29.538111   0.028626  0.000150   8581.859    44.968869   1.238677   2.600761    -131.095 0
358.064167 -29.599861   0.030248  0.000213   9068.122    63.855794   1.241898   2.607525     341.429 0
359.105167 -29.023389   0.029590  0.000103   8870.859    30.878623   1.248870   2.622164     149.739 0
356.482125 -28.231139   0.026360  0.000297   7902.529    89.038360   1.253207   2.631270    -791.230 0
358.144167 -29.610278   0.029107  0.000333   8726.059    99.830889   1.262400   2.650572       9.031 0
358.102000 -27.107389   0.029010  0.000213   8696.979    63.855794   1.271941   2.670604     -19.227 0
356.864333 -27.465472   0.028376  0.000113   8506.911    33.876548   1.280357   2.688273    -203.925 0
356.745105 -29.171085   0.034200  0.000333  10252.902    99.830889   1.294731   2.718455    1492.734 1
358.212750 -29.631528   0.043080  0.000150  12915.059    44.968869   1.294893   2.718794    4079.673 1
359.170000 -29.056389   0.029967  0.000333   8983.881    99.830889   1.314749   2.760484     259.568 0
359.413208 -28.459639   0.028697  0.000103   8603.144    30.878623   1.336513   2.806180    -110.411 0
359.186000 -29.123000   0.029508  0.000333   8846.276    99.830889   1.362575   2.860901     125.851 0
357.533708 -27.003194   0.027858  0.000213   8351.618    63.855794   1.400581   2.940701    -354.830 0
357.091072 -27.156048   0.032694  0.000213   9801.415    63.855794   1.403420   2.946661    1054.003 1
356.421792 -27.807750   0.030929  0.000213   9272.281    63.855794   1.414070   2.969021     539.820 0
357.560792 -26.956778   0.033313  0.000150   9986.986    44.968869   1.440708   3.024952    1234.331 1
356.567042 -27.510278   0.028890  0.000150   8661.004    44.968869   1.450816   3.046174     -54.186 0
359.168083 -29.292333   0.029207  0.000150   8756.038    44.968869   1.451194   3.046968      38.163 0
359.583375 -28.278778   0.027216  0.000213   8159.152    63.855794   1.485603   3.119214    -541.859 0
356.265667 -27.986639   0.029875  0.000213   8956.300    63.855794   1.485739   3.119499     232.766 0
359.581208 -28.128500   0.029919  0.000297   8969.491    89.038360   1.500114   3.149683     245.584 0
359.327583 -27.489611   0.023376  0.000297   7007.948    89.038360   1.533457   3.219690   -1660.535 1
357.493542 -26.857500   0.034184  0.000150  10248.105    44.968869   1.550498   3.255469    1488.073 1
356.130208 -28.109306   0.026832  0.000150   8044.031    44.968869   1.576661   3.310403    -653.727 0
359.796583 -28.598306   0.030418  0.000103   9119.087    30.878623   1.686604   3.541241     390.954 0
357.211000 -26.746472   0.033170  0.000103   9944.116    30.878623   1.729233   3.630746    1192.672 1
356.319333 -27.315861   0.027840  0.000213   8346.222    63.855794   1.741746   3.657019    -360.074 0
358.957250 -29.869667   0.028350  0.000150   8499.116    44.968869   1.768601   3.713405    -211.500 0
356.391042 -29.548361   0.033020  0.000150   9899.147    44.968869   1.776194   3.729347    1148.974 1
355.898667 -28.100833   0.028990  0.000150   8690.983    44.968869   1.779226   3.735713     -25.054 0
359.770542 -29.123889   0.029090  0.000150   8720.963    44.968869   1.813393   3.807452       4.079 0
358.132750 -30.181083   0.030147  0.000070   9037.843    20.985472   1.826203   3.834348     312.006 0
355.906917 -27.783667   0.031121  0.000213   9329.841    63.855794   1.846438   3.876834     595.753 0
355.988208 -27.531667   0.028903  0.000150   8664.901    44.968869   1.876462   3.939873     -50.399 0
356.231792 -29.541222   0.031962  0.000150   9581.967    44.968869   1.878643   3.944453     840.755 1
359.060375 -26.785694   0.043470  0.000213  13031.978    63.855794   1.882921   3.953434    4193.289 1
358.284292 -30.218639   0.029167  0.000103   8744.047    30.878623   1.882973   3.953543      26.510 0
359.621125 -29.517083   0.031248  0.000150   9367.915    44.968869   1.903297   3.996217     632.751 0
359.408625 -29.729472   0.028330  0.000150   8493.120    44.968869   1.903758   3.997184    -217.326 0
359.803208 -27.417694   0.027403  0.000213   8215.213    63.855794   1.926364   4.044649    -487.382 0
359.932292 -29.159917   0.027522  0.000150   8250.888    44.968869   1.957944   4.110955    -452.714 0
359.523250 -29.761333   0.029597  0.000123   8872.957    36.874472   1.997615   4.194249     151.779 0
355.680833 -27.874639   0.029771  0.000150   8925.121    44.968869   2.012014   4.224482     202.469 0
359.990042 -27.533639   0.026720  0.000297   8010.454    89.038360   2.020525   4.242352    -686.355 1
359.586708 -29.767028   0.030828  0.000150   9242.002    44.968869   2.041864   4.287156     510.396 0
359.576000 -29.810000   0.029677  0.000333   8896.941    99.830889   2.064825   4.335365     175.085 0
359.681833 -29.719056   0.030128  0.000150   9032.147    44.968869   2.071933   4.350291     306.471 0
359.403417 -26.758667   0.043366  0.000213  13000.800    63.855794   2.083305   4.374167    4162.991 1
355.789917 -27.353389   0.029670  0.000213   8894.842    63.855794   2.113637   4.437852     173.045 0
356.379417 -30.037278   0.036105  0.000150  10824.007    44.968869   2.139323   4.491784    2047.702 1
359.664542 -29.845000   0.029380  0.000133   8807.902    39.872397   2.145205   4.504134      88.562 0
359.980167 -27.234556   0.027312  0.000110   8187.932    32.977170   2.153673   4.521912    -513.892 0
359.667506 -29.854892   0.029900  0.000333   8963.794    99.830889   2.153919   4.522430     240.049 0
359.524583 -30.070833   0.029734  0.000333   8914.029    99.830889   2.225522   4.672770     191.690 0
355.281917 -27.905472   0.030152  0.000213   9039.342    63.855794   2.347691   4.929279     313.462 0
359.840042 -29.985833   0.029067  0.000150   8714.067    44.968869   2.354165   4.942872      -2.622 0
355.861583 -26.816972   0.029924  0.000150   8970.990    44.968869   2.369016   4.974054     247.041 0
355.336042 -27.627361   0.028016  0.000213   8398.986    63.855794   2.372444   4.981251    -308.801 0
355.638417 -26.936361   0.030181  0.000103   9048.036    30.878623   2.449241   5.142496     321.911 0
359.366458 -30.461139   0.030681  0.000157   9197.932    47.067416   2.461037   5.167264     467.572 0
357.929178 -25.849351   0.012345  0.000057   3700.938    17.088170   2.517398   5.285602   -4874.108 1
356.864458 -25.951306   0.032706  0.000150   9805.012    44.968869   2.580838   5.418802    1057.499 1
359.978083 -30.201917   0.030611  0.000150   9176.947    44.968869   2.591998   5.442233     447.179 0
354.938250 -27.754944   0.028342  0.000297   8496.718    89.038360   2.675222   5.616973    -213.830 0
359.702500 -30.568389   0.029652  0.000213   8889.446    63.855794   2.714602   5.699657     167.801 0
354.810625 -28.094278   0.027634  0.000213   8284.465    63.855794   2.730275   5.732564    -420.086 0
355.755389 -26.324854   0.012575  0.000017   3769.890     5.096472   2.779070   5.835014   -4807.104 1
358.688208 -25.673139   0.030324  0.000057   9090.906    17.088170   2.781763   5.840670     363.570 0
357.953750 -31.151417   0.044594  0.000103  13368.945    30.878623   2.785249   5.847988    4520.734 1
358.783375 -31.064472   0.028750  0.000150   8619.033    44.968869   2.808105   5.895978     -94.971 0
356.569125 -25.791528   0.028793  0.000050   8631.924    14.989623   2.828124   5.938010     -82.444 0
356.708984 -25.732940   0.032983  0.000187   9888.055    56.061190   2.833866   5.950065    1138.195 1
356.777875 -25.702694   0.012707  0.000026   3809.463     7.794604   2.840397   5.963779   -4768.649 1
359.907500 -30.655806   0.029774  0.000150   8926.021    44.968869   2.892582   6.073349     203.343 0
359.841833 -30.802111   0.029450  0.000150   8828.888    44.968869   2.976118   6.248743     108.954 0
358.334125 -25.352056   0.033633  0.000050  10082.920    14.989623   3.038872   6.380503    1327.554 1
358.743292 -31.314528   0.028149  0.000150   8438.858    44.968869   3.040314   6.383530    -270.055 0
354.394750 -28.203694   0.029405  0.000297   8815.397    89.038360   3.086901   6.481346      95.845 0
356.046833 -31.004583   0.035758  0.000150  10719.979    44.968869   3.100360   6.509605    1946.613 1
357.899333 -31.479167   0.044227  0.000103  13258.921    30.878623   3.112567   6.535235    4413.819 1
357.898766 -31.479396   0.044324  0.000133  13288.001    39.872397   3.112796   6.535716    4442.078 1
355.125833 -30.309472   0.035871  0.000150  10753.855    44.968869   3.118484   6.547657    1979.533 1
356.271792 -31.155306   0.036315  0.000103  10886.963    30.878623   3.134402   6.581080    2108.880 1
354.490125 -27.404333   0.029204  0.000297   8755.139    89.038360   3.149289   6.612337      37.289 0
358.753167 -25.295139   0.040728  0.000083  12209.947    24.882774   3.162294   6.639643    3394.484 1
359.435917 -31.241528   0.024437  0.000150   7326.028    44.968869   3.177500   6.671569   -1351.443 1
359.164500 -31.367528   0.030688  0.000150   9200.031    44.968869   3.201174   6.721276     469.611 1
356.616875 -25.363722   0.034050  0.000103  10207.933    30.878623   3.207502   6.734563    1449.036 1
355.446417 -30.836750   0.028476  0.000150   8536.890    44.968869   3.279512   6.885757    -174.793 0
359.022583 -31.502944   0.029560  0.000103   8861.865    30.878623   3.288748   6.905149     141.000 0
358.781958 -31.577861   0.028586  0.000150   8569.867    44.968869   3.304118   6.937421    -142.748 0
354.186750 -27.785111   0.027456  0.000150   8231.102    44.968869   3.316991   6.964450    -471.942 1
355.898500 -31.184222   0.035955  0.000043  10779.038    12.891076   3.321825   6.974599    2004.004 1
356.545500 -25.130861   0.033063  0.000103   9912.038    30.878623   3.447658   7.238801    1161.501 1
354.094250 -27.515917   0.029819  0.000213   8939.511    63.855794   3.453431   7.250923     216.452 0
354.205375 -26.991833   0.029397  0.000150   8812.999    44.968869   3.528104   7.407707      93.514 0
356.749375 -24.984750   0.033223  0.000103   9960.005    30.878623   3.529651   7.410955    1208.112 1
353.931042 -29.043722   0.033640  0.000150  10085.018    44.968869   3.555697   7.465643    1329.594 1
354.127125 -27.019083   0.029222  0.000297   8760.535    89.038360   3.581274   7.519345      42.533 0
354.101083 -26.994167   0.029861  0.000150   8952.103    44.968869   3.611909   7.583667     228.688 0
354.362833 -26.493556   0.032736  0.000150   9814.006    44.968869   3.631067   7.623893    1066.238 1
353.763583 -28.764750   0.029066  0.000213   8713.768    63.855794   3.659702   7.684015      -2.913 0
356.104735 -31.678625   0.036825  0.000130  11039.857    38.973020   3.668706   7.702920    2257.454 1
356.107542 -31.680222   0.037226  0.000150  11160.074    44.968869   3.669087   7.703719    2374.274 1
359.476375 -31.815083   0.028897  0.000150   8663.103    44.968869   3.717653   7.805691     -52.147 0
353.666875 -27.829972   0.027666  0.000213   8294.058    63.855794   3.761550   7.897859    -410.764 0
359.830500 -31.729917   0.028003  0.000150   8395.088    44.968869   3.768747   7.912969    -312.588 0
353.972458 -26.820972   0.029657  0.000120   8890.945    35.975095   3.784225   7.945468     169.258 0
359.514583 -31.892778   0.028643  0.000333   8586.955    99.830889   3.802284   7.983383    -126.142 0
355.541500 -31.597667   0.036248  0.000150  10866.877    44.968869   3.839190   8.060874    2089.361 1
356.076875 -31.871278   0.037489  0.000150  11238.919    44.968869   3.853651   8.091236    2450.892 1
354.760042 -25.669944   0.031528  0.000010   9451.857     2.997925   3.859535   8.103590     714.321 1
353.933288 -30.078579   0.035318  0.000057  10588.070    17.088170   3.886073   8.159310    1818.432 1
356.444083 -24.683167   0.032419  0.000103   9718.972    30.878623   3.899280   8.187040     973.889 1
353.899125 -26.675083   0.028793  0.000150   8631.924    44.968869   3.904173   8.197314     -82.444 0
356.515583 -24.613694   0.033817  0.000150  10138.082    44.968869   3.945122   8.283292    1381.158 1
354.147250 -26.175639   0.031442  0.000040   9426.074    11.991698   3.961417   8.317505     689.268 1
356.370667 -24.608806   0.032806  0.000137   9834.991    41.071567   3.990888   8.379383    1086.631 1
353.927408 -30.334692   0.030835  0.000133   9244.100    39.872397   4.010013   8.419538     512.435 1
356.225208 -24.621278   0.033140  0.000047   9935.122    14.090246   4.024180   8.449283    1183.933 1
354.966183 -25.236828   0.032876  0.000103   9855.977    30.878623   4.055952   8.515992    1107.024 1
353.206542 -28.513583   0.035279  0.000213  10576.378    63.855794   4.130750   8.673041    1807.070 1
353.258958 -27.703139   0.027427  0.000213   8222.408    63.855794   4.135578   8.683177    -480.390 1
353.151292 -28.524861   0.024997  0.000047   7493.912    14.090246   4.179748   8.775917   -1188.302 1
354.505292 -25.408972   0.032152  0.000103   9638.927    30.878623   4.202352   8.823379     896.106 1
354.513083 -25.393833   0.032506  0.000150   9745.054    44.968869   4.208166   8.835585     999.234 1
359.559333 -32.342694   0.028737  0.000150   8615.136    44.968869   4.236311   8.894679     -98.758 1
356.052500 -24.417667   0.022449  0.000050   6730.041    14.989623   4.269793   8.964979   -1930.591 1
357.899875 -24.092028   0.042660  0.000150  12789.146    44.968869   4.274572   8.975014    3957.318 1
353.030958 -27.973694   0.030781  0.000213   9227.912    63.855794   4.300621   9.029706     496.704 1
353.207083 -27.110861   0.029593  0.000297   8871.758    89.038360   4.314446   9.058734     150.613 1
353.037181 -27.648578   0.027679  0.000057   8297.955    17.088170   4.337009   9.106108    -406.977 1
353.217042 -26.998556   0.029714  0.000213   8908.033    63.855794   4.340143   9.112688     185.863 1
355.188542 -24.693806   0.022752  0.000024   6820.878     7.195019   4.378750   9.193749   -1842.320 1
352.900417 -27.673333   0.028343  0.000333   8497.018    99.830889   4.451813   9.347154    -213.539 1
359.961167 -32.490028   0.041999  0.000150  12590.983    44.968869   4.505381   9.459627    3764.754 1
359.351500 -32.709556   0.041432  0.000150  12421.001    44.968869   4.527365   9.505785    3599.574 1
353.944831 -31.312458   0.044130  0.000033  13229.841     9.893151   4.558290   9.570716    4385.561 1
352.728750 -28.723611   0.024253  0.000333   7270.866    99.830889   4.562545   9.579650   -1405.046 1
358.810667 -23.832361   0.013096  0.000014   3926.082     4.197094   4.604808   9.668387   -4655.325 1
352.637417 -28.814444   0.024407  0.000020   7317.035     5.995849   4.650536   9.764398   -1360.182 1
355.993958 -32.726389   0.038517  0.000103  11547.106    30.878623   4.670629   9.806586    2750.371 1
356.293208 -23.810833   0.032736  0.000053   9814.006    15.889000   4.769595  10.014377    1066.238 1
352.452167 -28.357556   0.029267  0.000297   8774.026    89.038360   4.791937  10.061287      55.642 1
356.468750 -23.731556   0.034214  0.000007  10257.099     2.098547   4.802632  10.083744    1496.812 1
355.723250 -32.814917   0.038243  0.000150  11464.963    44.968869   4.842464  10.167376    2670.549 1
352.401000 -28.832778   0.023582  0.000213   7069.706    63.855794   4.859364  10.202860   -1600.523 1
352.396503 -28.831153   0.024233  0.000030   7264.871     8.993774   4.863148  10.210804   -1410.872 1
355.637542 -32.813222   0.037723  0.000150  11309.071    44.968869   4.871212  10.227736    2519.061 1
355.518083 -32.776917   0.037326  0.000150  11190.053    44.968869   4.882250  10.250911    2403.406 1
354.566167 -24.405333   0.023043  0.000103   6908.118    30.878623   4.928173  10.347332   -1757.546 1
352.340792 -27.649611   0.027452  0.000297   8229.903    89.038360   4.942215  10.376816    -473.107 1
353.254292 -31.164111   0.035878  0.000150  10755.954    44.968869   4.952012  10.397387    1981.572 1
354.379458 -32.257472   0.015204  0.000150   4558.045    44.968869   4.972368  10.440126   -4041.219 1
356.564625 -33.217167   0.039014  0.000150  11696.103    44.968869   4.990447  10.478086    2895.158 1
352.228083 -28.111222   0.024027  0.000297   7203.113    89.038360   4.995637  10.488983   -1470.885 1
352.940740 -30.904712   0.036235  0.000127  10862.980    38.073642   5.046705  10.596207    2085.574 1
352.922833 -31.137694   0.029003  0.000150   8694.881    44.968869   5.181109  10.878405     -21.267 1
352.143125 -27.230889   0.032079  0.000150   9617.042    44.968869   5.189657  10.896352     874.840 1
351.978667 -27.981306   0.025845  0.000027   7748.136     8.094396   5.222804  10.965949    -941.261 1
351.899292 -28.134389   0.029765  0.000213   8923.323    63.855794   5.283523  11.093435     200.721 1
352.383958 -30.476528   0.035578  0.000103  10666.016    30.878623   5.290859  11.108838    1894.176 1
352.310369 -30.324264   0.034944  0.000103  10475.948    30.878623   5.292106  11.111457    1709.477 1
352.528708 -31.126917   0.035711  0.000103  10705.888    30.878623   5.471836  11.488823    1932.921 1
352.520000 -31.129722   0.037663  0.000150  11291.083    44.968869   5.479867  11.505685    2501.582 1
352.512500 -31.156361   0.037156  0.000073  11139.089    21.884849   5.499033  11.545928    2353.882 1
352.463811 -31.107492   0.035800  0.000333  10732.570    99.830889   5.511531  11.572168    1958.849 1
352.168750 -30.635667   0.035808  0.000150  10734.968    44.968869   5.528428  11.607645    1961.180 1
352.384375 -31.060406   0.022986  0.000073   6891.029    21.884849   5.549272  11.651410   -1774.151 1
351.614123 -27.686098   0.022422  0.000103   6721.946    30.878623   5.571062  11.697162   -1938.456 1
356.639208 -22.898139   0.028646  0.000050   8587.855    14.989623   5.579511  11.714900    -125.268 1
351.907389 -30.414238   0.034877  0.000007  10455.862     2.098547   5.655028  11.873459    1689.959 1
359.406458 -22.861194   0.044111  0.000150  13224.145    44.968869   5.663153  11.890518    4380.026 1
352.361491 -31.382782   0.035595  0.000127  10671.113    38.073642   5.729832  12.030519    1899.128 1
352.939958 -24.623472   0.012612  0.000103   3780.982    30.878623   5.748411  12.069529   -4796.325 1
351.323500 -27.883722   0.028526  0.000213   8551.880    63.855794   5.805189  12.188741    -160.227 1
351.304083 -29.077222   0.022747  0.000213   6819.379    63.855794   5.845512  12.273404   -1843.777 1
354.951708 -23.109167   0.030558  0.000150   9161.058    44.968869   5.861890  12.307791     431.739 1
353.819750 -23.691806   0.041135  0.000103  12331.963    30.878623   5.893339  12.373822    3513.052 1
359.870542 -34.012139   0.029137  0.000150   8735.053    44.968869   5.906330  12.401099      17.771 1
355.933417 -34.070778   0.040535  0.000150  12152.087    44.968869   5.960370  12.514562    3338.259 1
353.126083 -24.070222   0.027252  0.000150   8169.944    44.968869   6.007487  12.613491    -531.371 1
359.685702 -22.568135   0.043824  0.000150  13138.105    44.968869   6.008050  12.614674    4296.417 1
351.118958 -29.319556   0.022672  0.000040   6796.895    11.991698   6.040694  12.683214   -1865.626 1
355.830417 -34.131083   0.039751  0.000150  11917.050    44.968869   6.044765  12.691762    3109.862 1
351.390417 -26.422722   0.028216  0.000103   8458.944    30.878623   6.047140  12.696749    -250.537 1
355.915250 -34.176361   0.039661  0.000150  11890.069    44.968869   6.066070  12.736494    3083.643 1
355.692000 -34.181000   0.039625  0.000333  11879.276    99.830889   6.129860  12.870428    3073.156 1
359.132208 -34.401972   0.033980  0.000090  10186.948    26.981321   6.132303  12.875558    1428.643 1
354.992583 -22.787722   0.025981  0.000103   7788.908    30.878623   6.136761  12.884918    -901.642 1
350.925000 -28.513972   0.044049  0.000297  13205.558    89.038360   6.137491  12.886452    4361.964 1
357.970833 -22.214833   0.041866  0.000150  12551.111    44.968869   6.152101  12.917127    3726.008 1
354.510708 -22.974417   0.031765  0.000150   9522.907    44.968869   6.161121  12.936065     783.365 1
355.131500 -34.027972   0.038687  0.000150  11598.071    44.968869   6.162550  12.939066    2799.896 1
355.047824 -22.731576   0.026675  0.000050   7996.964    14.989623   6.167923  12.950347    -699.464 1
358.786261 -34.486883   0.044850  0.000390  13445.692    99.990000   6.169989  12.954686    4595.313 1
350.956542 -29.246944   0.041588  0.000297  12467.769    89.038360   6.171083  12.956983    3645.021 1
359.082094 -34.453098   0.044340  0.000350  13292.798    99.990000   6.175034  12.965278    4446.739 1
354.960042 -22.756389   0.026264  0.000035   7873.749    10.492736   6.177188  12.969800    -819.197 1
350.881208 -28.736694   0.043661  0.000213  13089.239    63.855794   6.185337  12.986911    4248.931 1
355.591292 -34.213917   0.039711  0.000150  11905.058    44.968869   6.189582  12.995823    3098.209 1
353.896083 -23.270278   0.040788  0.000150  12227.935    44.968869   6.194569  13.006294    3411.963 1
350.947042 -29.388028   0.023086  0.000009   6921.009     2.698132   6.201029  13.019858   -1745.019 1
355.427333 -34.203361   0.039364  0.000150  11801.030    44.968869   6.228489  13.077512    2997.121 1
359.304583 -34.472194   0.033290  0.000040   9980.091    11.991698   6.229779  13.080223    1227.631 1
350.901250 -29.329167   0.022912  0.000333   6868.845    99.830889   6.231413  13.083652   -1795.709 1
359.301083 -34.483778   0.034130  0.000420  10231.917    99.990000   6.240523  13.102780    1472.341 1
359.301500 -34.494139   0.033350  0.000110   9998.078    32.977170   6.250752  13.124257    1245.110 1
350.784458 -28.761917   0.044424  0.000183  13317.980    54.862020   6.271859  13.168575    4471.210 1
356.123208 -34.444889   0.039514  0.000150  11845.999    44.968869   6.275704  13.176647    3040.819 1
356.162000 -34.488361   0.039691  0.000150  11899.062    44.968869   6.309467  13.247536    3092.383 1
354.920000 -22.613333   0.026396  0.000333   7913.322    99.830889   6.321920  13.273684    -780.743 1
357.229934 -22.024196   0.043643  0.000167  13083.842    50.065340   6.369588  13.373769    4243.687 1
356.007917 -34.523333   0.039918  0.000333  11967.115    99.830889   6.377411  13.390194    3158.513 1
358.067042 -34.770056   0.044921  0.000113  13466.977    33.876548   6.405183  13.448506    4615.997 1
358.676724 -34.738565   0.012340  0.000240   3699.439    71.950190   6.408702  13.455894   -4875.565 1
359.254960 -34.668081   0.042010  0.000320  12594.281    95.933587   6.413607  13.466193    3767.958 1
359.336875 -34.689972   0.043270  0.000150  12972.020    44.968869   6.448880  13.540252    4135.024 1
354.843792 -22.498889   0.026712  0.000150   8008.056    44.968869   6.453879  13.550750    -688.685 1
351.283976 -31.156670   0.035600  0.000333  10672.612    99.830889   6.454079  13.551169    1900.585 1
354.843197 -22.497170   0.026708  0.000030   8006.857     8.993774   6.455660  13.554489    -689.850 1
355.050625 -22.398722   0.039204  0.000083  11753.064    24.882774   6.472479  13.589803    2950.509 1
358.465958 -34.826528   0.035284  0.000183  10577.877    54.862020   6.479231  13.603978    1808.527 1
359.397691 -34.716097   0.033980  0.000280  10186.948    83.941888   6.485175  13.616460    1428.643 1
359.168583 -34.762722   0.044330  0.000230  13289.800    68.952265   6.493100  13.633097    4443.825 1
358.696633 -34.825506   0.034850  0.000100  10447.767    29.979246   6.497023  13.641335    1682.093 1
359.384042 -22.000556   0.033603  0.000150  10073.926    44.968869   6.498950  13.645381    1318.815 1
356.709417 -34.784361   0.041402  0.000150  12412.007    44.968869   6.502422  13.652671    3590.835 1
351.349000 -25.337556   0.029270  0.000103   8774.925    30.878623   6.510227  13.669058      56.516 1
359.778135 -34.670120   0.039020  0.000090  11697.902    26.981321   6.517003  13.683287    2896.906 1
355.676458 -34.598028   0.038670  0.000150  11592.974    44.968869   6.530843  13.712344    2794.943 1
358.009250 -34.912167   0.044254  0.000150  13267.015    44.968869   6.546299  13.744796    4421.685 1
359.146208 -34.823111   0.044920  0.000390  13466.677    99.990000   6.549264  13.751023    4615.705 1
351.508000 -31.740028   0.041405  0.000103  12412.907    30.878623   6.557061  13.767393    3591.709 1
355.354917 -34.540528   0.038753  0.000150  11617.857    44.968869   6.566947  13.788150    2819.123 1
359.386292 -34.807333   0.043440  0.000040  13022.984    11.991698   6.572523  13.799857    4184.549 1
353.569083 -22.999639   0.043280  0.000150  12975.018    44.968869   6.581315  13.818317    4137.937 1
359.825583 -21.975500   0.043687  0.000150  13097.033    44.968869   6.612338  13.883454    4256.505 1
358.394083 -34.972111   0.044928  0.000150  13469.076    44.968869   6.619919  13.899370    4618.036 1
357.259167 -35.002611   0.043463  0.000150  13029.880    44.968869   6.659777  13.983058    4191.249 1
353.504875 -33.810861   0.039307  0.000113  11783.942    33.876548   6.677052  14.019329    2980.515 1
359.093042 -34.968444   0.015460  0.000080   4634.791    23.983397   6.685065  14.036154   -3966.640 1
359.520125 -34.904278   0.044760  0.000290  13418.710    86.939813   6.691678  14.050039    4569.094 1
354.396750 -22.407389   0.031532  0.000150   9453.056    44.968869   6.708485  14.085327     715.487 1
359.585284 -34.929334   0.042920  0.000110  12867.092    32.977170   6.728578  14.127515    4033.061 1
359.905500 -34.865972   0.041175  0.000183  12343.954    54.862020   6.735145  14.141304    3524.705 1
358.011417 -35.120306   0.036042  0.000150  10805.120    44.968869   6.754443  14.181822    2029.349 1
355.947292 -34.906528   0.040031  0.000150  12000.992    44.968869   6.761431  14.196495    3191.432 1
