 95.520125 -64.959806   0.027833  0.000011   8344.123     3.297717   0.030739   0.059436     330.832 0
 95.348667 -64.956667   0.028116  0.000019   8428.965     5.696057   0.041943   0.081100     413.467 0
 95.364833 -64.992778   0.026932  0.000031   8074.010     9.293566   0.048135   0.093072      67.743 0
 95.575000 -64.960833   0.026472  0.000333   7936.106    99.830889   0.053976   0.104367     -66.575 0
 95.591292 -64.934417   0.027803  0.000039   8335.130    11.691906   0.065912   0.127445     322.072 0
 95.598443 -64.927010   0.024407  0.000333   7317.035    99.830889   0.071775   0.138783    -669.547 0
 95.308208 -65.016028   0.026165  0.000014   7844.070     4.197094   0.081524   0.157633    -156.218 0
 95.603000 -64.903000   0.025783  0.000333   7729.549    99.830889   0.086886   0.168000    -267.760 0
 95.182792 -64.997111   0.025107  0.000150   7526.889    44.968869   0.118113   0.228380    -465.150 0
 95.780958 -64.930556   0.028256  0.000017   8470.936     5.096472   0.144120   0.278666     454.346 0
 95.795042 -65.019306   0.025314  0.000333   7588.946    99.830889   0.158708   0.306874    -404.707 0
 95.954000 -64.954194   0.024140  0.000014   7236.990     4.197094   0.214450   0.414655    -747.510 1
 96.005458 -65.037000   0.028957  0.000150   8681.090    44.968869   0.248481   0.480456     659.035 0
 94.878000 -65.094000   0.029181  0.000333   8748.244    99.830889   0.275922   0.533515     724.442 0
 96.228917 -64.999417   0.025641  0.000150   7686.978    44.968869   0.333112   0.644097    -309.224 0
 95.912417 -65.278694   0.029147  0.000150   8738.051    44.968869   0.374787   0.724677     714.515 0
 96.324583 -64.798528   0.024760  0.000100   7422.861    29.979246   0.404716   0.782548    -566.473 0
 95.835958 -65.347250   0.028997  0.000120   8693.082    35.975095   0.420964   0.813965     670.715 0
 95.738750 -65.364639   0.027933  0.000150   8374.103    44.968869   0.423266   0.818416     360.031 0
 96.371458 -64.741000   0.024370  0.000333   7305.942    99.830889   0.448079   0.866394    -680.351 0
 95.377792 -65.414778   0.016331  0.000150   4895.911    44.968869   0.456011   0.881732   -3027.708 1
 95.217167 -64.485306   0.025771  0.000150   7725.951    44.968869   0.484329   0.936486    -271.264 0
 94.960083 -65.450833   0.029284  0.000103   8779.122    30.878623   0.532682   1.029980     754.518 1
 95.492458 -64.383111   0.025214  0.000150   7558.967    44.968869   0.576925   1.115526    -433.906 0
 94.919292 -64.422139   0.028590  0.000150   8571.066    44.968869   0.582218   1.125761     551.873 0
 96.377125 -65.410500   0.036855  0.000150  11048.851    44.968869   0.598346   1.156947    2965.221 1
 95.582208 -64.234583   0.026118  0.000011   7829.979     3.297717   0.727377   1.406437    -169.942 1
 96.746583 -65.483139   0.028680  0.000150   8598.048    44.968869   0.759140   1.467853     578.152 1
 96.578000 -64.177861   0.027619  0.000150   8279.968    44.968869   0.916657   1.772423     268.344 1
 94.346583 -64.063722   0.040388  0.000150  12108.018    44.968869   1.009922   1.952759    3996.843 1
 93.111167 -64.603389   0.039050  0.000150  11706.895    44.968869   1.051108   2.032394    3606.153 1
 93.323792 -64.403667   0.037713  0.000187  11306.073    56.061190   1.056960   2.043710    3215.754 1
 93.400542 -64.319778   0.037349  0.000150  11196.949    44.968869   1.077104   2.082659    3109.467 1
 97.934125 -64.729778   0.039184  0.000150  11747.068    44.968869   1.077303   2.083045    3645.280 1
 92.839042 -64.892694   0.037139  0.000150  11133.992    44.968869   1.106076   2.138680    3048.148 1
 96.334250 -66.002333   0.026895  0.000150   8062.918    44.968869   1.108108   2.142608      56.939 1
 96.117750 -63.869694   0.039337  0.000150  11792.936    44.968869   1.126339   2.177859    3689.955 1
 96.104417 -63.843889   0.040094  0.000150  12019.879    44.968869   1.149953   2.223518    3910.997 1
 98.129833 -64.707167   0.026508  0.000087   7946.898    26.081944   1.163063   2.248868     -56.063 1
 96.142167 -63.820750   0.025424  0.000150   7621.923    44.968869   1.176310   2.274482    -372.587 1
 92.850125 -65.394833   0.035965  0.000150  10782.036    44.968869   1.182327   2.286116    2705.344 1
 94.949500 -63.740306   0.025741  0.000150   7716.958    44.968869   1.237499   2.392795    -280.024 1
 96.715246 -63.842340   0.015100  0.000834   4526.866    99.990000   1.239541   2.396742   -3387.155 1
 97.788027 -65.707624   0.026321  0.000028   7890.837     8.394189   1.241260   2.400066    -110.667 1
 92.510542 -64.954556   0.039311  0.000150  11785.141    44.968869   1.243094   2.403612    3682.364 1
 96.736226 -63.837441   0.018371  0.000026   5507.487     7.794604   1.247815   2.412741   -2432.036 1
 92.647000 -65.422556   0.036739  0.000150  11014.075    44.968869   1.272483   2.460440    2931.349 1
 98.029708 -65.617833   0.038427  0.000150  11520.125    44.968869   1.275779   2.466813    3424.239 1
 93.336083 -65.891417   0.037406  0.000150  11214.037    44.968869   1.291007   2.496256    3126.111 1
 96.551708 -63.754333   0.017856  0.000150   5353.094    44.968869   1.292822   2.499767   -2582.414 1
 92.312708 -65.208306   0.035458  0.000150  10630.041    44.968869   1.349903   2.610136    2557.302 1
 92.457542 -65.467611   0.036740  0.000333  11014.375    99.830889   1.363628   2.636674    2931.641 1
 92.572292 -64.324528   0.040011  0.000150  11994.996    44.968869   1.372746   2.654304    3886.761 1
 92.460625 -64.404889   0.040635  0.000150  12182.067    44.968869   1.380604   2.669499    4068.966 1
 94.203458 -66.267972   0.037199  0.000103  11151.980    30.878623   1.410238   2.726798    3065.668 1
 97.970875 -65.901222   0.038657  0.000150  11589.077    44.968869   1.423768   2.752959    3491.398 1
 98.597402 -65.552366   0.024000  0.000333   7195.019    99.830889   1.459001   2.821084    -788.390 1
 97.857625 -63.870056   0.027286  0.000150   8180.137    44.968869   1.492639   2.886127     171.110 1
 92.323000 -65.670000   0.036533  0.000333  10952.318    99.830889   1.501132   2.902549    2871.198 1
 95.379000 -63.455583   0.017679  0.000150   5300.031    44.968869   1.504418   2.908903   -2634.097 1
 96.494208 -63.505583   0.039931  0.000150  11971.013    44.968869   1.520129   2.939280    3863.401 1
 92.607875 -64.010694   0.037456  0.000150  11229.026    44.968869   1.531400   2.961073    3140.711 1
 91.953375 -64.545528   0.035851  0.000150  10747.859    44.968869   1.535813   2.969607    2672.057 1
 92.217167 -65.689139   0.037152  0.000150  11137.889    44.968869   1.549657   2.996375    3051.944 1
 92.277500 -65.748250   0.038283  0.000160  11476.955    47.966793   1.556273   3.009168    3382.192 1
 92.382667 -65.822639   0.035301  0.000150  10582.974    44.968869   1.558002   3.012511    2511.459 1
 92.044458 -65.613278   0.035902  0.000150  10763.149    44.968869   1.581695   3.058323    2686.949 1
 97.597542 -63.657444   0.036102  0.000150  10823.107    44.968869   1.588728   3.071923    2745.348 1
 97.758833 -66.218806   0.036318  0.000103  10887.862    30.878623   1.594469   3.083023    2808.419 1
 98.756500 -65.763250   0.023840  0.000103   7147.052    30.878623   1.614683   3.122108    -835.109 1
 97.046333 -63.491917   0.027889  0.000150   8360.912    44.968869   1.616290   3.125215     347.183 1
 92.424125 -65.950417   0.040208  0.000150  12054.055    44.968869   1.618334   3.129167    3944.284 1
 92.901500 -66.182750   0.037709  0.000150  11304.874    44.968869   1.630042   3.151805    3214.586 1
 96.212417 -63.354889   0.036432  0.000150  10922.039    44.968869   1.637164   3.165577    2841.707 1
 92.229000 -65.882167   0.037519  0.000110  11247.913    32.977170   1.645181   3.181079    3159.106 1
 93.509292 -66.404000   0.035731  0.000103  10711.884    30.878623   1.661001   3.211667    2637.017 1
 92.747667 -63.738500   0.037219  0.000150  11157.975    44.968869   1.672480   3.233862    3071.508 1
 96.290917 -63.317417   0.035425  0.000150  10620.148    44.968869   1.680655   3.249669    2547.667 1
 96.652375 -63.339111   0.039741  0.000150  11914.052    44.968869   1.698955   3.285054    3807.922 1
 92.332958 -66.157528   0.034054  0.000150  10209.132    44.968869   1.781155   3.443993    2147.340 1
 98.738667 -66.091167   0.026789  0.000150   8031.140    44.968869   1.794611   3.470011      25.988 1
 91.156792 -65.099861   0.035358  0.000150  10600.062    44.968869   1.821464   3.521933    2528.103 1
 91.182417 -65.279611   0.042333  0.000150  12691.114    44.968869   1.833342   3.544901    4564.776 1
 91.148917 -65.225139   0.036078  0.000150  10815.912    44.968869   1.838656   3.555175    2738.340 1
 95.226875 -63.118806   0.016898  0.000150   5065.893    44.968869   1.843283   3.564122   -2862.146 1
 98.086333 -66.438972   0.026742  0.000150   8017.050    44.968869   1.853550   3.583974      12.264 1
 93.413167 -66.614389   0.038804  0.000103  11633.147    30.878623   1.865293   3.606680    3534.322 1
 99.209375 -63.818083   0.028506  0.000150   8545.884    44.968869   1.959221   3.788297     527.345 1
 93.096167 -63.267278   0.036589  0.000150  10969.106    44.968869   1.963369   3.796318    2887.550 1
 93.287042 -66.722611   0.035471  0.000103  10633.938    30.878623   1.985938   3.839957    2561.098 1
 96.429542 -63.010167   0.039477  0.000150  11834.907    44.968869   1.993372   3.854331    3730.835 1
 95.747758 -62.967618   0.017078  0.000217   5119.856    65.054963   1.996154   3.859709   -2809.587 1
 91.470875 -66.063222   0.037533  0.000274  11252.110    82.143133   2.012618   3.891544    3163.194 1
 92.577000 -66.581556   0.037619  0.000150  11277.892    44.968869   2.026440   3.918270    3188.306 1
 91.645667 -63.681972   0.041889  0.000100  12558.006    29.979246   2.054749   3.973008    4435.130 1
 93.691333 -63.002250   0.036699  0.000150  11002.083    44.968869   2.093849   4.048609    2919.670 1
 97.184667 -62.965333   0.027849  0.000150   8348.920    44.968869   2.125606   4.110015     335.504 1
 91.127625 -63.834333   0.042883  0.000150  12856.000    44.968869   2.146994   4.151370    4725.374 1
 91.265958 -63.727389   0.027939  0.000150   8375.901    44.968869   2.156629   4.169999     361.783 1
 98.274542 -63.139833   0.027956  0.000150   8380.998    44.968869   2.178016   4.211353     366.747 1
 92.347417 -63.218361   0.039784  0.000150  11926.943    44.968869   2.180370   4.215905    3820.478 1
 92.273333 -63.221111   0.039190  0.000137  11748.866    41.071567   2.197206   4.248459    3647.032 1
 97.087750 -62.855111   0.042256  0.000150  12668.030    44.968869   2.216159   4.285106    4542.292 1
 92.732083 -63.060389   0.038657  0.000150  11589.077    44.968869   2.219998   4.292528    3491.398 1
 99.171125 -66.531028   0.026107  0.000056   7826.682    16.788378   2.225515   4.303196    -173.154 1
100.056792 -66.054083   0.041509  0.000150  12444.085    44.968869   2.236887   4.325185    4324.171 1
 91.462375 -66.435167   0.036055  0.000103  10809.017    30.878623   2.240977   4.333094    2731.624 1
 92.873125 -66.920528   0.034948  0.000103  10477.147    30.878623   2.243218   4.337426    2408.384 1
100.676333 -64.590889   0.029080  0.000103   8717.965    30.878623   2.243655   4.338271     694.951 1
 91.012208 -66.210806   0.039731  0.000150  11911.054    44.968869   2.255952   4.362048    3805.002 1
 90.995625 -63.699611   0.026472  0.000187   7936.106    56.061190   2.266801   4.383026     -66.575 1
 90.781667 -63.834528   0.026385  0.000150   7910.024    44.968869   2.272894   4.394807     -91.979 1
 96.298542 -67.204833   0.037703  0.000150  11303.075    44.968869   2.273823   4.396604    3212.834 1
 98.146625 -62.983389   0.028143  0.000150   8437.059    44.968869   2.282764   4.413892     421.350 1
100.746333 -64.268778   0.028636  0.000150   8584.857    44.968869   2.346779   4.537669     565.305 1
 99.118500 -66.736306   0.023510  0.000150   7048.121    44.968869   2.360180   4.563582    -931.468 1
100.777125 -64.258417   0.028630  0.000130   8583.058    38.973020   2.362292   4.567665     563.553 1
 90.654958 -63.684361   0.027159  0.000073   8142.063    21.884849   2.396086   4.633008     134.026 1
100.820458 -65.714972   0.036068  0.000150  10812.914    44.968869   2.396264   4.633352    2735.420 1
101.049583 -64.605278   0.029304  0.000333   8785.118    99.830889   2.397457   4.635658     760.358 1
 92.015958 -66.872861   0.035912  0.000103  10766.147    30.878623   2.402003   4.644449    2689.869 1
100.968833 -64.242639   0.011571  0.000053   3468.899    15.889000   2.444476   4.726574   -4417.610 1
 96.792500 -62.574500   0.035551  0.000150  10657.922    44.968869   2.452216   4.741538    2584.458 1
100.521845 -66.150760   0.039000  0.000333  11691.906    99.830889   2.455885   4.748634    3591.553 1
 97.032417 -67.343806   0.037799  0.000103  11331.855    30.878623   2.476663   4.788810    3240.865 1
 97.161875 -67.364028   0.037596  0.000150  11270.997    44.968869   2.511416   4.856006    3181.590 1
100.676417 -66.221056   0.038920  0.000150  11667.922    44.968869   2.547365   4.925517    3568.193 1
 90.861750 -66.618444   0.036322  0.000150  10889.062    44.968869   2.553158   4.936718    2809.587 1
100.712958 -66.232444   0.041092  0.000700  12319.072    99.990000   2.566442   4.962404    4202.409 1
101.457083 -65.638528   0.036679  0.000150  10996.088    44.968869   2.632606   5.090337    2913.830 1
 89.513667 -64.168500   0.026902  0.000333   8065.017    99.830889   2.633210   5.091504      58.983 1
101.683292 -64.918417   0.029267  0.000150   8774.026    44.968869   2.639655   5.103966     749.554 1
101.713167 -64.957750   0.030208  0.000414   9056.131    99.990000   2.651977   5.127792    1024.323 1
101.716667 -64.955278   0.030208  0.000414   9056.131    99.990000   2.653462   5.130662    1024.323 1
 92.589917 -62.588194   0.027806  0.000150   8336.029    44.968869   2.662143   5.147448     322.948 1
 90.054292 -66.346361   0.026141  0.000140   7836.875    41.970944   2.670862   5.164307    -163.226 1
101.605083 -65.640667   0.035758  0.000133  10719.979    39.872397   2.693718   5.208501    2644.901 1
100.058667 -63.101278   0.026752  0.000090   8020.048    26.981321   2.694986   5.210953      15.184 1
101.642208 -65.676917   0.036439  0.000103  10924.137    30.878623   2.718263   5.255960    2843.751 1
 91.384875 -67.068250   0.026482  0.000103   7939.104    30.878623   2.720784   5.260835     -63.655 1
101.781250 -64.487778   0.012422  0.000244   3724.022    73.149360   2.722018   5.263221   -4169.121 1
 97.773333 -67.505083   0.013136  0.000333   3938.074    99.830889   2.729093   5.276901   -3960.636 1
101.606250 -64.143333   0.011575  0.000333   3470.098    99.830889   2.731574   5.281698   -4416.442 1
 94.011583 -67.645972   0.035725  0.000277  10710.086    83.042511   2.754144   5.325339    2635.265 1
101.649000 -64.124000   0.011627  0.000333   3485.687    99.830889   2.754650   5.326318   -4401.258 1
 95.819292 -62.202278   0.040258  0.000150  12069.045    44.968869   2.761931   5.340395    3958.884 1
 91.366708 -67.119778   0.026892  0.000150   8062.019    44.968869   2.765704   5.347691      56.063 1
 89.286667 -65.892306   0.043190  0.000150  12948.036    44.968869   2.769353   5.354747    4815.017 1
 94.126458 -67.687861   0.037876  0.000150  11354.939    44.968869   2.784848   5.384707    3263.349 1
101.793917 -65.738306   0.035378  0.000150  10606.058    44.968869   2.796716   5.407654    2533.943 1
 98.293375 -62.421528   0.027923  0.000150   8371.105    44.968869   2.809506   5.432386     357.111 1
101.844583 -64.199167   0.011355  0.000274   3404.143    82.143133   2.812390   5.437961   -4480.681 1
101.899125 -65.700361   0.036709  0.000333  11005.081    99.830889   2.829343   5.470742    2922.590 1
 89.525958 -63.634389   0.013209  0.000100   3959.959    29.979246   2.835166   5.482001   -3939.320 1
101.791583 -64.039333   0.011905  0.000150   3569.029    44.968869   2.838527   5.488499   -4320.083 1
 95.714375 -67.820306   0.037733  0.000150  11312.069    44.968869   2.862813   5.535459    3221.594 1
101.972083 -64.181944   0.010994  0.000153   3295.918    45.868246   2.869002   5.547426   -4586.092 1
 93.614000 -67.746361   0.036255  0.000103  10868.976    30.878623   2.892679   5.593207    2790.023 1
101.143708 -63.349167   0.022686  0.000150   6801.092    44.968869   2.899408   5.606218   -1172.073 1
100.307917 -67.003278   0.038310  0.000103  11485.049    30.878623   2.899686   5.606756    3390.075 1
102.287292 -64.672611   0.028840  0.000100   8646.014    29.979246   2.909180   5.625113     624.872 1
 98.080625 -67.647278   0.037739  0.000103  11313.868    30.878623   2.909473   5.625678    3223.346 1
 96.824667 -67.868889   0.042706  0.000183  12802.937    54.862020   2.966988   5.736888    4673.691 1
102.460417 -65.021667   0.029387  0.000333   8810.001    99.830889   2.968900   5.740586     784.594 1
 99.188958 -62.442861   0.029057  0.000150   8711.069    44.968869   2.973609   5.749691     688.235 1
 92.745875 -67.709972   0.036389  0.000103  10909.148    30.878623   2.978492   5.759132    2829.151 1
102.407292 -64.310556   0.012379  0.000150   3711.131    44.968869   3.016450   5.832526   -4181.677 1
101.655042 -66.448250   0.041158  0.000103  12338.858    30.878623   3.019737   5.838883    4221.680 1
100.308958 -67.214472   0.041469  0.000103  12432.093    30.878623   3.052502   5.902236    4312.491 1
 97.839000 -67.841944   0.014053  0.000103   4212.983    30.878623   3.054797   5.906673   -3692.875 1
102.667292 -64.998139   0.034681  0.000150  10397.102    44.968869   3.056056   5.909108    2330.421 1
 93.125000 -67.870000   0.036264  0.000333  10871.674    99.830889   3.071812   5.939573    2792.651 1
 93.449958 -67.920694   0.035985  0.000103  10788.032    30.878623   3.079314   5.954079    2711.184 1
 96.846333 -61.936028   0.039891  0.000150  11959.021    44.968869   3.081114   5.957560    3851.721 1
 93.137208 -67.884611   0.036228  0.000103  10860.881    30.878623   3.084016   5.963170    2782.139 1
 92.939167 -67.898000   0.036178  0.000150  10845.892    44.968869   3.124198   6.040865    2767.540 1
 92.397667 -62.112028   0.039954  0.000163  11977.908    48.866171   3.126608   6.045525    3870.117 1
 98.086417 -67.894278   0.013289  0.000150   3983.942    44.968869   3.139931   6.071285   -3915.961 1
 93.175083 -67.965167   0.036420  0.000333  10918.441    99.830889   3.155595   6.101575    2838.203 1
102.887208 -64.671972   0.040445  0.000150  12125.106    44.968869   3.162016   6.113988    4013.487 1
 95.064792 -68.144972   0.038090  0.000103  11419.095    30.878623   3.189366   6.166873    3325.836 1
 92.885750 -61.950111   0.035388  0.000150  10609.056    44.968869   3.198970   6.185442    2536.863 1
102.782833 -64.147861   0.035358  0.000150  10600.062    44.968869   3.209111   6.205051    2528.103 1
 95.064958 -68.165472   0.038337  0.000150  11493.143    44.968869   3.209836   6.206453    3397.959 1
102.113417 -66.504083   0.040485  0.000150  12137.098    44.968869   3.216405   6.219154    4025.167 1
 99.479083 -62.173111   0.029454  0.000150   8830.087    44.968869   3.267562   6.318071     804.157 1
 94.778458 -68.217694   0.041809  0.000113  12534.023    33.876548   3.270255   6.323278    4411.770 1
 95.865458 -68.249833   0.014667  0.000150   4397.056    44.968869   3.294863   6.370859   -3513.590 1
 94.936292 -68.248528   0.038093  0.000150  11419.994    44.968869   3.295916   6.372894    3326.712 1
102.834583 -63.862222   0.041385  0.000150  12406.911    44.968869   3.313649   6.407183    4287.964 1
 98.666470 -61.923298   0.033910  0.000257  10165.962    77.046662   3.328082   6.435090    2105.292 1
 98.652083 -61.916667   0.033900  0.000333  10162.964    99.830889   3.331649   6.441988    2102.372 1
103.057000 -64.090917   0.034924  0.000150  10469.952    44.968869   3.335884   6.450176    2401.376 1
102.491250 -66.545139   0.040565  0.000150  12161.081    44.968869   3.376644   6.528987    4048.527 1
 92.993958 -61.742861   0.035368  0.000150  10603.060    44.968869   3.380329   6.536113    2531.023 1
 93.020458 -61.733361   0.035871  0.000150  10753.855    44.968869   3.385951   6.546984    2677.897 1
 94.181875 -68.317194   0.036956  0.000150  11079.130    44.968869   3.399937   6.574028    2994.713 1
 99.033958 -68.014361   0.026985  0.000150   8089.899    44.968869   3.411027   6.595470      83.219 1
 92.414333 -68.129194   0.037603  0.000103  11273.096    30.878623   3.419606   6.612058    3183.634 1
102.341000 -63.170139   0.042686  0.000150  12796.941    44.968869   3.422812   6.618257    4667.851 1
102.542542 -63.186500   0.042132  0.000150  12630.856    44.968869   3.487464   6.743268    4506.085 1
 90.278292 -67.708083   0.037189  0.000150  11148.982    44.968869   3.512886   6.792423    3062.748 1
102.509875 -66.809500   0.039511  0.000103  11845.100    30.878623   3.515241   6.796976    3740.763 1
101.699083 -67.301361   0.036702  0.000150  11002.983    44.968869   3.533365   6.832020    2920.546 1
102.577583 -66.802611   0.039531  0.000150  11851.096    44.968869   3.536047   6.837206    3746.603 1
 88.427000 -66.878528   0.039004  0.000187  11693.105    56.061190   3.537147   6.839333    3592.721 1
101.360333 -62.430639   0.042206  0.000150  12653.040    44.968869   3.558013   6.879678    4527.692 1
 88.363000 -66.880056   0.039341  0.000150  11794.135    44.968869   3.560758   6.884986    3691.123 1
101.987750 -62.699028   0.042933  0.000280  12870.990    83.941888   3.574023   6.910635    4739.974 1
 90.614500 -67.903472   0.025524  0.000090   7651.903    26.981321   3.584705   6.931290    -343.387 1
 92.222417 -61.631306   0.040405  0.000150  12113.114    44.968869   3.597453   6.955939    4001.807 1
 92.220042 -61.624639   0.040358  0.000150  12099.024    44.968869   3.604003   6.968604    3988.084 1
 95.735083 -61.355667   0.040711  0.000150  12204.851    44.968869   3.606110   6.972677    4091.158 1
 94.849542 -68.559333   0.036956  0.000150  11079.130    44.968869   3.608497   6.977294    2994.713 1
102.047250 -62.668944   0.042653  0.000150  12787.048    44.968869   3.612565   6.985160    4658.215 1
 90.042833 -67.757667   0.037209  0.000150  11154.978    44.968869   3.614056   6.988041    3068.588 1
 89.842083 -62.230333   0.037409  0.000150  11214.936    44.968869   3.616411   6.992594    3126.987 1
101.452833 -62.382139   0.043066  0.000143  12910.862    42.870321   3.620031   6.999595    4778.809 1
102.052958 -62.617556   0.042473  0.000150  12733.085    44.968869   3.647219   7.052166    4605.655 1
 90.385042 -67.916750   0.038457  0.000150  11529.119    44.968869   3.651743   7.060913    3432.999 1
 92.345542 -61.517417   0.040628  0.000150  12179.968    44.968869   3.684185   7.123642    4066.923 1
 97.619583 -68.555389   0.036745  0.000150  11015.874    44.968869   3.711336   7.176140    2933.101 1
 91.098833 -61.678250   0.036412  0.000150  10916.043    44.968869   3.762426   7.274927    2835.867 1
101.780333 -67.603806   0.036062  0.000150  10811.116    44.968869   3.765070   7.280038    2733.668 1
 89.293417 -67.840861   0.036966  0.000150  11082.128    44.968869   3.884028   7.510052    2997.633 1
 89.386875 -62.037333   0.037869  0.000143  11352.841    42.870321   3.888517   7.518732    3261.305 1
101.105375 -61.881722   0.029020  0.000150   8699.977    44.968869   3.899845   7.540636     677.431 1
 96.350042 -61.033833   0.029350  0.000150   8798.909    44.968869   3.944431   7.626845     773.790 1
 97.680208 -68.806944   0.036986  0.000150  11088.124    44.968869   3.961585   7.660014    3003.473 1
 95.939875 -60.979000   0.040521  0.000053  12147.890    15.889000   3.986173   7.707558    4035.679 1
 95.886792 -60.976167   0.040558  0.000150  12158.983    44.968869   3.987892   7.710881    4046.483 1
 97.356833 -68.867472   0.037242  0.000103  11164.871    30.878623   3.990438   7.715803    3078.224 1
 93.204708 -61.028222   0.030201  0.000150   9054.032    44.968869   4.044479   7.820297    1022.279 1
 91.596958 -61.126806   0.029711  0.000150   8907.134    44.968869   4.165017   8.053366     879.200 1
 88.656858 -68.032724   0.037783  0.000150  11327.058    44.968869   4.207639   8.135777    3236.193 1
102.080083 -61.823250   0.030001  0.000150   8994.074    44.968869   4.209305   8.139000     963.879 1
 96.382375 -69.152583   0.014210  0.000150   4260.051    44.968869   4.211491   8.143226   -3647.032 1
 95.009208 -69.234694   0.036038  0.000150  10803.921    44.968869   4.278995   8.273750    2726.660 1
100.805500 -68.589500   0.036392  0.000150  10910.047    44.968869   4.279978   8.275651    2830.027 1
 95.009458 -69.260528   0.035845  0.000097  10746.061    29.079868   4.304800   8.323647    2670.305 1
 90.180250 -68.669528   0.037709  0.000333  11304.874    99.830889   4.328146   8.368786    3214.586 1
 89.207875 -61.502250   0.035228  0.000150  10561.089    44.968869   4.350718   8.412432    2490.143 1
 95.056792 -69.309389   0.035918  0.000150  10767.946    44.968869   4.352809   8.416475    2691.621 1
101.556792 -61.428444   0.039511  0.000150  11845.100    44.968869   4.376783   8.462831    3740.763 1
 88.798917 -61.602417   0.036782  0.000150  11026.966    44.968869   4.380680   8.470366    2943.905 1
 91.505875 -69.053861   0.014250  0.000150   4272.043    44.968869   4.421000   8.548328   -3635.352 1
 93.873458 -69.347639   0.036802  0.000150  11032.962    44.968869   4.438205   8.581595    2949.745 1
 88.941542 -61.454972   0.034187  0.000173  10249.005    51.864095   4.457133   8.618192    2186.175 1
102.145583 -61.517778   0.040308  0.000150  12084.034    44.968869   4.459170   8.622131    3973.484 1
 88.968875 -61.403500   0.037626  0.000500  11279.991    99.990000   4.490645   8.682991    3190.350 1
 88.659833 -68.419250   0.036095  0.000150  10821.009    44.968869   4.496885   8.695057    2743.304 1
 96.777750 -60.492889   0.040395  0.000150  12110.116    44.968869   4.502178   8.705290    3998.887 1
 88.794458 -61.443861   0.037946  0.000150  11375.925    44.968869   4.504528   8.709834    3283.789 1
 96.626583 -69.512861   0.036525  0.000103  10949.920    30.878623   4.580407   8.856552    2868.862 1
 88.740542 -61.333722   0.036989  0.000150  11089.023    44.968869   4.605041   8.904185    3004.348 1
 99.626792 -60.696667   0.030097  0.000183   9022.854    54.862020   4.615482   8.924371     991.911 1
 96.900708 -60.361472   0.035334  0.000150  10592.867    44.968869   4.639205   8.970242    2521.095 1
 91.757167 -69.354944   0.014690  0.000087   4403.951    26.081944   4.664512   9.019175   -3506.874 1
 90.744792 -60.719250   0.036919  0.000150  11068.038    44.968869   4.684387   9.057604    2983.909 1
 93.762292 -69.644361   0.038116  0.000150  11426.889    44.968869   4.738629   9.162485    3333.428 1
 95.165000 -69.717972   0.038216  0.000103  11456.869    30.878623   4.759752   9.203329    3362.628 1
 97.222583 -69.697417   0.033680  0.000150  10097.010    44.968869   4.796897   9.275152    2038.133 1
 89.689750 -60.826861   0.036222  0.000150  10859.082    44.968869   4.797864   9.277021    2780.387 1
 93.380750 -60.211167   0.029997  0.000150   8992.874    44.968869   4.828456   9.336172     962.711 1
 88.915750 -68.927333   0.030608  0.000150   9176.048    44.968869   4.835797   9.350368    1141.121 1
 94.152583 -60.142500   0.041255  0.000150  12367.938    44.968869   4.848301   9.374544    4250.004 1
 99.502500 -60.396944   0.030148  0.000150   9038.143    44.968869   4.874898   9.425972    1006.803 1
 91.012333 -69.476333   0.030241  0.000150   9066.024    44.968869   4.891184   9.457463    1033.958 1
 90.222625 -60.585056   0.036445  0.000193  10925.936    57.859944   4.901861   9.478106    2845.503 1
 90.221665 -60.584020   0.036522  0.000333  10949.020    99.830889   4.902969   9.480249    2867.986 1
 93.967625 -69.836056   0.037382  0.000107  11206.842    32.077793   4.916398   9.506215    3119.103 1
 89.746750 -69.253333   0.038667  0.000150  11592.075    44.968869   4.925145   9.523127    3494.318 1
 94.842917 -69.885139   0.035098  0.000150  10522.116    44.968869   4.932060   9.536498    2452.184 1
 94.031792 -69.867889   0.037089  0.000150  11119.002    44.968869   4.944608   9.560762    3033.548 1
 99.022500 -60.248639   0.028196  0.000150   8452.948    44.968869   4.948120   9.567551     436.826 1
 96.211042 -69.899000   0.034647  0.000103  10386.909    30.878623   4.949839   9.570876    2320.493 1
 90.189042 -60.522861   0.036038  0.000150  10803.921    44.968869   4.963803   9.597877    2726.660 1
 94.202333 -69.896583   0.037966  0.000113  11381.920    33.876548   4.964912   9.600020    3289.629 1
 90.952083 -69.583333   0.013316  0.000117   3992.036    35.075718   4.999808   9.667494   -3908.077 1
 89.462167 -60.646389   0.036368  0.000150  10902.852    44.968869   5.002256   9.672229    2823.019 1
 90.934375 -69.588306   0.013222  0.000047   3963.856    14.090246   5.007262   9.681907   -3935.524 1
 95.015292 -70.007722   0.035611  0.000150  10675.909    44.968869   5.051314   9.767084    2601.978 1
 89.184542 -69.270778   0.036195  0.000150  10850.988    44.968869   5.060840   9.785505    2772.504 1
 96.594875 -59.868417   0.039371  0.000150  11803.129    44.968869   5.114414   9.889093    3699.883 1
 99.623792 -60.137167   0.030251  0.000150   9069.022    44.968869   5.136300   9.931412    1036.878 1
 95.361583 -70.097389   0.036085  0.000150  10818.011    44.968869   5.137796   9.934304    2740.384 1
100.410917 -60.262222   0.029781  0.000123   8928.119    36.874472   5.145856   9.949889     899.640 1
 95.380292 -70.108694   0.036122  0.000150  10829.103    44.968869   5.149051   9.956066    2751.188 1
100.864042 -69.572056   0.030321  0.000103   9090.007    30.878623   5.150684   9.959225    1057.318 1
 95.833792 -70.127667   0.036012  0.000150  10796.126    44.968869   5.170531   9.997599    2719.068 1
 99.599750 -60.094972   0.030037  0.000150   9004.866    44.968869   5.172472  10.001353     974.391 1
 95.775875 -70.142972   0.036282  0.000150  10877.070    44.968869   5.185113  10.025796    2797.907 1
 93.550875 -70.088722   0.036395  0.000123  10910.947    36.874472   5.191441  10.038031    2830.903 1
 99.956042 -69.788833   0.037386  0.000150  11208.041    44.968869   5.192474  10.040028    3120.271 1
 92.875542 -70.048833   0.038570  0.000150  11562.995    44.968869   5.204238  10.062774    3465.994 1
 89.911250 -69.612500   0.014794  0.000333   4435.130    99.830889   5.209525  10.072997   -3476.506 1
100.323250 -60.163472   0.029847  0.000077   8947.905    23.084019   5.221381  10.095922     918.912 1
 95.193208 -70.201944   0.036122  0.000103  10829.103    30.878623   5.243327  10.138356    2751.188 1
 90.984708 -60.030167   0.035798  0.000150  10731.970    44.968869   5.279058  10.207445    2656.581 1
 96.158750 -59.678611   0.039007  0.000150  11694.004    44.968869   5.289684  10.227991    3593.597 1
 90.114708 -60.155556   0.036752  0.000097  11017.972    29.079868   5.307980  10.263369    2935.145 1
 94.189917 -70.254583   0.038940  0.000150  11673.918    44.968869   5.321548  10.289602    3574.033 1
 92.582417 -70.142056   0.037766  0.000150  11321.962    44.968869   5.322324  10.291103    3231.230 1
 89.572958 -69.703611   0.013790  0.000150   4134.138    44.968869   5.356008  10.356233   -3769.670 1
 92.873958 -70.224500   0.037743  0.000107  11315.067    32.077793   5.376280  10.395431    3224.514 1
 97.755333 -70.263500   0.036282  0.000210  10877.070    62.956416   5.392977  10.427716    2797.907 1
 94.529500 -70.343083   0.038870  0.000150  11652.933    44.968869   5.397365  10.436199    3553.593 1
 99.602667 -59.853472   0.011391  0.000150   3414.936    44.968869   5.400630  10.442513   -4470.169 1
 89.925708 -60.084361   0.037886  0.000150  11357.937    44.968869   5.406599  10.454054    3266.269 1
 89.915417 -60.078333   0.036507  0.000039  10944.523    11.691906   5.413917  10.468205    2863.606 1
 89.905083 -60.073028   0.036509  0.000333  10945.123    99.830889   5.420593  10.481112    2864.190 1
 97.991083 -59.636694   0.031105  0.000150   9325.044    44.968869   5.430807  10.500862    1286.243 1
100.547667 -69.958833   0.036979  0.000150  11086.025    44.968869   5.445271  10.528830    3001.429 1
 95.882083 -59.489361   0.038907  0.000150  11664.025    44.968869   5.473453  10.583321    3564.397 1
 93.044667 -59.493778   0.030711  0.000150   9206.926    44.968869   5.559753  10.750190    1171.197 1
 98.414583 -59.527778   0.030965  0.000150   9283.073    44.968869   5.575225  10.780105    1245.364 1
 95.294917 -70.574917   0.037152  0.000150  11137.889    44.968869   5.615566  10.858108    3051.944 1
 92.297917 -59.395111   0.033093  0.000150   9921.032    44.968869   5.722062  11.064025    1866.731 1
 93.339750 -70.775944   0.037032  0.000150  11101.914    44.968869   5.884242  11.377613    3016.904 1
 98.206667 -70.739167   0.036600  0.000333  10972.404    99.830889   5.896254  11.400839    2890.762 1
 98.207083 -70.740611   0.037383  0.000150  11207.141    44.968869   5.897705  11.403643    3119.395 1
 90.553667 -59.422306   0.042523  0.000150  12748.075    44.968869   5.912142  11.431560    4620.255 1
 91.978708 -59.134889   0.015668  0.000150   4697.148    44.968869   6.007016  11.615006   -3221.302 1
 94.823792 -70.992083   0.036899  0.000150  11062.042    44.968869   6.038135  11.675175    2978.069 1
 92.158792 -59.059278   0.037102  0.000150  11122.900    44.968869   6.062409  11.722111    3037.344 1
 97.170125 -58.935528   0.032232  0.000150   9662.911    44.968869   6.068156  11.733223    1615.323 1
 97.922167 -58.945139   0.031769  0.000150   9524.107    44.968869   6.105103  11.804664    1480.129 1
 98.696125 -70.939417   0.027442  0.000150   8226.905    44.968869   6.135745  11.863912     216.661 1
 97.393583 -71.104944   0.017739  0.000090   5318.018    26.981321   6.200179  11.988499   -2616.578 1
 90.556625 -59.079917   0.038030  0.000150  11401.107    44.968869   6.233568  12.053060    3308.316 1
 96.051880 -58.703880   0.037046  0.000167  11106.111    50.065340   6.261070  12.106237    3020.992 1
 93.535833 -58.694861   0.031428  0.000117   9421.877    35.075718   6.316895  12.214179    1380.558 1
 93.643042 -58.659694   0.031342  0.000150   9396.095    44.968869   6.346153  12.270752    1355.446 1
 99.393000 -71.137278   0.013483  0.000127   4042.102    38.073642   6.399292  12.373500   -3859.313 1
 93.828417 -58.562056   0.031028  0.000150   9301.960    44.968869   6.434263  12.441119    1263.759 1
 98.479917 -58.586917   0.032209  0.000150   9656.015    44.968869   6.500768  12.569710    1608.607 1
 96.185167 -58.401750   0.032106  0.000150   9625.137    44.968869   6.565400  12.694681    1578.531 1
 94.288875 -71.517806   0.038804  0.000150  11633.147    44.968869   6.576394  12.715938    3534.322 1
 96.843250 -71.543889   0.036655  0.000150  10988.893    44.968869   6.610617  12.782111    2906.822 1
 94.666958 -71.625028   0.020321  0.000150   6092.083    44.968869   6.673488  12.903678   -1862.644 1
 95.592167 -71.643917   0.036345  0.000150  10895.957    44.968869   6.684475  12.924922    2816.303 1
 94.975500 -71.719389   0.037089  0.000150  11119.002    44.968869   6.762618  13.076018    3033.548 1
 95.441292 -71.743861   0.037596  0.000183  11270.997    54.862020   6.784140  13.117630    3181.590 1
 97.009708 -58.181944   0.032386  0.000150   9709.079    44.968869   6.809954  13.167545    1660.290 1
 96.838542 -58.166500   0.031925  0.000150   9570.874    44.968869   6.818688  13.184433    1525.680 1
 96.962833 -58.128000   0.033073  0.000150   9915.036    44.968869   6.861762  13.267720    1860.892 1
 93.395750 -58.149944   0.031208  0.000150   9355.923    44.968869   6.864927  13.273838    1316.319 1
 96.276833 -58.071528   0.032759  0.000150   9820.901    44.968869   6.897132  13.336110    1769.205 1
 98.238750 -58.152222   0.032843  0.000150   9846.084    44.968869   6.909254  13.359548    1793.732 1
 98.209750 -58.149667   0.032949  0.000150   9877.862    44.968869   6.909684  13.360379    1824.684 1
 93.642125 -57.983583   0.035945  0.000150  10776.040    44.968869   7.017864  13.569554    2699.505 1
 93.126667 -71.955000   0.018498  0.000058   5545.561    17.387963   7.063911  13.658588   -2394.953 1
 92.556542 -57.955250   0.036585  0.000150  10967.907    44.968869   7.110545  13.748760    2886.382 1
 97.462500 -57.883417   0.033126  0.000150   9930.925    44.968869   7.127514  13.781571    1876.367 1
 94.662667 -57.669472   0.040074  0.000150  12013.883    44.968869   7.297814  14.110858    3905.157 1
