336.977017 -30.575368   0.058020  0.000333  17393.958    99.830889   0.016248   0.066747     -86.114 0
336.983750 -30.557556   0.060650  0.000170  18182.413    50.964718   0.016931   0.069552     658.888 0
336.977333 -30.576344   0.073000  0.000333  21884.849    99.830889   0.017180   0.070576    4157.285 1
336.979542 -30.547444   0.056930  0.000210  17067.185    62.956416   0.019786   0.081280    -394.880 0
336.937178 -30.566487   0.057670  0.000110  17289.031    32.977170   0.024285   0.099764    -185.259 0
336.994083 -30.540111   0.059290  0.000110  17774.695    32.977170   0.033759   0.138680     273.640 0
337.004917 -30.553000   0.056850  0.000220  17043.201    65.954341   0.035696   0.146640    -417.541 0
336.929625 -30.543472   0.055650  0.000170  16683.450    50.964718   0.036116   0.148365    -757.467 0
336.913000 -30.574000   0.057604  0.000333  17269.245    99.830889   0.046201   0.189793    -203.955 0
336.922042 -30.596861   0.059070  0.000180  17708.740    53.962642   0.050317   0.206701     211.320 0
336.905000 -30.582167   0.058380  0.000280  17501.884    83.941888   0.055219   0.226838      15.863 0
336.997375 -30.613083   0.057860  0.000160  17345.992    47.966793   0.057469   0.236083    -131.438 0
336.989292 -30.636111   0.060130  0.000440  18026.520    99.990000   0.076222   0.313119     511.587 0
337.026708 -30.619028   0.057520  0.000250  17244.062    74.948115   0.077328   0.317665    -227.750 0
337.015958 -30.493194   0.059390  0.000150  17804.674    44.968869   0.082258   0.337918     301.967 0
336.898250 -30.623222   0.059070  0.000240  17708.740    71.950190   0.083424   0.342706     211.320 0
337.045000 -30.610333   0.056340  0.000150  16890.307    44.968869   0.083654   0.343649    -562.010 0
336.907125 -30.634611   0.057970  0.000200  17378.969    59.958492   0.087434   0.359180    -100.278 0
336.923042 -30.482917   0.062830  0.000220  18835.960    65.954341   0.087695   0.360249    1276.419 1
336.887875 -30.504639   0.061640  0.000220  18479.207    65.954341   0.088315   0.362798     939.327 0
337.053958 -30.615250   0.058470  0.000190  17528.865    56.960567   0.092795   0.381204      41.358 0
337.028250 -30.652333   0.058180  0.000100  17441.925    29.979246   0.104770   0.430397     -40.791 0
337.004625 -30.667222   0.060672  0.000150  18189.008    44.968869   0.109838   0.451216     665.120 0
337.085583 -30.598861   0.058420  0.000210  17513.875    62.956416   0.109869   0.451343      27.194 0
336.832667 -30.580333   0.056260  0.000210  16866.324    62.956416   0.115336   0.473800    -584.671 0
337.013417 -30.447500   0.060650  0.000160  18182.413    47.966793   0.122592   0.503607     658.888 0
336.821667 -30.606917   0.056280  0.000420  16872.320    99.990000   0.131112   0.538608    -579.006 0
337.104458 -30.627306   0.059980  0.000110  17981.552    32.977170   0.136270   0.559796     469.097 0
336.944375 -30.425389   0.061360  0.000220  18395.265    65.954341   0.138562   0.569213     860.011 0
336.831458 -30.480667   0.055840  0.000190  16740.411    56.960567   0.141349   0.580663    -703.645 0
336.922583 -30.422556   0.055960  0.000190  16776.386    56.960567   0.144936   0.595397    -669.653 0
336.843208 -30.462361   0.059210  0.000210  17750.711    62.956416   0.145246   0.596671     250.978 0
337.123021 -30.629837   0.053070  0.000220  15909.986    65.954341   0.151642   0.622944   -1488.306 1
336.792252 -30.526227   0.057440  0.000290  17220.079    86.939813   0.153225   0.629449    -250.412 0
336.812958 -30.482722   0.054470  0.000140  16329.695    41.970944   0.153509   0.630615   -1091.726 1
337.016250 -30.414806   0.061150  0.000220  18332.309    65.954341   0.154422   0.634365     800.524 0
336.784750 -30.525056   0.057180  0.000180  17142.133    53.962642   0.159778   0.656369    -324.062 0
336.923417 -30.402333   0.053940  0.000540  16170.805    99.990000   0.164426   0.675460   -1241.860 1
336.815750 -30.666917   0.056960  0.000150  17076.178    44.968869   0.165433   0.679601    -386.382 0
336.867875 -30.710111   0.057020  0.000160  17094.166    47.966793   0.169417   0.695965    -369.385 0
336.775542 -30.615778   0.057490  0.000190  17235.068    56.960567   0.171568   0.704802    -236.248 0
336.811417 -30.675861   0.058550  0.000250  17552.848    74.948115   0.174023   0.714885      64.019 0
337.003083 -30.733944   0.057850  0.000190  17342.994    56.960567   0.174246   0.715804    -134.270 0
337.072208 -30.414333   0.053290  0.000380  15975.940    99.990000   0.174803   0.718092   -1425.986 1
336.836875 -30.418889   0.058520  0.000220  17543.855    65.954341   0.181364   0.745045      55.521 0
336.888125 -30.732111   0.058650  0.000160  17582.828    47.966793   0.181806   0.746861      92.346 0
336.825167 -30.710028   0.056940  0.000320  17070.183    95.933587   0.190222   0.781434    -392.047 0
337.141667 -30.682778   0.057810  0.000080  17331.002    23.983397   0.193704   0.795737    -145.601 0
337.073125 -30.732750   0.057410  0.000170  17211.085    50.964718   0.193757   0.795954    -258.910 0
336.986542 -30.758556   0.056750  0.000160  17013.222    47.966793   0.196626   0.807742    -445.868 0
336.838769 -30.734536   0.056530  0.000080  16947.268    23.983397   0.203266   0.835019    -508.188 0
337.203917 -30.580083   0.057480  0.000260  17232.070    77.946039   0.206402   0.847900    -239.081 0
337.102750 -30.731917   0.058440  0.000200  17519.871    59.958492   0.206537   0.848455      32.859 0
336.813653 -30.400344   0.058280  0.000150  17471.904    44.968869   0.208299   0.855692     -12.464 0
336.726625 -30.522889   0.051280  0.000220  15373.357    65.954341   0.209149   0.859185   -1995.361 1
336.841917 -30.379361   0.057610  0.000190  17271.044    56.960567   0.211880   0.870403    -202.255 0
336.717208 -30.543472   0.060360  0.000190  18095.473    56.960567   0.214288   0.880295     576.740 0
337.018750 -30.775444   0.058010  0.000230  17390.960    68.952265   0.217610   0.893944     -88.947 0
337.104250 -30.745250   0.059260  0.000140  17765.701    41.970944   0.218296   0.896759     265.142 0
337.080958 -30.757444   0.056130  0.000280  16827.351    83.941888   0.218737   0.898570    -621.496 0
336.706125 -30.515139   0.052330  0.000420  15688.139    99.990000   0.227995   0.936604   -1697.926 1
336.910792 -30.330472   0.057180  0.000220  17142.133    65.954341   0.236982   0.973522    -324.062 0
337.229083 -30.483833   0.058540  0.000220  17549.850    65.954341   0.240672   0.988680      61.187 0
337.126750 -30.361056   0.057190  0.000300  17145.131    89.937737   0.245126   1.006978    -321.229 0
336.798208 -30.356861   0.060540  0.000650  18149.435    99.990000   0.251102   1.031526     627.728 0
337.128875 -30.349167   0.068610  0.000130  20568.761    38.973020   0.256004   1.051665    2913.725 1
337.221167 -30.695083   0.053250  0.000470  15963.948    99.990000   0.257162   1.056421   -1437.317 1
336.983708 -30.822139   0.059450  0.000200  17822.662    59.958492   0.259834   1.067398     318.963 0
337.241958 -30.443000   0.058590  0.000680  17564.840    99.990000   0.266839   1.096175      75.350 0
337.132917 -30.337556   0.058770  0.000310  17618.803    92.935662   0.267634   1.099441     126.339 0
337.016125 -30.839222   0.059540  0.000220  17849.643    65.954341   0.279896   1.149813     344.457 0
336.661792 -30.686417   0.059320  0.000210  17783.689    62.956416   0.288912   1.186852     282.138 0
336.646958 -30.661111   0.060250  0.000220  18062.496    65.954341   0.291013   1.195480     545.580 0
336.635708 -30.658889   0.068690  0.000400  20592.744    99.990000   0.299428   1.230049    2936.387 1
336.664250 -30.714972   0.059310  0.000170  17780.691    50.964718   0.300407   1.234073     279.305 0
336.707583 -30.778028   0.057070  0.000160  17109.156    47.966793   0.308989   1.269326    -355.222 0
336.630502 -30.427459   0.057520  0.000230  17244.062    68.952265   0.318284   1.307510    -227.750 0
336.679167 -30.352694   0.058370  0.000160  17498.886    47.966793   0.323644   1.329528      13.030 0
337.240667 -30.333556   0.058920  0.000130  17663.772    38.973020   0.329963   1.355487     168.829 0
337.024969 -30.220665   0.057880  0.000470  17351.987    99.990000   0.346005   1.421388    -125.772 0
336.634417 -30.355917   0.057550  0.000220  17253.056    65.954341   0.351934   1.445744    -219.252 0
337.243667 -30.830861   0.057080  0.000130  17112.154    38.973020   0.359736   1.477797    -352.389 0
337.075958 -30.200694   0.055040  0.000180  16500.577    53.962642   0.374488   1.538399    -930.262 1
337.140171 -30.912304   0.058430  0.000420  17516.873    99.990000   0.380642   1.563679      30.027 0
336.523220 -30.549120   0.057460  0.000260  17226.075    77.946039   0.380698   1.563907    -244.746 0
336.754292 -30.901472   0.060190  0.000190  18044.508    56.960567   0.384231   1.578420     528.584 0
336.813796 -30.927573   0.058590  0.000200  17564.840    59.958492   0.387326   1.591137      75.350 0
337.338211 -30.342676   0.057850  0.000130  17342.994    38.973020   0.389485   1.600004    -134.270 0
336.518250 -30.642694   0.058640  0.000230  17579.830    68.952265   0.392939   1.614194      89.514 0
336.759292 -30.914278   0.056720  0.000200  17004.228    59.958492   0.393608   1.616941    -454.367 0
336.529078 -30.434214   0.057850  0.000240  17342.994    71.950190   0.396820   1.630136    -134.270 0
337.426750 -30.583778   0.053920  0.000220  16164.809    65.954341   0.398106   1.635419   -1247.525 1
336.527099 -30.424690   0.057160  0.000410  17136.137    99.990000   0.401607   1.649802    -329.727 0
337.249583 -30.894056   0.059120  0.000290  17723.730    86.939813   0.412012   1.692546     225.484 0
336.542583 -30.356583   0.059750  0.000210  17912.599    62.956416   0.418164   1.717820     403.944 0
337.439875 -30.475028   0.059140  0.000370  17729.726    99.990000   0.418170   1.717843     231.149 0
336.503125 -30.693000   0.058340  0.000120  17489.892    35.975095   0.418522   1.719289       4.532 0
337.451583 -30.518833   0.058620  0.000270  17573.834    80.943964   0.421237   1.730442      83.848 0
337.410167 -30.747389   0.057090  0.000160  17115.151    47.966793   0.425407   1.747572    -349.556 0
337.460958 -30.524306   0.054020  0.000110  16194.789    32.977170   0.428740   1.761265   -1219.198 1
336.987036 -30.128100   0.060120  0.000790  18023.523    99.990000   0.435114   1.787448     508.755 0
337.074250 -30.130250   0.055638  0.000103  16679.853    30.878623   0.442653   1.818420    -760.866 1
337.482375 -30.544361   0.054120  0.000140  16224.768    41.970944   0.445831   1.831476   -1190.871 1
336.460249 -30.462099   0.057980  0.000380  17381.967    99.990000   0.446187   1.832938     -97.445 0
336.456417 -30.473417   0.059430  0.000210  17816.666    62.956416   0.447002   1.836286     313.298 0
336.796958 -30.993972   0.060670  0.000130  18188.408    38.973020   0.454817   1.868388     664.554 1
337.141208 -30.131667   0.052810  0.000200  15832.040    59.958492   0.457039   1.877516   -1561.956 1
336.491240 -30.769090   0.059350  0.000380  17792.682    99.990000   0.457176   1.878079     290.636 0
337.386667 -30.850806   0.055720  0.000130  16704.436    38.973020   0.463404   1.903664    -737.638 1
336.480333 -30.360750   0.059980  0.000240  17981.552    71.950190   0.463715   1.904942     469.097 0
337.025320 -30.099026   0.057880  0.000040  17351.987    11.991698   0.466670   1.917082    -125.772 0
336.428118 -30.631023   0.057410  0.000300  17211.085    89.937737   0.467348   1.919865    -258.910 0
336.991417 -30.093333   0.057790  0.000290  17325.006    86.939813   0.470017   1.930832    -151.267 0
336.914386 -30.093463   0.057460  0.000310  17226.075    92.935662   0.471363   1.936358    -244.746 0
336.459510 -30.750986   0.074610  0.000360  22367.515    99.990000   0.474245   1.948201    4613.351 1
337.000125 -31.036306   0.055950  0.000150  16773.388    44.968869   0.474466   1.949107    -672.485 1
337.091015 -31.024982   0.056660  0.000200  16986.241    59.958492   0.474736   1.950215    -471.363 0
337.434917 -30.815000   0.060170  0.000130  18038.512    38.973020   0.476753   1.958500     522.918 0
336.413125 -30.659083   0.051920  0.000200  15565.224    59.958492   0.484906   1.991996   -1814.067 1
337.494744 -30.729157   0.058610  0.000130  17570.836    38.973020   0.485491   1.994398      81.015 0
336.399958 -30.621412   0.051560  0.000330  15457.299    98.931511   0.490106   2.013358   -1916.045 1
336.393878 -30.600924   0.051310  0.000340  15382.351    99.990000   0.493300   2.026477   -1986.863 1
336.528407 -30.885354   0.056540  0.000440  16950.266    99.990000   0.495384   2.035036    -505.355 0
336.500288 -30.264771   0.069180  0.000330  20739.642    98.931511   0.498980   2.049810    3075.190 1
336.518676 -30.240540   0.056040  0.000250  16800.369    74.948115   0.501586   2.060518    -646.991 1
336.399250 -30.706583   0.058390  0.000210  17504.882    62.956416   0.507972   2.086751      18.696 0
337.145656 -30.076156   0.052960  0.000770  15877.009    99.990000   0.510889   2.098734   -1519.465 1
337.171223 -30.079468   0.057930  0.000100  17366.977    29.979246   0.514905   2.115230    -111.609 0
336.385208 -30.703972   0.058060  0.000060  17405.950    17.987547   0.518864   2.131493     -74.784 0
336.369458 -30.423444   0.058680  0.000270  17591.821    80.943964   0.531449   2.183193     100.844 0
337.218458 -31.058222   0.055839  0.000103  16740.111    30.878623   0.541342   2.223835    -703.928 1
337.546708 -30.355417   0.057050  0.000160  17103.160    47.966793   0.542084   2.226880    -360.887 0
336.482458 -30.911139   0.059330  0.000220  17786.687    65.954341   0.542237   2.227511     284.971 0
336.370083 -30.366250   0.056380  0.000190  16902.299    56.960567   0.548724   2.254160    -550.679 1
337.457875 -30.206917   0.053630  0.000140  16077.870    41.970944   0.553832   2.275144   -1329.674 1
337.064958 -30.015278   0.058040  0.000260  17399.954    77.946039   0.554241   2.276821     -80.449 0
337.574750 -30.745222   0.057877  0.000213  17351.088    63.855794   0.555782   2.283151    -126.622 0
336.519458 -30.160306   0.059990  0.000140  17984.550    41.970944   0.556077   2.284366     471.929 0
337.597458 -30.682306   0.056860  0.000297  17046.199    89.038360   0.557504   2.290225    -414.709 0
337.562708 -30.784278   0.058370  0.000170  17498.886    50.964718   0.560257   2.301537      13.030 0
336.565228 -31.026448   0.068820  0.000550  20631.717    99.990000   0.577491   2.372335    2973.212 1
336.463245 -30.173014   0.054020  0.000510  16194.789    99.990000   0.581928   2.390562   -1219.198 1
337.522375 -30.893222   0.058650  0.000250  17582.828    74.948115   0.582644   2.393504      92.346 0
336.556167 -30.096361   0.057570  0.000210  17259.052    62.956416   0.584405   2.400736    -213.586 0
337.523750 -30.921278   0.058880  0.000090  17651.780    26.981321   0.599950   2.464595     157.499 0
336.673583 -31.114306   0.057080  0.000270  17112.154    80.943964   0.605926   2.489147    -352.389 0
337.587667 -30.863389   0.058318  0.000297  17483.297    89.038360   0.614631   2.524903      -1.700 0
336.386460 -30.925409   0.056270  0.000390  16869.322    99.990000   0.616197   2.531340    -581.839 1
337.671083 -30.436028   0.054923  0.000297  16465.501    89.038360   0.621019   2.551145    -963.405 1
337.429042 -31.070806   0.058090  0.000210  17414.944    62.956416   0.646289   2.654956     -66.285 0
337.377072 -31.104019   0.056520  0.000020  16944.270     5.995849   0.647134   2.658427    -511.021 0
336.501583 -31.074694   0.056406  0.000150  16910.093    44.968869   0.649077   2.666408    -543.314 1
336.508413 -31.084504   0.059890  0.000400  17954.570    99.990000   0.653284   2.683694     443.602 0
337.681250 -30.780028   0.068140  0.000297  20427.858    89.038360   0.653835   2.685957    2780.588 1
336.456099 -31.055052   0.056690  0.000150  16995.234    44.968869   0.659069   2.707454    -462.865 0
337.533609 -31.008584   0.057380  0.000310  17202.091    92.935662   0.662115   2.719970    -267.408 0
337.519333 -31.026806   0.059090  0.000210  17714.736    62.956416   0.665650   2.734490     216.986 0
337.514475 -31.040903   0.064810  0.000230  19429.549    68.952265   0.672603   2.763055    1837.295 1
336.418983 -30.069792   0.051510  0.000470  15442.310    99.990000   0.681288   2.798734   -1930.208 1
336.394486 -31.044257   0.057440  0.000150  17220.079    44.968869   0.687878   2.825803    -250.412 0
336.486915 -30.005627   0.049840  0.000600  14941.656    99.990000   0.692785   2.845964   -2403.271 1
336.406065 -31.064552   0.058510  0.000210  17540.857    62.956416   0.695293   2.856265      52.688 0
336.399200 -31.059600   0.057900  0.000333  17357.983    99.830889   0.695854   2.858570    -120.107 0
337.759000 -30.720222   0.057925  0.000213  17365.478    63.855794   0.701534   2.881904    -113.025 0
337.624625 -30.991806   0.057094  0.000213  17116.351    63.855794   0.711757   2.923897    -348.423 0
336.917833 -29.845472   0.053139  0.000213  15930.671    63.855794   0.718482   2.951523   -1468.760 1
337.737667 -30.858556   0.061976  0.000297  18579.937    89.038360   0.728053   2.990842    1034.506 1
336.372333 -31.083750   0.057620  0.000200  17274.041    59.958492   0.729295   2.995944    -199.423 0
336.498500 -29.940333   0.058319  0.000213  17483.596    63.855794   0.740851   3.043419      -1.416 0
337.814167 -30.697583   0.055225  0.000103  16556.038    30.878623   0.743466   3.054159    -877.857 1
336.530250 -29.902944   0.053504  0.000213  16040.096    63.855794   0.758674   3.116636   -1365.366 1
336.292875 -31.069889   0.058157  0.000150  17435.030    44.968869   0.769507   3.161137     -47.306 0
336.192333 -30.951806   0.058801  0.000150  17628.096    44.968869   0.770740   3.166203     135.120 0
336.284000 -31.089000   0.058013  0.000333  17391.860    99.830889   0.787904   3.236713     -88.097 0
337.721958 -31.044528   0.058367  0.000103  17497.986    30.878623   0.810454   3.329346      12.181 0
336.685583 -31.342778   0.053140  0.000103  15930.971    30.878623   0.816255   3.353178   -1468.477 1
336.277875 -31.135667   0.057833  0.000150  17337.897    44.968869   0.823588   3.383300    -139.086 0
336.168542 -31.091250   0.058364  0.000183  17497.087    54.862020   0.865826   3.556815      11.331 0
337.136667 -29.664500   0.052908  0.000297  15861.419    89.038360   0.910375   3.739822   -1534.196 1
337.790042 -29.983556   0.050698  0.000297  15198.878    89.038360   0.916600   3.765396   -2160.224 1
337.888083 -31.070722   0.058470  0.000297  17528.865    89.038360   0.943229   3.874784      41.358 0
337.927792 -31.042500   0.056646  0.000103  16982.044    30.878623   0.957773   3.934531    -475.329 0
337.897333 -31.094306   0.058055  0.000213  17404.451    63.855794   0.962766   3.955044     -76.200 0
336.000557 -30.004959   0.056710  0.000333  17001.230    99.830889   1.000462   4.109897    -457.199 0
337.237667 -29.589639   0.066179  0.000297  19839.965    89.038360   1.001074   4.112412    2225.093 1
338.123917 -30.461833   0.055455  0.000103  16624.991    30.878623   1.002959   4.120158    -812.704 1
335.975375 -30.012972   0.057110  0.000183  17121.147    54.862020   1.014167   4.166198    -343.891 0
338.116417 -30.785972   0.056253  0.000297  16864.225    89.038360   1.016214   4.174608    -586.654 1
337.974500 -31.137167   0.059874  0.000297  17949.774    89.038360   1.041831   4.279845     439.070 0
338.121292 -30.213167   0.055202  0.000150  16549.143    44.968869   1.055212   4.334810    -884.372 1
336.469292 -29.593694   0.059128  0.000297  17726.128    89.038360   1.058963   4.350223     227.750 0
335.915042 -29.932278   0.056419  0.000150  16913.991    44.968869   1.102281   4.528174    -539.631 1
338.040292 -31.194278   0.054782  0.000297  16423.230    89.038360   1.120702   4.603845   -1003.346 1
338.037577 -31.206809   0.057139  0.000333  17129.841    99.830889   1.125892   4.625165    -335.676 0
338.074958 -31.194056   0.055378  0.000103  16601.907    30.878623   1.145363   4.705154    -834.516 1
338.143167 -31.112778   0.055504  0.000297  16639.681    89.038360   1.153933   4.740358    -798.824 1
338.099417 -31.182889   0.055269  0.000213  16569.229    63.855794   1.156972   4.752841    -865.393 1
336.254833 -29.576861   0.061541  0.000297  18449.528    89.038360   1.160205   4.766125     911.283 1
336.671583 -29.419639   0.058005  0.000297  17389.462    89.038360   1.170760   4.809484     -90.363 0
337.600208 -31.607917   0.048420  0.000150  14515.951    44.968869   1.179567   4.845664   -2805.516 1
337.104000 -31.744167   0.058394  0.000183  17506.081    54.862020   1.187408   4.877873      19.829 0
338.177292 -31.155444   0.055512  0.000297  16642.079    89.038360   1.200330   4.930958    -796.558 1
338.138875 -31.224444   0.059621  0.000297  17873.926    89.038360   1.208045   4.962652     367.402 0
338.119875 -31.286667   0.058524  0.000213  17545.054    63.855794   1.229951   5.052640      56.654 0
338.194958 -31.193361   0.048940  0.000213  14671.843    63.855794   1.232542   5.063286   -2658.215 1
338.135625 -31.281361   0.058880  0.000297  17651.780    89.038360   1.237853   5.085104     157.499 0
337.927333 -31.486417   0.058440  0.000103  17519.871    30.878623   1.240817   5.097279      32.859 0
338.117958 -31.320417   0.064763  0.000297  19415.459    89.038360   1.248799   5.130068    1823.982 1
336.101125 -29.478472   0.058624  0.000103  17575.033    30.878623   1.314978   5.401933      84.981 0
335.945120 -29.554876   0.058060  0.000333  17405.950    99.830889   1.336868   5.491856     -74.784 0
335.911583 -29.580472   0.058444  0.000103  17521.070    30.878623   1.337098   5.492800      33.993 0
335.945292 -29.554278   0.057977  0.000150  17381.067    44.968869   1.337222   5.493309     -98.295 0
335.977958 -29.468944   0.051772  0.000213  15520.855    63.855794   1.385266   5.690673   -1855.991 1
337.258792 -29.181750   0.064938  0.000213  19467.923    63.855794   1.404022   5.767724    1873.554 1
335.396167 -30.961917   0.056769  0.000150  17018.918    44.968869   1.408650   5.786735    -440.486 1
336.639708 -29.178444   0.065719  0.000297  19702.061    89.038360   1.412420   5.802222    2094.789 1
335.766917 -29.590222   0.058354  0.000213  17494.089    63.855794   1.417844   5.824507       8.498 0
338.191250 -29.610167   0.066082  0.000103  19810.885    30.878623   1.422082   5.841915    2197.616 1
337.858792 -31.777167   0.056866  0.000150  17047.998    44.968869   1.437680   5.905991    -413.009 1
335.889708 -29.437000   0.058047  0.000297  17402.053    89.038360   1.457675   5.988131     -78.466 0
337.437500 -32.015333   0.060085  0.000150  18013.030    44.968869   1.508423   6.196604     498.840 1
338.300375 -29.517556   0.063515  0.000297  19041.318    89.038360   1.553897   6.383411    1470.460 1
338.585792 -31.249611   0.057152  0.000213  17133.739    63.855794   1.555419   6.389662    -331.994 0
336.088625 -29.182278   0.060981  0.000297  18281.644    89.038360   1.573332   6.463249     752.651 1
336.339000 -29.072417   0.065464  0.000213  19625.613    63.855794   1.584883   6.510701    2022.555 1
336.179917 -29.118528   0.065168  0.000297  19536.875    89.038360   1.594674   6.550923    1938.706 1
338.741375 -31.023972   0.060979  0.000297  18281.044    89.038360   1.597551   6.562743     752.084 1
336.020878 -29.173945   0.062034  0.000213  18597.325    63.855794   1.609317   6.611076    1050.935 1
338.839000 -30.533194   0.057347  0.000297  17192.198    89.038360   1.613874   6.629796    -276.756 0
338.653667 -31.314139   0.068356  0.000213  20492.613    63.855794   1.636665   6.723423    2841.774 1
336.173750 -29.062444   0.058157  0.000213  17435.030    63.855794   1.647829   6.769284     -47.306 0
335.266167 -31.339250   0.051302  0.000150  15379.953    44.968869   1.656154   6.803484   -1989.129 1
338.839417 -30.086139   0.049618  0.000213  14875.102    63.855794   1.682878   6.913265   -2466.157 1
335.776167 -29.191556   0.058226  0.000297  17455.716    89.038360   1.711232   7.029744     -27.761 0
336.009083 -29.052806   0.057894  0.000213  17356.185    63.855794   1.719791   7.064905    -121.807 0
335.822133 -29.099345   0.059640  0.000333  17879.622    99.830889   1.763586   7.244813     372.785 1
335.820838 -29.097014   0.058250  0.000333  17462.911    99.830889   1.766142   7.255316     -20.962 0
338.761125 -31.516083   0.056599  0.000150  16967.953    44.968869   1.816742   7.463177    -488.642 1
335.817500 -29.021944   0.058371  0.000297  17499.186    89.038360   1.830475   7.519595      13.314 0
336.014667 -28.801833   0.058181  0.000297  17442.225    89.038360   1.941832   7.977050     -40.508 1
338.775833 -29.355417   0.075012  0.000150  22488.032    44.968869   1.972034   8.101117    4727.226 1
338.413208 -28.995306   0.064288  0.000213  19273.058    63.855794   2.002989   8.228281    1689.428 1
337.140458 -32.564917   0.058861  0.000183  17646.084    54.862020   2.007804   8.248061     152.117 1
338.051333 -32.392667   0.068341  0.000150  20488.116    44.968869   2.055070   8.442229    2837.525 1
335.262875 -32.049250   0.056943  0.000183  17071.082    54.862020   2.087535   8.575599    -391.197 1
339.255083 -31.255917   0.059183  0.000297  17742.617    89.038360   2.090148   8.586330     243.330 1
335.437667 -28.924944   0.065344  0.000297  19589.638    89.038360   2.100549   8.629060    1988.562 1
334.588125 -30.079889   0.069608  0.000103  20867.953    30.878623   2.102908   8.638748    3196.430 1
334.594917 -29.925500   0.055659  0.000150  16686.148    44.968869   2.138052   8.783119    -754.917 1
334.941750 -31.861889   0.058848  0.000213  17642.187    63.855794   2.173230   8.927633     148.434 1
338.583625 -28.721306   0.063974  0.000150  19178.923    44.968869   2.309442   9.487192    1600.481 1
334.619042 -31.702556   0.058971  0.000297  17679.061    89.038360   2.319437   9.528252     183.276 1
338.510292 -28.645250   0.063987  0.000297  19182.820    89.038360   2.333966   9.587936    1604.163 1
334.927667 -32.125528   0.057933  0.000297  17367.876    89.038360   2.349429   9.651457    -110.759 1
335.041917 -28.874417   0.059941  0.000150  17969.860    44.968869   2.364921   9.715098     458.049 1
338.347813 -28.484102   0.065319  0.000297  19582.144    89.038360   2.395548   9.840916    1981.480 1
339.131750 -28.941556   0.063036  0.000297  18897.717    89.038360   2.471681  10.153667    1334.773 1
334.766708 -32.202639   0.050494  0.000213  15137.720    63.855794   2.504450  10.288285   -2218.012 1
334.761125 -32.215139   0.050438  0.000183  15120.932    54.862020   2.516276  10.336867   -2233.875 1
339.231083 -28.965917   0.059048  0.000297  17702.145    89.038360   2.521364  10.357768     205.088 1
334.660458 -32.152333   0.070390  0.000297  21102.391    89.038360   2.542548  10.444791    3417.947 1
334.774750 -32.284694   0.073144  0.000213  21928.020    63.855794   2.553811  10.491059    4198.076 1
338.187500 -28.226028   0.064323  0.000213  19283.550    63.855794   2.562910  10.528438    1699.343 1
338.188833 -28.171694   0.062963  0.000297  18875.833    89.038360   2.613008  10.734240    1314.094 1
334.720250 -32.372139   0.073934  0.000213  22164.856    63.855794   2.647632  10.876476    4421.860 1
335.106886 -32.686146   0.056750  0.000333  17013.222    99.830889   2.658693  10.921914    -445.868 1
338.211083 -28.120083   0.064401  0.000150  19306.934    44.968869   2.667964  10.960002    1721.438 1
335.315833 -28.275694   0.074676  0.000297  22387.302    89.038360   2.692127  11.059260    4632.047 1
340.058250 -30.092000   0.061116  0.000150  18322.116    44.968869   2.704755  11.111136     790.893 1
340.104042 -30.255861   0.060119  0.000213  18023.223    63.855794   2.720267  11.174861     508.471 1
340.126292 -30.281167   0.059847  0.000297  17941.679    89.038360   2.736584  11.241893     431.422 1
340.110750 -30.093361   0.060373  0.000297  18099.370    89.038360   2.749049  11.293099     580.422 1
340.112583 -30.081417   0.059134  0.000213  17727.927    63.855794   2.752668  11.307965     229.449 1
336.421667 -27.839361   0.050542  0.000297  15152.110    89.038360   2.763342  11.351812   -2204.415 1
339.450208 -32.362250   0.048830  0.000150  14638.866    44.968869   2.795920  11.485644   -2689.375 1
334.382792 -32.291000   0.050355  0.000183  15096.049    54.862020   2.816148  11.568739   -2257.386 1
340.043208 -29.607917   0.059289  0.000213  17774.395    63.855794   2.817272  11.573357     273.356 1
339.864875 -29.242500   0.065073  0.000297  19508.395    89.038360   2.824532  11.603181    1911.796 1
334.953042 -28.324389   0.060431  0.000297  18116.758    89.038360   2.830549  11.627901     596.852 1
340.061292 -29.518000   0.062075  0.000213  18609.617    63.855794   2.863497  11.763250    1062.549 1
334.873833 -28.321000   0.059778  0.000297  17920.994    89.038360   2.875443  11.812324     411.876 1
336.144250 -27.763917   0.074705  0.000297  22395.996    89.038360   2.886743  11.858744    4640.262 1
336.383875 -27.708167   0.049985  0.000103  14985.126    30.878623   2.898168  11.905679   -2362.197 1
333.761042 -31.451806   0.059465  0.000213  17827.159    63.855794   2.898583  11.907384     323.212 1
335.657458 -27.889361   0.058957  0.000213  17674.864    63.855794   2.900865  11.916758     179.311 1
335.371417 -27.960417   0.067451  0.000297  20221.301    89.038360   2.942014  12.085796    2585.414 1
333.944292 -32.011361   0.063808  0.000297  19129.157    89.038360   2.977250  12.230549    1553.458 1
335.404208 -27.903333   0.059277  0.000297  17770.798    89.038360   2.979785  12.240960     269.957 1
334.123458 -32.336639   0.049730  0.000213  14908.679    63.855794   3.022156  12.415022   -2434.431 1
340.232500 -29.442861   0.062511  0.000297  18740.326    89.038360   3.028215  12.439912    1186.056 1
335.598000 -27.755389   0.057011  0.000213  17091.468    63.855794   3.044209  12.505616    -371.935 1
333.428000 -30.511222   0.060879  0.000150  18251.065    44.968869   3.046097  12.513371     723.757 1
334.702292 -28.209167   0.059665  0.000150  17887.117    44.968869   3.055466  12.551857     379.866 1
334.067167 -28.784194   0.061022  0.000150  18293.935    44.968869   3.064298  12.588142     764.265 1
334.037292 -28.776139   0.060675  0.000113  18189.907    33.876548   3.089933  12.693448     665.970 1
333.844542 -32.128806   0.059519  0.000213  17843.347    63.855794   3.110027  12.775997     338.509 1
335.241417 -27.805972   0.060026  0.000297  17995.342    89.038360   3.130957  12.861977     482.127 1
340.566750 -30.005833   0.066124  0.000213  19823.476    63.855794   3.150936  12.944051    2209.514 1
334.293333 -28.400111   0.055855  0.000150  16744.908    44.968869   3.157490  12.970974    -699.396 1
333.927917 -32.350250   0.064147  0.000213  19230.787    63.855794   3.167683  13.012848    1649.487 1
333.750500 -32.128333   0.059895  0.000213  17956.069    63.855794   3.180018  13.063518     445.019 1
338.371458 -27.523361   0.064321  0.000213  19282.951    63.855794   3.271813  13.440611    1698.776 1
335.300750 -27.579111   0.058959  0.000213  17675.464    63.855794   3.310008  13.597516     179.877 1
335.535917 -27.486222   0.057507  0.000297  17240.165    89.038360   3.313563  13.612121    -231.432 1
337.456583 -33.882972   0.059608  0.000150  17870.029    44.968869   3.347038  13.749636     363.720 1
335.160417 -27.569306   0.056542  0.000150  16950.865    44.968869   3.372788  13.855417    -504.789 1
335.139042 -27.565778   0.057394  0.000297  17206.288    89.038360   3.384431  13.903247    -263.442 1
336.201458 -27.199111   0.074667  0.000297  22384.603    89.038360   3.427352  14.079566    4629.497 1
337.016750 -34.000389   0.073918  0.000150  22160.059    44.968869   3.437875  14.122796    4417.327 1
