 63.494750 -38.097306   0.049821  0.000150  14935.960    44.968869   0.001884   0.006715     -79.652 0
 63.497583 -38.090611   0.048960  0.000167  14677.839    50.065340   0.007547   0.026894    -325.458 0
 63.508292 -38.097694   0.050775  0.000130  15221.962    38.973020   0.008978   0.031991     192.705 0
 63.491083 -38.107611   0.051852  0.000207  15544.839    62.057039   0.010519   0.037486     500.177 0
 63.491000 -38.111306   0.050708  0.000150  15201.876    44.968869   0.013961   0.049750     173.578 0
 63.549417 -38.127139   0.049002  0.000297  14690.430    89.038360   0.050489   0.179917    -313.467 0
 63.478458 -38.157806   0.050317  0.000297  15084.657    89.038360   0.061406   0.218819      61.951 0
 63.540875 -38.044889   0.046798  0.000297  14029.687    89.038360   0.063508   0.226308    -942.686 1
 63.591417 -38.088917   0.050162  0.000297  15038.189    89.038360   0.074952   0.267087      17.700 0
 63.401292 -38.028278   0.049098  0.000297  14719.210    89.038360   0.102671   0.365863    -286.060 0
 63.434708 -38.204806   0.050487  0.000297  15135.622    89.038360   0.117359   0.418203     110.484 0
 63.510000 -38.229000   0.050123  0.000333  15026.497    99.830889   0.131267   0.467763       6.566 0
 63.443458 -38.239306   0.051456  0.000150  15426.121    44.968869   0.147298   0.524891     387.124 0
 63.668042 -38.013972   0.051195  0.000297  15347.875    89.038360   0.158819   0.565945     312.611 0
 63.291417 -38.059917   0.050099  0.000297  15019.302    89.038360   0.166160   0.592105      -0.285 0
 63.688833 -38.172417   0.053045  0.000297  15902.491    89.038360   0.168320   0.599801     840.766 0
 63.695250 -38.008500   0.052893  0.000297  15856.922    89.038360   0.180001   0.641428     797.372 0
 63.533042 -38.278333   0.050061  0.000150  15007.910    44.968869   0.182425   0.650064     -11.134 0
 63.718583 -38.041028   0.053432  0.000297  16018.511    89.038360   0.183566   0.654131     951.251 1
 63.717125 -37.987861   0.048928  0.000213  14668.245    63.855794   0.205419   0.732004    -334.594 0
 63.771250 -38.053500   0.053559  0.000213  16056.584    63.855794   0.220469   0.785633     987.508 1
 63.738708 -37.978250   0.055320  0.000213  16584.519    63.855794   0.224911   0.801462    1490.255 1
 63.792458 -38.126833   0.053634  0.000297  16079.069    89.038360   0.234356   0.835117    1008.920 1
 63.316313 -38.294655   0.050500  0.000333  15139.519    99.830889   0.242517   0.864199     114.196 0
 63.309000 -37.903000   0.053237  0.000150  15960.051    44.968869   0.244835   0.872458     895.580 1
 63.209250 -38.242944   0.051417  0.000297  15414.429    89.038360   0.268719   0.957570     375.990 0
 63.171417 -38.013861   0.059507  0.000297  17839.750    89.038360   0.269648   0.960879    2685.599 1
 63.852625 -38.154306   0.053005  0.000297  15890.499    89.038360   0.285520   1.017440     829.347 0
 63.224542 -38.292417   0.048450  0.000297  14524.945    89.038360   0.289279   1.030833    -471.058 0
 63.226250 -38.302694   0.050412  0.000113  15113.137    33.876548   0.295308   1.052317      89.073 0
 63.825375 -37.946056   0.051344  0.000213  15392.544    63.855794   0.299916   1.068739     355.149 0
 63.326625 -38.367167   0.049854  0.000213  14945.853    63.855794   0.300552   1.071004     -70.230 0
 63.871708 -38.011083   0.053584  0.000150  16064.079    44.968869   0.307538   1.095898     994.645 1
 63.271750 -37.841333   0.058264  0.000150  17467.108    44.968869   0.311998   1.111791    2330.736 1
 63.122208 -37.985111   0.053408  0.000297  16011.316    89.038360   0.315785   1.125287     944.399 1
 63.389917 -38.429583   0.049064  0.000150  14709.017    44.968869   0.341969   1.218593    -295.767 0
 63.089625 -38.234278   0.046736  0.000150  14011.100    44.968869   0.348221   1.240870    -960.386 1
 63.602333 -37.755778   0.050091  0.000103  15016.904    30.878623   0.352272   1.255307      -2.569 0
 63.944667 -38.073694   0.055525  0.000150  16645.976    44.968869   0.353221   1.258689    1548.780 1
 63.883417 -37.888000   0.051738  0.000297  15510.662    89.038360   0.369702   1.317419     467.632 0
 63.966083 -38.065333   0.048677  0.000150  14592.997    44.968869   0.370682   1.320910    -406.251 0
 63.924000 -37.941694   0.048597  0.000297  14569.014    89.038360   0.370736   1.321102    -429.091 0
 63.235417 -37.779889   0.057762  0.000213  17316.612    63.855794   0.378980   1.350480    2187.420 1
 63.955292 -38.233389   0.057637  0.000213  17279.138    63.855794   0.385257   1.372846    2151.734 1
 63.592292 -37.711472   0.050432  0.000297  15119.133    89.038360   0.393887   1.403600      94.782 0
 63.426917 -38.492083   0.048739  0.000297  14611.585    89.038360   0.397775   1.417454    -388.551 0
 62.967500 -38.065944   0.048470  0.000297  14530.940    89.038360   0.417855   1.489008    -465.348 0
 62.962125 -37.964417   0.049391  0.000150  14807.049    44.968869   0.441577   1.573540    -202.412 0
 62.965792 -37.952611   0.051653  0.000297  15485.180    89.038360   0.442568   1.577072     443.365 0
 63.107542 -38.432556   0.050695  0.000213  15197.979    63.855794   0.453563   1.616252     169.866 0
 63.881042 -37.758111   0.051762  0.000213  15517.857    63.855794   0.454980   1.621303     474.483 0
 64.046583 -37.950417   0.052793  0.000297  15826.943    89.038360   0.457105   1.628875     768.823 0
 63.345542 -38.540778   0.048634  0.000103  14580.106    30.878623   0.458385   1.633435    -418.528 0
 64.067083 -38.249472   0.056988  0.000297  17084.573    89.038360   0.473542   1.687449    1966.451 1
 63.404583 -37.625500   0.039826  0.000297  11939.534    89.038360   0.478190   1.704009   -2933.118 1
 64.027292 -38.336917   0.050377  0.000213  15102.645    63.855794   0.480869   1.713556      79.081 0
 64.101583 -38.021556   0.057997  0.000297  17387.063    89.038360   0.481983   1.717527    2254.510 1
 63.051125 -37.760639   0.049041  0.000150  14702.122    44.968869   0.486795   1.734674    -302.333 0
 64.082750 -38.256472   0.052290  0.000213  15676.148    63.855794   0.487469   1.737078     625.222 0
 63.203167 -37.647111   0.052145  0.000297  15632.678    89.038360   0.506812   1.806003     583.826 0
 63.746417 -38.584639   0.037283  0.000213  11177.162    63.855794   0.524633   1.869508   -3659.118 1
 63.202583 -38.583556   0.050796  0.000297  15228.258    89.038360   0.537842   1.916578     198.701 0
 63.620208 -37.546306   0.051224  0.000213  15356.569    63.855794   0.560300   1.996607     320.890 0
 63.847583 -37.607583   0.065989  0.000297  19783.005    89.038360   0.562856   2.005713    4536.142 1
 62.941667 -38.453917   0.048777  0.000150  14622.977    44.968869   0.563468   2.007895    -377.703 0
 63.911167 -37.630944   0.048089  0.000213  14416.720    63.855794   0.569697   2.030091    -574.119 0
 63.451833 -37.519778   0.051381  0.000213  15403.636    63.855794   0.579447   2.064837     365.712 0
 63.369167 -38.695472   0.048379  0.000297  14503.659    89.038360   0.605732   2.158500    -491.327 0
 63.096250 -38.622722   0.054300  0.000213  16278.730    63.855794   0.612043   2.180990    1199.056 1
 62.725583 -38.232194   0.048413  0.000213  14513.852    63.855794   0.621617   2.215107    -481.621 0
 64.245375 -37.898556   0.050545  0.000297  15153.010    89.038360   0.621913   2.216160     127.043 0
 62.788875 -38.382889   0.050965  0.000150  15278.923    44.968869   0.625727   2.229754     246.948 0
 63.333042 -37.466056   0.050935  0.000297  15269.929    89.038360   0.645102   2.298794     238.384 0
 63.202250 -38.711000   0.065320  0.000297  19582.443    89.038360   0.655259   2.334989    4345.149 1
 62.812250 -38.494667   0.048656  0.000297  14586.702    89.038360   0.668974   2.383861    -412.247 0
 63.436708 -37.423667   0.058154  0.000297  17434.131    89.038360   0.676133   2.409373    2299.332 1
 64.090583 -38.599944   0.052531  0.000213  15748.398    63.855794   0.685629   2.443212     694.025 1
 63.209833 -37.396111   0.058330  0.000297  17486.894    89.038360   0.737480   2.627982    2349.578 1
 64.186542 -38.606333   0.052619  0.000213  15774.779    63.855794   0.743508   2.649462     719.148 1
 63.356708 -37.347111   0.051279  0.000150  15373.057    44.968869   0.759088   2.704979     336.592 0
 62.497042 -37.945667   0.050719  0.000297  15205.174    89.038360   0.801478   2.856036     176.718 0
 62.591958 -38.533694   0.055002  0.000297  16489.185    89.038360   0.834782   2.974713    1399.469 1
 64.395583 -38.557944   0.052871  0.000297  15850.327    89.038360   0.843556   3.005979     791.091 1
 62.854917 -38.785028   0.050364  0.000297  15098.747    89.038360   0.852675   3.038471      75.369 0
 62.659917 -37.544278   0.059548  0.000297  17852.041    89.038360   0.860583   3.066653    2697.304 1
 63.357545 -38.971982   0.049800  0.000333  14929.664    99.830889   0.880697   3.138329     -85.647 0
 63.657250 -37.221694   0.062620  0.000150  18773.004    44.968869   0.885483   3.155382    3574.328 1
 63.586042 -38.982778   0.048600  0.000133  14569.913    39.872397   0.887416   3.162272    -428.234 0
 63.813375 -38.959361   0.047896  0.000297  14358.860    89.038360   0.896510   3.194678    -629.219 1
 63.574625 -39.007500   0.050909  0.000150  15262.134    44.968869   0.911416   3.247793     230.961 0
 64.420125 -37.531667   0.051539  0.000150  15451.003    44.968869   0.921275   3.282927     410.819 0
 62.765125 -37.371917   0.058124  0.000183  17425.137    54.862020   0.926837   3.302747    2290.767 1
 62.657958 -38.767667   0.058984  0.000213  17682.958    63.855794   0.940288   3.350680    2536.288 1
 62.545708 -37.500917   0.059915  0.000150  17962.065    44.968869   0.957597   3.412358    2802.079 1
 64.703875 -38.240139   0.051782  0.000150  15523.853    44.968869   0.960392   3.422319     480.193 0
 64.253667 -37.343833   0.058934  0.000150  17667.969    44.968869   0.961067   3.424722    2522.014 1
 63.312708 -39.058583   0.047765  0.000297  14319.587    89.038360   0.971320   3.461260    -666.618 1
 63.008125 -39.013250   0.052108  0.000297  15621.585    89.038360   0.992662   3.537311     573.263 0
 63.397708 -39.089167   0.050558  0.000150  15156.907    44.968869   0.994097   3.542426     130.754 0
 64.211417 -38.951583   0.050882  0.000147  15254.040    44.069491   1.022028   3.641956     223.253 0
 62.194792 -38.153611   0.066737  0.000297  20007.249    89.038360   1.026199   3.656819    4749.688 1
 64.239417 -38.944083   0.050949  0.000150  15274.126    44.968869   1.028135   3.663718     242.381 0
 62.339167 -38.586194   0.034244  0.000297  10266.093    89.038360   1.033571   3.683088   -4526.721 1
 63.843542 -39.099583   0.049615  0.000297  14874.203    89.038360   1.037934   3.698634    -138.462 0
 63.783083 -39.121917   0.059011  0.000297  17691.053    89.038360   1.048257   3.735422    2543.996 1
 64.351000 -37.281889   0.050495  0.000150  15138.020    44.968869   1.057372   3.767903     112.768 0
 62.980250 -39.079722   0.059330  0.000297  17786.687    89.038360   1.062455   3.786017    2635.068 1
 64.036250 -39.076472   0.049697  0.000213  14898.786    63.855794   1.066438   3.800208    -115.052 0
 62.128417 -38.128889   0.064810  0.000297  19429.549    89.038360   1.077372   3.839171    4199.550 1
 62.128375 -38.173639   0.064765  0.000213  19416.059    63.855794   1.079609   3.847144    4186.703 1
 63.768667 -39.166583   0.050901  0.000297  15259.736    89.038360   1.089639   3.882884     228.677 0
 63.981792 -39.121333   0.059363  0.000213  17796.580    63.855794   1.092033   3.891416    2644.489 1
 62.389083 -37.401917   0.058897  0.000150  17656.876    44.968869   1.115689   3.975712    2511.451 1
 62.176833 -38.516556   0.055505  0.000297  16639.980    89.038360   1.119931   3.990827    1543.070 1
 64.618000 -37.400000   0.050636  0.000333  15180.291    99.830889   1.125067   4.009130     153.022 0
 63.976125 -39.166722   0.050068  0.000213  15010.009    63.855794   1.133180   4.038041      -9.136 0
 62.056875 -37.992083   0.064841  0.000297  19438.843    89.038360   1.138185   4.055877    4208.400 1
 62.143500 -38.516306   0.055558  0.000150  16655.869    44.968869   1.144213   4.077357    1558.201 1
 62.107083 -38.506139   0.050135  0.000150  15030.095    44.968869   1.167344   4.159782       9.992 0
 63.960208 -39.211861   0.050301  0.000150  15079.860    44.968869   1.171884   4.175962      57.383 0
 63.176333 -39.242806   0.059760  0.000297  17915.597    89.038360   1.172136   4.176859    2757.828 1
 63.247958 -39.255028   0.049932  0.000297  14969.237    89.038360   1.173359   4.181216     -47.962 0
 63.197958 -39.252167   0.059228  0.000103  17756.108    30.878623   1.177762   4.196909    2605.948 1
 62.034792 -38.369722   0.050441  0.000297  15121.831    89.038360   1.182229   4.212824      97.352 0
 62.195875 -38.697194   0.050091  0.000103  15016.904    30.878623   1.186225   4.227063      -2.569 0
 61.978792 -38.163889   0.056764  0.000297  17017.419    89.038360   1.196489   4.263640    1902.502 1
 62.478458 -39.002306   0.034092  0.000213  10220.524    63.855794   1.208249   4.305548   -4570.115 1
 64.440250 -37.142278   0.051349  0.000150  15394.043    44.968869   1.210286   4.312804     356.576 0
 64.510145 -39.021843   0.050300  0.000333  15079.561    99.830889   1.220264   4.348360      57.098 0
 63.539417 -39.344556   0.059758  0.000213  17914.998    63.855794   1.246866   4.443157    2757.257 1
 64.825583 -37.356528   0.050031  0.000150  14998.916    44.968869   1.281912   4.568041     -19.699 0
 63.883520 -39.353331   0.051100  0.000333  15319.395    99.830889   1.291541   4.602353     285.489 0
 64.076500 -39.323306   0.049798  0.000150  14929.065    44.968869   1.307318   4.658575     -86.218 0
 64.744167 -37.208972   0.051249  0.000150  15364.064    44.968869   1.324405   4.719462     328.027 0
 61.845708 -37.800722   0.058347  0.000150  17491.991    44.968869   1.333015   4.750145    2354.431 1
 61.976625 -37.500028   0.034307  0.000150  10284.980    44.968869   1.337564   4.766355   -4508.735 1
 62.297125 -37.115111   0.058287  0.000150  17474.003    44.968869   1.363010   4.857031    2337.302 1
 63.835917 -39.464694   0.059861  0.000150  17945.876    44.968869   1.392354   4.961599    2786.662 1
 65.009958 -37.274778   0.050688  0.000150  15195.880    44.968869   1.447658   5.158671     167.868 1
 61.821083 -37.469583   0.058317  0.000150  17482.997    44.968869   1.460922   5.205936    2345.867 1
 64.012000 -36.683833   0.059658  0.000150  17885.018    44.968869   1.471251   5.242744    2728.708 1
 65.419667 -37.944861   0.060375  0.000150  18099.970    44.968869   1.520876   5.419581    2933.404 1
 64.914022 -39.173340   0.050585  0.000150  15165.001    44.968869   1.549115   5.520208     138.462 1
 64.916731 -39.172741   0.050885  0.000333  15254.939    99.830889   1.550235   5.524200     224.109 1
 64.915048 -39.175261   0.050885  0.000434  15254.939    99.990000   1.551030   5.527031     224.109 1
 64.779333 -39.280194   0.051099  0.000150  15319.095    44.968869   1.554277   5.538602     285.204 1
 61.519125 -38.179806   0.052003  0.000150  15590.107    44.968869   1.558560   5.553864     543.286 1
 64.964125 -39.167611   0.050628  0.000150  15177.893    44.968869   1.573839   5.608310     150.738 1
 64.939759 -39.197704   0.050200  0.000333  15049.581    99.830889   1.580610   5.632440      28.549 1
 65.381333 -37.531806   0.050528  0.000103  15147.913    30.878623   1.587426   5.656727     122.189 1
 61.611168 -38.708182   0.051900  0.000333  15559.229    99.830889   1.604482   5.717507     513.881 1
 65.067292 -39.171778   0.051019  0.000150  15295.111    44.968869   1.637063   5.833607     262.365 1
 65.639667 -38.524083   0.041409  0.000150  12414.106    44.968869   1.739227   6.197665   -2481.189 1
 61.484523 -38.845505   0.056300  0.000333  16878.315    99.830889   1.751142   6.240124    1770.035 1
 61.493361 -38.866126   0.042000  0.000333  12591.283    99.830889   1.753786   6.249547   -2312.464 1
 63.726875 -39.861306   0.059311  0.000150  17780.990    44.968869   1.772431   6.315986    2629.643 1
 63.152750 -39.854278   0.059358  0.000150  17795.081    44.968869   1.776900   6.331910    2643.061 1
 61.477792 -38.905417   0.055625  0.000150  16675.955    44.968869   1.782259   6.351007    1577.329 1
 61.444792 -37.328861   0.059048  0.000150  17702.145    44.968869   1.788782   6.374251    2554.559 1
 65.661042 -38.818722   0.051959  0.000150  15576.916    44.968869   1.849253   6.589737     530.725 1
 61.270042 -37.346083   0.065892  0.000150  19753.925    44.968869   1.906992   6.795489    4508.449 1
 61.370292 -37.171306   0.065042  0.000150  19499.101    44.968869   1.913052   6.817082    4265.783 1
 63.074208 -39.988139   0.060162  0.000150  18036.114    44.968869   1.919049   6.838452    2872.595 1
 61.219542 -37.397806   0.059348  0.000150  17792.083    44.968869   1.924153   6.856640    2640.206 1
 63.438625 -40.036472   0.051479  0.000150  15433.016    44.968869   1.938875   6.909104     393.690 1
 61.293250 -37.213806   0.066152  0.000150  19831.871    44.968869   1.946637   6.936763    4582.676 1
 61.256958 -37.187500   0.055215  0.000150  16553.041    44.968869   1.984058   7.070112    1460.278 1
 64.919333 -36.433472   0.061973  0.000150  18579.038    44.968869   2.006030   7.148406    3389.616 1
 61.332167 -36.983528   0.065679  0.000150  19690.069    44.968869   2.035786   7.254442    4447.640 1
 60.898917 -38.058194   0.059885  0.000150  17953.071    44.968869   2.044884   7.286863    2793.514 1
 66.092292 -37.992111   0.059828  0.000150  17935.983    44.968869   2.045209   7.288018    2777.241 1
 65.732458 -37.045139   0.041012  0.000150  12295.088    44.968869   2.050340   7.306303   -2594.528 1
 62.568708 -36.182250   0.050118  0.000150  15024.998    44.968869   2.050409   7.306551       5.139 1
 65.901375 -38.910500   0.048890  0.000103  14656.853    30.878623   2.059225   7.337966    -345.442 1
 62.177167 -39.953861   0.049738  0.000150  14911.077    44.968869   2.126577   7.577971    -103.347 1
 61.222042 -36.892222   0.065896  0.000150  19755.124    44.968869   2.158492   7.691697    4509.591 1
 65.303875 -36.466417   0.049334  0.000103  14789.961    30.878623   2.164400   7.712752    -218.685 1
 60.837333 -37.407306   0.055945  0.000150  16771.889    44.968869   2.204024   7.853952    1668.686 1
 66.175542 -38.745250   0.049054  0.000103  14706.019    30.878623   2.205062   7.857650    -298.622 1
 61.785000 -36.233333   0.065739  0.000150  19708.056    44.968869   2.300525   8.197826    4464.769 1
 60.716083 -37.345000   0.065922  0.000150  19762.918    44.968869   2.314349   8.247087    4517.014 1
 61.921208 -40.058806   0.049798  0.000150  14929.065    44.968869   2.319872   8.266771     -86.218 1
 65.824417 -39.549056   0.056249  0.000103  16863.026    30.878623   2.336688   8.326694    1755.475 1
 60.474125 -38.226056   0.059998  0.000150  17986.948    44.968869   2.382223   8.488956    2825.774 1
 60.442458 -38.555556   0.059885  0.000150  17953.071    44.968869   2.446842   8.719223    2793.514 1
 60.548917 -37.316639   0.051326  0.000150  15387.148    44.968869   2.448022   8.723426     350.010 1
 65.460917 -40.000111   0.053504  0.000183  16040.096    54.862020   2.450788   8.733282     971.806 1
 61.799833 -40.175806   0.049347  0.000150  14793.858    44.968869   2.469878   8.801310    -214.974 1
 60.428167 -37.505306   0.056743  0.000150  17011.123    44.968869   2.486655   8.861092    1896.506 1
 66.519542 -37.258917   0.049154  0.000150  14735.998    44.968869   2.522387   8.988423    -270.073 1
 66.568542 -37.235778   0.049061  0.000150  14708.118    44.968869   2.566465   9.145494    -296.624 1
 66.764167 -38.185278   0.051876  0.000150  15552.034    44.968869   2.572670   9.167605     507.029 1
 60.420833 -37.181833   0.057656  0.000297  17284.834    89.038360   2.588344   9.223459    2157.158 1
 60.197550 -38.316793   0.059500  0.000333  17837.651    99.830889   2.605629   9.285053    2683.601 1
 60.183375 -37.966167   0.057253  0.000183  17164.018    54.862020   2.610931   9.303947    2042.106 1
 66.814417 -37.912222   0.049224  0.000113  14756.984    33.876548   2.617350   9.326820    -250.089 1
 60.451125 -37.040500   0.059188  0.000150  17744.116    44.968869   2.619860   9.335764    2594.528 1
 60.233375 -38.640976   0.066400  0.000333  19906.219    99.830889   2.624987   9.354036    4653.478 1
 60.367917 -37.135444   0.058240  0.000150  17459.913    44.968869   2.643867   9.421314    2323.884 1
 60.200542 -38.650639   0.066439  0.000150  19917.911    44.968869   2.652268   9.451251    4664.612 1
 66.337417 -36.646000   0.047706  0.000150  14301.899    44.968869   2.665623   9.498839    -683.462 1
 64.833667 -40.548278   0.050058  0.000183  15007.011    54.862020   2.666428   9.501707     -11.991 1
 60.908792 -36.374083   0.059308  0.000150  17780.091    44.968869   2.668447   9.508903    2628.787 1
 64.546875 -40.643806   0.051042  0.000150  15302.007    44.968869   2.676409   9.537276     268.931 1
 60.341958 -37.092583   0.059271  0.000150  17768.999    44.968869   2.678697   9.545429    2618.224 1
 60.966000 -36.306722   0.065237  0.000213  19557.561    63.855794   2.678816   9.545852    4321.454 1
 60.285125 -37.183361   0.037081  0.000213  11116.604    63.855794   2.687970   9.578471   -3716.787 1
 65.388917 -40.360889   0.050765  0.000113  15218.964    33.876548   2.708683   9.652281     189.850 1
 60.505917 -39.454944   0.047997  0.000150  14389.139    44.968869   2.716826   9.681298    -600.384 1
 60.518069 -39.472799   0.047800  0.000333  14330.079    99.830889   2.717533   9.683818    -656.626 1
 64.837208 -40.609111   0.051439  0.000150  15421.024    44.968869   2.723510   9.705117     382.270 1
 66.956375 -38.619083   0.050468  0.000183  15129.926    54.862020   2.771846   9.877362     105.060 1
 61.959375 -35.593028   0.049618  0.000150  14875.102    44.968869   2.782011   9.913585    -137.606 1
 60.572458 -36.529000   0.059058  0.000213  17705.143    63.855794   2.785436   9.925787    2557.414 1
 60.241958 -39.216500   0.051933  0.000150  15569.122    44.968869   2.794990   9.959834     523.302 1
 60.758167 -36.311278   0.060549  0.000150  18152.134    44.968869   2.799645   9.976420    2983.079 1
 60.181083 -37.077417   0.052425  0.000213  15716.620    63.855794   2.801933   9.984574     663.763 1
 60.169708 -37.085111   0.051319  0.000150  15385.049    44.968869   2.807486  10.004362     348.012 1
 60.935167 -36.135000   0.056341  0.000213  16890.607    63.855794   2.813901  10.027222    1781.740 1
 59.969292 -37.588556   0.065572  0.000150  19657.991    44.968869   2.822450  10.057686    4417.093 1
 60.322333 -36.714944   0.058384  0.000297  17503.083    89.038360   2.855596  10.175802    2364.994 1
 65.531292 -40.486889   0.060542  0.000150  18150.035    44.968869   2.875631  10.247194    2981.081 1
 66.958750 -37.166583   0.045208  0.000090  13553.017    26.981321   2.879189  10.259871   -1396.614 1
 60.078667 -37.029722   0.051775  0.000297  15521.755    89.038360   2.894406  10.314097     478.195 1
 66.578167 -36.505028   0.050175  0.000113  15042.087    33.876548   2.901337  10.338796      21.412 1
 64.640208 -40.862583   0.051029  0.000183  15298.109    54.862020   2.907176  10.359603     265.220 1
 60.768333 -36.135000   0.058107  0.000150  17420.040    44.968869   2.909404  10.367543    2285.914 1
 60.052000 -39.188222   0.060278  0.000284  18070.890    85.141058   2.921933  10.412190    2905.711 1
 67.062583 -37.247139   0.048814  0.000103  14634.069    30.878623   2.932239  10.448915    -367.139 1
 64.513917 -35.270750   0.054581  0.000150  16362.972    44.968869   2.938484  10.471167    1279.278 1
 59.758502 -38.392921   0.065700  0.000333  19696.364    99.830889   2.956681  10.536014    4453.635 1
 59.839250 -38.786611   0.059511  0.000150  17840.949    44.968869   2.959596  10.546399    2686.741 1
 59.816542 -38.791472   0.060408  0.000150  18109.863    44.968869   2.978106  10.612361    2942.825 1
 59.803917 -38.766194   0.058891  0.000150  17655.078    44.968869   2.982005  10.626254    2509.738 1
 59.704833 -38.284167   0.049965  0.000150  14979.130    44.968869   2.989977  10.654663     -38.541 1
 67.158708 -37.265917   0.048987  0.000150  14685.933    44.968869   2.999445  10.688402    -317.750 1
 59.961625 -39.261028   0.047660  0.000057  14288.109    17.088170   3.015360  10.745113    -696.594 1
 60.886333 -35.868639   0.058654  0.000150  17584.027    44.968869   3.031702  10.803348    2442.077 1
 61.158958 -35.659167   0.066469  0.000150  19926.905    44.968869   3.055102  10.886731    4673.177 1
 59.583708 -38.032306   0.059348  0.000150  17792.083    44.968869   3.080208  10.976197    2640.206 1
 66.444875 -40.133778   0.038410  0.000103  11515.028    30.878623   3.086402  10.998270   -3337.372 1
 65.688583 -35.533111   0.048504  0.000113  14541.133    33.876548   3.090980  11.014582    -455.641 1
 61.097167 -35.642167   0.065102  0.000150  19517.089    44.968869   3.098089  11.039915    4282.913 1
 59.621583 -37.454000   0.057446  0.000150  17221.878    44.968869   3.116982  11.107239    2097.205 1
 65.528958 -35.418611   0.055815  0.000150  16732.916    44.968869   3.120436  11.119546    1631.572 1
 59.895264 -39.414648   0.056779  0.000090  17021.916    26.981321   3.125154  11.136360    1906.784 1
 60.557011 -35.994751   0.058795  0.000213  17626.298    63.855794   3.126787  11.142178    2482.331 1
 60.556458 -35.994444   0.059608  0.000150  17870.029    44.968869   3.127315  11.144061    2714.434 1
 59.897286 -39.428684   0.057453  0.000207  17223.976    62.057039   3.129653  11.152390    2099.204 1
 59.916711 -39.498739   0.057226  0.000120  17155.923    35.975095   3.146376  11.211984    2034.398 1
 60.409667 -36.043139   0.059168  0.000150  17738.120    44.968869   3.182068  11.339168    2588.818 1
 67.161375 -39.461722   0.054581  0.000150  16362.972    44.968869   3.189912  11.367122    1279.278 1
 61.537917 -35.301028   0.056239  0.000150  16860.028    44.968869   3.193815  11.381029    1752.620 1
 67.479625 -38.853111   0.053067  0.000150  15909.086    44.968869   3.223874  11.488143     847.047 1
 67.092667 -39.653500   0.056953  0.000103  17074.080    30.878623   3.228993  11.506387    1956.459 1
 67.306086 -39.302850   0.054900  0.000333  16458.606    99.830889   3.230680  11.512397    1370.349 1
 60.909167 -35.577833   0.065222  0.000150  19553.064    44.968869   3.240213  11.546368    4317.171 1
 59.408667 -38.517361   0.050168  0.000150  15039.988    44.968869   3.244452  11.561474      19.413 1
 59.895833 -39.709778   0.058427  0.000067  17515.974    20.086095   3.260097  11.617225    2377.271 1
 61.759792 -41.068972   0.057336  0.000150  17188.900    44.968869   3.270261  11.653441    2065.802 1
 59.756292 -36.637333   0.051989  0.000213  15585.910    63.855794   3.286222  11.710320     539.290 1
 67.379125 -39.354056   0.055125  0.000150  16526.059    44.968869   3.303210  11.770855    1434.584 1
 67.698542 -38.325556   0.056516  0.000150  16943.071    44.968869   3.314316  11.810432    1831.700 1
 67.629125 -38.869778   0.052870  0.000150  15850.027    44.968869   3.342174  11.909703     790.806 1
 67.117833 -36.296778   0.048697  0.000103  14598.993    30.878623   3.371146  12.012942    -400.542 1
 59.484583 -39.286583   0.057937  0.000150  17369.076    44.968869   3.373763  12.022268    2237.381 1
 59.604840 -39.522681   0.056709  0.000267  17000.931    80.044586   3.377946  12.037175    1886.800 1
 66.614143 -35.749539   0.053067  0.000150  15909.086    44.968869   3.396142  12.102012     847.047 1
 66.960792 -36.069472   0.047306  0.000150  14181.982    44.968869   3.397967  12.108517    -797.657 1
 59.969417 -40.075028   0.053033  0.000103  15898.893    30.878623   3.407946  12.144076     837.341 1
 59.746625 -39.818972   0.052870  0.000067  15850.027    20.086095   3.416345  12.174008     790.806 1
 67.324083 -39.748611   0.062970  0.000150  18877.931    44.968869   3.434404  12.238360    3674.249 1
 66.542042 -35.633194   0.037306  0.000150  11184.057    44.968869   3.437826  12.250552   -3652.552 1
 66.803083 -35.835556   0.037096  0.000150  11121.101    44.968869   3.448006  12.286829   -3712.505 1
 64.713792 -41.419306   0.050692  0.000103  15197.079    30.878623   3.456476  12.317012     169.010 1
 61.119625 -41.013528   0.058314  0.000150  17482.097    44.968869   3.464017  12.343883    2345.010 1
 59.753869 -39.985923   0.060452  0.000250  18123.054    74.948115   3.498609  12.467149    2955.387 1
 59.702841 -39.928764   0.058294  0.000280  17476.102    83.941888   3.502271  12.480202    2339.300 1
 67.296333 -36.217556   0.047716  0.000183  14304.897    54.862020   3.532223  12.586934    -680.607 1
 63.745902 -41.625764   0.060400  0.000333  18107.464    99.830889   3.533063  12.589928    2940.541 1
 59.796292 -40.121806   0.060088  0.000097  18013.929    29.079868   3.546294  12.637073    2851.468 1
 61.299875 -34.997028   0.039878  0.000150  11955.124    44.968869   3.550519  12.652131   -2918.273 1
 62.546042 -34.615139   0.060005  0.000150  17989.046    44.968869   3.562473  12.694728    2827.773 1
 62.544917 -34.590694   0.065762  0.000150  19714.952    44.968869   3.586561  12.780565    4471.336 1
 60.546167 -35.351611   0.058294  0.000150  17476.102    44.968869   3.596600  12.816337    2339.300 1
 60.056333 -35.658944   0.065286  0.000213  19572.250    63.855794   3.644257  12.986161    4335.443 1
 60.077625 -35.605528   0.065362  0.000150  19595.035    44.968869   3.667914  13.070461    4357.140 1
 61.388333 -34.809250   0.058551  0.000150  17553.148    44.968869   3.683778  13.126993    2412.671 1
 66.738417 -40.788000   0.054578  0.000150  16362.073    44.968869   3.707101  13.210102    1278.422 1
 65.307208 -41.620250   0.061316  0.000150  18382.074    44.968869   3.799322  13.538728    3202.050 1
 61.890375 -41.710861   0.051135  0.000150  15329.887    44.968869   3.827547  13.639309     295.482 1
 64.506875 -34.304111   0.037006  0.000150  11094.120    44.968869   3.876386  13.813343   -3738.199 1
 64.473708 -41.945083   0.061913  0.000150  18561.050    44.968869   3.922995  13.979432    3372.487 1
 61.195958 -34.563611   0.059071  0.000150  17709.040    44.968869   3.971354  14.151759    2561.126 1
