 28.174875   1.007111   0.229731  0.000041  68871.621    12.291491   0.000033   0.000435     211.512 0
 28.176761   1.004387   0.228001  0.000153  68352.980    45.868246   0.003310   0.044087    -210.537 0
 28.172538   1.011708   0.224828  0.000167  67401.739    50.065340   0.005164   0.068782    -984.619 0
 28.174212   0.999563   0.237177  0.000107  71103.876    32.077793   0.007554   0.100610    2028.031 0
 28.175676   1.015244   0.231750  0.000110  69476.902    32.977170   0.008196   0.109157     704.066 0
 28.176685   0.999057   0.222837  0.000087  66804.852    26.081944   0.008240   0.109745   -1470.341 0
 28.178737   1.015242   0.231959  0.000089  69539.559    26.681529   0.009031   0.120283     755.053 0
 28.174904   0.997645   0.229670  0.000130  68853.334    38.973020   0.009445   0.125799     196.631 0
 28.170103   0.998235   0.225340  0.000160  67555.232    47.966793   0.010047   0.133812    -859.712 0
 28.172406   0.997313   0.222647  0.000107  66747.891    32.077793   0.010078   0.134224   -1516.693 0
 28.164706   1.002325   0.227330  0.000140  68151.819    41.970944   0.011206   0.149251    -374.233 0
 28.176709   1.019101   0.231773  0.000137  69483.797    41.071567   0.012154   0.161877     709.677 0
 28.161002   0.999342   0.225680  0.000110  67657.162    32.977170   0.015866   0.211321    -776.766 0
 28.160801   0.995881   0.229128  0.000187  68690.846    56.061190   0.017971   0.239352      64.405 0
 28.187361   1.020255   0.229900  0.000130  68922.286    38.973020   0.018160   0.241873     252.742 0
 28.194198   0.999833   0.230960  0.000083  69240.066    24.882774   0.020661   0.275186     511.338 0
 28.189487   0.991630   0.230870  0.000120  69213.085    35.975095   0.021288   0.283534     489.382 0
 28.156536   1.018769   0.223304  0.000050  66944.855    14.989623   0.021719   0.289267   -1356.412 0
 28.153097   1.012691   0.229699  0.000063  68862.028    18.886925   0.022459   0.299131     203.706 0
 28.175068   1.030863   0.232190  0.000170  69608.811    50.964718   0.023774   0.316642     811.408 0
 28.173266   0.982916   0.232610  0.000100  69734.724    29.979246   0.024226   0.322660     913.870 0
 28.156790   1.025403   0.237990  0.000110  71347.607    32.977170   0.025718   0.342537    2226.370 1
 28.148721   1.011794   0.236574  0.000067  70923.101    20.086095   0.026545   0.353550    1880.924 0
 28.183392   1.033360   0.223870  0.000090  67114.538    26.981321   0.027623   0.367913   -1218.331 0
 28.201409   1.020389   0.235020  0.000140  70457.223    41.970944   0.029699   0.395555    1501.812 0
 28.155909   0.983955   0.221376  0.000047  66366.855    14.090246   0.029898   0.398204   -1826.765 0
 28.188939   1.033552   0.222280  0.000140  66637.868    41.970944   0.029978   0.399271   -1606.226 0
 28.175062   0.976634   0.229980  0.000130  68946.269    38.973020   0.030457   0.405648     272.258 0
 28.185992   0.977719   0.229980  0.000130  68946.269    38.973020   0.031413   0.418382     272.258 0
 28.197881   0.985213   0.224310  0.000130  67246.446    38.973020   0.031763   0.423042   -1110.989 0
 28.148112   1.025574   0.231440  0.000120  69383.966    35.975095   0.032502   0.432884     628.438 0
 28.188311   0.977399   0.227670  0.000100  68253.749    29.979246   0.032599   0.434182    -291.287 0
 28.145200   0.991359   0.231610  0.000177  69434.931    53.063265   0.033561   0.446989     669.911 0
 28.199292   1.030117   0.227664  0.000057  68251.950    17.088170   0.033578   0.447218    -292.751 0
 28.164201   0.974929   0.231590  0.000170  69428.935    50.964718   0.033878   0.451211     665.032 0
 28.146983   1.027586   0.234936  0.000057  70432.041    17.088170   0.034589   0.460689    1481.319 0
 28.142133   0.993684   0.227014  0.000060  68057.085    17.987547   0.035352   0.470853    -451.324 0
 28.201826   0.983581   0.228658  0.000097  68549.944    29.079868   0.035779   0.476538     -50.256 0
 28.179961   1.043110   0.236200  0.000130  70810.979    38.973020   0.036381   0.484549    1789.683 0
 28.179796   1.044460   0.231973  0.000087  69543.756    26.081944   0.037696   0.502064     758.469 0
 28.176180   0.969233   0.228700  0.000150  68562.535    44.968869   0.037880   0.504522     -40.009 0
 28.172159   1.045261   0.228360  0.000100  68460.606    29.979246   0.038266   0.509655    -122.955 0
 28.212023   0.997790   0.231280  0.000150  69336.000    44.968869   0.038313   0.510286     589.405 0
 28.212666   1.013553   0.221340  0.000130  66356.063    38.973020   0.038359   0.510891   -1835.548 0
 28.201814   0.979119   0.230459  0.000027  69089.870     8.094396   0.038849   0.517418     389.115 0
 28.210510   0.989062   0.231043  0.000197  69264.949    59.059114   0.039953   0.532129     531.587 0
 28.214162   0.999603   0.221900  0.000037  66523.946    11.092321   0.040013   0.532922   -1698.931 0
 28.159264   0.970168   0.229680  0.000120  68856.332    35.975095   0.040076   0.533765     199.071 0
 28.209958   1.026816   0.229900  0.000070  68922.286    20.985472   0.040265   0.536289     252.742 0
 28.168398   0.967344   0.227660  0.000110  68250.751    32.977170   0.040266   0.536298    -293.727 0
 28.157944   1.043675   0.237520  0.000120  71206.705    35.975095   0.040301   0.536765    2111.709 0
 28.155498   0.971579   0.223620  0.000140  67039.589    41.970944   0.040440   0.538618   -1279.321 0
 28.172966   0.964268   0.232144  0.000157  69595.020    47.067416   0.042863   0.570891     800.186 0
 28.141256   0.979191   0.234710  0.000190  70364.288    56.960567   0.043664   0.581557    1426.184 0
 28.158793   1.048073   0.229610  0.000120  68835.346    35.975095   0.044015   0.586234     181.993 0
 28.131568   1.018656   0.223490  0.000170  67000.616    50.964718   0.044794   0.596608   -1311.036 0
 28.129875   1.001728   0.222440  0.000117  66685.834    35.075718   0.045287   0.603165   -1567.193 0
 28.132437   1.023672   0.233211  0.000177  69914.899    53.063265   0.045533   0.606449    1060.490 0
 28.197220   0.967425   0.229772  0.000050  68883.913    14.989623   0.045537   0.606494     221.515 0
 28.189051   1.051029   0.232654  0.000167  69747.915    50.065340   0.046176   0.615014     924.605 0
 28.178991   1.053578   0.232680  0.000130  69755.709    38.973020   0.046672   0.621617     930.948 0
 28.130147   0.991216   0.224018  0.000057  67158.907    17.088170   0.047431   0.631729   -1182.225 0
 28.191830   0.962680   0.236980  0.000147  71044.817    44.069491   0.047544   0.633238    1979.971 0
 28.139680   1.039296   0.222820  0.000140  66799.755    41.970944   0.047684   0.635097   -1474.488 0
 28.220582   0.992538   0.232578  0.000067  69725.130    20.086095   0.047985   0.639100     906.064 0
 28.214392   1.035204   0.230170  0.000090  69003.230    26.981321   0.048513   0.646133     318.610 0
 28.199944   1.049006   0.230963  0.000117  69240.965    35.075718   0.048851   0.650645     512.070 0
 28.126305   1.020927   0.231850  0.000060  69506.881    17.987547   0.050471   0.672219     728.462 0
 28.222265   1.025596   0.230290  0.000130  69039.205    38.973020   0.050892   0.677818     347.886 0
 28.207806   0.968055   0.225436  0.000093  67584.013    27.880699   0.051083   0.680369    -836.292 0
 28.184933   0.956204   0.225360  0.000110  67561.228    32.977170   0.051875   0.690915    -854.832 0
 28.181791   0.954543   0.233571  0.000087  70022.824    26.081944   0.053003   0.705943    1148.315 0
 28.121966   0.994610   0.224230  0.000100  67222.463    29.979246   0.054329   0.723595   -1130.506 0
 28.139040   1.048224   0.237800  0.000110  71290.647    32.977170   0.054534   0.726331    2180.018 1
 28.140615   0.963840   0.231230  0.000190  69321.010    56.960567   0.055156   0.734620     577.207 0
 28.162229   1.060950   0.230690  0.000110  69159.122    32.977170   0.055319   0.736779     445.469 0
 28.221378   1.039725   0.229572  0.000210  68823.954    62.956416   0.056826   0.756861     172.723 0
 28.172529   0.948887   0.230120  0.000130  68988.240    38.973020   0.058249   0.775812     306.413 0
 28.206203   0.956736   0.228101  0.000073  68382.959    21.884849   0.059315   0.790003    -186.141 0
 28.189264   1.066976   0.226576  0.000107  67925.776    32.077793   0.061596   0.820384    -558.178 0
 28.194857   1.067132   0.231480  0.000120  69395.958    35.975095   0.063287   0.842905     638.197 0
 28.236975   0.990627   0.225610  0.000140  67636.176    41.970944   0.064260   0.855869    -793.843 0
 28.203470   0.949549   0.220040  0.000050  65966.332    14.989623   0.064264   0.855917   -2152.694 1
 28.189253   0.944173   0.225109  0.000147  67485.980    44.069491   0.064544   0.859652    -916.066 0
 28.147742   1.066485   0.227750  0.000100  68277.732    29.979246   0.065287   0.869546    -271.770 0
 28.108238   1.009554   0.228170  0.000090  68403.645    26.981321   0.066647   0.887664    -169.308 0
 28.117837   1.042264   0.238929  0.000233  71629.112    69.851643   0.066983   0.892133    2455.448 1
 28.241752   1.002109   0.234635  0.000147  70341.803    44.069491   0.067077   0.893386    1407.888 0
 28.188303   1.074889   0.238919  0.000147  71626.114    44.069491   0.069120   0.920604    2453.008 1
 28.112253   0.977647   0.224040  0.000080  67165.502    23.983397   0.069167   0.921223   -1176.858 0
 28.244098   1.017231   0.228410  0.000150  68475.595    44.968869   0.069976   0.932000    -110.757 0
 28.233110   0.968116   0.233822  0.000103  70098.072    30.878623   0.070087   0.933474    1209.549 0
 28.115807   1.045428   0.222990  0.000160  66850.720    47.966793   0.070390   0.937518   -1433.015 0
 28.226520   0.958478   0.233060  0.000160  69869.630    47.966793   0.070937   0.944802    1023.652 0
 28.135201   0.948170   0.234550  0.000200  70316.321    59.958492   0.071015   0.945837    1387.151 0
 28.104930   0.994361   0.223360  0.000180  66961.643    53.962642   0.071059   0.946418   -1342.750 0
 28.103472   1.013254   0.224510  0.000180  67306.405    53.962642   0.071633   0.954064   -1062.198 0
 28.220487   1.066861   0.230709  0.000227  69164.818    68.052888   0.075198   1.001544     450.104 0
 28.166781   0.931425   0.229220  0.000130  68718.427    38.973020   0.076094   1.013482      86.849 0
 28.242309   0.971504   0.232580  0.000100  69725.730    29.979246   0.076261   1.015702     906.552 0
 28.172238   0.929885   0.227090  0.000130  68079.869    38.973020   0.077249   1.028869    -432.783 0
 28.242404   1.047065   0.232928  0.000093  69830.058    27.880699   0.078487   1.045349     991.449 0
 28.244621   0.969648   0.232718  0.000137  69767.101    41.071567   0.079173   1.054495     940.218 0
 28.154127   1.085228   0.237620  0.000090  71236.684    26.981321   0.080838   1.076675    2136.105 1
 28.172697   0.925310   0.225225  0.000147  67520.756    44.069491   0.081808   1.089592    -887.767 0
 28.093783   1.026276   0.226220  0.000080  67819.050    23.983397   0.083294   1.109383    -645.028 0
 28.147628   1.085835   0.236230  0.000150  70819.972    44.968869   0.083316   1.109675    1797.002 0
 28.129869   0.936618   0.233021  0.000057  69857.938    17.088170   0.083600   1.113456    1014.138 0
 28.253547   0.977770   0.228640  0.000130  68544.548    38.973020   0.083970   1.118384     -54.647 0
 28.134040   1.080538   0.235536  0.000133  70611.916    39.872397   0.084021   1.119064    1627.695 0
 28.099898   0.968483   0.224570  0.000070  67324.392    20.985472   0.084300   1.122784   -1047.560 0
 28.100395   0.967095   0.223350  0.000090  66958.645    26.981321   0.084507   1.125535   -1345.190 0
 28.090377   1.002228   0.226800  0.000107  67992.929    32.077793   0.084600   1.126771    -503.531 0
 28.135627   1.083599   0.226440  0.000130  67885.004    38.973020   0.085974   1.145079    -591.357 0
 28.098354   0.967152   0.224170  0.000090  67204.475    26.981321   0.086284   1.149199   -1145.144 0
 28.152448   1.090550   0.226543  0.000107  67915.883    32.077793   0.086413   1.150926    -566.229 0
 28.153767   0.921288   0.230469  0.000043  69092.868    12.891076   0.088353   1.176766     391.554 0
 28.152958   1.093802   0.236336  0.000096  70851.750    28.780076   0.089432   1.191131    1822.862 0
 28.176226   0.916972   0.224980  0.000100  67447.307    29.979246   0.090129   1.200407    -947.537 0
 28.258119   0.972470   0.230396  0.000137  69070.983    41.071567   0.090167   1.200923     373.745 0
 28.246327   0.951407   0.228091  0.000267  68379.962    80.044586   0.090598   1.206659    -188.580 0
 28.167388   0.916413   0.232300  0.000110  69641.788    32.977170   0.090983   1.211794     838.243 0
 28.209791   1.096106   0.235030  0.000100  70460.221    29.979246   0.095626   1.273628    1504.251 0
 28.258793   0.959856   0.232189  0.000037  69608.511    11.092321   0.096308   1.282716     811.164 0
 28.143711   0.914204   0.227474  0.000100  68194.990    29.979246   0.097965   1.304781    -339.103 0
 28.095056   1.064213   0.228234  0.000127  68422.832    38.073642   0.098123   1.306887    -153.694 0
 28.217799   0.918462   0.227660  0.000150  68250.751    44.968869   0.098483   1.311684    -293.727 0
 28.232159   0.923533   0.228290  0.000160  68439.620    47.966793   0.101317   1.349421    -140.032 0
 28.098781   0.940131   0.224440  0.000150  67285.419    44.968869   0.101332   1.349627   -1079.275 0
 28.102358   0.933313   0.235350  0.000150  70556.155    44.968869   0.103424   1.377487    1582.318 0
 28.077806   0.968198   0.226814  0.000063  67997.127    18.886925   0.104533   1.392263    -500.116 0
 28.192689   0.902843   0.228688  0.000087  68558.938    26.081944   0.105762   1.408625     -42.937 0
 28.228963   1.098990   0.228660  0.000120  68550.543    35.975095   0.106644   1.420373     -49.768 0
 28.179315   1.114105   0.225740  0.000100  67675.149    29.979246   0.107108   1.426555    -762.128 0
 28.221052   0.909425   0.221600  0.000050  66434.009    14.989623   0.108039   1.438954   -1772.118 1
 28.117238   0.914460   0.232960  0.000170  69839.651    50.964718   0.109080   1.452818     999.256 0
 28.206292   1.117700   0.226580  0.000210  67926.975    62.956416   0.114991   1.531543    -557.202 0
 28.083919   0.934897   0.228850  0.000140  68607.504    41.970944   0.116094   1.546232      -3.415 0
 28.215328   0.898068   0.229589  0.000080  68829.051    23.983397   0.116292   1.548871     176.870 0
 28.098258   0.916566   0.232784  0.000137  69786.888    41.071567   0.118571   1.579230     956.319 0
 28.235601   0.903440   0.227881  0.000447  68317.005    99.990000   0.120137   1.600084    -239.812 0
 28.208940   1.123695   0.230190  0.000100  69009.226    29.979246   0.121485   1.618033     323.490 0
 28.261941   1.094921   0.227034  0.000060  68063.081    17.987547   0.123680   1.647276    -446.445 0
 28.144026   1.127071   0.232187  0.000033  69607.911     9.893151   0.123876   1.649885     810.676 0
 28.074709   1.082676   0.226083  0.000035  67777.978    10.492736   0.125453   1.670884    -678.450 0
 28.075558   1.084960   0.224290  0.000220  67240.450    65.954341   0.126173   1.680476   -1115.869 0
 28.249690   1.109607   0.228090  0.000160  68379.662    47.966793   0.126921   1.690445    -188.824 0
 28.066591   1.074575   0.229732  0.000127  68871.921    38.073642   0.127556   1.698902     211.756 0
 28.080392   0.919309   0.228581  0.000177  68526.860    53.063265   0.128938   1.717307     -69.040 0
 28.171312   1.136545   0.227480  0.000160  68196.788    47.966793   0.129503   1.724834    -337.639 0
 28.188010   0.877927   0.226370  0.000140  67864.019    41.970944   0.129831   1.729205    -608.434 0
 28.124419   0.886800   0.232410  0.000180  69674.765    53.962642   0.130431   1.737187     865.079 0
 28.242260   0.895197   0.225969  0.000117  67743.802    35.075718   0.130624   1.739766    -706.261 0
 28.226361   0.885347   0.227554  0.000034  68218.973    10.192944   0.132189   1.760604    -319.586 0
 28.232040   1.128956   0.229108  0.000060  68684.850    17.987547   0.134614   1.792906      59.526 0
 28.194750   1.140649   0.232250  0.000140  69626.798    41.970944   0.135033   1.798482     826.045 0
 28.198024   0.872788   0.232714  0.000110  69765.902    32.977170   0.136286   1.815173     939.242 0
 28.245300   0.889273   0.231580  0.000110  69425.937    32.977170   0.137268   1.828251     662.593 0
 28.103849   1.125171   0.231447  0.000090  69386.065    26.981321   0.137778   1.835040     630.146 0
 28.298025   1.070928   0.224110  0.000100  67186.488    29.979246   0.138718   1.847563   -1159.781 0
 28.245671   1.127962   0.224264  0.000011  67232.656     3.297717   0.140086   1.865784   -1122.211 0
 28.182447   1.150174   0.227890  0.000110  68319.703    32.977170   0.143285   1.908396    -237.616 0
 28.303051   1.072077   0.224750  0.000170  67378.355    50.964718   0.143714   1.914105   -1003.647 0
 28.124086   0.872035   0.229688  0.000097  68858.730    29.079868   0.144278   1.921611     201.022 0
 28.110153   0.877615   0.227470  0.000117  68193.790    35.075718   0.144735   1.927701    -340.079 0
 28.070124   0.905689   0.222210  0.000130  66616.882    38.973020   0.145761   1.941369   -1623.303 1
 28.306132   1.071388   0.224860  0.000090  67411.332    26.981321   0.146164   1.946733    -976.812 0
 28.055503   1.092588   0.228805  0.000053  68594.013    15.889000   0.146797   1.955159     -14.394 0
 28.260851   1.126547   0.222230  0.000037  66622.878    11.092321   0.147186   1.960353   -1618.424 1
 28.221014   1.147148   0.225342  0.000097  67555.832    29.079868   0.147468   1.964098    -859.224 0
 28.277928   1.113795   0.226191  0.000077  67810.356    23.084019   0.148350   1.975851    -652.102 0
 28.160523   1.156959   0.232230  0.000034  69620.803    10.192944   0.150552   2.005179     821.166 0
 28.095831   0.872082   0.232170  0.000100  69602.815    29.979246   0.156426   2.083419     806.529 0
 28.095045   0.872488   0.233130  0.000160  69890.616    47.966793   0.156475   2.084072    1040.729 0
 28.054167   1.107778   0.243000  0.000333  72849.567    99.830889   0.157156   2.093134    3448.605 1
 28.277453   1.126213   0.226700  0.000080  67962.950    23.983397   0.157208   2.093831    -527.927 0
 28.067250   1.122531   0.233430  0.000100  69980.553    29.979246   0.157800   2.101712    1113.917 0
 28.330456   1.054269   0.223630  0.000120  67042.587    35.975095   0.162578   2.165350   -1276.882 0
 28.030821   1.083492   0.227980  0.000160  68346.685    47.966793   0.163019   2.171225    -215.660 0
 28.179410   0.844027   0.230610  0.000090  69135.139    26.981321   0.163127   2.172659     425.952 0
 28.174932   0.843446   0.217780  0.000120  65288.802    35.975095   0.163644   2.179549   -2704.042 1
 28.128547   1.164115   0.230933  0.000027  69231.972     8.094396   0.163708   2.180395     504.751 0
 28.074206   1.137408   0.230143  0.000043  68995.136    12.891076   0.164648   2.192917     312.024 0
 28.018195   0.952442   0.240470  0.000080  72091.092    23.983397   0.165890   2.209467    2831.388 1
 28.212475   1.169661   0.229780  0.000130  68886.311    38.973020   0.166867   2.222473     223.466 0
 28.016984   0.952144   0.240830  0.000107  72199.018    32.077793   0.167132   2.226002    2919.214 1
 28.287893   1.133075   0.225512  0.000117  67606.797    35.075718   0.169254   2.254270    -817.751 0
 28.106383   0.849754   0.235570  0.000021  70622.109     6.295642   0.171584   2.285293    1635.989 1
 28.345692   1.024250   0.226123  0.000147  67789.970    44.069491   0.171675   2.286517    -668.692 0
 28.100692   0.851970   0.230230  0.000130  69021.218    38.973020   0.171930   2.289908     333.248 0
 28.014209   0.945140   0.241139  0.000011  72291.654     3.297717   0.172149   2.292828    2994.597 1
 28.007342   0.962583   0.225140  0.000090  67495.274    26.981321   0.173295   2.308088    -908.503 0
 28.044072   0.892529   0.222840  0.000015  66805.751     4.496887   0.173844   2.315404   -1469.609 0
 28.271765   0.862698   0.229280  0.000160  68736.415    47.966793   0.173893   2.316049     101.487 0
 28.029556   0.911012   0.217400  0.000070  65174.880    20.985472   0.174169   2.319728   -2796.746 1
 28.135773   0.836266   0.233865  0.000107  70110.963    32.077793   0.175235   2.333930    1220.039 0
 28.118395   0.841141   0.226877  0.000187  68016.013    56.061190   0.175286   2.334609    -484.747 0
 28.222547   0.836710   0.231030  0.000090  69261.052    26.981321   0.176928   2.356481     528.415 0
 28.090258   0.851216   0.228905  0.000117  68623.993    35.075718   0.177342   2.361994      10.002 0
 28.033493   1.115170   0.231000  0.000153  69252.058    45.868246   0.177924   2.369740     521.096 0
 28.003706   0.958046   0.216966  0.000127  65044.770    38.073642   0.178007   2.370848   -2902.624 1
 28.195036   1.185986   0.231470  0.000100  69392.960    29.979246   0.180031   2.397803     635.757 0
 28.336856   1.087844   0.228240  0.000110  68424.631    32.977170   0.180995   2.410638    -152.230 0
 28.138982   1.184749   0.231350  0.000033  69356.985     9.893151   0.181242   2.413940     606.482 0
 28.275787   0.852279   0.228768  0.000097  68582.921    29.079868   0.184801   2.461341     -23.420 0
 28.230246   1.183749   0.230533  0.000060  69112.055    17.987547   0.185138   2.465827     407.168 0
 28.054882   1.152040   0.231400  0.000120  69371.975    35.975095   0.188145   2.505868     618.680 0
 28.028562   0.887471   0.222590  0.000090  66730.803    26.981321   0.188950   2.516601   -1530.599 1
 28.216124   1.192106   0.231246  0.000167  69325.807    50.065340   0.189562   2.524753     581.110 0
 28.153388   0.816229   0.230160  0.000130  69000.232    38.973020   0.192064   2.558063     316.171 0
 28.145507   1.197067   0.231039  0.000157  69263.750    47.067416   0.192229   2.560268     530.611 0
 28.168617   0.812534   0.228500  0.000140  68502.577    41.970944   0.194656   2.592589     -88.801 0
 28.317224   1.140359   0.228281  0.000147  68436.922    44.069491   0.194999   2.597164    -142.228 0
 28.168082   1.205418   0.231950  0.000130  69536.861    38.973020   0.198443   2.643036     752.858 0
 28.016838   0.884645   0.234840  0.000080  70403.261    23.983397   0.199882   2.662198    1457.899 1
 28.339027   1.127264   0.228848  0.000157  68606.904    47.067416   0.203439   2.709576      -3.903 0
 28.210319   1.212505   0.227391  0.000037  68170.107    11.092321   0.208454   2.776363    -359.352 0
 27.973382   1.071603   0.225773  0.000060  67685.043    17.987547   0.211515   2.817139    -754.077 0
 28.374434   1.080140   0.223551  0.000110  67018.904    32.977170   0.212504   2.830301   -1296.154 0
 28.017765   0.862359   0.216890  0.000110  65021.986    32.977170   0.213577   2.844598   -2921.165 1
 27.970806   0.940441   0.229170  0.000180  68703.438    53.962642   0.214623   2.858534      74.651 0
 27.994788   1.126688   0.234386  0.000085  70267.155    25.482359   0.216139   2.878719    1347.142 1
 27.957975   1.020552   0.240296  0.000083  72038.928    24.882774   0.217259   2.893638    2788.940 1
 28.017747   0.854965   0.217750  0.000060  65279.808    17.987547   0.218668   2.912406   -2711.361 1
 28.267606   1.205976   0.228651  0.000187  68547.845    56.061190   0.219446   2.922770     -51.963 0
 28.012770   0.858871   0.217730  0.000090  65273.812    26.981321   0.219615   2.925015   -2716.240 1
 28.153179   1.230159   0.230580  0.000190  69126.145    56.960567   0.224119   2.985004     418.634 0
 28.261482   0.800149   0.230130  0.000180  68991.238    53.962642   0.224338   2.987917     308.852 0
 28.017546   0.846469   0.234480  0.000060  70295.336    17.987547   0.224802   2.994104    1370.074 1
 28.392473   1.066653   0.226049  0.000117  67767.785    35.075718   0.225595   3.004658    -686.745 1
 28.043858   1.191582   0.228800  0.000090  68592.514    26.981321   0.226254   3.013442     -15.613 0
 28.306176   0.818125   0.231520  0.000100  69407.950    29.979246   0.230106   3.064751     647.955 0
 28.362060   1.144761   0.229149  0.000254  68697.142    76.147284   0.232358   3.094734      69.528 0
 28.058136   0.804929   0.248511  0.000087  74501.724    26.081944   0.233425   3.108944    4793.063 1
 28.003877   0.846881   0.217090  0.000110  65081.945    32.977170   0.234285   3.120410   -2872.374 1
 27.941384   0.980248   0.240770  0.000010  72181.030     2.997925   0.234968   3.129503    2904.576 1
 28.403671   1.064119   0.222140  0.000100  66595.897    29.979246   0.235786   3.140400   -1640.380 1
 28.248664   1.235948   0.230850  0.000037  69207.089    11.092321   0.240464   3.202698     484.503 0
 28.335115   1.188974   0.224290  0.000050  67240.450    14.989623   0.242402   3.228514   -1115.869 1
 28.375464   0.854424   0.229860  0.000150  68910.294    44.968869   0.252072   3.357311     242.983 0
 28.420090   0.934408   0.248290  0.000110  74435.469    32.977170   0.255747   3.406259    4739.148 1
 28.424868   0.935383   0.247970  0.000150  74339.536    44.968869   0.260061   3.463707    4661.081 1
 28.249139   1.258186   0.229626  0.000053  68840.143    15.889000   0.261852   3.487562     185.897 0
 27.929136   0.908237   0.240370  0.000110  72061.113    32.977170   0.264818   3.527070    2806.992 1
 27.908978   1.049901   0.240110  0.000150  71983.167    44.968869   0.269256   3.586180    2743.563 1
 28.375959   1.188626   0.226490  0.000090  67899.994    26.981321   0.270902   3.608095    -579.159 0
 28.029738   1.236329   0.234300  0.000100  70241.373    29.979246   0.271296   3.613348    1326.161 1
 28.091660   0.737957   0.231850  0.000110  69506.881    32.977170   0.281693   3.751826     728.462 1
 28.134854   0.725262   0.227470  0.000100  68193.790    29.979246   0.284651   3.791222    -340.079 0
 28.442509   0.905213   0.216660  0.000130  64953.034    38.973020   0.286353   3.813892   -2977.276 1
 27.947824   0.830993   0.221588  0.000018  66430.411     5.396264   0.287289   3.826358   -1775.046 1
 28.181088   0.719593   0.241300  0.000050  72339.920    14.989623   0.287565   3.830028    3033.874 1
 27.893654   1.071741   0.239302  0.000167  71740.935    50.065340   0.288490   3.842353    2546.444 1
 28.091509   0.730474   0.231790  0.000110  69488.894    32.977170   0.288894   3.847739     713.824 1
 27.950435   0.820058   0.240142  0.000087  71992.760    26.081944   0.292109   3.890550    2751.370 1
 28.337200   1.253080   0.226216  0.000157  67817.851    47.067416   0.294721   3.925342    -646.003 0
 28.378096   1.220922   0.227817  0.000197  68297.818    59.059114   0.294992   3.928952    -255.425 0
 28.084872   0.723284   0.230159  0.000057  68999.932    17.088170   0.297724   3.965334     315.927 0
 28.363951   1.239229   0.226118  0.000011  67788.471     3.297717   0.299394   3.987579    -669.911 1
 28.467407   1.087399   0.221530  0.000077  66413.023    23.084019   0.303336   4.040083   -1789.195 1
 28.430212   0.842712   0.217210  0.000170  65117.920    50.964718   0.303661   4.044407   -2843.098 1
 28.376783   0.773986   0.226380  0.000110  67867.017    32.977170   0.308386   4.107342    -605.994 0
 27.901544   0.856896   0.221440  0.000140  66386.042    41.970944   0.311819   4.153073   -1811.152 1
 27.901809   0.846061   0.221190  0.000100  66311.094    29.979246   0.316952   4.221436   -1872.142 1
 27.895298   0.855870   0.231036  0.000107  69262.850    32.077793   0.317793   4.232640     529.879 0
 28.342381   0.733803   0.228500  0.000190  68502.577    56.960567   0.320537   4.269177     -88.801 0
 27.858354   1.067917   0.240176  0.000017  72002.953     5.096472   0.322240   4.291865    2759.664 1
 28.445174   0.823768   0.225496  0.000041  67602.000    12.291491   0.326588   4.349768    -821.654 0
 28.007062   0.723511   0.242550  0.000060  72714.661    17.987547   0.329486   4.388374    3338.823 1
 28.367969   0.739093   0.230290  0.000080  69039.205    23.983397   0.330312   4.399369     347.886 0
 28.360314   0.730958   0.229190  0.000080  68709.433    23.983397   0.332619   4.430095      79.531 0
 27.959799   0.752560   0.241070  0.000080  72270.968    23.983397   0.333194   4.437756    2977.764 1
 28.202095   0.672972   0.230399  0.000107  69071.883    32.077793   0.335227   4.464830     374.477 0
 27.862260   1.130428   0.240056  0.000137  71966.978    41.071567   0.335998   4.475102    2730.389 1
 28.356361   0.714137   0.227090  0.000150  68079.869    44.968869   0.344612   4.589834    -432.783 0
 28.414315   0.756165   0.225900  0.000170  67723.116    50.964718   0.346827   4.619337    -723.095 0
 28.484455   0.847486   0.229570  0.000130  68823.355    38.973020   0.348280   4.638688     172.235 0
 28.325519   0.692219   0.230733  0.000197  69172.013    59.059114   0.349053   4.648979     455.959 0
 28.140988   0.659612   0.231030  0.000130  69261.052    38.973020   0.349124   4.649921     528.415 0
 27.823476   1.003067   0.236860  0.000100  71008.842    29.979246   0.351343   4.679478    1950.696 1
 28.448585   0.786735   0.229220  0.000160  68718.427    47.966793   0.351374   4.679901      86.849 0
 27.868654   1.184455   0.236550  0.000130  70915.906    38.973020   0.353815   4.712412    1875.069 1
 27.911855   0.768699   0.241350  0.000150  72354.910    44.968869   0.354930   4.727256    3046.072 1
 28.524798   1.076095   0.226750  0.000200  67977.940    59.958492   0.356634   4.749945    -515.729 0
 28.399389   0.729331   0.226877  0.000157  68016.013    47.067416   0.357145   4.756752    -484.747 0
 27.881009   1.211505   0.239520  0.000110  71806.290    32.977170   0.357912   4.766980    2599.627 1
 28.427301   0.749930   0.227070  0.000110  68073.873    32.977170   0.360337   4.799277    -437.662 0
 27.843145   0.864402   0.220890  0.000100  66221.156    29.979246   0.361046   4.808712   -1945.329 1
 28.427303   0.748915   0.226543  0.000034  67915.883    10.192944   0.361064   4.808953    -566.229 0
 27.881161   1.217299   0.239799  0.000107  71889.932    32.077793   0.361129   4.809824    2667.692 1
 28.215877   0.642317   0.230850  0.000100  69207.089    29.979246   0.367072   4.888977     484.503 0
 28.098245   0.646004   0.230299  0.000117  69041.903    35.075718   0.369120   4.916251     350.081 0
 27.955659   0.707427   0.244652  0.000237  73344.824    71.050813   0.371252   4.944641    3851.625 1
 27.803260   0.982231   0.238470  0.000110  71491.507    32.977170   0.372363   4.959448    2343.470 1
 27.874375   1.228528   0.239830  0.000030  71899.225     8.993774   0.373219   4.970839    2675.255 1
 28.518270   1.162553   0.221026  0.000107  66261.928    32.077793   0.376921   5.020154   -1912.151 1
 27.894647   0.745669   0.236683  0.000167  70955.778    50.065340   0.383185   5.103574    1907.516 1
 28.027836   0.651277   0.241463  0.000107  72388.786    32.077793   0.384980   5.127483    3073.640 1
 27.967911   0.680249   0.227263  0.000097  68131.733    29.079868   0.386828   5.152095    -390.578 0
 28.499167   1.221616   0.217744  0.000097  65278.009    29.079868   0.388806   5.178451   -2712.824 1
 28.444106   0.720479   0.229030  0.000120  68661.467    35.975095   0.393220   5.237240      40.497 0
 27.808589   0.856554   0.238970  0.000100  71641.404    29.979246   0.395938   5.273433    2465.450 1
 28.361708   1.356750   0.228122  0.000031  68389.255     9.293566   0.396443   5.280164    -181.018 0
 28.572756   1.040038   0.216060  0.000100  64773.158    29.979246   0.399207   5.316968   -3123.651 1
 28.107520   0.613345   0.228351  0.000027  68457.908     8.094396   0.399458   5.320324    -125.151 0
 28.065883   0.617018   0.231110  0.000160  69285.035    47.966793   0.405002   5.394152     547.932 0
 27.831026   0.792648   0.237760  0.000100  71278.655    29.979246   0.405171   5.396412    2170.259 1
 28.428206   0.687177   0.230280  0.000140  69036.207    41.970944   0.408061   5.434899     345.446 0
 28.061940   0.601707   0.229810  0.000100  68895.305    29.979246   0.420809   5.604686     230.785 0
 28.203122   0.583919   0.229729  0.000137  68871.022    41.071567   0.424114   5.648708     211.025 0
 28.022636   0.610753   0.231110  0.000200  69285.035    59.958492   0.424553   5.654549     547.932 0
 28.086615   0.590327   0.229660  0.000060  68850.336    17.987547   0.425998   5.673801     194.191 0
 28.058329   0.595250   0.228710  0.000013  68565.533     3.897302   0.428001   5.700482     -37.570 0
 28.465421   0.691026   0.217634  0.000057  65245.032    17.088170   0.429304   5.717831   -2739.660 1
 27.907108   0.665003   0.240229  0.000107  72018.842    32.077793   0.434381   5.785456    2772.594 1
 27.813820   1.249123   0.239140  0.000100  71692.368    29.979246   0.434606   5.788448    2506.923 1
 28.324845   0.596246   0.228091  0.000097  68379.962    29.079868   0.437361   5.825137    -188.580 0
 27.732007   1.014090   0.220490  0.000100  66101.239    29.979246   0.442830   5.897981   -2042.913 1
 27.731450   1.017599   0.221189  0.000197  66310.794    59.059114   0.443456   5.906321   -1872.385 1
 28.002123   0.596585   0.241513  0.000057  72403.776    17.088170   0.445354   5.931593    3085.838 1
 27.987903   0.600778   0.233630  0.000170  70040.512    50.964718   0.447245   5.956781    1162.709 1
 27.997104   0.595734   0.233587  0.000039  70027.621    11.691906   0.448104   5.968232    1152.218 1
 28.389996   0.608256   0.231200  0.000120  69312.016    35.975095   0.453147   6.035391     569.888 1
 27.746254   0.856424   0.220461  0.000024  66092.545     7.195019   0.454244   6.050010   -2049.988 1
 27.907692   0.639105   0.241016  0.000107  72254.779    32.077793   0.454713   6.056256    2964.590 1
 28.042746   0.571946   0.227293  0.000107  68140.727    32.077793   0.454749   6.056726    -383.260 0
 27.750187   1.169936   0.226696  0.000147  67961.751    44.069491   0.454755   6.056805    -528.903 0
 28.041542   0.571237   0.227970  0.000080  68343.687    23.983397   0.455778   6.070432    -218.099 0
 27.969009   0.596799   0.227820  0.000170  68298.718    50.964718   0.459016   6.113568    -254.693 0
 28.037150   0.569096   0.226610  0.000117  67935.969    35.075718   0.459123   6.114990    -549.884 1
 28.393723   0.599010   0.230220  0.000110  69018.220    32.977170   0.463055   6.167355     330.808 0
 27.722458   0.895950   0.229095  0.000127  68680.953    38.073642   0.465776   6.203598      56.355 0
 28.262958   0.546262   0.229160  0.000140  68700.440    41.970944   0.469173   6.248837      72.212 0
 27.706481   1.036721   0.230669  0.000117  69152.826    35.075718   0.469233   6.249642     440.346 0
 27.720078   0.863134   0.244059  0.000021  73167.048     6.295642   0.476946   6.352361    3706.957 1
 28.069692   0.541258   0.241070  0.000130  72270.968    38.973020   0.477550   6.360416    2977.764 1
 28.385083   0.574726   0.227280  0.000090  68136.830    26.981321   0.480752   6.403065    -386.431 0
 28.426082   0.587807   0.247861  0.000127  74306.858    38.073642   0.488770   6.509852    4634.490 1
 28.567135   0.711844   0.225380  0.000140  67567.224    41.970944   0.490928   6.538590    -849.953 1
 28.213952   0.515026   0.238975  0.000137  71642.903    41.071567   0.493615   6.574376    2466.670 1
 28.410596   0.557176   0.241523  0.000009  72406.774     2.698132   0.507919   6.764891    3088.277 1
 28.417190   0.558938   0.241300  0.000070  72339.920    20.985472   0.509461   6.785433    3033.874 1
 28.657853   0.830502   0.217383  0.000107  65169.784    32.077793   0.514201   6.848568   -2800.894 1
 27.929210   0.553533   0.230599  0.000127  69131.841    38.073642   0.515785   6.869660     423.269 1
 28.070298   0.498875   0.229739  0.000120  68874.020    35.975095   0.518855   6.910544     213.464 1
 28.076791   0.494892   0.242244  0.000173  72622.924    51.864095   0.521497   6.945739    3264.172 1
 28.689211   0.916956   0.218801  0.000127  65594.890    38.073642   0.522120   6.954038   -2454.960 1
 28.359002   0.515521   0.226850  0.000060  68007.919    17.987547   0.524921   6.991333    -491.333 1
 27.689196   1.208439   0.227161  0.000009  68101.155     2.698132   0.525669   7.001308    -415.462 1
 28.665735   1.207078   0.217369  0.000016  65165.587     4.796679   0.529989   7.058845   -2804.309 1
 28.701738   1.177392   0.216714  0.000019  64969.223     5.696057   0.553650   7.373972   -2964.102 1
 28.690975   1.234995   0.217297  0.000019  65144.002     5.696057   0.564131   7.513567   -2821.874 1
 28.760333   0.966688   0.248064  0.000012  74367.716     3.597509   0.586785   7.815298    4684.013 1
 27.599335   1.172348   0.238926  0.000024  71628.213     7.195019   0.598686   7.973809    2454.716 1
 27.581480   0.884880   0.220452  0.000097  66089.847    29.079868   0.605735   8.067683   -2052.183 1
 27.579821   0.699888   0.217997  0.000027  65353.856     8.094396   0.669569   8.917889   -2651.103 1
 27.965676   1.670148   0.227457  0.000035  68189.893    10.492736   0.695260   9.260054    -343.250 1
 28.683304   1.508567   0.216835  0.000035  65005.498    10.492736   0.714090   9.510854   -2934.583 1
 28.778458   0.605028   0.230944  0.000044  69235.269    13.190868   0.725179   9.658538     507.435 1
 27.999542   0.301889   0.240492  0.000010  72097.688     2.997925   0.726658   9.678242    2836.755 1
 28.603958   0.411278   0.229968  0.000034  68942.672    10.192944   0.734213   9.778866     269.331 1
 28.649540   0.444864   0.228788  0.000039  68588.917    11.691906   0.735771   9.799618     -18.541 1
 27.899199   0.309951   0.229811  0.000032  68895.605     9.593359   0.749642   9.984359     231.029 1
 28.872365   0.678405   0.243849  0.000051  73104.091    15.289415   0.770980  10.268565    3655.726 1
 27.824886   0.309765   0.229147  0.000008  68696.542     2.398340   0.780192  10.391249      69.040 1
 27.883893   1.789416   0.228032  0.000032  68362.274     9.593359   0.834664  11.116755    -202.974 1
 28.935077   1.489483   0.217724  0.000031  65272.013     9.293566   0.900261  11.990431   -2717.703 1
 28.989019   0.603649   0.216963  0.000041  65043.871    12.291491   0.908532  12.100598   -2903.356 1
 28.788462   0.281875   0.231854  0.000009  69508.081     2.698132   0.949916  12.651778     729.437 1
 27.460602   0.370233   0.219380  0.000047  65768.469    14.090246   0.956859  12.744255   -2313.707 1
 29.134486   1.112529   0.218100  0.000023  65384.735     6.895227   0.965264  12.856195   -2625.975 1
 29.129005   0.802660   0.220059  0.000043  65972.029    12.891076   0.975665  12.994727   -2148.059 1
 29.153333   0.852222   0.218700  0.000333  65564.611    99.830889   0.990514  13.192494   -2479.599 1
 29.146377   0.793924   0.220366  0.000012  66064.065     3.597509   0.994491  13.245471   -2073.164 1
 29.159392   0.865551   0.216673  0.000007  64956.931     2.098547   0.994513  13.245765   -2974.104 1
 29.161526   0.843583   0.217554  0.000043  65221.048    12.891076   0.999982  13.318597   -2759.177 1
 29.161917   0.842124   0.217119  0.000052  65090.639    15.589208   1.000607  13.326923   -2865.299 1
 29.158344   0.811320   0.216466  0.000069  64894.874    20.685680   1.002640  13.354006   -3024.604 1
 29.199532   0.808444   0.218366  0.000016  65464.480     4.796679   1.043604  13.899594   -2561.082 1
 28.337089  -0.023896   0.241814  0.000032  72494.013     9.593359   1.043669  13.900465    3159.269 1
 28.281789  -0.034424   0.229246  0.000010  68726.222     2.997925   1.046988  13.944666      93.192 1
 27.662140   1.931052   0.236472  0.000037  70892.522    11.092321   1.056644  14.073271    1856.040 1
