 49.493750 -44.238889   0.075252  0.000400  22559.982    99.990000   0.008100   0.040847     459.907 0
 49.490296 -44.238178   0.076106  0.000170  22816.005    50.964718   0.008691   0.043826     698.377 0
 49.449000 -44.261528   0.069395  0.000107  20804.098    32.077793   0.033805   0.170480   -1175.596 1
 49.476292 -44.287639   0.073387  0.000080  22000.869    23.983397   0.042241   0.213021     -60.874 0
 49.406375 -44.254000   0.071910  0.000100  21558.076    29.979246   0.061395   0.309617    -473.310 0
 49.521958 -44.315278   0.074538  0.000190  22345.930    56.960567   0.071846   0.362320     260.530 0
 49.467262 -44.342812   0.076400  0.000333  22904.144    99.830889   0.097543   0.491910     780.473 0
 49.546042 -44.339889   0.074895  0.000067  22452.956    20.086095   0.100933   0.509006     360.218 0
 49.382792 -44.313278   0.072490  0.000113  21731.955    33.876548   0.102369   0.516245    -311.352 0
 49.659792 -44.307167   0.076056  0.000087  22801.015    26.081944   0.134816   0.679875     684.415 0
 49.451250 -44.386167   0.075982  0.000097  22778.831    29.079868   0.142292   0.717579     663.751 0
 49.429043 -44.383616   0.076000  0.000333  22784.227    99.830889   0.143920   0.725787     668.778 0
 49.576375 -44.379556   0.074895  0.000093  22452.956    27.880699   0.145994   0.736248     360.218 0
 49.284750 -44.281139   0.075175  0.000110  22536.898    32.977170   0.152023   0.766651     438.405 0
 49.248542 -44.269167   0.074421  0.000160  22310.855    47.966793   0.175465   0.884871     227.859 0
 49.232280 -44.250779   0.074952  0.000297  22470.044    89.038360   0.185728   0.936627     376.135 0
 49.239167 -44.312556   0.075982  0.000070  22778.831    20.985472   0.192333   0.969935     663.751 0
 49.259875 -44.362250   0.073801  0.000183  22124.983    54.862020   0.202118   1.019281      54.731 0
 49.441179 -44.457273   0.068901  0.000160  20656.000    47.966793   0.213511   1.076737   -1313.541 1
 49.251083 -44.440833   0.074995  0.000083  22482.935    24.882774   0.259417   1.308241     388.142 0
 49.755458 -44.427083   0.076976  0.000110  23076.824    32.977170   0.261241   1.317436     941.315 0
 49.337205 -44.492668   0.076960  0.000100  23072.028    29.979246   0.269544   1.359309     936.847 0
 49.187917 -44.408583   0.077617  0.000113  23268.991    33.876548   0.271029   1.366796    1120.307 0
 49.705250 -44.470472   0.075412  0.000073  22607.949    21.884849   0.271042   1.366864     504.585 0
 49.149725 -44.386755   0.075959  0.000197  22771.935    59.059114   0.281991   1.422079     657.329 0
 49.516530 -44.542885   0.079358  0.000087  23790.930    26.081944   0.296602   1.495762    1606.462 1
 49.841584 -44.448503   0.077323  0.000203  23180.852    60.857869   0.321816   1.622919    1038.211 0
 49.097234 -44.425674   0.062250  0.000083  18662.081    24.882774   0.334291   1.685830   -3170.760 1
 49.347333 -44.575444   0.075836  0.000090  22735.061    26.981321   0.344462   1.737123     622.982 0
 49.834042 -44.539278   0.077307  0.000093  23176.056    27.880699   0.381759   1.925208    1033.743 0
 49.814640 -44.560460   0.064945  0.000354  19470.021    99.990000   0.389808   1.965800   -2418.210 1
 49.728958 -44.604028   0.089792  0.000073  26918.964    21.884849   0.395637   1.995198    4520.043 1
 49.117271 -43.952187   0.091000  0.000333  27281.114    99.830889   0.398340   2.008827    4857.364 1
 49.498292 -44.650444   0.077577  0.000077  23257.000    23.084019   0.403647   2.035593    1109.138 0
 49.546083 -44.649917   0.067603  0.000334  20266.870    99.990000   0.404983   2.042330   -1675.993 1
 49.458583 -44.651611   0.077887  0.000177  23349.935    53.063265   0.405471   2.044790    1195.702 1
 48.938029 -44.332424   0.078598  0.000227  23563.088    68.052888   0.405605   2.045466    1394.241 1
 49.382285 -44.645391   0.076000  0.000333  22784.227    99.830889   0.406170   2.048316     668.778 0
 49.699042 -44.627444   0.089979  0.000113  26975.026    33.876548   0.408625   2.060693    4572.260 1
 49.639458 -44.651028   0.073087  0.000147  21910.931    44.069491   0.417868   2.107307    -144.646 0
 48.918708 -44.341917   0.077077  0.000093  23107.103    27.880699   0.421185   2.124037     969.518 0
 49.560750 -43.824611   0.072417  0.000150  21710.070    44.968869   0.425120   2.143877    -331.736 0
 49.211682 -44.653125   0.085966  0.000260  25771.958    77.946039   0.453051   2.284738    3451.674 1
 49.072708 -43.903278   0.082174  0.000150  24635.145    44.968869   0.456094   2.300081    2392.800 1
 49.163875 -43.854722   0.062023  0.000133  18594.028    39.872397   0.456972   2.304511   -3234.147 1
 49.383958 -44.698694   0.076720  0.000107  23000.077    32.077793   0.458387   2.311646     869.830 0
 49.549875 -44.703611   0.066769  0.000093  20016.843    27.880699   0.458695   2.313200   -1908.878 1
 49.381463 -44.701222   0.074400  0.000333  22304.559    99.830889   0.461182   2.325737     221.995 0
 49.244940 -44.683442   0.077520  0.000324  23239.911    97.132756   0.470985   2.375178    1093.221 0
 49.179483 -43.830608   0.062497  0.000150  18736.129    44.968869   0.472433   2.382478   -3101.788 1
 48.910000 -44.496417   0.075352  0.000123  22589.961    36.874472   0.485601   2.448885     487.831 0
 49.754755 -44.700601   0.073667  0.000143  22084.811    42.870321   0.491402   2.478138      17.313 0
 49.717792 -44.712722   0.072767  0.000083  21814.998    24.882774   0.493292   2.487672    -234.002 0
 50.159375 -44.427111   0.062370  0.000150  18698.056    44.968869   0.511270   2.578336   -3137.251 1
 49.184777 -44.714610   0.073514  0.000160  22038.943    47.966793   0.516814   2.606290     -25.411 0
 49.503750 -44.767944   0.072547  0.000107  21749.043    32.077793   0.521192   2.628370    -295.435 0
 49.227375 -44.743056   0.077327  0.000100  23182.051    29.979246   0.531075   2.678211    1039.328 0
 49.735792 -44.752694   0.077614  0.000060  23268.092    17.987547   0.535283   2.699429    1119.469 0
 49.518667 -44.791250   0.079522  0.000090  23840.096    26.981321   0.544772   2.747283    1652.258 1
 49.460000 -44.800667   0.076179  0.000103  22837.890    30.878623   0.554300   2.795336     718.761 0
 48.897185 -44.617556   0.086383  0.000143  25896.972    42.870321   0.564522   2.846885    3568.117 1
 49.429626 -44.811568   0.079642  0.000173  23876.071    51.864095   0.566478   2.856749    1685.766 1
 49.360000 -44.813139   0.077247  0.000113  23158.068    33.876548   0.574093   2.895152    1016.989 0
 49.416792 -44.837583   0.080686  0.000180  24189.054    53.962642   0.593176   2.991384    1977.292 1
 48.887625 -43.752306   0.068140  0.000150  20427.858    44.968869   0.657018   3.313340   -1526.041 1
 50.292667 -43.871111   0.090986  0.000150  27276.917    44.968869   0.685957   3.459279    4853.454 1
 49.377575 -44.937211   0.074111  0.000120  22217.919    35.975095   0.695191   3.505848     141.295 1
 49.083151 -44.895518   0.074231  0.000284  22253.894    85.141058   0.711594   3.588565     174.804 1
 49.501208 -44.989972   0.078324  0.000113  23480.944    33.876548   0.743179   3.747848    1317.729 1
 49.314792 -43.511500   0.075549  0.000150  22649.020    44.968869   0.746141   3.762789     542.841 1
 49.176750 -44.960222   0.080135  0.000113  24023.869    33.876548   0.748177   3.773053    1823.431 1
 49.041125 -43.559389   0.063274  0.000150  18969.068    44.968869   0.759376   3.829533   -2884.819 1
 49.652500 -45.016000   0.065065  0.000080  19505.996    23.983397   0.777773   3.922307   -2384.702 1
 49.673083 -45.015528   0.065452  0.000160  19622.016    47.966793   0.779630   3.931674   -2276.636 1
 50.589167 -44.193778   0.062346  0.000103  18690.861    30.878623   0.788094   3.974359   -3143.953 1
 48.631375 -44.740222   0.074925  0.000087  22461.950    26.081944   0.789346   3.980669     368.596 1
 49.471542 -43.447583   0.075335  0.000150  22584.865    44.968869   0.799371   4.031225     483.084 1
 49.773083 -45.021250   0.072847  0.000594  21838.981    99.990000   0.800263   4.035724    -211.663 1
 49.215625 -45.048056   0.073908  0.000157  22157.061    47.067416   0.825241   4.161687      84.609 1
 49.199061 -45.050001   0.075000  0.000333  22484.434    99.830889   0.830044   4.185910     389.538 1
 49.201792 -45.064722   0.074521  0.000370  22340.834    99.990000   0.843813   4.255349     255.783 1
 49.039000 -45.027222   0.072844  0.000467  21838.082    99.990000   0.845036   4.261512    -212.501 1
 49.049833 -45.070167   0.077530  0.000167  23242.909    50.065340   0.882036   4.448104    1096.013 1
 49.899458 -45.083389   0.077290  0.000193  23170.959    57.859944   0.886139   4.468797    1028.996 1
 49.294393 -45.132880   0.077650  0.000517  23278.884    99.990000   0.897233   4.524744    1129.522 1
 49.671750 -45.143278   0.077867  0.000197  23343.939    59.059114   0.905704   4.567462    1190.117 1
 49.985375 -45.091389   0.070352  0.000200  21090.999    59.958492   0.915670   4.617722    -908.365 1
 49.078542 -45.114083   0.073381  0.000120  21999.070    35.975095   0.916319   4.620997     -62.550 1
 49.085625 -45.121139   0.074431  0.000150  22313.852    44.968869   0.921387   4.646552     230.651 1
 49.059083 -45.115028   0.075292  0.000120  22571.974    35.975095   0.921804   4.648655     471.076 1
 49.022250 -45.111917   0.071469  0.000093  21425.867    27.880699   0.928101   4.680413    -596.455 1
 49.206583 -45.172944   0.078541  0.000197  23545.999    59.059114   0.948340   4.782477    1378.324 1
 48.898958 -45.101028   0.074705  0.000190  22395.996    56.960567   0.953848   4.810253     307.163 1
 48.651208 -44.995056   0.091363  0.000143  27389.938    42.870321   0.960297   4.842775    4958.727 1
 49.559046 -45.222635   0.063671  0.000530  19088.086    99.990000   0.977008   4.927050   -2773.961 1
 50.162167 -43.375639   0.090669  0.000150  27181.882    44.968869   0.994877   5.017161    4764.935 1
 49.506750 -43.246444   0.080162  0.000210  24031.963    62.956416   1.000442   5.045226    1830.971 1
 50.097958 -45.174417   0.062430  0.000167  18716.043    50.065340   1.024284   5.165463   -3120.497 1
 50.900208 -44.437667   0.074211  0.000150  22247.898    44.968869   1.027005   5.179186     169.219 1
 49.758958 -43.232722   0.065549  0.000150  19651.096    44.968869   1.032044   5.204597   -2249.550 1
 50.893583 -43.962667   0.075129  0.000150  22523.108    44.968869   1.043796   5.263862     425.560 1
 49.023083 -45.239194   0.073591  0.000150  22062.027    44.968869   1.047561   5.282846      -3.909 1
 50.128417 -45.195361   0.061943  0.000160  18570.044    47.966793   1.052561   5.308065   -3256.486 1
 50.249500 -45.148806   0.061329  0.000183  18385.972    54.862020   1.052809   5.309311   -3427.939 1
 50.579458 -44.989278   0.070919  0.000150  21260.981    44.968869   1.076394   5.428254    -750.036 1
 50.069833 -45.253389   0.063534  0.000093  19047.014    27.880699   1.088486   5.489235   -2812.217 1
 49.383239 -43.159793   0.078858  0.000314  23641.034    94.134832   1.089796   5.495837    1466.843 1
 48.202708 -43.652778   0.075686  0.000150  22690.092    44.968869   1.097821   5.536308     581.096 1
 49.617250 -45.344889   0.076459  0.000150  22921.832    44.968869   1.101752   5.556133     796.948 1
 50.181042 -43.257000   0.063150  0.000150  18931.894    44.968869   1.106229   5.578711   -2919.444 1
 48.779721 -43.255888   0.075572  0.000167  22655.916    50.065340   1.114418   5.620010     549.263 1
 49.610875 -43.135583   0.062450  0.000150  18722.039    44.968869   1.114529   5.620566   -3114.912 1
 48.550288 -45.150687   0.073144  0.000334  21928.020    99.990000   1.127627   5.686623    -128.729 1
 50.239750 -45.252972   0.063000  0.000333  18886.925    99.830889   1.140014   5.749088   -2961.330 1
 49.019697 -45.340209   0.072200  0.000333  21645.015    99.830889   1.144425   5.771334    -392.331 1
 48.054917 -44.748028   0.071579  0.000120  21458.844    35.975095   1.144643   5.772432    -565.738 1
 50.639125 -45.072222   0.076930  0.000150  23063.034    44.968869   1.164954   5.874859     928.470 1
 48.892167 -45.337556   0.081730  0.000347  24502.038    99.990000   1.172182   5.911311    2268.817 1
 50.108030 -45.341561   0.070212  0.000100  21049.028    29.979246   1.180465   5.953085    -947.458 1
 48.752333 -45.306361   0.074355  0.000117  22291.068    35.075718   1.184473   5.973294     209.429 1
 49.033958 -45.391917   0.073974  0.000130  22176.847    38.973020   1.191073   6.006579     103.039 1
 49.174125 -45.418583   0.075239  0.000150  22556.085    44.968869   1.193608   6.019363     456.277 1
 49.499417 -43.052056   0.091046  0.000187  27294.904    56.061190   1.194783   6.025291    4870.209 1
 49.591000 -45.464694   0.081233  0.000227  24353.041    68.052888   1.219952   6.152216    2130.036 1
 50.337500 -45.306139   0.069291  0.000150  20772.919    44.968869   1.220415   6.154552   -1204.637 1
 50.823625 -43.461389   0.063274  0.000103  18969.068    30.878623   1.235929   6.232789   -2884.819 1
 48.973625 -45.427778   0.083257  0.000067  24959.821    20.086095   1.237848   6.242464    2695.215 1
 47.928500 -44.806833   0.063504  0.000150  19038.020    44.968869   1.251876   6.313210   -2820.594 1
 50.517417 -45.266333   0.072577  0.000150  21758.037    44.968869   1.256776   6.337920    -287.058 1
 49.068347 -45.483139   0.071000  0.000333  21285.265    99.830889   1.272930   6.419383    -727.418 1
 48.501250 -43.186389   0.065719  0.000110  19702.061    32.977170   1.275817   6.433940   -2202.079 1
 49.467208 -45.524889   0.079215  0.000197  23748.060    59.059114   1.278181   6.445866    1566.531 1
 49.396542 -45.529611   0.076353  0.000123  22890.054    36.874472   1.284587   6.478170     767.349 1
 48.446323 -45.311034   0.071693  0.000407  21493.021    99.990000   1.301188   6.561886    -533.905 1
 49.237875 -45.540722   0.074054  0.000157  22200.831    47.067416   1.306589   6.589124     125.378 1
 48.436583 -43.163000   0.062033  0.000137  18597.026    41.071567   1.321259   6.663107   -3231.354 1
 49.742937 -42.935869   0.083000  0.000333  24882.774    99.830889   1.323273   6.673262    2623.451 1
 48.589583 -45.402806   0.069104  0.000163  20716.858    48.866171   1.324275   6.678316   -1256.855 1
 49.750458 -42.933222   0.079985  0.000150  23978.900    44.968869   1.326638   6.690232    1781.545 1
 48.942115 -42.970256   0.076706  0.000097  22995.880    29.079868   1.335854   6.736712     865.920 1
 49.115167 -45.556361   0.071616  0.000197  21469.937    59.059114   1.336995   6.742462    -555.407 1
 48.590417 -45.420194   0.072437  0.000140  21716.066    41.970944   1.339192   6.753543    -326.151 1
 50.209750 -45.496000   0.068611  0.000150  20569.060    44.968869   1.350985   6.813017   -1394.520 1
 49.190125 -42.909056   0.076723  0.000127  23000.977    38.073642   1.355077   6.833652     870.667 1
 49.301728 -45.597609   0.080000  0.000333  23983.397    99.830889   1.357606   6.846404    1785.734 1
 51.334833 -44.583639   0.077150  0.000150  23128.988    44.968869   1.362737   6.872280     989.902 1
 50.153208 -45.526222   0.063070  0.000133  18907.910    39.872397   1.364383   6.880582   -2941.784 1
 49.024296 -42.914167   0.065075  0.000127  19508.994    38.073642   1.374040   6.929282   -2381.909 1
 48.543583 -45.444306   0.071266  0.000143  21365.009    42.870321   1.376603   6.942209    -653.140 1
 49.747471 -42.880885   0.083000  0.000333  24882.774    99.830889   1.378194   6.950228    2623.451 1
 48.403875 -43.109917   0.061359  0.000103  18394.965    30.878623   1.378248   6.950504   -3419.562 1
 49.536125 -45.627722   0.077240  0.000133  23155.969    39.872397   1.381266   6.965722    1015.034 1
 49.119375 -42.880722   0.076416  0.000103  22908.940    30.878623   1.391868   7.019188     784.941 1
 50.331750 -45.508333   0.070400  0.000333  21105.389    99.830889   1.397746   7.048831    -894.961 1
 50.354583 -45.503611   0.070000  0.000100  20985.472    29.979246   1.400628   7.063367   -1006.657 1
 48.981792 -42.894583   0.068014  0.000137  20390.084    41.071567   1.400669   7.063573   -1561.226 1
 48.400583 -45.410611   0.071266  0.000123  21365.009    36.874472   1.401814   7.069345    -653.140 1
 50.241500 -42.948694   0.063771  0.000150  19118.065    44.968869   1.404918   7.084998   -2746.037 1
 50.358917 -45.507556   0.071700  0.000100  21495.119    29.979246   1.405539   7.088131    -531.950 1
 50.492208 -45.456306   0.071773  0.000150  21517.004    44.968869   1.405958   7.090243    -511.566 1
 50.357375 -45.514833   0.071100  0.000100  21315.244    29.979246   1.411584   7.118617    -699.494 1
 50.187625 -42.926056   0.062467  0.000150  18727.135    44.968869   1.411772   7.119566   -3110.165 1
 49.780417 -45.644833   0.078214  0.000207  23447.967    62.057039   1.413244   7.126987    1287.013 1
 49.015542 -42.874750   0.067633  0.000103  20275.863    30.878623   1.413802   7.129800   -1667.616 1
 47.544083 -44.008306   0.084472  0.000150  25324.069    44.968869   1.415255   7.137126    3034.491 1
 48.728917 -45.555250   0.082210  0.000233  24645.938    69.851643   1.417878   7.150359    2402.852 1
 48.292636 -45.376783   0.073200  0.000333  21944.808    99.830889   1.419269   7.157373    -113.092 1
 49.376401 -45.663857   0.062370  0.000163  18698.056    48.866171   1.419427   7.158170   -3137.251 1
 48.408897 -45.441956   0.063701  0.000284  19097.079    85.141058   1.424693   7.184723   -2765.584 1
 49.474125 -42.821444   0.078601  0.000180  23563.987    53.962642   1.425436   7.188473    1395.078 1
 49.527999 -45.679444   0.074441  0.000140  22316.850    41.970944   1.432857   7.225893     233.444 1
 49.442333 -42.813639   0.079188  0.000150  23739.965    44.968869   1.433620   7.229741    1558.992 1
 49.344083 -45.678972   0.081283  0.000103  24368.030    30.878623   1.436034   7.241916    2143.998 1
 48.405083 -45.465333   0.062690  0.000120  18793.989    35.975095   1.445828   7.291308   -3047.894 1
 49.519167 -45.698806   0.063661  0.000150  19085.088    44.968869   1.452115   7.323015   -2776.753 1
 49.060250 -42.827583   0.064274  0.000160  19268.860    47.966793   1.452474   7.324825   -2605.580 1
 48.410125 -45.480028   0.062913  0.000290  18860.843    86.939813   1.456310   7.344167   -2985.624 1
 48.261875 -45.417861   0.075105  0.000150  22515.913    44.968869   1.465325   7.389634     418.859 1
 48.025667 -45.270611   0.072360  0.000150  21692.982    44.968869   1.466528   7.395696    -347.653 1
 49.668625 -45.710806   0.075492  0.000180  22631.932    53.962642   1.469468   7.410526     526.924 1
 48.307458 -43.043833   0.060735  0.000073  18207.895    21.884849   1.471934   7.422962   -3593.807 1
 47.867917 -45.155972   0.073014  0.000150  21889.047    44.968869   1.476210   7.444525    -165.030 1
 50.176958 -45.650528   0.075189  0.000140  22541.095    41.970944   1.487106   7.499474     442.315 1
 48.360500 -42.999667   0.075966  0.000090  22774.034    26.981321   1.487210   7.499997     659.283 1
 49.375602 -45.736689   0.078497  0.000197  23532.809    59.059114   1.492174   7.525032    1366.038 1
 50.496250 -45.556194   0.069985  0.000150  20980.975    44.968869   1.494149   7.534989   -1010.845 1
 48.091240 -43.127388   0.064528  0.000150  19345.008    44.968869   1.503087   7.580064   -2534.653 1
 49.380645 -45.756291   0.078918  0.000130  23659.021    38.973020   1.511552   7.622755    1483.597 1
 49.036375 -42.764694   0.065052  0.000077  19502.099    23.084019   1.517565   7.653080   -2388.332 1
 51.601792 -44.084000   0.062503  0.000150  18737.928    44.968869   1.520435   7.667552   -3100.112 1
 49.026042 -42.753056   0.066553  0.000150  19952.087    44.968869   1.530529   7.718456   -1969.194 1
 48.866167 -42.777389   0.065188  0.000117  19542.871    35.075718   1.536197   7.747040   -2350.355 1
 48.892875 -42.770740   0.063701  0.000193  19097.079    57.859944   1.537112   7.751652   -2765.584 1
 48.815625 -42.787417   0.065709  0.000190  19699.063    56.960567   1.537621   7.754221   -2204.872 1
 49.364750 -45.785944   0.077333  0.000133  23183.850    39.872397   1.541794   7.775262    1041.003 1
 50.544583 -42.884417   0.061913  0.000103  18561.050    30.878623   1.557316   7.853540   -3264.863 1
 51.644792 -44.016194   0.063030  0.000150  18895.919    44.968869   1.559641   7.865265   -2952.953 1
 49.842667 -42.690944   0.063290  0.000150  18973.865    44.968869   1.576087   7.948204   -2880.351 1
 48.853596 -42.737041   0.087500  0.000333  26231.840    99.830889   1.577421   7.954931    3880.027 1
 49.630250 -45.824000   0.074038  0.000103  22196.034    30.878623   1.580303   7.969465     120.911 1
 49.385875 -45.846750   0.078281  0.000130  23468.053    38.973020   1.601712   8.077430    1305.722 1
 48.985663 -42.675689   0.063567  0.000264  19056.907    79.145209   1.612379   8.131227   -2803.002 1
 48.857292 -45.794528   0.069084  0.000167  20710.862    50.065340   1.613002   8.134365   -1262.440 1
 48.951426 -45.822772   0.080299  0.000223  24073.035    66.853718   1.622737   8.183462    1869.226 1
 47.807083 -45.335222   0.087157  0.000150  26129.011    44.968869   1.624968   8.194709    3784.248 1
 48.986875 -42.653333   0.062039  0.000113  18598.824    33.876548   1.633979   8.240153   -3229.679 1
 48.935792 -45.833417   0.078037  0.000227  23394.904    68.052888   1.635767   8.249169    1237.588 1
 48.964167 -42.639222   0.064301  0.000140  19276.955    41.970944   1.651388   8.327948   -2598.040 1
 48.315834 -42.810169   0.064318  0.000237  19282.051    71.050813   1.665305   8.398129   -2593.293 1
 48.422208 -45.736583   0.072940  0.000150  21866.862    44.968869   1.675139   8.447724    -185.694 1
 48.377851 -45.719820   0.061743  0.000090  18510.086    26.981321   1.675146   8.447758   -3312.334 1
 48.958650 -42.603367   0.077574  0.000333  23256.100    99.830889   1.687202   8.508558    1108.300 1
 49.840042 -45.922222   0.066032  0.000150  19795.896    44.968869   1.693898   8.542325   -2114.677 1
 48.524333 -42.691083   0.064121  0.000123  19222.992    36.874472   1.703036   8.588408   -2648.303 1
 49.021417 -42.576167   0.076196  0.000157  22842.986    47.067416   1.704257   8.594566     723.508 1
 50.359750 -45.866944   0.071166  0.000150  21335.030    44.968869   1.735403   8.751635    -681.064 1
 51.885250 -44.519250   0.071133  0.000150  21325.137    44.968869   1.736249   8.755902    -690.279 1
 48.529708 -42.645583   0.065935  0.000123  19766.816    36.874472   1.743174   8.790822   -2141.764 1
 49.902500 -45.974972   0.076489  0.000147  22930.825    44.069491   1.753046   8.840609     805.325 1
 49.420667 -42.486833   0.066392  0.000157  19903.821    47.067416   1.760724   8.879329   -2014.151 1
 50.900333 -42.793278   0.075876  0.000150  22747.053    44.968869   1.769549   8.923830     634.152 1
 47.037042 -44.027639   0.070739  0.000150  21207.019    44.968869   1.771834   8.935355    -800.299 1
 48.506917 -45.882972   0.083814  0.000190  25126.805    56.960567   1.781688   8.985049    2850.752 1
 49.129625 -42.474444   0.076623  0.000083  22970.998    24.882774   1.791238   9.033211     842.744 1
 49.378886 -42.454352   0.082157  0.000067  24630.049    20.086095   1.794288   9.048592    2388.052 1
 48.389708 -42.602222   0.067397  0.000143  20205.112    42.870321   1.824183   9.199354   -1733.516 1
 51.793958 -43.307361   0.063454  0.000150  19023.031    44.968869   1.898142   9.572326   -2834.556 1
 51.740792 -43.215083   0.063484  0.000103  19032.024    30.878623   1.913285   9.648695   -2826.179 1
 47.801833 -45.752611   0.071203  0.000150  21346.122    44.968869   1.931940   9.742770    -670.732 1
 47.518042 -42.927417   0.066699  0.000150  19995.857    44.968869   1.933724   9.751765   -1928.425 1
 48.799015 -42.321837   0.067000  0.003000  20086.095    99.990000   1.987876  10.024853   -1844.374 1
 47.474792 -42.874250   0.067136  0.000150  20126.866    44.968869   1.992729  10.049327   -1806.398 1
 52.189125 -44.897833   0.060032  0.000150  17997.141    44.968869   2.039133  10.283345   -3790.112 1
 49.326125 -42.167583   0.078287  0.000103  23469.852    30.878623   2.082615  10.502623    1307.397 1
 52.357958 -44.614861   0.078631  0.000103  23572.981    30.878623   2.086085  10.520125    1403.456 1
 50.020417 -42.181444   0.063787  0.000150  19122.862    44.968869   2.099847  10.589527   -2741.569 1
 47.354333 -42.792333   0.063968  0.000150  19177.124    44.968869   2.111709  10.649344   -2691.027 1
 49.611333 -46.393778   0.079738  0.000150  23904.851    44.968869   2.148668  10.835726    1712.573 1
 48.087824 -42.346784   0.063400  0.000333  19006.842    99.830889   2.149698  10.840925   -2849.635 1
 52.097292 -45.320639   0.070252  0.000150  21061.020    44.968869   2.153465  10.859921    -936.289 1
 48.262583 -46.212389   0.066920  0.000150  20062.111    44.968869   2.153695  10.861078   -1866.713 1
 49.364583 -46.404278   0.080405  0.000180  24104.813    53.962642   2.159367  10.889682    1898.826 1
 49.203608 -42.088593   0.062000  0.000333  18587.132    99.830889   2.168063  10.933539   -3240.569 1
 49.580333 -46.428583   0.063120  0.000280  18922.900    83.941888   2.182685  11.007276   -2927.822 1
 47.010750 -45.547917   0.074261  0.000113  22262.888    33.876548   2.202447  11.106938     183.181 1
 50.165250 -46.397611   0.071736  0.000187  21505.912    56.061190   2.204272  11.116140    -521.898 1
 47.436875 -42.605361   0.065222  0.000150  19553.064    44.968869   2.204683  11.118210   -2340.861 1
 47.759587 -42.423881   0.067000  0.000333  20086.095    99.830889   2.205064  11.120132   -1844.374 1
 49.066792 -46.462306   0.068170  0.000150  20436.852    44.968869   2.236271  11.277511   -1517.664 1
 51.502375 -42.528722   0.064274  0.000150  19268.860    44.968869   2.242064  11.306723   -2605.580 1
 48.694292 -46.415528   0.080626  0.000247  24171.067    74.048737   2.242630  11.309577    1960.537 1
 49.239171 -42.001444   0.062900  0.000333  18856.946    99.830889   2.252645  11.360086   -2989.254 1
 48.861958 -46.464944   0.077497  0.000150  23233.016    44.968869   2.263496  11.414807    1086.798 1
 48.964333 -46.485778   0.078951  0.000150  23668.914    44.968869   2.270575  11.450503    1492.812 1
 49.271917 -46.524361   0.082057  0.000150  24600.070    44.968869   2.282960  11.512963    2360.129 1
 50.365971 -42.038314   0.063430  0.000103  19015.836    30.878623   2.295633  11.576873   -2841.258 1
 50.150888 -41.942955   0.065819  0.000407  19732.040    99.990000   2.351794  11.860094   -2174.155 1
 48.724000 -46.539611   0.077777  0.000103  23316.958    30.878623   2.357781  11.890284    1164.985 1
 49.420958 -46.617944   0.078855  0.000334  23640.134    99.990000   2.371656  11.960258    1466.005 1
 50.014144 -41.900279   0.081199  0.000197  24342.848    59.059114   2.376227  11.983308    2120.541 1
 49.436292 -46.624611   0.079201  0.000150  23743.862    44.968869   2.378114  11.992824    1562.622 1
 49.156333 -46.639639   0.078367  0.000073  23493.836    21.884849   2.404828  12.127543    1329.736 1
 50.305292 -41.868028   0.063013  0.000087  18890.822    26.081944   2.449187  12.351246   -2957.700 1
 47.965000 -46.450111   0.072550  0.000110  21749.943    32.977170   2.459713  12.404326    -294.597 1
 49.763627 -41.765709   0.065075  0.000384  19508.994    99.990000   2.488763  12.550829   -2381.909 1
 50.983625 -41.980472   0.059091  0.000150  17715.036    44.968869   2.505763  12.636561   -4052.876 1
 50.260208 -41.764778   0.062813  0.000090  18830.864    26.981321   2.542398  12.821310   -3013.548 1
 51.069826 -41.961428   0.064531  0.000350  19345.907    99.990000   2.549775  12.858509   -2533.815 1
 50.551583 -41.798750   0.064331  0.000093  19285.949    27.880699   2.563150  12.925963   -2589.663 1
 50.774583 -41.846472   0.063541  0.000127  19049.113    38.073642   2.570310  12.962071   -2810.262 1
 50.277250 -41.722306   0.061336  0.000117  18388.070    35.075718   2.586508  13.043753   -3425.984 1
 50.491625 -41.748972   0.065448  0.000103  19620.817    30.878623   2.598567  13.104570   -2277.753 1
 47.917417 -46.591694   0.061976  0.000150  18579.937    44.968869   2.601890  13.121328   -3247.271 1
 50.344667 -41.698361   0.062280  0.000120  18671.074    35.975095   2.620724  13.216305   -3162.382 1
 49.826167 -41.594861   0.064454  0.000123  19322.823    36.874472   2.662779  13.428391   -2555.317 1
 49.804958 -41.587583   0.065759  0.000170  19714.052    50.964718   2.668706  13.458282   -2190.910 1
 50.592833 -41.599028   0.064835  0.000120  19437.044    35.975095   2.762834  13.932965   -2448.927 1
