 17.481583 -45.931194   0.024250  0.000044   7269.967    13.190868   0.016311   0.028622      97.792 0
 17.455409 -45.900603   0.030791  0.000160   9230.910    47.966793   0.039082   0.068581    2012.932 1
 17.415333 -45.991889   0.023726  0.000150   7112.876    44.968869   0.091559   0.160668     -55.630 0
 17.340000 -45.916000   0.023892  0.000333   7162.641    99.830889   0.112666   0.197707      -7.027 0
 17.703000 -45.931000   0.021890  0.000333   6562.457    99.830889   0.140292   0.246184    -593.193 0
 17.241667 -45.803056   0.025344  0.000333   7597.940    99.830889   0.216901   0.380618     418.104 0
 17.216042 -45.832667   0.024040  0.000123   7207.011    36.874472   0.218170   0.382846      36.306 0
 17.268958 -45.773528   0.025838  0.000090   7746.038    26.981321   0.220185   0.386382     562.743 0
 17.830417 -45.932111   0.021645  0.000083   6489.008    24.882774   0.228876   0.401631    -664.926 1
 17.249708 -46.087889   0.023636  0.000150   7085.895    44.968869   0.240793   0.422543     -81.981 0
 17.886667 -45.933889   0.027386  0.000333   8210.116    99.830889   0.268045   0.470365    1015.982 1
 17.417082 -45.652075   0.023663  0.000023   7093.989     6.895227   0.277026   0.486126     -74.076 0
 17.158333 -45.723611   0.024127  0.000333   7233.093    99.830889   0.310983   0.545713      61.779 0
 17.463917 -46.237250   0.022816  0.000027   6840.065     8.094396   0.315565   0.553753    -322.069 0
 17.121250 -46.217500   0.024470  0.000333   7335.921    99.830889   0.396092   0.695064     162.206 0
 18.079333 -45.888417   0.026632  0.000027   7984.073     8.094396   0.403305   0.707720     795.218 1
 17.316743 -46.305710   0.030081  0.000027   9018.057     8.094396   0.403960   0.708870    1805.051 1
 17.155723 -46.283509   0.023173  0.000333   6947.091    99.830889   0.433633   0.760941    -217.543 0
 18.157583 -46.069306   0.026562  0.000077   7963.087    23.084019   0.479221   0.840938     774.723 1
 17.186958 -46.475806   0.030968  0.000150   9283.973    44.968869   0.594781   1.043723    2064.756 1
 17.250083 -45.348028   0.031035  0.000150   9304.059    44.968869   0.600807   1.054297    2084.373 1
 17.691083 -46.544139   0.030431  0.000033   9122.984     9.893151   0.635176   1.114607    1907.527 1
 17.228833 -45.304667   0.023516  0.000097   7049.919    29.079868   0.646595   1.134646    -117.116 0
 17.603083 -46.571333   0.022345  0.000033   6698.862     9.893151   0.652378   1.144795    -459.973 0
 17.102500 -46.526389   0.022205  0.000333   6656.892    99.830889   0.664414   1.165915    -500.964 0
 16.807000 -46.454000   0.020498  0.000333   6145.146    99.830889   0.718128   1.260172   -1000.757 1
 17.061625 -45.272861   0.021842  0.000150   6548.067    44.968869   0.718398   1.260647    -607.247 1
 18.562875 -45.806972   0.024514  0.000150   7349.112    44.968869   0.747232   1.311244     175.088 0
 17.670208 -46.673500   0.023910  0.000150   7168.038    44.968869   0.759819   1.333333      -1.757 0
 18.521958 -46.253361   0.030951  0.000150   9278.876    44.968869   0.782953   1.373927    2059.778 1
 17.187125 -46.686944   0.024207  0.000150   7257.076    44.968869   0.794873   1.394844      85.202 0
 16.779167 -46.540833   0.022319  0.000333   6691.068    99.830889   0.796611   1.397894    -467.586 0
 16.627667 -46.443583   0.031145  0.000150   9337.036    44.968869   0.800547   1.404802    2116.580 1
 18.354197 -45.381594   0.030000  0.000333   8993.774    99.830889   0.802857   1.408855    1781.335 1
 16.510000 -46.395556   0.029320  0.000334   8789.915    99.990000   0.836293   1.467529    1582.238 1
 16.756250 -46.596111   0.020024  0.000333   6003.044    99.830889   0.849854   1.491326   -1139.539 1
 16.249500 -46.075833   0.029887  0.000097   8959.897    29.079868   0.884388   1.551926    1748.250 1
 16.393333 -46.358056   0.030191  0.000333   9051.034    99.830889   0.885376   1.553659    1837.258 1
 16.308083 -46.258111   0.030558  0.000150   9161.058    44.968869   0.895450   1.571338    1944.712 1
 16.452000 -46.507000   0.030670  0.000333   9194.635    99.830889   0.935133   1.640974    1977.504 1
 16.993875 -46.797611   0.024490  0.000150   7341.917    44.968869   0.943454   1.655574     168.062 0
 16.302958 -46.368389   0.022882  0.000334   6859.851    99.990000   0.945455   1.659085    -302.745 0
 17.880917 -45.003278   0.023433  0.000150   7025.037    44.968869   0.956599   1.678642    -141.418 0
 16.281667 -46.369444   0.030191  0.000333   9051.034    99.830889   0.959033   1.682913    1837.258 1
 16.261083 -46.384000   0.030521  0.000334   9149.966    99.990000   0.978503   1.717079    1933.879 1
 16.130042 -45.545694   0.024477  0.000150   7338.020    44.968869   1.025953   1.800345     164.255 0
 16.810917 -46.843972   0.031355  0.000150   9399.993    44.968869   1.038981   1.823206    2178.065 1
 16.475417 -46.695000   0.030435  0.000065   9124.183    19.486510   1.051647   1.845432    1908.699 1
 18.744542 -46.525139   0.029560  0.000150   8861.865    44.968869   1.053721   1.849071    1652.507 1
 17.480708 -46.991806   0.023349  0.000150   6999.854    44.968869   1.069125   1.876103    -166.012 0
 16.929944 -46.916526   0.023700  0.000333   7105.081    99.830889   1.070375   1.878296     -63.243 0
 19.044500 -45.973111   0.025895  0.000150   7763.126    44.968869   1.074414   1.885384     579.432 0
 16.017917 -46.226167   0.022499  0.000033   6745.031     9.893151   1.075804   1.887823    -414.884 0
 18.038917 -46.933639   0.020441  0.000150   6128.058    44.968869   1.077732   1.891205   -1017.446 1
 18.825333 -46.512944   0.029854  0.000333   8950.004    99.830889   1.093674   1.919180    1738.588 1
 17.030250 -46.981861   0.023708  0.000213   7107.480    63.855794   1.108689   1.945530     -60.900 0
 16.993833 -46.979444   0.023529  0.000297   7053.817    89.038360   1.114152   1.955116    -113.310 0
 16.533292 -46.831167   0.020584  0.000150   6170.928    44.968869   1.130904   1.984513    -975.577 1
 16.103625 -46.502056   0.030621  0.000080   9179.945    23.983397   1.131968   1.986380    1963.158 1
 16.852083 -46.993222   0.031792  0.000027   9531.002     8.094396   1.161909   2.038920    2306.015 1
 19.140875 -46.234889   0.028863  0.000150   8652.910    44.968869   1.182218   2.074559    1448.433 1
 17.154000 -47.081000   0.023726  0.000333   7112.876    99.830889   1.183201   2.076283     -55.630 0
 17.077708 -47.072111   0.024113  0.000147   7228.896    44.069491   1.186566   2.082188      57.680 0
 17.057500 -47.103333   0.024494  0.000333   7343.116    99.830889   1.220316   2.141413     169.233 0
 16.753667 -44.817583   0.030254  0.000150   9069.921    44.968869   1.221558   2.143593    1855.704 1
 16.780458 -47.055333   0.022315  0.000150   6689.869    44.968869   1.238698   2.173670    -468.757 0
 16.797042 -47.066139   0.022672  0.000213   6796.895    63.855794   1.243996   2.182966    -364.231 0
 17.016750 -47.121528   0.023289  0.000150   6981.867    44.968869   1.245305   2.185263    -183.579 0
 17.047500 -47.135722   0.023913  0.000120   7168.937    35.975095   1.253412   2.199490      -0.878 0
 16.243000 -46.844028   0.019977  0.000150   5988.954    44.968869   1.270949   2.230264   -1153.300 1
 19.121792 -46.523778   0.029741  0.000150   8916.127    44.968869   1.277235   2.241295    1705.502 1
 16.941167 -47.162722   0.022731  0.000297   6814.582    89.038360   1.299800   2.280891    -346.956 0
 19.263625 -46.409083   0.030000  0.001000   8993.774    99.990000   1.318614   2.313906    1781.335 1
 16.904750 -47.179389   0.023349  0.000297   6999.854    89.038360   1.323437   2.322369    -166.012 0
 16.753875 -47.147028   0.020148  0.000213   6040.218    63.855794   1.330179   2.334201   -1103.233 1
 15.658458 -45.549056   0.025764  0.000150   7723.853    44.968869   1.335544   2.343614     541.076 0
 16.453458 -47.074000   0.022181  0.000213   6649.697    63.855794   1.362714   2.391293    -507.991 0
 18.828417 -44.919667   0.031505  0.000150   9444.961    44.968869   1.363092   2.391956    2221.984 1
 16.183708 -46.936194   0.022345  0.000150   6698.862    44.968869   1.366583   2.398082    -459.973 0
 16.408208 -47.071722   0.019330  0.000027   5794.988     8.094396   1.377913   2.417964   -1342.735 1
 16.244583 -47.030222   0.021698  0.000213   6504.897    63.855794   1.411069   2.476146    -649.408 1
 16.570292 -47.181389   0.020177  0.000213   6048.912    63.855794   1.415578   2.484058   -1094.742 1
 16.100042 -46.962889   0.020347  0.000150   6099.877    44.968869   1.425648   2.501730   -1044.968 1
 16.155000 -47.040000   0.022253  0.000333   6671.282    99.830889   1.457991   2.558485    -486.910 0
 18.867000 -44.769389   0.031262  0.000150   9372.112    44.968869   1.494107   2.621862    2150.836 1
 16.283333 -47.170417   0.030703  0.000297   9204.528    89.038360   1.508267   2.646709    1987.166 1
 16.334542 -47.200889   0.021929  0.000150   6574.149    44.968869   1.514174   2.657074    -581.774 1
 16.688292 -47.337722   0.020698  0.000150   6205.104    44.968869   1.523876   2.674101    -942.199 1
 15.933625 -46.997167   0.030919  0.000213   9269.283    63.855794   1.531044   2.686679    2050.409 1
 16.005792 -47.066778   0.021450  0.000213   6430.548    63.855794   1.546455   2.713723    -722.020 1
 17.790650 -47.460342   0.023920  0.000150   7171.036    44.968869   1.550647   2.721079       1.171 0
 15.882083 -47.024139   0.022529  0.000150   6754.024    44.968869   1.575527   2.764737    -406.100 0
 18.765417 -44.561472   0.029474  0.000150   8836.083    44.968869   1.620485   2.843629    1627.327 1
 18.307125 -44.395556   0.032152  0.000150   9638.927    44.968869   1.626759   2.854640    2411.419 1
 16.412125 -47.381389   0.026761  0.000213   8022.746    63.855794   1.643770   2.884490     832.988 1
 15.876750 -47.125750   0.022998  0.000213   6894.627    63.855794   1.650697   2.896647    -268.781 0
 19.703083 -46.606972   0.029857  0.000150   8950.903    44.968869   1.677257   2.943253    1739.466 1
 18.790917 -44.481250   0.031065  0.000150   9313.053    44.968869   1.697740   2.979198    2093.156 1
 16.445250 -47.454806   0.021398  0.000150   6414.959    44.968869   1.699160   2.981689    -737.245 1
 15.393917 -46.781806   0.031615  0.000150   9477.939    44.968869   1.699323   2.981975    2254.191 1
 15.992292 -47.285833   0.020734  0.000213   6215.897    63.855794   1.720563   3.019248    -931.658 1
 15.652417 -47.085056   0.029928  0.000297   8972.189    89.038360   1.733692   3.042285    1760.254 1
 15.614375 -47.057361   0.025568  0.000150   7665.094    44.968869   1.735183   3.044902     483.689 0
 19.622439 -44.988991   0.031465  0.000150   9432.970    44.968869   1.745958   3.063809    2210.272 1
 15.704792 -47.186333   0.021475  0.000133   6438.043    39.872397   1.777346   3.118890    -714.701 1
 15.547887 -44.595810   0.024720  0.000150   7410.870    44.968869   1.899477   3.333207     235.403 0
 17.679000 -47.867750   0.022593  0.000297   6773.211    89.038360   1.948878   3.419894    -387.361 0
 20.116958 -46.662611   0.030358  0.000150   9101.099    44.968869   1.963944   3.446333    1886.154 1
 17.734708 -43.956306   0.024851  0.000150   7450.142    44.968869   1.973144   3.462477     273.759 0
 20.275341 -45.473064   0.031225  0.000150   9361.020    44.968869   1.981158   3.476540    2140.003 1
 14.626625 -45.862306   0.029107  0.000150   8726.059    44.968869   2.000874   3.511137    1519.873 1
 15.524458 -47.404639   0.021955  0.000150   6581.943    44.968869   2.021791   3.547842    -574.161 1
 19.533273 -44.466707   0.021145  0.000060   6339.112    17.987547   2.029136   3.560731    -811.321 1
 19.534657 -44.461709   0.020928  0.000027   6274.057     8.094396   2.033394   3.568204    -874.857 1
 16.651619 -47.927642   0.032573  0.000213   9765.140    63.855794   2.090246   3.667968    2534.684 1
 14.668458 -45.200944   0.024247  0.000150   7269.068    44.968869   2.098889   3.683134      96.914 0
 14.457583 -45.750389   0.028556  0.000150   8560.873    44.968869   2.124555   3.728174    1358.546 1
 19.709792 -44.391500   0.023103  0.000150   6926.105    44.968869   2.168918   3.806021    -238.038 0
 14.513250 -46.617250   0.023103  0.000133   6926.105    39.872397   2.191759   3.846102    -238.038 0
 14.410958 -46.446139   0.029383  0.000038   8808.802    11.392113   2.212766   3.882966    1600.683 1
 14.298664 -45.873386   0.024664  0.000150   7394.081    44.968869   2.228646   3.910831     219.007 0
 20.768833 -45.781556   0.017789  0.000150   5333.008    44.968869   2.277111   3.995878   -1793.925 1
 14.932721 -47.380679   0.022539  0.000150   6757.022    44.968869   2.306285   4.047072    -403.172 0
 16.372083 -48.132889   0.022854  0.000213   6851.457    63.855794   2.345638   4.116130    -310.943 0
 19.929583 -44.253056   0.023480  0.000333   7039.127    99.830889   2.374960   4.167585    -127.656 0
 15.621542 -47.982528   0.032154  0.000297   9639.527    89.038360   2.439894   4.281530    2412.005 1
 20.313375 -44.432278   0.024227  0.000077   7263.072    23.084019   2.459092   4.315220      91.058 0
 15.475083 -43.877556   0.027909  0.000150   8366.908    44.968869   2.484016   4.358955    1169.111 1
 20.358875 -44.432361   0.027572  0.000150   8265.878    44.968869   2.484291   4.359438    1070.441 1
 14.229167 -46.974944   0.029174  0.000150   8746.145    44.968869   2.507835   4.400754    1539.490 1
 20.048958 -44.132861   0.023049  0.000133   6909.916    39.872397   2.518663   4.419754    -253.849 0
 19.943833 -47.793278   0.023303  0.000150   6986.064    44.968869   2.526817   4.434063    -179.480 0
 20.081772 -44.128490   0.023500  0.000050   7045.123    14.989623   2.537862   4.453445    -121.801 0
 18.367292 -43.410472   0.032376  0.000150   9706.081    44.968869   2.583462   4.533464    2477.004 1
 21.028625 -45.105694   0.022479  0.000150   6739.035    44.968869   2.585928   4.537792    -420.739 0
 17.439917 -43.325556   0.032386  0.000150   9709.079    44.968869   2.597579   4.558237    2479.932 1
 20.708250 -44.578500   0.023780  0.000150   7129.065    44.968869   2.604342   4.570103     -39.819 0
 19.020542 -48.348167   0.024394  0.000150   7313.137    44.968869   2.645532   4.642384     139.954 0
 14.062500 -47.064361   0.028253  0.000150   8470.036    44.968869   2.650791   4.651612    1269.831 1
 18.624458 -48.473694   0.023133  0.000150   6935.099    44.968869   2.667806   4.681471    -229.255 0
 13.672958 -46.382139   0.023326  0.000150   6992.959    44.968869   2.702680   4.742667    -172.746 0
 14.206000 -47.365917   0.028677  0.000150   8597.148    44.968869   2.708960   4.753688    1393.974 1
 20.072375 -43.827278   0.031378  0.000150   9406.888    44.968869   2.754809   4.834145    2184.800 1
 14.027875 -47.256806   0.024417  0.000150   7320.032    44.968869   2.760242   4.843677     146.688 0
 20.136667 -43.816944   0.023353  0.000333   7001.053    99.830889   2.791835   4.899118    -164.841 0
 16.046211 -43.291759   0.029534  0.000314   8854.070    94.134832   2.819103   4.946967    1644.895 1
 16.091833 -43.276750   0.029450  0.000130   8828.888    38.973020   2.821930   4.951928    1620.300 1
 13.893708 -47.262083   0.028293  0.000150   8482.028    44.968869   2.844787   4.992037    1281.542 1
 13.523458 -46.616639   0.029237  0.000150   8765.032    44.968869   2.853012   5.006471    1557.936 1
 17.798708 -48.789111   0.030408  0.000150   9116.089    44.968869   2.873769   5.042895    1900.793 1
 21.130542 -44.534333   0.016668  0.000150   4996.941    44.968869   2.880987   5.055562   -2122.143 1
 21.117583 -47.361222   0.029599  0.000213   8873.557    63.855794   2.897583   5.084684    1663.926 1
 19.937417 -43.571500   0.022492  0.000093   6742.932    27.880699   2.898174   5.085721    -416.933 0
 14.010458 -47.505667   0.031905  0.000150   9564.878    44.968869   2.898886   5.086971    2339.100 1
 13.444500 -45.190778   0.024183  0.000150   7249.881    44.968869   2.915661   5.116407      78.175 0
 19.935167 -43.537389   0.031255  0.000150   9370.013    44.968869   2.925010   5.132813    2148.786 1
 13.567083 -46.962667   0.032035  0.000150   9603.851    44.968869   2.927894   5.137874    2377.163 1
 13.812125 -47.513833   0.032402  0.000150   9713.875    44.968869   3.019705   5.298984    2484.617 1
 16.416125 -42.990361   0.026365  0.000150   7904.028    44.968869   3.028087   5.313692     717.043 1
 20.768333 -43.914306   0.022185  0.000150   6650.896    44.968869   3.032767   5.321905    -506.820 1
 20.576250 -43.772083   0.023356  0.000150   7001.953    44.968869   3.033117   5.322519    -163.962 0
 14.240000 -43.838778   0.023159  0.000150   6942.894    44.968869   3.080747   5.406100    -221.642 0
 21.158833 -47.703806   0.022949  0.000297   6879.937    89.038360   3.105495   5.449529    -283.128 0
 14.291708 -43.727083   0.023770  0.000103   7126.067    30.878623   3.131628   5.495386     -42.747 0
 13.129917 -46.777667   0.026255  0.000150   7871.051    44.968869   3.158985   5.543392     684.836 1
 13.515083 -47.532250   0.032266  0.000150   9673.103    44.968869   3.206386   5.626572    2444.797 1
 13.375458 -47.373722   0.029087  0.000150   8720.063    44.968869   3.216191   5.643778    1514.018 1
 13.361875 -47.380806   0.028703  0.000100   8604.943    29.979246   3.227820   5.664185    1401.586 1
 21.708750 -44.558694   0.037549  0.000150  11256.907    44.968869   3.228851   5.665994    3991.607 1
 15.874042 -42.892111   0.023056  0.000150   6912.015    44.968869   3.235256   5.677233    -251.799 0
 21.254167 -47.895917   0.023530  0.000150   7054.117    44.968869   3.272177   5.742021    -113.017 0
 12.788500 -46.109389   0.033069  0.000083   9913.837    24.882774   3.283916   5.762621    2679.908 1
 13.585792 -47.777417   0.029344  0.000150   8797.110    44.968869   3.295422   5.782813    1589.265 1
 13.421005 -47.612133   0.030000  0.000333   8993.774    99.830889   3.303284   5.796609    1781.335 1
 13.581208 -47.795361   0.028867  0.000150   8654.109    44.968869   3.308182   5.805204    1449.604 1
 13.438875 -47.647472   0.027746  0.000150   8318.042    44.968869   3.310879   5.809936    1121.386 1
 15.454485 -42.920745   0.022976  0.000150   6888.032    44.968869   3.322681   5.830647    -275.223 0
 19.703833 -42.970556   0.017849  0.000150   5350.996    44.968869   3.326003   5.836476   -1776.357 1
 12.603292 -46.050917   0.028343  0.000150   8497.018    44.968869   3.409853   5.983617    1296.182 1
 18.590542 -42.597000   0.017262  0.000150   5175.017    44.968869   3.410944   5.985531   -1948.225 1
 16.847708 -49.307972   0.030778  0.000150   9227.012    44.968869   3.415622   5.993739    2009.126 1
 19.324583 -49.104778   0.018032  0.000150   5405.858    44.968869   3.425362   6.010832   -1722.777 1
 13.611000 -48.022861   0.031635  0.000150   9483.934    44.968869   3.425674   6.011379    2260.047 1
 17.261366 -49.399944   0.030798  0.000150   9233.008    44.968869   3.481180   6.108781    2014.981 1
 20.541625 -43.140472   0.022582  0.000150   6769.913    44.968869   3.494723   6.132546    -390.582 0
 13.296458 -48.028778   0.025197  0.000150   7553.871    44.968869   3.604493   6.325172     375.064 0
 15.973917 -49.370611   0.030638  0.000150   9185.041    44.968869   3.607904   6.331156    1968.135 1
 12.393875 -46.874389   0.029637  0.000034   8884.949    10.192944   3.678346   6.454768    1675.052 1
 13.825375 -48.688639   0.024714  0.000150   7409.071    44.968869   3.766951   6.610252     233.646 0
 12.083167 -45.743472   0.034290  0.000150  10279.883    44.968869   3.773521   6.621781    3037.404 1
 12.482208 -47.381139   0.028353  0.001201   8500.016    99.990000   3.783993   6.640157    1299.110 1
 16.361750 -42.216194   0.029884  0.000103   8958.998    30.878623   3.790457   6.651501    1747.371 1
 14.436750 -42.738389   0.013209  0.000037   3959.959    11.092321   3.832225   6.724795   -3134.903 1
 12.402042 -47.417361   0.032412  0.000150   9716.873    44.968869   3.849429   6.754985    2487.545 1
 13.006542 -48.204944   0.024527  0.000150   7353.010    44.968869   3.871174   6.793142     178.895 0
 12.994583 -48.214444   0.024917  0.000187   7469.929    56.061190   3.883495   6.814763     293.083 0
 12.982792 -48.207472   0.024487  0.000150   7341.018    44.968869   3.886016   6.819189     167.183 0
 22.049583 -43.576028   0.032602  0.000227   9773.834    68.052888   3.939028   6.912213    2543.175 1
 15.670792 -49.661333   0.030484  0.000150   9138.873    44.968869   3.949539   6.930658    1923.045 1
 12.987708 -43.476500   0.013051  0.000028   3912.591     8.394189   3.980465   6.984928   -3181.164 1
 22.095583 -43.539167   0.033376  0.000150  10005.873    44.968869   3.986702   6.995872    2769.794 1
 12.931458 -48.376306   0.028697  0.000150   8603.144    44.968869   4.015828   7.046982    1399.829 1
 22.256792 -43.623028   0.031949  0.000150   9578.069    44.968869   4.028691   7.069554    2351.983 1
 16.796292 -41.916611   0.023006  0.000150   6897.025    44.968869   4.036107   7.082567    -266.439 0
 16.822750 -41.890722   0.023533  0.000150   7055.016    44.968869   4.059623   7.123833    -112.139 0
 20.458958 -42.418083   0.031142  0.000150   9336.137    44.968869   4.063847   7.131245    2115.701 1
 18.115917 -49.968722   0.030625  0.000150   9181.144    44.968869   4.068442   7.139309    1964.329 1
 14.659542 -49.495361   0.025177  0.000150   7547.875    44.968869   4.083149   7.165118     369.208 1
 16.904248 -41.855289   0.023947  0.000150   7179.130    44.968869   4.088666   7.174799       9.076 0
 15.639125 -42.017167   0.023806  0.000150   7136.859    44.968869   4.114910   7.220852     -32.207 0
 20.088792 -42.203444   0.018119  0.000150   5431.940    44.968869   4.131862   7.250598   -1697.304 1
 23.504833 -45.544639   0.030548  0.000150   9158.060    44.968869   4.193049   7.357970    1941.784 1
 13.999625 -42.504000   0.023129  0.000103   6933.900    30.878623   4.197943   7.366558    -230.426 0
 14.332750 -49.509667   0.030608  0.000150   9176.048    44.968869   4.210116   7.387920    1959.351 1
 20.055875 -49.829861   0.024430  0.000150   7323.930    44.968869   4.292110   7.531803     150.494 0
 19.530125 -41.856167   0.021311  0.000150   6388.877    44.968869   4.304463   7.553479    -762.718 1
 15.687458 -50.038222   0.024387  0.000150   7311.039    44.968869   4.304596   7.553712     137.904 0
 19.042083 -50.143056   0.024534  0.000333   7355.108    99.830889   4.354188   7.640737     180.944 0
 13.007833 -42.880806   0.023596  0.000103   7073.903    30.878623   4.361846   7.654176     -93.693 0
 11.585000 -47.430278   0.032686  0.000173   9799.016    51.864095   4.383187   7.691625    2567.769 1
 11.576333 -47.432889   0.032893  0.000150   9861.073    44.968869   4.389747   7.703135    2628.377 1
 11.492833 -44.577361   0.029534  0.000150   8854.070    44.968869   4.391105   7.705519    1644.895 1
 22.164833 -42.932444   0.023683  0.000334   7099.985    99.990000   4.411859   7.741938     -68.220 0
 11.580417 -47.504806   0.031762  0.000150   9522.008    44.968869   4.412351   7.742801    2297.231 1
 19.992208 -41.824694   0.023339  0.000150   6996.856    44.968869   4.449249   7.807550    -168.940 0
 15.925000 -50.239750   0.024117  0.000087   7230.095    26.081944   4.454115   7.816090      58.851 0
 14.832250 -49.985444   0.021278  0.000307   6378.984    92.036285   4.466922   7.838563    -772.380 1
 23.673792 -47.182972   0.022062  0.000150   6614.021    44.968869   4.474616   7.852065    -542.833 1
 23.918818 -46.596333   0.021915  0.000334   6569.952    99.990000   4.514472   7.922004    -585.873 1
 23.707958 -47.284444   0.021505  0.000150   6447.037    44.968869   4.526907   7.943824    -705.917 1
 19.705924 -41.621537   0.027000  0.000333   8094.396    99.830889   4.566379   8.013091     902.965 1
 14.417625 -41.874722   0.024517  0.000150   7350.012    44.968869   4.581406   8.039460     175.967 0
 23.900208 -47.107111   0.021992  0.000150   6593.036    44.968869   4.605867   8.082385    -563.328 1
 23.865000 -47.228000   0.021883  0.000333   6560.358    99.830889   4.614927   8.098282    -595.242 1
 23.911667 -47.216833   0.021231  0.000150   6364.894    44.968869   4.642949   8.147455    -786.141 1
 23.947500 -47.191583   0.021685  0.000083   6500.999    24.882774   4.659954   8.177296    -653.215 1
 24.099000 -46.738611   0.021695  0.000150   6503.997    44.968869   4.661233   8.179540    -650.287 1
 10.842255 -45.162693   0.012535  0.000150   3757.898    44.968869   4.694413   8.237764   -3332.244 1
 23.910542 -44.404333   0.021638  0.000150   6486.909    44.968869   4.709682   8.264558    -666.976 1
 23.941542 -47.432361   0.021865  0.000150   6554.962    44.968869   4.727261   8.295406    -600.512 1
 24.192125 -46.826083   0.021752  0.000133   6521.086    39.872397   4.740913   8.319362    -633.598 1
 13.692792 -49.956194   0.025518  0.000150   7650.104    44.968869   4.825826   8.468367     469.050 1
 11.117125 -47.843278   0.032859  0.000150   9850.880    44.968869   4.838712   8.490980    2618.422 1
 16.158250 -41.148167   0.030398  0.000183   9113.091    54.862020   4.865209   8.537477    1897.865 1
 11.766500 -48.718583   0.027662  0.000150   8292.859    44.968869   4.871647   8.548775    1096.792 1
 14.730447 -50.430437   0.025047  0.000200   7508.902    59.958492   4.902565   8.603030     331.146 1
 22.166750 -42.211306   0.021441  0.000150   6427.850    44.968869   4.930120   8.651383    -724.655 1
 12.661875 -42.290167   0.023460  0.000150   7033.131    44.968869   4.952827   8.691230    -133.512 1
 11.782760 -48.896712   0.010611  0.000150   3181.098    44.968869   4.966949   8.716011   -3895.572 1
 22.463458 -42.326472   0.025598  0.000150   7674.087    44.968869   4.984643   8.747060     492.473 1
 19.988750 -41.239444   0.016850  0.000120   5051.503    35.975095   4.992676   8.761157   -2068.855 1
 19.986667 -41.236667   0.017337  0.000040   5197.502    11.991698   4.994779   8.764848   -1926.266 1
 19.987500 -41.234944   0.017539  0.000150   5258.060    44.968869   4.996597   8.768037   -1867.122 1
 18.141292 -40.945889   0.032749  0.000150   9817.903    44.968869   4.996740   8.768289    2586.215 1
 19.985000 -41.233611   0.017569  0.000177   5267.054    53.063265   4.997246   8.769176   -1858.339 1
 22.037177 -42.034225   0.016662  0.000150   4995.142    44.968869   5.007497   8.787164   -2123.899 1
 19.998628 -41.214986   0.017502  0.000060   5246.968    17.987547   5.018000   8.805596   -1877.956 1
 24.666667 -46.608694   0.022452  0.000150   6730.940    44.968869   5.031143   8.828658    -428.645 1
 24.724292 -46.243167   0.040691  0.000150  12198.855    44.968869   5.034457   8.834475    4911.554 1
 24.402000 -44.336917   0.021081  0.000150   6319.925    44.968869   5.055246   8.870955    -830.060 1
 12.327542 -49.477833   0.030334  0.000150   9093.904    44.968869   5.058963   8.877477    1879.127 1
 10.886125 -43.804222   0.020317  0.000150   6090.883    44.968869   5.066188   8.890156   -1053.752 1
 24.743667 -46.573306   0.022049  0.000063   6610.124    18.886925   5.079558   8.913617    -546.639 1
 24.726125 -46.835583   0.022375  0.000087   6707.856    26.081944   5.107753   8.963093    -451.190 1
 18.659083 -40.875694   0.033486  0.000150  10038.850    44.968869   5.110901   8.968618    2802.001 1
 22.436500 -42.134250   0.021625  0.000150   6483.012    44.968869   5.112445   8.971327    -670.782 1
 12.230708 -42.341111   0.023730  0.000150   7114.075    44.968869   5.125670   8.994534     -54.459 1
 10.131042 -45.985417   0.012322  0.000150   3694.043    44.968869   5.127592   8.997908   -3394.608 1
 24.761000 -46.827000   0.022331  0.000333   6694.665    99.830889   5.130104   9.002316    -464.072 1
 13.924083 -50.440000   0.015391  0.000277   4614.106    83.042511   5.157397   9.050209   -2496.036 1
 22.912833 -42.366250   0.022222  0.000133   6661.988    39.872397   5.178585   9.087391    -495.986 1
 24.775000 -47.041667   0.022372  0.000333   6706.957    99.830889   5.181767   9.092975    -452.068 1
 10.075917 -45.386444   0.036669  0.000297  10993.090    89.038360   5.193325   9.113256    3733.952 1
 10.049792 -45.548028   0.010684  0.000213   3202.983    63.855794   5.197258   9.120157   -3874.198 1
 16.070000 -51.032806   0.025441  0.000070   7627.020    20.985472   5.206169   9.135795     446.505 1
 24.787458 -47.127500   0.022125  0.000150   6632.908    44.968869   5.209407   9.141477    -524.387 1
 11.912292 -42.455056   0.036939  0.000150  11074.034    44.968869   5.209857   9.142267    3813.005 1
 24.880500 -46.985500   0.022862  0.000150   6853.855    44.968869   5.241773   9.198274    -308.601 1
 12.164917 -49.662111   0.027496  0.000150   8243.093    44.968869   5.269197   9.246397    1048.189 1
 10.338458 -44.165389   0.029801  0.000150   8934.115    44.968869   5.283745   9.271926    1723.070 1
 12.441958 -49.865028   0.027182  0.000150   8148.959    44.968869   5.284829   9.273828     956.252 1
 24.916500 -47.108278   0.020991  0.000150   6292.943    44.968869   5.292441   9.287185    -856.411 1
 19.826833 -50.963583   0.023676  0.000150   7097.886    44.968869   5.293943   9.289820     -70.270 1
 20.067000 -40.875028   0.022656  0.000103   6792.098    30.878623   5.353904   9.395040    -368.916 1
 22.027708 -41.561778   0.016992  0.000150   5094.073    44.968869   5.378753   9.438645   -2027.279 1
  9.743302 -45.818571   0.021578  0.000213   6468.922    63.855794   5.397938   9.472311    -684.543 1
 12.614125 -50.124306   0.024684  0.000183   7400.077    54.862020   5.404832   9.484408     224.863 1
 25.253667 -45.066278   0.039017  0.000150  11697.002    44.968869   5.460096   9.581387    4421.423 1
  9.897375 -47.291333   0.033737  0.000150  10114.098    44.968869   5.463922   9.588100    2875.491 1
 25.379125 -46.214528   0.030498  0.000150   9143.070    44.968869   5.487533   9.629533    1927.144 1
 10.321751 -43.633684   0.013212  0.000103   3960.858    30.878623   5.494130   9.641109   -3134.025 1
 22.523042 -41.651028   0.016722  0.000150   5013.129    44.968869   5.518055   9.683093   -2106.332 1
 10.365625 -48.345306   0.029791  0.000150   8931.117    44.968869   5.523604   9.692830    1720.142 1
 23.474333 -42.280500   0.022070  0.000297   6616.420    89.038360   5.525226   9.695677    -540.491 1
 18.845208 -51.368889   0.018499  0.000150   5545.861    44.968869   5.525720   9.696544   -1586.044 1
 11.171083 -49.278139   0.032172  0.000150   9644.923    44.968869   5.536358   9.715211    2417.275 1
 24.273547 -42.958129   0.021878  0.000150   6558.859    44.968869   5.565956   9.767150    -596.706 1
 18.917583 -51.405556   0.024227  0.000150   7263.072    44.968869   5.570543   9.775200      91.058 1
 24.294406 -42.939031   0.021265  0.000150   6375.087    44.968869   5.588415   9.806561    -776.187 1
  9.510083 -46.517583   0.011219  0.000019   3363.372     5.696057   5.590895   9.810913   -3717.556 1
 23.627333 -42.188028   0.032909  0.000150   9865.870    44.968869   5.666216   9.943087    2633.061 1
 24.106542 -42.593861   0.020881  0.000100   6259.966    29.979246   5.673746   9.956300    -888.618 1
 24.778583 -43.360056   0.021248  0.000057   6369.990    17.088170   5.673763   9.956330    -781.164 1
 25.308500 -47.572556   0.022686  0.000150   6801.092    44.968869   5.675707   9.959741    -360.132 1
 21.984167 -50.685694   0.031005  0.000150   9295.065    44.968869   5.692819   9.989769    2075.589 1
 24.463708 -48.934250   0.030258  0.000150   9071.120    44.968869   5.702932  10.007516    1856.875 1
 23.007750 -41.689944   0.027506  0.000150   8246.091    44.968869   5.708518  10.017317    1051.116 1
 11.577083 -49.912333   0.029604  0.000150   8875.056    44.968869   5.735999  10.065540    1665.390 1
  9.275750 -46.644083   0.011815  0.000024   3542.048     7.195019   5.767456  10.120742   -3543.053 1
 25.192333 -43.744556   0.021295  0.000150   6384.080    44.968869   5.776278  10.136223    -767.403 1
 23.223917 -41.728778   0.026935  0.000150   8074.910    44.968869   5.782252  10.146706     883.933 1
 13.727083 -40.768333   0.023766  0.000333   7124.868    99.830889   5.784691  10.150987     -43.919 1
 22.912708 -41.528944   0.018296  0.000150   5485.003    44.968869   5.785670  10.152705   -1645.480 1
 20.937875 -40.653583   0.031262  0.000103   9372.112    30.878623   5.786022  10.153323    2150.836 1
 24.391458 -42.673944   0.022082  0.000150   6620.017    44.968869   5.790090  10.160460    -536.977 1
 11.426374 -49.943427   0.028300  0.000333   8484.127    99.830889   5.833170  10.236057    1283.592 1
 25.570792 -47.530028   0.022416  0.000150   6720.148    44.968869   5.838677  10.245721    -439.185 1
 10.704750 -42.495194   0.019870  0.000103   5956.876    30.878623   5.839819  10.247725   -1184.629 1
 24.417000 -42.608000   0.021523  0.000333   6452.433    99.830889   5.841969  10.251497    -700.647 1
  9.619230 -43.869120   0.025337  0.000333   7595.842    99.830889   5.855206  10.274726     416.055 1
 24.860833 -43.073333   0.021375  0.000333   6408.064    99.830889   5.858831  10.281088    -743.980 1
 13.634667 -40.716056   0.024260  0.000083   7272.965    24.882774   5.860549  10.284102     100.720 1
 22.590042 -41.249528   0.021892  0.000150   6563.056    44.968869   5.862433  10.287408    -592.607 1
 14.944250 -40.333556   0.023076  0.000073   6918.011    21.884849   5.865518  10.292822    -245.944 1
 22.247250 -41.074000   0.016888  0.000150   5062.895    44.968869   5.865858  10.293418   -2057.729 1
 20.592250 -40.446083   0.030785  0.000297   9229.111    89.038360   5.883557  10.324476    2011.175 1
 22.201500 -41.024472   0.016788  0.000103   5032.916    30.878623   5.889137  10.334269   -2087.008 1
 24.693667 -49.043028   0.030524  0.000150   9150.865    44.968869   5.896223  10.346702    1934.757 1
  9.709720 -43.600650   0.025034  0.000333   7505.004    99.830889   5.896767  10.347657     327.339 1
 24.773667 -48.956889   0.012339  0.000034   3699.139    10.192944   5.898749  10.351135   -3389.631 1
  9.270333 -44.483944   0.032232  0.000213   9662.911    63.855794   5.903953  10.360267    2434.842 1
 24.379917 -49.423639   0.030514  0.000150   9147.867    44.968869   5.928687  10.403670    1931.829 1
 14.914173 -40.273597   0.022369  0.000333   6706.057    99.830889   5.928999  10.404218    -452.946 1
 24.712042 -42.724056   0.021850  0.000213   6550.465    63.855794   5.948898  10.439138    -604.904 1
 24.592083 -42.595556   0.021318  0.000333   6390.976    99.830889   5.949609  10.440384    -760.669 1
 11.291583 -50.040222   0.028453  0.000150   8529.995    44.968869   5.967823  10.472347    1328.389 1
  9.577820 -43.622220   0.040079  0.000333  12015.382    99.830889   5.972874  10.481210    4732.366 1
  9.519380 -43.640390   0.027322  0.000333   8190.930    99.830889   6.003479  10.534916     997.243 1
 24.506667 -42.382389   0.021685  0.000150   6500.999    44.968869   6.023221  10.569560    -653.215 1
 22.265292 -40.888889   0.021325  0.000150   6393.074    44.968869   6.026666  10.575604    -758.619 1
 10.633313 -42.241703   0.019524  0.000150   5853.148    44.968869   6.031406  10.583921   -1285.934 1
 19.325000 -40.002639   0.033825  0.000297  10140.480    89.038360   6.054486  10.624423    2901.257 1
 19.442792 -40.003336   0.032422  0.000333   9719.871    99.830889   6.071501  10.654280    2490.473 1
 10.147833 -49.207750   0.029717  0.000150   8908.932    44.968869   6.079446  10.668223    1698.475 1
  9.771683 -43.083416   0.011445  0.000123   3431.125    36.874472   6.080802  10.670602   -3651.385 1
  9.772083 -43.080556   0.011275  0.000043   3380.160    12.891076   6.081892  10.672515   -3701.160 1
 24.683958 -42.451750   0.021431  0.000213   6424.852    63.855794   6.083586  10.675487    -727.583 1
 19.868500 -51.779917   0.031225  0.000150   9361.020    44.968869   6.084143  10.676464    2140.003 1
 13.007167 -40.686444   0.024317  0.000150   7290.053    44.968869   6.098705  10.702019     117.409 1
 10.415958 -42.320972   0.019997  0.000087   5994.950    26.081944   6.104769  10.712659   -1147.444 1
 15.199958 -51.815583   0.024847  0.000090   7448.943    26.981321   6.106452  10.715613     272.588 1
 21.098500 -51.526444   0.029844  0.000150   8947.006    44.968869   6.136882  10.769011    1735.660 1
 19.288167 -39.908389   0.034107  0.000213  10225.021    63.855794   6.141441  10.777011    2983.824 1
 24.638219 -42.293327   0.018836  0.000150   5646.891    44.968869   6.149632  10.791385   -1487.374 1
 20.835875 -51.622028   0.023553  0.000150   7061.012    44.968869   6.153119  10.797505    -106.283 1
 19.860583 -51.853917   0.031041  0.000150   9305.858    44.968869   6.153943  10.798951    2086.129 1
 13.693583 -51.510306   0.024934  0.000150   7475.025    44.968869   6.183664  10.851104     298.060 1
 18.817292 -52.070333   0.029891  0.000150   8961.096    44.968869   6.215301  10.906621    1749.421 1
 10.863669 -50.156799   0.028526  0.000333   8551.880    99.830889   6.264895  10.993649    1349.762 1
 10.857292 -50.182833   0.028706  0.000026   8605.842     7.794604   6.285780  11.030298    1402.465 1
 10.849583 -50.178611   0.029351  0.000067   8799.208    20.086095   6.286865  11.032203    1591.314 1
 22.627083 -40.712694   0.021331  0.000150   6394.873    44.968869   6.313233  11.078472    -756.862 1
 12.751875 -51.327361   0.015614  0.000150   4680.959    44.968869   6.334547  11.115874   -2430.743 1
 24.720417 -49.785694   0.029851  0.000210   8949.105    62.956416   6.335467  11.117488    1737.709 1
 20.404500 -39.912577   0.021314  0.000213   6389.776    63.855794   6.340352  11.126061    -761.840 1
 20.403667 -39.912306   0.021802  0.000103   6536.075    30.878623   6.340424  11.126188    -618.958 1
 22.682583 -51.141917   0.012123  0.000030   3634.384     8.993774   6.342562  11.129939   -3452.874 1
 11.229208 -41.310083   0.011685  0.000150   3503.075    44.968869   6.349435  11.141999   -3581.116 1
 14.282425 -39.977575   0.023486  0.000150   7040.926    44.968869   6.352980  11.148220    -125.900 1
 10.750458 -50.242250   0.028003  0.000150   8395.088    44.968869   6.380698  11.196860    1196.633 1
 22.176625 -51.415944   0.030248  0.000150   9068.122    44.968869   6.383614  11.201977    1853.947 1
 12.175542 -40.672250   0.033126  0.000150   9930.925    44.968869   6.426125  11.276576    2696.597 1
 23.912125 -41.287556   0.024477  0.000150   7338.020    44.968869   6.431994  11.286874     164.255 1
 11.679840 -51.005379   0.031689  0.000834   9500.123    99.990000   6.498760  11.404036    2275.857 1
 19.835250 -39.615417   0.030845  0.000297   9247.098    89.038360   6.512905  11.428858    2028.743 1
 11.008333 -50.627333   0.028203  0.000150   8455.047    44.968869   6.521931  11.444696    1255.191 1
 24.731083 -41.759472   0.021331  0.000150   6394.873    44.968869   6.528686  11.456549    -756.862 1
 13.043750 -51.669333   0.011684  0.000034   3502.775    10.192944   6.529884  11.458652   -3581.408 1
 22.240292 -51.598667   0.012018  0.000150   3602.906    44.968869   6.563641  11.517889   -3483.616 1
 23.745667 -40.992056   0.029167  0.000150   8744.047    44.968869   6.570995  11.530795    1537.441 1
 23.568125 -40.877972   0.028580  0.000150   8568.068    44.968869   6.577113  11.541529    1365.573 1
 24.480833 -50.360833   0.030104  0.000150   9024.952    44.968869   6.577714  11.542585    1811.785 1
 19.190167 -52.395722   0.029911  0.000150   8967.092    44.968869   6.578646  11.544219    1755.277 1
 22.930812 -51.343041   0.040000  0.000333  11991.698    99.830889   6.606238  11.592638    4709.236 1
 21.674292 -39.981472   0.019760  0.000113   5923.899    33.876548   6.612425  11.603495   -1216.836 1
 23.319875 -40.666972   0.020794  0.000103   6233.884    30.878623   6.633564  11.640590    -914.091 1
 17.641958 -52.556556   0.024677  0.000150   7397.978    44.968869   6.634494  11.642222     222.813 1
 10.569000 -50.509278   0.028920  0.000150   8669.998    44.968869   6.655298  11.678729    1465.122 1
 24.086000 -41.084833   0.024537  0.000150   7356.008    44.968869   6.662156  11.690763     181.823 1
 20.227250 -39.495944   0.030804  0.000213   9234.807    63.855794   6.700671  11.758349    2016.738 1
 24.147667 -41.050778   0.033113  0.000150   9927.028    44.968869   6.716382  11.785920    2692.790 1
 14.512083 -52.338889   0.025698  0.000333   7704.067    99.830889   6.744728  11.835660     521.752 1
 10.893042 -50.936111   0.027743  0.000150   8317.142    44.968869   6.802000  11.936161    1120.508 1
 11.872211 -40.319407   0.022392  0.000333   6712.953    99.830889   6.836145  11.996080    -446.212 1
 18.197333 -52.751222   0.023980  0.000150   7189.023    44.968869   6.845568  12.012615      18.739 1
 17.633208 -39.073611   0.030284  0.000150   9078.915    44.968869   6.849780  12.020007    1864.487 1
 12.135226 -40.173695   0.011835  0.000027   3548.044     8.094396   6.854750  12.028728   -3537.197 1
 22.109958 -52.031528   0.022973  0.000150   6887.132    44.968869   6.898768  12.105970    -276.101 1
 11.171917 -40.586667   0.023925  0.000297   7172.535    89.038360   6.918224  12.140111       2.635 1
 20.502542 -39.286833   0.020574  0.000103   6167.930    30.878623   6.956536  12.207343    -978.504 1
 15.634917 -39.069222   0.019792  0.000031   5933.492     9.293566   6.975495  12.240611   -1207.466 1
 14.382792 -52.567944   0.025221  0.000150   7561.066    44.968869   6.990370  12.266713     382.091 1
 14.170167 -52.519611   0.027336  0.000150   8195.127    44.968869   6.992061  12.269681    1001.342 1
 14.531625 -52.631833   0.025301  0.000150   7585.049    44.968869   7.019967  12.318650     405.514 1
 12.529833 -52.124833   0.025618  0.000334   7680.083    99.990000   7.101197  12.461193     498.329 1
 16.392500 -53.001500   0.031949  0.000150   9578.069    44.968869   7.120646  12.495322    2351.983 1
 12.674417 -52.219944   0.026061  0.000093   7812.891    27.880699   7.136542  12.523216     628.035 1
 13.274875 -52.454944   0.027025  0.000150   8101.891    44.968869   7.163405  12.570356     910.284 1
 14.297667 -52.772611   0.027526  0.000150   8252.087    44.968869   7.203312  12.640384    1056.972 1
 14.876875 -52.906000   0.027272  0.000150   8175.940    44.968869   7.217977  12.666119     982.604 1
 12.313214 -39.668181   0.023059  0.000333   6912.914    99.830889   7.221257  12.671875    -250.921 1
 14.149000 -52.780000   0.027428  0.000333   8222.708    99.830889   7.242973  12.709983    1028.279 1
 12.056958 -39.739667   0.023466  0.000103   7034.930    30.878623   7.250929  12.723942    -131.756 1
 22.452119 -39.493813   0.019547  0.000103   5860.043    30.878623   7.293179  12.798083   -1279.200 1
 14.034375 -52.829278   0.027566  0.000083   8264.079    24.882774   7.315545  12.837331    1068.684 1
 16.184951 -38.647504   0.022247  0.000030   6669.483     8.993774   7.332707  12.867448    -488.667 1
 18.472292 -38.620611   0.032025  0.000150   9600.853    44.968869   7.333318  12.868520    2374.235 1
 14.181833 -52.897000   0.024454  0.000093   7331.125    27.880699   7.346627  12.891874     157.521 1
 21.456042 -39.105917   0.017555  0.000113   5262.857    33.876548   7.350942  12.899446   -1862.438 1
 14.239875 -52.923917   0.024490  0.000097   7341.917    29.079868   7.359637  12.914703     168.062 1
 22.151750 -39.307306   0.030631  0.000113   9182.943    33.876548   7.363961  12.922292    1966.085 1
 15.541958 -38.662806   0.030518  0.000150   9149.066    44.968869   7.386854  12.962465    1933.000 1
 14.175000 -52.944444   0.025221  0.000333   7561.066    99.830889   7.393168  12.973544     382.091 1
 16.759110 -38.530899   0.022280  0.000330   6679.376    98.931511   7.409907  13.002918    -479.005 1
 16.745500 -38.523889   0.022169  0.000023   6646.099     6.895227   7.417565  13.016357    -511.504 1
 15.398792 -53.200556   0.024874  0.000080   7457.038    23.983397   7.423332  13.026477     280.493 1
 14.173542 -52.975917   0.025948  0.000103   7779.015    30.878623   7.423382  13.026564     594.949 1
 14.175708 -52.992056   0.027996  0.000150   8392.990    44.968869   7.438249  13.052652    1194.584 1
 14.719833 -53.110222   0.024257  0.000150   7272.066    44.968869   7.443388  13.061670      99.841 1
 14.047917 -52.986944   0.025915  0.000333   7769.122    99.830889   7.461537  13.093519     585.287 1
 20.704167 -38.785861   0.031342  0.000103   9396.095    30.878623   7.476527  13.119823    2174.259 1
 15.216708 -53.244500   0.029477  0.000150   8836.982    44.968869   7.492265  13.147440    1628.206 1
 21.484000 -38.952083   0.020798  0.000150   6235.084    44.968869   7.500981  13.162735    -912.920 1
 14.196708 -53.097361   0.024394  0.000100   7313.137    29.979246   7.533931  13.220555     139.954 1
 13.730208 -53.054528   0.025207  0.000150   7556.868    44.968869   7.598996  13.334733     377.992 1
 14.031042 -53.189417   0.025308  0.000150   7587.148    44.968869   7.657198  13.436865     407.564 1
 18.183767 -38.253082   0.022039  0.000033   6607.126     9.893151   7.684361  13.484530    -549.567 1
 21.009375 -38.632806   0.020948  0.000037   6280.052    11.092321   7.687496  13.490031    -869.001 1
 17.865113 -38.083466   0.011764  0.000031   3526.758     9.293566   7.843390  13.763594   -3557.985 1
