356.929882 -28.143920   0.027079  0.000019   8118.080     5.696057   0.002532   0.005384    -607.645 0
356.928009 -28.137729   0.029020  0.000333   8699.977    99.830889   0.004056   0.008626     -42.238 0
356.937652 -28.140745   0.028840  0.000019   8646.014     5.696057   0.006787   0.014433     -94.671 0
356.937027 -28.137032   0.026919  0.000333   8070.113    99.830889   0.007583   0.016125    -654.253 0
356.921208 -28.144139   0.028000  0.000333   8394.189    99.830889   0.008217   0.017475    -339.361 0
356.925000 -28.104000   0.028286  0.000333   8479.929    99.830889   0.037648   0.080061    -256.050 0
356.882338 -28.107070   0.028223  0.000017   8461.043     5.096472   0.054254   0.115373    -274.402 0
356.868083 -28.136000   0.027863  0.000033   8353.117     9.893151   0.054854   0.116651    -379.268 0
356.870529 -28.122607   0.028000  0.000333   8394.189    99.830889   0.055695   0.118438    -339.361 0
356.869136 -28.109482   0.027486  0.000019   8240.096     5.696057   0.062430   0.132762    -489.087 0
357.003583 -28.156361   0.032197  0.000297   9652.418    89.038360   0.066598   0.141624     883.212 0
357.110833 -28.145278   0.033843  0.000333  10145.876    99.830889   0.159512   0.339212    1362.686 0
357.112344 -28.149741   0.030898  0.000037   9262.987    11.092321   0.161014   0.342405     504.817 0
356.805288 -28.016996   0.033630  0.000030  10082.020     8.993774   0.166028   0.353067    1300.640 0
357.036667 -28.317778   0.033877  0.000333  10156.069    99.830889   0.199903   0.425105    1372.590 0
357.158876 -28.113895   0.034377  0.000030  10305.965     8.993774   0.203693   0.433164    1518.239 1
356.810938 -27.957714   0.028553  0.000050   8559.974    14.989623   0.211559   0.449893    -178.274 0
357.111667 -27.987500   0.028747  0.000333   8618.134    99.830889   0.222140   0.472394    -121.762 0
357.047500 -27.932944   0.034024  0.000297  10200.139    89.038360   0.232780   0.495020    1415.411 0
356.800417 -27.930056   0.029340  0.000117   8795.911    35.075718   0.240242   0.510889      50.977 0
357.084292 -27.919889   0.034064  0.000213  10212.130    63.855794   0.259953   0.552804    1427.063 0
357.169750 -28.309778   0.025878  0.000120   7758.029    35.975095   0.270281   0.574767    -957.493 0
356.724753 -28.360538   0.024303  0.000333   7285.856    99.830889   0.284214   0.604398   -1416.285 0
357.250542 -28.040944   0.034684  0.000023  10398.002     6.895227   0.299975   0.637914    1607.667 1
356.596197 -28.003246   0.028847  0.000100   8648.113    29.979246   0.325140   0.691430     -92.632 0
356.594583 -28.006028   0.026128  0.000033   7832.977     9.893151   0.325262   0.691688    -884.668 0
356.562792 -28.098972   0.027999  0.000023   8393.889     6.895227   0.326557   0.694442    -339.652 0
357.306042 -28.262167   0.029550  0.000150   8858.867    44.968869   0.352908   0.750479     112.149 0
357.314792 -27.976222   0.034017  0.000023  10198.040     6.895227   0.377378   0.802515    1413.372 0
356.908917 -27.745889   0.031408  0.000297   9415.882    89.038360   0.395937   0.841983     653.379 0
356.482125 -28.231139   0.026360  0.000297   7902.529    89.038360   0.404991   0.861236    -817.087 0
357.435167 -28.051056   0.031142  0.000150   9336.137    44.968869   0.454525   0.966574     575.894 0
357.436500 -28.261306   0.028609  0.000213   8576.762    63.855794   0.462452   0.983429    -161.961 0
357.286750 -27.779250   0.032096  0.000083   9622.139    24.882774   0.479698   1.020104     853.791 0
357.271125 -27.746500   0.026611  0.000297   7977.777    89.038360   0.496411   1.055646    -743.972 0
357.489250 -27.980278   0.033642  0.000213  10085.618    63.855794   0.518798   1.103254    1304.136 0
357.339625 -28.541556   0.029133  0.000213   8733.854    63.855794   0.539079   1.146381      -9.321 0
357.161708 -27.636917   0.034748  0.000297  10417.188    89.038360   0.544281   1.157445    1626.310 1
356.421792 -27.807750   0.030929  0.000213   9272.281    63.855794   0.558685   1.188075     513.848 0
356.265667 -27.986639   0.029875  0.000213   8956.300    63.855794   0.605887   1.288453     206.821 0
357.175583 -28.724833   0.034604  0.000213  10374.018    63.855794   0.622338   1.323436    1584.363 1
357.625333 -28.427667   0.027616  0.000150   8279.069    44.968869   0.676683   1.439005    -451.219 0
356.864333 -27.465472   0.028376  0.000113   8506.911    33.876548   0.678393   1.442641    -229.833 0
356.130208 -28.109306   0.026832  0.000150   8044.031    44.968869   0.705966   1.501277    -679.595 0
356.567042 -27.510278   0.028890  0.000150   8661.004    44.968869   0.707623   1.504799     -80.107 0
357.765333 -28.350000   0.027571  0.000213   8265.578    63.855794   0.765564   1.628016    -464.327 0
357.797375 -28.101722   0.029507  0.000297   8845.976    89.038360   0.765876   1.628679      99.624 0
357.655458 -28.598361   0.027993  0.000213   8392.090    63.855794   0.786161   1.671815    -341.400 0
357.880071 -28.021299   0.035307  0.000213  10584.772    63.855794   0.846332   1.799773    1789.145 1
357.894208 -28.071694   0.032332  0.000039   9692.890    11.691906   0.853086   1.814136     922.537 1
357.897083 -28.079250   0.028303  0.000103   8485.026    30.878623   0.855030   1.818271    -251.098 0
357.903100 -28.364700   0.029900  0.000333   8963.794    99.830889   0.886657   1.885526     214.103 0
357.903042 -28.365056   0.027646  0.000031   8288.062     9.293566   0.886697   1.885611    -442.480 0
355.898667 -28.100833   0.028990  0.000150   8690.983    44.968869   0.910310   1.935827     -50.977 0
357.959750 -27.965333   0.029364  0.000033   8803.106     9.893151   0.924939   1.966934      57.968 0
357.330333 -29.006861   0.034761  0.000213  10421.086    63.855794   0.934698   1.987689    1630.097 1
357.976667 -27.929833   0.029260  0.000019   8771.927     5.696057   0.946882   2.013597      27.673 0
357.316083 -29.030139   0.034507  0.000103  10344.938    30.878623   0.951726   2.023899    1556.107 1
355.906917 -27.783667   0.031121  0.000213   9329.841    63.855794   0.970468   2.063754     569.777 0
357.914917 -28.592250   0.027891  0.000213   8361.511    63.855794   0.978549   2.080940    -371.112 0
356.319333 -27.315861   0.027840  0.000213   8346.222    63.855794   0.985620   2.095977    -385.968 0
357.091072 -27.156048   0.032694  0.000213   9801.415    63.855794   0.995527   2.117045    1027.986 1
358.067000 -28.229056   0.032886  0.000213   9858.975    63.855794   1.006425   2.140220    1083.915 1
357.633750 -28.939500   0.029375  0.000213   8806.403    63.855794   1.010981   2.149907      61.172 0
355.988208 -27.531667   0.028903  0.000150   8664.901    44.968869   1.030248   2.190880     -76.320 0
356.745105 -29.171085   0.034200  0.000333  10252.902    99.830889   1.042521   2.216980    1466.679 1
357.962167 -27.597528   0.032658  0.000213   9790.622    63.855794   1.060272   2.254728    1017.500 1
355.680833 -27.874639   0.029771  0.000150   8925.121    44.968869   1.133329   2.410089     176.526 0
357.869167 -28.930278   0.028703  0.000333   8604.943    99.830889   1.143758   2.432266    -134.579 0
357.265417 -29.301472   0.029487  0.000297   8839.980    89.038360   1.197194   2.545900      93.798 0
357.533708 -27.003194   0.027858  0.000213   8351.618    63.855794   1.256538   2.672098    -380.725 0
355.789917 -27.353389   0.029670  0.000213   8894.842    63.855794   1.277331   2.716317     147.105 0
358.159583 -27.456278   0.030308  0.000213   9086.110    63.855794   1.282557   2.727429     332.952 0
357.929208 -29.096278   0.027157  0.000213   8141.464    63.855794   1.299285   2.763004    -584.924 0
357.431667 -29.371583   0.029921  0.000213   8970.090    63.855794   1.307313   2.780075     220.220 0
357.560792 -26.956778   0.033313  0.000150   9986.986    44.968869   1.308702   2.783028    1208.299 1
358.042583 -29.079056   0.028993  0.000014   8691.883     4.197094   1.357098   2.885945     -50.103 0
358.100792 -29.023000   0.028943  0.000017   8676.893     5.096472   1.357601   2.887015     -64.668 0
358.025542 -29.114528   0.029036  0.000213   8704.774    63.855794   1.371217   2.915971     -37.577 0
357.493542 -26.857500   0.034184  0.000150  10248.105    44.968869   1.376705   2.927640    1462.019 1
357.211000 -26.746472   0.033170  0.000103   9944.116    30.878623   1.416756   3.012811    1166.644 1
358.102000 -27.107389   0.029010  0.000213   8696.979    63.855794   1.461917   3.108850     -45.151 0
358.510542 -27.684889   0.032395  0.000297   9711.777    89.038360   1.466567   3.118737     940.889 1
355.281917 -27.905472   0.030152  0.000213   9039.342    63.855794   1.472273   3.130872     287.510 0
356.391042 -29.548361   0.033020  0.000150   9899.147    44.968869   1.485065   3.158074    1122.949 1
357.975244 -29.318192   0.028554  0.000213   8560.274    63.855794   1.494783   3.178741    -177.982 0
355.336042 -27.627361   0.028016  0.000213   8398.986    63.855794   1.496568   3.182537    -334.700 0
358.597458 -27.727278   0.042810  0.000103  12834.115    30.878623   1.527553   3.248429    3974.745 1
356.231792 -29.541222   0.031962  0.000150   9581.967    44.968869   1.529238   3.252011     814.757 1
358.141650 -29.271744   0.029100  0.000333   8723.961    99.830889   1.555388   3.307621     -18.934 0
358.077667 -29.323528   0.035091  0.000150  10520.017    44.968869   1.556151   3.309243    1726.225 1
358.700750 -28.236694   0.031643  0.000297   9486.333    89.038360   1.564338   3.326653     721.833 1
358.732250 -28.208500   0.029377  0.000150   8807.003    44.968869   1.590625   3.382553      61.755 0
355.861583 -26.816972   0.029924  0.000150   8970.990    44.968869   1.625315   3.456324     221.094 0
358.067708 -29.447722   0.030091  0.000027   9021.055     8.094396   1.647107   3.502666     269.741 0
355.638417 -26.936361   0.030181  0.000103   9048.036    30.878623   1.658062   3.525962     295.958 0
358.069707 -29.538479   0.030404  0.000037   9114.890    11.092321   1.721004   3.659813     360.917 0
358.711167 -28.893139   0.030168  0.000083   9044.139    24.882774   1.741254   3.702875     292.171 0
358.117750 -29.559667   0.043115  0.000213  12925.552    63.855794   1.763081   3.749290    4063.590 1
358.064167 -29.599861   0.030248  0.000213   9068.122    63.855794   1.768429   3.760664     315.474 0
354.938250 -27.754944   0.028342  0.000297   8496.718    89.038360   1.798303   3.824192    -239.737 0
358.144167 -29.610278   0.029107  0.000333   8726.059    99.830889   1.817667   3.865371     -16.895 0
358.815125 -28.959528   0.028977  0.000150   8687.086    44.968869   1.852713   3.939899     -54.764 0
354.810625 -28.094278   0.027634  0.000213   8284.465    63.855794   1.869421   3.975429    -445.975 1
358.212750 -29.631528   0.043080  0.000150  12915.059    44.968869   1.870814   3.978391    4053.395 1
358.355250 -29.538111   0.028626  0.000150   8581.859    44.968869   1.878913   3.995614    -157.009 0
356.379417 -30.037278   0.036105  0.000150  10824.007    44.968869   1.957061   4.161802    2021.600 1
359.006667 -28.862583   0.027893  0.000150   8362.111    44.968869   1.968085   4.185244    -370.530 1
355.755389 -26.324854   0.012575  0.000017   3769.890     5.096472   2.091070   4.446779   -4832.614 1
359.105167 -29.023389   0.029590  0.000103   8870.859    30.878623   2.111115   4.489405     123.801 1
359.170000 -29.056389   0.029967  0.000333   8983.881    99.830889   2.176851   4.629196     233.620 1
356.864458 -25.951306   0.032706  0.000150   9805.012    44.968869   2.190846   4.658958    1031.482 1
359.327583 -27.489611   0.023376  0.000297   7007.948    89.038360   2.212354   4.704695   -1686.317 1
359.413208 -28.459639   0.028697  0.000103   8603.144    30.878623   2.212674   4.705377    -136.327 1
359.186000 -29.123000   0.029508  0.000333   8846.276    99.830889   2.218321   4.717385      99.915 1
354.394750 -28.203694   0.029405  0.000297   8815.397    89.038360   2.236408   4.755848      69.911 1
354.490125 -27.404333   0.029204  0.000297   8755.139    89.038360   2.274191   4.836196      11.361 1
359.168083 -29.292333   0.029207  0.000150   8756.038    44.968869   2.284612   4.858356      12.234 1
358.132750 -30.181083   0.030147  0.000070   9037.843    20.985472   2.298950   4.888847     286.053 1
359.060375 -26.785694   0.043470  0.000213  13031.978    63.855794   2.316644   4.926475    4167.001 1
359.581208 -28.128500   0.029919  0.000297   8969.491    89.038360   2.337843   4.971556     219.638 1
359.583375 -28.278778   0.027216  0.000213   8159.152    63.855794   2.343749   4.984115    -567.737 1
356.569125 -25.791528   0.028793  0.000050   8631.924    14.989623   2.371309   5.042723    -108.362 1
358.284292 -30.218639   0.029167  0.000103   8744.047    30.878623   2.396057   5.095351       0.583 1
356.708984 -25.732940   0.032983  0.000187   9888.055    56.061190   2.416322   5.138444    1112.171 1
356.777875 -25.702694   0.012707  0.000026   3809.463     7.794604   2.442382   5.193863   -4794.163 1
354.186750 -27.785111   0.027456  0.000150   8231.102    44.968869   2.445048   5.199534    -497.826 1
357.929178 -25.849351   0.012345  0.000057   3700.938    17.088170   2.455550   5.221867   -4899.612 1
358.957250 -29.869667   0.028350  0.000150   8499.116    44.968869   2.486462   5.287601    -237.407 1
359.796583 -28.598306   0.030418  0.000103   9119.087    30.878623   2.568687   5.462458     364.995 1
354.094250 -27.515917   0.029819  0.000213   8939.511    63.855794   2.577557   5.481321     190.508 1
359.403417 -26.758667   0.043366  0.000213  13000.800    63.855794   2.582408   5.491637    4136.706 1
359.803208 -27.417694   0.027403  0.000213   8215.213    63.855794   2.634898   5.603258    -513.265 1
354.205375 -26.991833   0.029397  0.000150   8812.999    44.968869   2.663386   5.663840      67.581 1
355.125833 -30.309472   0.035871  0.000150  10753.855    44.968869   2.689142   5.718611    1953.436 1
359.770542 -29.123889   0.029090  0.000150   8720.963    44.968869   2.690563   5.721633     -21.847 1
359.408625 -29.729472   0.028330  0.000150   8493.120    44.968869   2.701660   5.745233    -243.233 1
354.127125 -27.019083   0.029222  0.000297   8760.535    89.038360   2.714411   5.772347      16.604 1
359.621125 -29.517083   0.031248  0.000150   9367.915    44.968869   2.742934   5.833005     606.771 1
354.101083 -26.994167   0.029861  0.000150   8952.103    44.968869   2.745653   5.838786     202.743 1
359.990042 -27.533639   0.026720  0.000297   8010.454    89.038360   2.765908   5.881861    -712.221 1
356.616875 -25.363722   0.034050  0.000103  10207.933    30.878623   2.791356   5.935977    1422.985 1
353.931042 -29.043722   0.033640  0.000150  10085.018    44.968869   2.794140   5.941897    1303.553 1
354.362833 -26.493556   0.032736  0.000150   9814.006    44.968869   2.799933   5.954215    1040.221 1
359.523250 -29.761333   0.029597  0.000123   8872.957    36.874472   2.802359   5.959376     125.840 1
359.932292 -29.159917   0.027522  0.000150   8250.888    44.968869   2.836559   6.032102    -478.601 1
359.980167 -27.234556   0.027312  0.000110   8187.932    32.977170   2.838366   6.035945    -539.773 1
359.586708 -29.767028   0.030828  0.000150   9242.002    44.968869   2.851446   6.063761     484.427 1
353.763583 -28.764750   0.029066  0.000213   8713.768    63.855794   2.860834   6.083725     -28.838 1
359.576000 -29.810000   0.029677  0.000333   8896.941    99.830889   2.868476   6.099976     149.144 1
353.666875 -27.829972   0.027666  0.000213   8294.058    63.855794   2.894174   6.154624    -436.654 1
359.681833 -29.719056   0.030128  0.000150   9032.147    44.968869   2.894325   6.154945     280.519 1
358.688208 -25.673139   0.030324  0.000057   9090.906    17.088170   2.914776   6.198436     337.613 1
353.972458 -26.820972   0.029657  0.000120   8890.945    35.975095   2.923133   6.216207     143.318 1
359.664542 -29.845000   0.029380  0.000133   8807.902    39.872397   2.952391   6.278425      62.629 1
359.667506 -29.854892   0.029900  0.000333   8963.794    99.830889   2.960240   6.295118     214.103 1
356.046833 -31.004583   0.035758  0.000150  10719.979    44.968869   2.967210   6.309939    1920.520 1
359.524583 -30.070833   0.029734  0.000333   8914.029    99.830889   2.992847   6.364457     165.748 1
355.446417 -30.836750   0.028476  0.000150   8536.890    44.968869   2.996054   6.371278    -200.703 1
356.545500 -25.130861   0.033063  0.000103   9912.038    30.878623   3.029560   6.442530    1135.475 1
353.899125 -26.675083   0.028793  0.000150   8631.924    44.968869   3.048396   6.482585    -108.362 1
358.334125 -25.352056   0.033633  0.000050  10082.920    14.989623   3.051785   6.489793    1301.514 1
356.271792 -31.155306   0.036315  0.000103  10886.963    30.878623   3.069290   6.527019    2082.772 1
354.760042 -25.669944   0.031528  0.000010   9451.857     2.997925   3.125582   6.646726     688.334 1
357.953750 -31.151417   0.044594  0.000103  13368.945    30.878623   3.142483   6.682667    4494.418 1
354.147250 -26.175639   0.031442  0.000040   9426.074    11.991698   3.144078   6.686059     663.283 1
359.840042 -29.985833   0.029067  0.000150   8714.067    44.968869   3.160151   6.720239     -28.547 1
356.749375 -24.984750   0.033223  0.000103   9960.005    30.878623   3.160655   6.721312    1182.082 1
359.366458 -30.461139   0.030681  0.000157   9197.932    47.067416   3.161811   6.723769     441.606 1
355.898500 -31.184222   0.035955  0.000043  10779.038    12.891076   3.175864   6.753655    1977.905 1
353.258958 -27.703139   0.027427  0.000213   8222.408    63.855794   3.266598   6.946604    -506.274 1
358.753167 -25.295139   0.040728  0.000083  12209.947    24.882774   3.268898   6.951495    3368.265 1
353.933288 -30.078579   0.035318  0.000057  10588.070    17.088170   3.276469   6.967596    1792.349 1
353.206542 -28.513583   0.035279  0.000213  10576.378    63.855794   3.304314   7.026811    1780.989 1
358.783375 -31.064472   0.028750  0.000150   8619.033    44.968869   3.348927   7.121682    -120.888 1
353.151292 -28.524861   0.024997  0.000047   7493.912    14.090246   3.353998   7.132466   -1214.125 1
354.966183 -25.236828   0.032876  0.000103   9855.977    30.878623   3.381586   7.191133    1081.002 1
359.978083 -30.201917   0.030611  0.000150   9176.947    44.968869   3.386719   7.202048     421.215 1
353.927408 -30.334692   0.030835  0.000133   9244.100    39.872397   3.438103   7.311319     486.466 1
353.207083 -27.110861   0.029593  0.000297   8871.758    89.038360   3.440759   7.316968     124.675 1
353.030958 -27.973694   0.030781  0.000213   9227.912    63.855794   3.442201   7.320034     470.736 1
359.702500 -30.568389   0.029652  0.000213   8889.446    63.855794   3.444878   7.325727     141.862 1
357.899333 -31.479167   0.044227  0.000103  13258.921    30.878623   3.445484   7.327016    4387.512 1
357.898766 -31.479396   0.044324  0.000133  13288.001    39.872397   3.445582   7.327224    4415.768 1
353.217042 -26.998556   0.029714  0.000213   8908.033    63.855794   3.467755   7.374376     159.922 1
353.037181 -27.648578   0.027679  0.000057   8297.955    17.088170   3.467821   7.374518    -432.867 1
354.505292 -25.408972   0.032152  0.000103   9638.927    30.878623   3.469500   7.378088     870.104 1
354.513083 -25.393833   0.032506  0.000150   9745.054    44.968869   3.477221   7.394506     973.223 1
356.444083 -24.683167   0.032419  0.000103   9718.972    30.878623   3.484665   7.410337     947.880 1
356.515583 -24.613694   0.033817  0.000150  10138.082    44.968869   3.546572   7.541985    1355.113 1
358.743292 -31.314528   0.028149  0.000150   8438.858    44.968869   3.553228   7.556140    -295.958 1
356.370667 -24.608806   0.032806  0.000137   9834.991    41.071567   3.566847   7.585102    1060.612 1
356.225208 -24.621278   0.033140  0.000047   9935.122    14.090246   3.574550   7.601483    1157.905 1
352.900417 -27.673333   0.028343  0.000333   8497.018    99.830889   3.583918   7.621404    -239.446 1
356.104735 -31.678625   0.036825  0.000130  11039.857    38.973020   3.611312   7.679660    2231.333 1
356.107542 -31.680222   0.037226  0.000150  11160.074    44.968869   3.612379   7.681928    2348.143 1
359.907500 -30.655806   0.029774  0.000150   8926.021    44.968869   3.635338   7.730752     177.400 1
355.541500 -31.597667   0.036248  0.000150  10866.877    44.968869   3.666727   7.797502    2063.255 1
359.841833 -30.802111   0.029450  0.000150   8828.888    44.968869   3.697584   7.863121      83.020 1
352.728750 -28.723611   0.024253  0.000333   7270.866    99.830889   3.750069   7.974733   -1430.850 1
355.188542 -24.693806   0.022752  0.000024   6820.878     7.195019   3.774103   8.025844   -1868.086 1
359.164500 -31.367528   0.030688  0.000150   9200.031    44.968869   3.780250   8.038914     443.645 1
356.052500 -24.417667   0.022449  0.000050   6730.041    14.989623   3.803264   8.087855   -1956.349 1
358.781958 -31.577861   0.028586  0.000150   8569.867    44.968869   3.804754   8.091024    -168.661 1
356.076875 -31.871278   0.037489  0.000150  11238.919    44.968869   3.804992   8.091531    2424.754 1
359.435917 -31.241528   0.024437  0.000150   7326.028    44.968869   3.807046   8.095897   -1377.251 1
359.022583 -31.502944   0.029560  0.000103   8861.865    30.878623   3.834695   8.154694     115.062 1
352.637417 -28.814444   0.024407  0.000020   7317.035     5.995849   3.844506   8.175560   -1385.990 1
352.452167 -28.357556   0.029267  0.000297   8774.026    89.038360   3.954396   8.409247      29.712 1
352.401000 -28.832778   0.023582  0.000213   7069.706    63.855794   4.053008   8.618950   -1626.310 1
352.396503 -28.831153   0.024233  0.000030   7264.871     8.993774   4.056638   8.626671   -1436.676 1
352.340792 -27.649611   0.027452  0.000297   8229.903    89.038360   4.076465   8.668833    -498.991 1
353.944831 -31.312458   0.044130  0.000033  13229.841     9.893151   4.121229   8.764027    4359.256 1
357.899875 -24.092028   0.042660  0.000150  12789.146    44.968869   4.138690   8.801158    3931.050 1
352.228083 -28.111222   0.024027  0.000297   7203.113    89.038360   4.146187   8.817101   -1496.683 1
354.566167 -24.405333   0.023043  0.000103   6908.118    30.878623   4.278176   9.097783   -1783.319 1
359.476375 -31.815083   0.028897  0.000150   8663.103    44.968869   4.305542   9.155979     -78.068 1
352.143125 -27.230889   0.032079  0.000150   9617.042    44.968869   4.318077   9.182634     848.839 1
356.293208 -23.810833   0.032736  0.000053   9814.006    15.889000   4.366808   9.286264    1040.221 1
351.978667 -27.981306   0.025845  0.000027   7748.136     8.094396   4.368943   9.290804    -967.105 1
359.514583 -31.892778   0.028643  0.000333   8586.955    99.830889   4.389422   9.334353    -152.057 1
359.830500 -31.729917   0.028003  0.000150   8395.088    44.968869   4.406699   9.371095    -338.487 1
356.468750 -23.731556   0.034214  0.000007  10257.099     2.098547   4.428550   9.417561    1470.757 1
353.254292 -31.164111   0.035878  0.000150  10755.954    44.968869   4.431940   9.424771    1955.475 1
351.899292 -28.134389   0.029765  0.000213   8923.323    63.855794   4.436006   9.433418     174.778 1
352.940740 -30.904712   0.036235  0.000127  10862.980    38.073642   4.473245   9.512609    2059.468 1
358.810667 -23.832361   0.013096  0.000014   3926.082     4.197094   4.617128   9.818584   -4680.848 1
352.310369 -30.324264   0.034944  0.000103  10475.948    30.878623   4.621525   9.827934    1683.404 1
352.922833 -31.137694   0.029003  0.000150   8694.881    44.968869   4.632834   9.851983     -47.190 1
352.383958 -30.476528   0.035578  0.000103  10666.016    30.878623   4.639178   9.865475    1868.086 1
355.993958 -32.726389   0.038517  0.000103  11547.106    30.878623   4.658698   9.906985    2724.208 1
354.379458 -32.257472   0.015204  0.000150   4558.045    44.968869   4.690442   9.974489   -4066.794 1
351.614123 -27.686098   0.022422  0.000103   6721.946    30.878623   4.709518  10.015057   -1964.214 1
355.723250 -32.814917   0.038243  0.000150  11464.963    44.968869   4.793134  10.192871    2644.392 1
359.559333 -32.342694   0.028737  0.000150   8615.136    44.968869   4.798592  10.204477    -124.675 1
355.518083 -32.776917   0.037326  0.000150  11190.053    44.968869   4.799806  10.207058    2377.273 1
355.637542 -32.813222   0.037723  0.000150  11309.071    44.968869   4.808830  10.226249    2492.918 1
352.168750 -30.635667   0.035808  0.000150  10734.968    44.968869   4.883436  10.384903    1935.085 1
352.528708 -31.126917   0.035711  0.000103  10705.888    30.878623   4.896474  10.412629    1906.829 1
352.520000 -31.129722   0.037663  0.000150  11291.083    44.968869   4.904271  10.429210    2475.440 1
352.512500 -31.156361   0.037156  0.000073  11139.089    21.884849   4.925777  10.474942    2327.753 1
352.463811 -31.107492   0.035800  0.000333  10732.570    99.830889   4.930244  10.484442    1932.754 1
351.323500 -27.883722   0.028526  0.000213   8551.880    63.855794   4.950437  10.527383    -186.139 1
352.384375 -31.060406   0.022986  0.000073   6891.029    21.884849   4.958509  10.544550   -1799.923 1
352.939958 -24.623472   0.012612  0.000103   3780.982    30.878623   4.975397  10.580463   -4821.836 1
351.907389 -30.414238   0.034877  0.000007  10455.862     2.098547   4.978017  10.586033    1663.887 1
359.351500 -32.709556   0.041432  0.000150  12421.001    44.968869   5.042564  10.723297    3573.338 1
351.304083 -29.077222   0.022747  0.000213   6819.379    63.855794   5.048346  10.735593   -1869.543 1
356.564625 -33.217167   0.039014  0.000150  11696.103    44.968869   5.085991  10.815648    2868.982 1
359.961167 -32.490028   0.041999  0.000150  12590.983    44.968869   5.104389  10.854771    3738.503 1
352.361491 -31.382782   0.035595  0.000127  10671.113    38.073642   5.170585  10.995542    1873.038 1
351.390417 -26.422722   0.028216  0.000103   8458.944    30.878623   5.178253  11.011848    -276.441 1
353.819750 -23.691806   0.041135  0.000103  12331.963    30.878623   5.226899  11.115296    3486.823 1
356.639208 -22.898139   0.028646  0.000050   8587.855    14.989623   5.249517  11.163394    -151.183 1
351.118958 -29.319556   0.022672  0.000040   6796.895    11.991698   5.257791  11.180989   -1891.390 1
353.126083 -24.070222   0.027252  0.000150   8169.944    44.968869   5.274968  11.217518    -557.251 1
350.925000 -28.513972   0.044049  0.000297  13205.558    89.038360   5.308210  11.288209    4335.661 1
354.951708 -23.109167   0.030558  0.000150   9161.058    44.968869   5.326000  11.326040     405.776 1
350.881208 -28.736694   0.043661  0.000213  13089.239    63.855794   5.366852  11.412914    4222.638 1
350.956542 -29.246944   0.041588  0.000297  12467.769    89.038360   5.382077  11.445291    3618.780 1
350.947042 -29.388028   0.023086  0.000009   6921.009     2.698132   5.420971  11.528001   -1770.793 1
350.901250 -29.329167   0.022912  0.000333   6868.845    99.830889   5.447138  11.583647   -1821.479 1
350.784458 -28.761917   0.044424  0.000183  13317.980    54.862020   5.454458  11.599214    4444.898 1
353.896083 -23.270278   0.040788  0.000150  12227.935    44.968869   5.557404  11.818133    3385.743 1
354.510708 -22.974417   0.031765  0.000150   9522.907    44.968869   5.590039  11.887534     757.372 1
350.649083 -27.207861   0.013187  0.000297   3953.363    89.038360   5.616543  11.943895   -4654.340 1
354.992583 -22.787722   0.025981  0.000103   7788.908    30.878623   5.619637  11.950475    -927.489 1
354.960042 -22.756389   0.026264  0.000035   7873.749    10.492736   5.658238  12.032563    -845.052 1
355.047824 -22.731576   0.026675  0.000050   7996.964    14.989623   5.658674  12.033489    -725.329 1
351.349000 -25.337556   0.029270  0.000103   8774.925    30.878623   5.663930  12.044666      30.586 1
350.637333 -29.280694   0.023399  0.000083   7014.844    24.882774   5.664536  12.045955   -1679.617 1
350.514417 -27.535500   0.028977  0.000213   8687.086    63.855794   5.689518  12.099082     -54.764 1
359.406458 -22.861194   0.044111  0.000150  13224.145    44.968869   5.713938  12.151011    4353.722 1
350.481125 -29.115833   0.043310  0.000150  12984.011    44.968869   5.769408  12.268971    4120.393 1
354.920000 -22.613333   0.026396  0.000333   7913.322    99.830889   5.805235  12.345160    -806.601 1
351.283976 -31.156670   0.035600  0.000333  10672.612    99.830889   5.820494  12.377610    1874.495 1
350.308958 -27.675944   0.024444  0.000213   7328.127    63.855794   5.856860  12.454943   -1375.212 1
353.569083 -22.999639   0.043280  0.000150  12975.018    44.968869   5.934690  12.620453    4111.654 1
354.843792 -22.498889   0.026712  0.000150   8008.056    44.968869   5.934802  12.620692    -714.551 1
354.843197 -22.497170   0.026708  0.000030   8006.857     8.993774   5.936599  12.624513    -715.716 1
355.050625 -22.398722   0.039204  0.000083  11753.064    24.882774   5.977001  12.710430    2924.328 1
351.508000 -31.740028   0.041405  0.000103  12412.907    30.878623   5.984021  12.725359    3565.473 1
355.933417 -34.070778   0.040535  0.000150  12152.087    44.968869   5.994153  12.746905    3312.044 1
357.970833 -22.214833   0.041866  0.000150  12551.111    44.968869   5.997202  12.753390    3699.760 1
350.477750 -26.189306   0.027175  0.000150   8146.860    44.968869   6.015065  12.791376    -579.681 1
355.830417 -34.131083   0.039751  0.000150  11917.050    44.968869   6.067662  12.903226    3083.668 1
359.685702 -22.568135   0.043824  0.000150  13138.105    44.968869   6.079953  12.929363    4270.120 1
355.131500 -34.027972   0.038687  0.000150  11598.071    44.968869   6.096464  12.964475    2773.728 1
355.915250 -34.176361   0.039661  0.000150  11890.069    44.968869   6.100944  12.974001    3057.451 1
357.229934 -22.024196   0.043643  0.000167  13083.842    50.065340   6.122909  13.020712    4217.395 1
355.692000 -34.181000   0.039625  0.000333  11879.276    99.830889   6.137473  13.051683    3046.964 1
354.396750 -22.407389   0.031532  0.000150   9453.056    44.968869   6.153741  13.086277     689.499 1
355.591292 -34.213917   0.039711  0.000150  11905.058    44.968869   6.186197  13.155298    3072.016 1
355.427333 -34.203361   0.039364  0.000150  11801.030    44.968869   6.205093  13.195480    2970.936 1
351.308917 -31.884972   0.041369  0.000150  12402.114    44.968869   6.211453  13.209005    3554.986 1
349.899250 -27.408056   0.024541  0.000213   7357.207    63.855794   6.242832  13.275735   -1346.956 1
349.886499 -28.999354   0.012519  0.000213   3753.102    63.855794   6.269834  13.333155   -4848.926 1
356.123208 -34.444889   0.039514  0.000150  11845.999    44.968869   6.343517  13.489846    3014.630 1
351.249125 -32.089944   0.028783  0.000050   8628.926    14.989623   6.378421  13.564073    -111.275 1
349.728149 -28.766329   0.022886  0.000057   6861.050    17.088170   6.381161  13.569899   -1829.053 1
356.162000 -34.488361   0.039691  0.000150  11899.062    44.968869   6.382997  13.573803    3066.190 1
359.870542 -34.012139   0.029137  0.000150   8735.053    44.968869   6.417868  13.647958      -8.156 1
353.504875 -33.810861   0.039307  0.000113  11783.942    33.876548   6.423755  13.660478    2954.332 1
356.007917 -34.523333   0.039918  0.000333  11967.115    99.830889   6.433528  13.681260    3132.314 1
350.193292 -30.656417   0.035898  0.000150  10761.950    44.968869   6.450803  13.717998    1961.301 1
350.420765 -31.137473   0.035985  0.000097  10788.032    29.079868   6.474658  13.768726    1986.644 1
359.384042 -22.000556   0.033603  0.000150  10073.926    44.968869   6.510954  13.845911    1292.775 1
351.769792 -32.838806   0.040942  0.000150  12274.103    44.968869   6.539875  13.907414    3430.602 1
355.354917 -34.540528   0.038753  0.000150  11617.857    44.968869   6.548126  13.924959    2792.954 1
355.676458 -34.598028   0.038670  0.000150  11592.974    44.968869   6.550570  13.930157    2768.776 1
358.786261 -34.486883   0.044850  0.000390  13445.692    99.990000   6.553206  13.935763    4568.990 1
359.132208 -34.401972   0.033980  0.000090  10186.948    26.981321   6.554831  13.939218    1402.594 1
356.323789 -21.578214   0.031038  0.000150   9304.958    44.968869   6.584908  14.003179     545.599 1
350.854250 -31.975000   0.035648  0.000150  10687.002    44.968869   6.587824  14.009379    1888.477 1
359.082094 -34.453098   0.044340  0.000350  13292.798    99.990000   6.590820  14.015751    4420.429 1
353.703833 -34.146833   0.038753  0.000150  11617.857    44.968869   6.645158  14.131304    2792.954 1
356.709417 -34.784361   0.041402  0.000150  12412.007    44.968869   6.645818  14.132707    3564.599 1
359.304583 -34.472194   0.033290  0.000040   9980.091    11.991698   6.668090  14.180071    1201.599 1
359.825583 -21.975500   0.043687  0.000150  13097.033    44.968869   6.673643  14.191879    4230.212 1
356.255375 -21.492250   0.034060  0.000150  10210.931    44.968869   6.675697  14.196246    1425.898 1
359.301083 -34.483778   0.034130  0.000420  10231.917    99.990000   6.678122  14.201405    1446.289 1
359.301500 -34.494139   0.033350  0.000110   9998.078    32.977170   6.688078  14.222576    1219.077 1
350.920417 -32.235333   0.028646  0.000150   8587.855    44.968869   6.696377  14.240223    -151.183 1
