154.346646 -10.671297   0.064695  0.000080  19395.073    23.983397   0.009312   0.038937    1486.168 0
154.337500 -10.669822   0.062977  0.000087  18880.030    26.081944   0.009484   0.039654    1000.022 0
154.330250 -10.689333   0.059318  0.000087  17783.089    26.081944   0.014917   0.062374     -35.371 0
154.354833 -10.684694   0.056983  0.000123  17083.074    36.874472   0.014950   0.062512    -696.111 0
154.343650 -10.663314   0.065275  0.000087  19568.953    26.081944   0.015621   0.065317    1650.291 0
154.341625 -10.662250   0.056616  0.000090  16973.050    26.981321   0.016465   0.068843    -799.961 0
154.357137 -10.689000   0.058674  0.000110  17590.023    32.977170   0.018995   0.079425    -217.605 0
154.338250 -10.700139   0.064144  0.000170  19229.887    50.964718   0.021597   0.090304    1330.250 0
154.349208 -10.704028   0.055008  0.000103  16490.984    30.878623   0.026613   0.111279   -1254.980 0
154.367767 -10.682575   0.061502  0.000113  18437.836    33.876548   0.026689   0.111593     582.639 0
154.330333 -10.653472   0.054671  0.000267  16389.953    80.044586   0.027279   0.114062   -1350.341 0
154.363658 -10.697097   0.060869  0.000093  18248.067    27.880699   0.028962   0.121100     403.518 0
154.373783 -10.675092   0.054558  0.000103  16356.077    30.878623   0.032518   0.135968   -1382.317 0
154.366708 -10.656997   0.056739  0.000090  17009.924    26.981321   0.033382   0.139580    -765.156 0
154.348583 -10.645139   0.061870  0.000250  18548.159    74.948115   0.034400   0.143835     686.772 0
154.340113 -10.715294   0.055472  0.000103  16630.087    30.878623   0.036603   0.153049   -1123.681 0
154.309958 -10.654194   0.062673  0.000173  18788.893    51.864095   0.039049   0.163274     913.999 0
154.326167 -10.715250   0.061466  0.000203  18427.043    60.857869   0.039312   0.164377     572.452 0
154.372546 -10.704283   0.058504  0.000110  17539.058    32.977170   0.040272   0.168391    -265.710 0
154.320042 -10.714194   0.056786  0.000143  17024.015    42.870321   0.040986   0.171375    -751.856 0
154.341042 -10.719750   0.059848  0.000100  17941.979    29.979246   0.041051   0.171648     114.604 0
154.330417 -10.719306   0.059160  0.000380  17735.722    99.990000   0.041892   0.175165     -80.081 0
154.382042 -10.698000   0.058190  0.000230  17444.923    68.952265   0.044804   0.187339    -354.564 0
154.351288 -10.724217   0.059020  0.000100  17693.751    29.979246   0.046649   0.195056    -119.697 0
154.367292 -10.638417   0.059801  0.000217  17927.889    65.054963   0.047911   0.200331     101.304 0
154.373375 -10.714500   0.057873  0.000143  17349.889    42.870321   0.047962   0.200545    -444.266 0
154.390000 -10.677972   0.060462  0.000170  18126.052    50.964718   0.048259   0.201786     288.348 0
154.303912 -10.712631   0.065372  0.000083  19598.033    24.882774   0.049722   0.207901    1677.740 0
154.314800 -10.724125   0.064915  0.000180  19461.027    53.962642   0.052165   0.218116    1548.422 0
154.375092 -10.718792   0.057790  0.000100  17325.006    29.979246   0.052313   0.218737    -467.752 0
154.382412 -10.715956   0.059731  0.000160  17906.903    47.966793   0.055249   0.231014      81.496 0
154.398100 -10.665064   0.063444  0.000070  19020.033    20.985472   0.057843   0.241861    1132.170 0
154.390112 -10.645900   0.060058  0.000037  18004.935    11.092321   0.058436   0.244341     174.028 0
154.391875 -10.645028   0.055705  0.000137  16699.939    41.071567   0.060360   0.252385   -1057.748 0
154.386250 -10.724472   0.055068  0.000274  16508.971    82.143133   0.063887   0.267130   -1238.001 0
154.274208 -10.696250   0.061986  0.000083  18582.935    24.882774   0.067843   0.283671     719.597 0
154.368833 -10.615611   0.061673  0.000140  18489.100    41.970944   0.068802   0.287684     631.027 0
154.329167 -10.748611   0.064130  0.000080  19225.690    23.983397   0.070856   0.296269    1326.289 0
154.372704 -10.742583   0.063367  0.000090  18996.949    26.981321   0.071121   0.297378    1110.381 0
154.411750 -10.715389   0.058914  0.000227  17661.973    68.052888   0.078702   0.329079    -149.692 0
154.377900 -10.606267   0.055942  0.000053  16770.990    15.889000   0.081047   0.338884    -990.684 0
154.391625 -10.745389   0.058774  0.000280  17620.002    83.941888   0.083262   0.348145    -189.308 0
154.267500 -10.636639   0.057620  0.000110  17274.041    32.977170   0.083493   0.349109    -515.858 0
154.266125 -10.626972   0.059131  0.000110  17727.028    32.977170   0.089858   0.375723     -88.287 0
154.286125 -10.603750   0.055315  0.000107  16583.020    32.077793   0.092272   0.385819   -1168.107 0
154.404292 -10.747917   0.060779  0.000364  18221.086    99.990000   0.093125   0.389382     378.050 0
154.291611 -10.762745   0.063650  0.000130  19081.790    38.973020   0.097002   0.405594    1190.462 0
154.248917 -10.641250   0.057126  0.000150  17125.944    44.968869   0.097837   0.409086    -655.646 0
154.365845 -10.774047   0.058970  0.000280  17678.761    83.941888   0.098450   0.411648    -133.846 0
154.239225 -10.670581   0.060235  0.000097  18057.999    29.079868   0.100239   0.419132     224.114 0
154.281654 -10.762481   0.057273  0.000043  17170.013    12.891076   0.102022   0.426586    -614.049 0
154.312583 -10.779444   0.054570  0.000170  16359.674    50.964718   0.104516   0.437015   -1378.921 0
154.239708 -10.642889   0.061182  0.000103  18341.902    30.878623   0.105687   0.441911     492.088 0
154.292375 -10.773444   0.058410  0.000130  17510.877    38.973020   0.106066   0.443496    -292.310 0
154.384750 -10.573472   0.060038  0.000220  17998.940    65.954341   0.113710   0.475454     168.368 0
154.225250 -10.718972   0.057993  0.000113  17385.864    33.876548   0.120568   0.504133    -410.309 0
154.228875 -10.624917   0.053850  0.000210  16143.824    62.956416   0.122517   0.512279   -1582.661 0
154.429958 -10.592028   0.055582  0.000037  16663.064    11.092321   0.123173   0.515023   -1092.554 0
154.390708 -10.793278   0.056406  0.000207  16910.093    62.057039   0.124597   0.520978    -859.385 0
154.240542 -10.598778   0.057580  0.000240  17262.050    71.950190   0.126935   0.530754    -527.176 0
154.221542 -10.728167   0.058150  0.000087  17432.931    26.081944   0.127292   0.532248    -365.882 0
154.214917 -10.648139   0.061342  0.000347  18389.869    99.990000   0.127513   0.533173     537.363 0
154.445750 -10.754833   0.057350  0.000180  17193.097    53.962642   0.128114   0.535684    -592.260 0
154.203504 -10.652325   0.061786  0.000110  18522.977    32.977170   0.137565   0.575199     663.003 0
154.422042 -10.792861   0.057907  0.000067  17360.082    20.086095   0.139254   0.582261    -434.645 0
154.252154 -10.787683   0.071773  0.000193  21517.004    57.859944   0.139579   0.583622    3489.042 1
154.314042 -10.816500   0.059501  0.000157  17837.951    47.067416   0.140305   0.586658      16.412 0
154.477292 -10.729306   0.056242  0.000143  16860.927    42.870321   0.143269   0.599053    -905.793 0
154.227875 -10.587139   0.074201  0.000090  22244.900    26.981321   0.143939   0.601852    4176.097 1
154.368458 -10.821139   0.055368  0.000037  16598.909    11.092321   0.144992   0.606257   -1153.110 0
154.434792 -10.564639   0.060860  0.000210  18245.369    62.956416   0.146709   0.613433     400.971 0
154.338125 -10.530833   0.059260  0.000270  17765.701    80.943964   0.147891   0.618378     -51.784 0
154.393917 -10.534417   0.059368  0.000254  17798.079    76.147284   0.153401   0.641418     -21.223 0
154.190542 -10.732500   0.059144  0.000157  17730.925    47.067416   0.157241   0.657472     -84.609 0
154.373825 -10.522856   0.061406  0.000060  18409.056    17.987547   0.159167   0.665526     555.474 0
154.482042 -10.757611   0.058697  0.000370  17596.918    99.990000   0.159578   0.667246    -211.097 0
154.192333 -10.743500   0.058710  0.000080  17600.815    23.983397   0.159726   0.667862    -207.418 0
154.184417 -10.632583   0.061276  0.000153  18370.083    45.868246   0.160535   0.671247     518.687 0
154.340125 -10.513667   0.059180  0.000100  17741.718    29.979246   0.165034   0.690056     -74.422 0
154.483875 -10.766833   0.061610  0.000170  18470.213    50.964718   0.165857   0.693500     613.200 0
154.246208 -10.817278   0.052119  0.000040  15624.883    11.991698   0.166919   0.697941   -2072.485 1
154.231250 -10.808056   0.058677  0.000120  17590.922    35.975095   0.168353   0.703935    -216.756 0
154.351833 -10.509917   0.056460  0.000220  16926.282    65.954341   0.169124   0.707158    -844.105 0
154.205667 -10.784500   0.058540  0.000130  17549.850    38.973020   0.169861   0.710241    -255.524 0
154.207683 -10.788992   0.058424  0.000090  17515.075    26.981321   0.171175   0.715735    -288.348 0
154.340833 -10.850889   0.060405  0.000250  18108.963    74.948115   0.172190   0.719979     272.219 0
154.320542 -10.854083   0.057310  0.000100  17181.106    29.979246   0.176521   0.738088    -603.579 0
154.268143 -10.516466   0.059230  0.000880  17756.707    99.990000   0.177287   0.741292     -60.273 0
154.176042 -10.753833   0.060950  0.000180  18272.350    53.962642   0.178574   0.746674     426.438 0
154.399750 -10.508639   0.059271  0.000103  17768.999    30.878623   0.179625   0.751068     -48.671 0
154.528875 -10.711333   0.064550  0.000130  19351.603    38.973020   0.187584   0.784346    1445.137 0
154.253625 -10.508889   0.058850  0.000100  17642.786    29.979246   0.190237   0.795439    -167.802 0
154.147792 -10.709083   0.057860  0.000320  17345.992    95.933587   0.192177   0.803550    -447.944 0
154.488292 -10.808917   0.057920  0.000090  17363.979    26.981321   0.194772   0.814403    -430.966 0
154.308875 -10.485083   0.063334  0.000030  18987.056     8.993774   0.196156   0.820189    1101.043 0
154.334500 -10.481306   0.054611  0.000027  16371.966     8.094396   0.197493   0.825779   -1367.320 0
154.230208 -10.513167   0.057190  0.000160  17145.131    47.966793   0.198071   0.828194    -637.535 0
154.174750 -10.793778   0.059220  0.000190  17753.709    56.960567   0.199749   0.835213     -63.103 0
154.325292 -10.882111   0.055612  0.000027  16672.058     8.094396   0.203989   0.852941   -1084.065 0
154.212677 -10.513817   0.058260  0.000200  17465.909    59.958492   0.207513   0.867676    -334.756 0
154.307750 -10.889583   0.056986  0.000130  17083.973    38.973020   0.213385   0.892226    -695.262 0
154.367542 -10.894111   0.055215  0.000033  16553.041     9.893151   0.216998   0.907333   -1196.405 0
154.200917 -10.846667   0.058720  0.000160  17603.813    47.966793   0.217105   0.907782    -204.589 0
154.556500 -10.628528   0.056320  0.000160  16884.311    47.966793   0.217729   0.910393    -883.721 0
154.411042 -10.887444   0.065118  0.000254  19521.885    76.147284   0.219832   0.919184    1605.865 0
154.117333 -10.715778   0.061220  0.000200  18353.294    59.958492   0.222798   0.931588     502.841 0
154.121917 -10.619444   0.058914  0.000113  17661.973    33.876548   0.223196   0.933251    -149.692 0
154.244080 -10.476036   0.055610  0.000370  16671.459    99.990000   0.223883   0.936125   -1084.631 0
154.111000 -10.646722   0.062330  0.000120  18686.064    35.975095   0.228166   0.954034     816.939 0
154.354917 -10.449500   0.062080  0.000043  18611.116    12.891076   0.229613   0.960081     746.197 0
154.302458 -10.451194   0.074521  0.000097  22340.834    29.079868   0.230619   0.964290    4266.648 1
154.489458 -10.857917   0.061909  0.000310  18559.851    92.935662   0.231153   0.966523     697.808 0
154.318208 -10.446722   0.062973  0.000037  18878.830    11.092321   0.233046   0.974436     998.890 0
154.104000 -10.716944   0.061346  0.000030  18391.068     8.993774   0.235914   0.986429     538.495 0
154.113317 -10.763025   0.055090  0.000150  16515.567    44.968869   0.239008   0.999364   -1231.776 0
154.547375 -10.549500   0.072613  0.000103  21768.830    30.878623   0.240545   1.005794    3726.738 1
154.151083 -10.845889   0.074625  0.000047  22372.012    14.090246   0.250488   1.047368    4296.077 1
154.218277 -10.458539   0.065380  0.000110  19600.431    32.977170   0.250977   1.049412    1680.003 1
154.241125 -10.914917   0.072090  0.000200  21612.038    59.958492   0.255757   1.069396    3578.744 1
154.171887 -10.876639   0.058924  0.000093  17664.971    27.880699   0.258386   1.080392    -146.862 0
154.523175 -10.490656   0.064730  0.000090  19405.566    26.981321   0.259702   1.085892    1496.072 0
154.142458 -10.867000   0.059530  0.000150  17846.645    44.968869   0.271077   1.133456      24.619 0
154.366375 -10.953250   0.059845  0.000080  17941.080    23.983397   0.275690   1.152745     113.755 0
154.270792 -10.946778   0.059408  0.000277  17810.070    83.042511   0.276789   1.157339      -9.904 0
154.419708 -10.409083   0.055538  0.000050  16649.874    14.989623   0.280519   1.172935   -1105.005 0
154.585333 -10.523583   0.055730  0.000090  16707.434    26.981321   0.285935   1.195582   -1050.674 0
154.586900 -10.524497   0.056082  0.000017  16812.961     5.096472   0.286737   1.198936    -951.068 0
154.323990 -10.972481   0.059220  0.000140  17753.709    41.970944   0.294251   1.230355     -63.103 0
154.596250 -10.847556   0.059450  0.000130  17822.662    38.973020   0.302456   1.264659       1.981 0
154.587708 -10.862583   0.071786  0.000047  21520.901    14.090246   0.304365   1.272641    3492.721 1
154.134417 -10.912167   0.059604  0.000484  17868.830    99.990000   0.309317   1.293349      45.558 0
154.645083 -10.597389   0.056356  0.000087  16895.104    26.081944   0.309780   1.295286    -873.534 0
154.150167 -10.935444   0.060255  0.000030  18063.995     8.993774   0.317878   1.329145     229.773 0
154.437500 -10.370972   0.059248  0.000150  17762.104    44.968869   0.322037   1.346535     -55.179 0
154.089493 -10.886494   0.056490  0.000250  16935.276    74.948115   0.322819   1.349804    -835.616 0
154.647750 -10.803667   0.060282  0.000060  18072.089    17.987547   0.326410   1.364818     237.413 0
154.519125 -10.395686   0.064194  0.000100  19244.877    29.979246   0.332823   1.391635    1344.399 1
154.345138 -11.019537   0.058670  0.000240  17588.824    71.950190   0.340863   1.425254    -218.737 0
154.542625 -10.398583   0.063970  0.000270  19177.724    80.943964   0.343165   1.434878    1281.013 1
154.172083 -10.984167   0.051170  0.000070  15340.380    20.985472   0.347606   1.453447   -2341.025 1
154.048920 -10.886608   0.042620  0.000070  12777.155    20.985472   0.354329   1.481557   -4760.434 1
154.497406 -10.357149   0.064050  0.000310  19201.707    92.935662   0.356439   1.490380    1303.651 1
154.621458 -10.915556   0.059871  0.000247  17948.874    74.048737   0.363474   1.519796     121.112 0
154.043854 -10.900312   0.056820  0.000190  17034.207    56.960567   0.366492   1.532416    -742.235 0
154.642667 -10.451861   0.060498  0.000187  18136.844    56.061190   0.373356   1.561113     298.535 0
154.684500 -10.518361   0.059990  0.000270  17984.550    80.943964   0.373789   1.562925     154.786 0
154.199625 -10.326083   0.060530  0.000070  18146.437    20.985472   0.378959   1.584545     307.590 0
154.104833 -10.981833   0.052310  0.000150  15682.143    44.968869   0.381710   1.596046   -2018.438 1
154.527191 -11.023536   0.057650  0.000150  17283.035    44.968869   0.390419   1.632459    -507.368 0
154.060917 -10.963778   0.056810  0.000240  17031.210    71.950190   0.396190   1.656592    -745.065 0
154.357125 -10.275444   0.075070  0.000180  22505.420    53.962642   0.403570   1.687450    4422.000 1
154.724958 -10.823528   0.063954  0.000057  19172.927    17.088170   0.404245   1.690273    1276.486 1
153.991882 -10.893717   0.057750  0.000200  17313.014    59.958492   0.404797   1.692582    -479.071 0
154.022083 -10.961111   0.057610  0.000190  17271.044    56.960567   0.421792   1.763640    -518.687 0
154.029587 -10.970522   0.053730  0.000100  16107.849    29.979246   0.422784   1.767789   -1616.618 1
154.287888 -10.256741   0.059620  0.000110  17873.626    32.977170   0.425161   1.777728      50.086 0
154.049545 -10.996844   0.057970  0.000300  17378.969    89.937737   0.428003   1.789613    -416.817 0
154.096985 -11.038112   0.060090  0.000180  18014.529    53.962642   0.432004   1.806341     183.083 0
154.272369 -10.250564   0.059320  0.000060  17783.689    17.987547   0.433399   1.812172     -34.806 0
154.323500 -11.130083   0.059110  0.000150  17720.732    44.968869   0.451708   1.888727     -94.230 0
153.928833 -10.900306   0.056562  0.000150  16956.861    44.968869   0.461601   1.930094    -815.242 0
153.933460 -10.910380   0.052770  0.000230  15820.048    68.952265   0.462580   1.934188   -1888.271 1
153.908625 -10.873417   0.056490  0.000110  16935.276    32.977170   0.467287   1.953870    -835.616 0
154.121796 -11.109934   0.054730  0.000220  16407.641    65.954341   0.481996   2.015372   -1333.646 1
154.053162 -10.283814   0.071150  0.000070  21330.233    20.985472   0.485677   2.030764    3312.750 1
154.798660 -10.872494   0.051920  0.000280  15565.224    83.941888   0.489805   2.048025   -2128.797 1
153.899375 -10.906833   0.055190  0.000230  16545.546    68.952265   0.490196   2.049660   -1203.479 1
153.921542 -10.967556   0.059170  0.000240  17738.720    71.950190   0.503247   2.104230     -77.251 0
154.077375 -11.112167   0.060162  0.000150  18036.114    44.968869   0.504929   2.111263     203.457 0
154.790000 -10.977500   0.064725  0.000107  19404.067    32.077793   0.532964   2.228486    1494.657 1
154.598958 -11.152639   0.058380  0.000140  17501.884    41.970944   0.537521   2.247538    -300.799 0
153.946958 -11.075889   0.054290  0.000080  16275.733    23.983397   0.554634   2.319092   -1458.154 1
154.089417 -11.175944   0.073310  0.000070  21977.785    20.985472   0.555268   2.321746    3923.969 1
154.552447 -10.145041   0.074862  0.000150  22443.063    44.968869   0.572720   2.394716    4363.142 1
153.926917 -11.099417   0.058830  0.000200  17636.790    59.958492   0.585233   2.447038    -173.462 0
153.973750 -11.140000   0.056990  0.000200  17085.172    59.958492   0.585633   2.448712    -694.130 0
153.995000 -11.210889   0.072487  0.000150  21731.056    44.968869   0.631476   2.640394    3691.084 1
153.671117 -10.801790   0.042726  0.000150  12808.933    44.968869   0.669591   2.799763   -4730.439 1
154.926093 -11.031172   0.052216  0.000150  15653.963    44.968869   0.674488   2.820240   -2045.037 1
153.740750 -11.021333   0.057410  0.000150  17211.085    44.968869   0.682060   2.851902    -575.282 1
155.030787 -10.875845   0.052833  0.000150  15838.935    44.968869   0.706027   2.952113   -1870.443 1
153.648718 -11.139892   0.042219  0.000150  12656.938    44.968869   0.821802   3.436205   -4873.906 1
154.402864  -9.843643   0.074505  0.000150  22336.037    44.968869   0.837273   3.500896    4262.121 1
155.201792 -10.730194   0.052473  0.000150  15731.010    44.968869   0.847553   3.543876   -1972.313 1
154.228083  -9.782361   0.053240  0.000110  15960.950    32.977170   0.903168   3.776419   -1755.274 1
153.694292 -11.320917   0.057023  0.000183  17095.065    54.862020   0.903429   3.777514    -684.792 1
153.713958 -11.343056   0.056693  0.000150  16996.134    44.968869   0.906049   3.788469    -778.172 1
154.693917 -11.520944   0.053314  0.000150  15983.135    44.968869   0.910890   3.808711   -1734.334 1
155.251208 -10.485750   0.053023  0.000150  15895.896    44.968869   0.915119   3.826394   -1816.679 1
153.610583 -10.100722   0.058454  0.000150  17524.068    44.968869   0.921467   3.852933    -279.859 1
155.298052 -10.560282   0.066760  0.000150  20014.144    44.968869   0.948005   3.963897    2070.504 1
154.555458  -9.740611   0.056846  0.000150  17042.002    44.968869   0.961491   4.020288    -734.878 1
154.322833  -9.702500   0.062693  0.000150  18794.889    44.968869   0.976360   4.082461     919.658 1
153.594708 -11.429139   0.057093  0.000150  17116.051    44.968869   1.049208   4.387060    -664.984 1
154.494428  -9.621664   0.054888  0.000150  16455.008    44.968869   1.067748   4.464580   -1288.936 1
154.504150  -9.614421   0.056392  0.000150  16905.896    44.968869   1.076301   4.500344    -863.347 1
154.143042 -11.740667   0.058777  0.000150  17620.901    44.968869   1.079619   4.514218    -188.459 1
154.321042  -9.508667   0.048727  0.000150  14607.987    44.968869   1.170195   4.892941   -3032.325 1
154.138937  -9.508060   0.065919  0.000150  19762.019    44.968869   1.187343   4.964642    1832.525 1
155.545500 -10.500250   0.075365  0.000150  22593.859    44.968869   1.197117   5.005513    4505.476 1
153.116854 -10.448070   0.058037  0.000150  17399.055    44.968869   1.224754   5.121071    -397.858 1
154.342610  -9.439030   0.058013  0.000150  17391.860    44.968869   1.239670   5.183439    -404.650 1
153.285000  -9.959611   0.057753  0.000150  17313.914    44.968869   1.262427   5.278592    -478.222 1
153.519593 -11.680974   0.057400  0.000333  17208.087    99.830889   1.286830   5.380631    -578.111 1
154.639114 -11.938267   0.051900  0.000333  15559.229    99.830889   1.293210   5.407305   -2134.456 1
153.031667 -10.084556   0.058130  0.000150  17426.936    44.968869   1.417121   5.925414    -371.542 1
153.647625 -11.940083   0.058420  0.000150  17513.875    44.968869   1.433601   5.994323    -289.480 1
153.784792  -9.334528   0.065449  0.000150  19621.117    44.968869   1.451010   6.067114    1699.528 1
154.519167  -9.236361   0.049398  0.000150  14809.148    44.968869   1.452938   6.075176   -2842.451 1
153.580721 -11.941442   0.058400  0.000333  17507.880    99.830889   1.467155   6.134623    -295.140 1
155.773083 -10.215056   0.052159  0.000150  15636.875    44.968869   1.481788   6.195806   -2061.166 1
154.402875  -9.189389   0.054191  0.000150  16246.053    44.968869   1.490555   6.232465   -1486.168 1
153.810750  -9.258500   0.056846  0.000150  17042.002    44.968869   1.512736   6.325210    -734.878 1
153.492000  -9.380556   0.064318  0.000150  19282.051    44.968869   1.543067   6.452034    1379.487 1
152.823708 -10.126917   0.046135  0.000150  13830.925    44.968869   1.589744   6.647203   -3765.788 1
152.972702  -9.787841   0.057420  0.000150  17214.083    44.968869   1.612857   6.743846    -572.452 1
153.338208  -9.365167   0.060385  0.000150  18102.968    44.968869   1.642020   6.865785     266.559 1
155.747130  -9.751510   0.056759  0.000150  17015.920    44.968869   1.664113   6.958166    -759.496 1
154.438042  -9.013833   0.057213  0.000150  17152.026    44.968869   1.667601   6.972747    -631.027 1
155.854822  -9.903369   0.062650  0.000150  18781.997    44.968869   1.677620   7.014643     907.490 1
153.539937  -9.194495   0.042756  0.000150  12817.926    44.968869   1.679991   7.024554   -4721.950 1
153.836333  -9.056694   0.056492  0.000150  16935.876    44.968869   1.696096   7.091896    -835.050 1
155.541827  -9.449223   0.065469  0.000150  19627.112    44.968869   1.704208   7.125814    1705.188 1
153.805792 -12.300917   0.051052  0.000150  15305.005    44.968869   1.705314   7.130438   -2374.416 1
152.939625  -9.641389   0.065078  0.000150  19509.894    44.968869   1.723993   7.208539    1594.546 1
153.275542 -12.061667   0.051873  0.000150  15551.134    44.968869   1.734534   7.252616   -2142.096 1
153.100750  -9.364306   0.061086  0.000150  18313.122    44.968869   1.792424   7.494671     464.923 1
154.906083  -8.947639   0.054348  0.000150  16293.121    44.968869   1.817976   7.601512   -1441.741 1
152.607583 -10.034833   0.046766  0.000150  14020.094    44.968869   1.820928   7.613854   -3587.233 1
152.583625 -10.040944   0.046682  0.000150  13994.912    44.968869   1.840843   7.697125   -3611.003 1
155.043165  -8.908209   0.042469  0.000093  12731.886    27.880699   1.900232   7.945451   -4803.163 1
155.155928  -8.952037   0.062270  0.000150  18668.076    44.968869   1.903373   7.958585     799.961 1
152.754042  -9.555222   0.055495  0.000150  16636.982    44.968869   1.921937   8.036207   -1117.173 1
152.747953  -9.553215   0.056339  0.000150  16890.007    44.968869   1.927966   8.061415    -878.344 1
156.299093 -10.972486   0.074685  0.000150  22390.000    44.968869   1.946582   8.139253    4313.056 1
152.872042  -9.363889   0.065942  0.000150  19768.914    44.968869   1.952479   8.163912    1839.034 1
152.900250  -9.333389   0.067360  0.000150  20194.020    44.968869   1.952961   8.165925    2240.287 1
152.842023  -9.330880   0.046472  0.000150  13931.955    44.968869   1.996521   8.348063   -3670.427 1
156.427708 -10.648417   0.055572  0.000150  16660.066    44.968869   2.050896   8.575421   -1095.384 1
152.242585 -10.906477   0.046879  0.000150  14053.971    44.968869   2.074515   8.674179   -3555.257 1
156.065500  -9.480444   0.063821  0.000150  19133.054    44.968869   2.075560   8.678549    1238.850 1
156.404042 -10.160139   0.053440  0.000333  16020.909    99.830889   2.092682   8.750144   -1698.680 1
152.277000 -10.031528   0.058744  0.000150  17611.008    44.968869   2.128905   8.901600    -197.797 1
154.146625  -8.554333   0.054338  0.000150  16290.123    44.968869   2.132927   8.918417   -1444.571 1
153.547917 -12.678611   0.068020  0.000150  20391.883    44.968869   2.146363   8.974597    2427.049 1
153.195833  -8.833361   0.061569  0.000150  18457.922    44.968869   2.161347   9.037251     601.598 1
155.025826  -8.602714   0.054554  0.000090  16354.878    26.981321   2.182369   9.125151   -1383.449 1
155.073500  -8.607722   0.062050  0.000150  18602.122    44.968869   2.192539   9.167673     737.707 1
152.200375 -10.004667   0.058801  0.000150  17628.096    44.968869   2.208806   9.235693    -181.668 1
154.522292  -8.476639   0.055298  0.000150  16577.923    44.968869   2.209263   9.237603   -1172.918 1
155.144125  -8.592722   0.054941  0.000080  16470.897    23.983397   2.230319   9.325645   -1273.939 1
154.887007  -8.508362   0.054234  0.000150  16258.944    44.968869   2.235701   9.348149   -1474.000 1
152.202480  -9.914212   0.057253  0.000150  17164.018    44.968869   2.236123   9.349915    -619.708 1
155.163417  -8.578611   0.055245  0.000150  16562.034    44.968869   2.250262   9.409033   -1187.915 1
156.594042 -10.142417   0.056519  0.000150  16943.970    44.968869   2.278146   9.525624    -827.409 1
153.337230  -8.619655   0.062290  0.000150  18674.072    44.968869   2.283072   9.546222     805.621 1
152.425292  -9.383111   0.055608  0.000103  16670.859    30.878623   2.285189   9.555072   -1085.197 1
156.362625  -9.541806   0.057790  0.000150  17325.006    44.968869   2.289010   9.571050    -467.752 1
155.556417  -8.701583   0.054151  0.000150  16234.061    44.968869   2.309924   9.658496   -1497.487 1
152.683500 -12.317611   0.051552  0.000150  15454.901    44.968869   2.310557   9.661143   -2232.930 1
156.706678 -10.954449   0.058744  0.000150  17611.008    44.968869   2.341107   9.788884    -197.797 1
152.566208  -9.107111   0.066283  0.000150  19871.143    44.968869   2.347608   9.816065    1935.527 1
153.191875  -8.588361   0.061786  0.000150  18522.977    44.968869   2.375801   9.933948     663.003 1
155.959633  -8.894444   0.053667  0.000097  16088.962    29.079868   2.390377   9.994896   -1634.445 1
156.325958  -9.288444   0.051459  0.000150  15427.020    44.968869   2.395408  10.015931   -2259.247 1
153.275042  -8.520111   0.062657  0.000150  18784.096    44.968869   2.399279  10.032117     909.471 1
155.781708 -12.618972   0.059274  0.000150  17769.898    44.968869   2.401940  10.043246     -47.822 1
152.481583  -9.112833   0.054611  0.000150  16371.966    44.968869   2.406300  10.061473   -1367.320 1
156.269167  -9.118694   0.044911  0.000150  13463.979    44.968869   2.454419  10.262676   -4112.146 1
156.436542  -9.329472   0.052206  0.000150  15650.965    44.968869   2.461981  10.294292   -2047.867 1
155.728583  -8.596917   0.053664  0.000147  16088.062    44.069491   2.488648  10.405798   -1635.294 1
156.893489 -10.653566   0.063771  0.000150  19118.065    44.968869   2.508512  10.488856    1224.702 1
156.468792 -12.172583   0.064811  0.000150  19429.849    44.968869   2.569855  10.745350    1518.992 1
154.611583 -13.262472   0.068020  0.000150  20391.883    44.968869   2.597429  10.860644    2427.049 1
154.985114  -8.136368   0.052490  0.000203  15736.106    60.857869   2.619964  10.954871   -1967.503 1
152.661878 -12.718961   0.060270  0.000450  18068.491    99.990000   2.623923  10.971423     234.018 1
151.771917  -9.910611   0.056943  0.000150  17071.082    44.968869   2.638750  11.033420    -707.429 1
153.311903  -8.213776   0.074035  0.000150  22195.135    44.968869   2.664266  11.140111    4129.124 1
151.846542 -11.758361   0.047810  0.000150  14333.077    44.968869   2.678402  11.199216   -3291.811 1
153.529208 -13.236722   0.058657  0.000183  17584.926    54.862020   2.679496  11.203789    -222.416 1
155.231658  -8.118739   0.054785  0.000150  16424.130    44.968869   2.705477  11.312426   -1318.082 1
155.086877  -8.055510   0.054358  0.000137  16296.118    41.071567   2.723692  11.388589   -1438.911 1
153.340412  -8.121067   0.043330  0.000150  12990.007    44.968869   2.740088  11.457142   -4559.524 1
155.337083  -8.109639   0.062053  0.000150  18603.021    44.968869   2.749251  11.495459     738.556 1
153.407625  -8.075056   0.044127  0.000150  13228.942    44.968869   2.760443  11.542254   -4333.996 1
151.637792 -11.431028   0.047620  0.000150  14276.117    44.968869   2.760775  11.543644   -3345.575 1
156.843541  -9.417724   0.053460  0.000150  16026.905    44.968869   2.763735  11.556020   -1693.020 1
156.434455 -12.550195   0.064801  0.000150  19426.851    44.968869   2.781185  11.628983    1516.163 1
156.676301 -12.282247   0.063140  0.000150  18928.896    44.968869   2.799680  11.706316    1046.147 1
153.324657  -8.055951   0.043170  0.000130  12942.040    38.973020   2.806437  11.734569   -4604.800 1
155.415211 -13.296762   0.064608  0.000150  19368.991    44.968869   2.822902  11.803416    1461.549 1
151.960125  -9.079139   0.066780  0.000150  20020.140    44.968869   2.834086  11.850176    2076.164 1
151.516208  -9.957944   0.056676  0.000150  16991.037    44.968869   2.867819  11.991225    -782.983 1
155.080235  -7.893701   0.055125  0.000123  16526.059    36.874472   2.878205  12.034656   -1221.872 1
155.062772  -7.886806   0.050068  0.000180  15010.009    53.962642   2.880604  12.044684   -2652.860 1
153.480625  -7.915528   0.043583  0.000150  13065.855    44.968869   2.889597  12.082286   -4487.932 1
152.171335 -12.630318   0.051300  0.000333  15379.353    99.830889   2.890361  12.085484   -2304.239 1
156.509515 -12.631620   0.064865  0.000150  19446.038    44.968869   2.890558  12.086306    1534.273 1
155.099465  -7.885216   0.053500  0.000333  16038.897    99.830889   2.891231  12.089119   -1681.701 1
154.964886  -7.844658   0.053323  0.000143  15985.833    42.870321   2.899618  12.124186   -1731.787 1
156.121958  -8.360167   0.053170  0.000150  15939.965    44.968869   2.904970  12.146566   -1775.082 1
157.301667 -10.723639   0.058611  0.000150  17571.136    44.968869   2.909843  12.166940    -235.433 1
155.045792  -7.848194   0.053897  0.000057  16157.914    17.088170   2.914031  12.184452   -1569.361 1
153.175667  -7.997000   0.044471  0.000150  13332.070    44.968869   2.915930  12.192393   -4236.653 1
152.216458 -12.738806   0.050728  0.000150  15207.872    44.968869   2.932969  12.263640   -2466.099 1
155.019982  -7.814773   0.062233  0.000087  18656.984    26.081944   2.940645  12.295736     789.491 1
155.155000  -7.848000   0.054427  0.000333  16316.804    99.830889   2.941575  12.299624   -1419.386 1
155.077557  -7.795725   0.052139  0.000260  15630.879    77.946039   2.972470  12.428802   -2066.826 1
155.075083  -7.794889   0.052346  0.000150  15692.936    44.968869   2.972689  12.429722   -2008.251 1
155.034646  -7.780636   0.051412  0.000190  15412.930    56.960567   2.977169  12.448450   -2272.546 1
153.160167  -7.925611   0.043066  0.000150  12910.862    44.968869   2.987599  12.492061   -4634.229 1
152.697792  -8.144639   0.043674  0.000150  13093.136    44.968869   3.004754  12.563795   -4462.182 1
151.284167 -11.075278   0.069588  0.000150  20861.958    44.968869   3.029858  12.668761    2870.749 1
155.694250  -7.949528   0.052740  0.000150  15811.054    44.968869   3.035960  12.694274   -1896.760 1
155.267704  -7.779451   0.051612  0.000177  15472.888    53.063265   3.038934  12.706709   -2215.952 1
155.147917  -7.743500   0.054177  0.000130  16241.856    38.973020   3.040446  12.713034   -1490.129 1
152.768167  -8.053528   0.054858  0.000150  16446.015    44.968869   3.046320  12.737596   -1297.426 1
155.780546 -13.381846   0.064385  0.000150  19302.137    44.968869   3.050972  12.757045    1398.446 1
154.412417 -13.737611   0.053884  0.000150  16154.017    44.968869   3.059719  12.793620   -1573.040 1
156.984870 -12.333742   0.070200  0.000333  21045.431    99.830889   3.080541  12.880682    3043.927 1
155.711083 -13.455389   0.064304  0.000183  19277.854    54.862020   3.085929  12.903210    1375.526 1
155.338365  -7.744441   0.054398  0.000150  16308.110    44.968869   3.093647  12.935482   -1427.593 1
155.546564  -7.806411   0.054558  0.000137  16356.077    41.071567   3.107050  12.991525   -1382.317 1
157.503542 -10.621806   0.063991  0.000150  19184.019    44.968869   3.108395  12.997149    1286.956 1
156.909167  -8.850833   0.053060  0.000150  15906.988    44.968869   3.116188  13.029732   -1806.209 1
157.372667  -9.683972   0.052813  0.000150  15832.939    44.968869   3.140941  13.133231   -1876.103 1
157.272792  -9.403889   0.055071  0.000150  16509.870    44.968869   3.150555  13.173432   -1237.153 1
152.744167  -7.917111   0.051702  0.000150  15499.870    44.968869   3.176219  13.280742   -2190.484 1
153.698667 -13.796500   0.058124  0.000150  17425.137    44.968869   3.181034  13.300875    -373.240 1
157.613734 -10.639200   0.052550  0.000150  15754.094    44.968869   3.216401  13.448753   -1950.524 1
157.165750  -9.028750   0.053944  0.000150  16172.004    44.968869   3.229262  13.502530   -1556.062 1
152.701208  -7.859694   0.054998  0.000163  16487.986    48.866171   3.247006  13.576724   -1257.810 1
151.111500  -9.982056   0.055362  0.000150  16597.110    44.968869   3.249033  13.585198   -1154.808 1
151.022583 -10.657778   0.057343  0.000150  17190.999    44.968869   3.260913  13.634871    -594.241 1
152.610437  -7.889340   0.054094  0.000150  16216.973    44.968869   3.266832  13.659622   -1513.616 1
154.454250  -7.406250   0.042226  0.000150  12659.036    44.968869   3.274344  13.691033   -4871.925 1
152.117122 -13.134302   0.051209  0.000150  15352.072    44.968869   3.287150  13.744578   -2329.990 1
154.056333  -7.402222   0.062133  0.000183  18627.005    54.862020   3.288388  13.749755     761.194 1
151.193542  -9.535222   0.065735  0.000150  19706.857    44.968869   3.297460  13.787688    1780.458 1
152.715583  -7.793444   0.053997  0.000150  16187.893    44.968869   3.297823  13.789203   -1541.064 1
157.307650 -12.224442   0.074300  0.000333  22274.580    99.830889   3.299808  13.797504    4204.112 1
151.356708 -12.194139   0.047947  0.000150  14374.149    44.968869   3.300933  13.802207   -3253.043 1
152.139292 -13.172889   0.050992  0.000150  15287.017    44.968869   3.301759  13.805662   -2391.394 1
157.690167 -11.015806   0.063170  0.000183  18937.890    54.862020   3.308486  13.833792    1054.636 1
153.257481  -7.534315   0.045745  0.000150  13714.006    44.968869   3.319734  13.880822   -3876.147 1
152.650458  -7.801556   0.054651  0.000150  16383.958    44.968869   3.322260  13.891384   -1356.001 1
157.634917  -9.918806   0.064942  0.000150  19469.122    44.968869   3.324972  13.902724    1556.062 1
157.005292  -8.623583   0.064728  0.000150  19404.966    44.968869   3.328476  13.917374    1495.506 1
151.087716  -9.738689   0.056569  0.000150  16958.960    44.968869   3.332178  13.932852    -813.261 1
157.353833 -12.241056   0.073331  0.000150  21984.081    44.968869   3.347693  13.997726    3929.912 1
151.067994  -9.733209   0.055222  0.000150  16555.139    44.968869   3.352317  14.017061   -1194.424 1
157.556792  -9.466083   0.054314  0.000150  16282.928    44.968869   3.384866  14.153157   -1451.362 1
157.410875 -12.227472   0.060112  0.000150  18021.124    44.968869   3.391144  14.179406     189.308 1
151.215833  -9.238250   0.045391  0.000150  13607.879    44.968869   3.391988  14.182936   -3976.319 1
151.705542  -8.486750   0.067280  0.000150  20170.037    44.968869   3.392825  14.186436    2217.650 1
153.380889  -7.417100   0.053220  0.000150  15954.955    44.968869   3.395290  14.196745   -1760.933 1
151.160417  -9.339833   0.047026  0.000083  14098.040    24.882774   3.400100  14.216855   -3513.660 1
