315.982664   0.733774   0.049026  0.000015  14697.625     4.496887   0.086681   0.301815      38.871 0
315.980053   0.621437   0.048781  0.000006  14624.176     1.798755   0.113880   0.396522     -31.154 0
316.096789   0.809184   0.047897  0.000017  14359.159     5.096472   0.114441   0.398475    -283.818 0
316.023720   0.841694   0.048398  0.000009  14509.355     2.698132   0.146904   0.511510    -140.623 0
315.986192   0.571070   0.051953  0.000013  15575.118     3.897302   0.149817   0.521650     875.463 1
316.213987   0.632249   0.047981  0.000014  14384.342     4.197094   0.165937   0.577781    -259.809 0
316.133880   0.543630   0.048089  0.000018  14416.720     5.396264   0.171889   0.598506    -228.941 0
315.945436   0.476804   0.051571  0.000005  15460.597     1.498962   0.252029   0.877545     766.280 1
315.988080   0.457910   0.051484  0.000007  15434.515     2.098547   0.253269   0.881864     741.414 1
315.993090   0.456077   0.051607  0.000016  15471.389     4.796679   0.253605   0.883034     776.570 1
315.945498   0.472855   0.051871  0.000006  15550.535     1.798755   0.255504   0.889646     852.026 1
315.904400   0.491151   0.033421  0.000011  10019.364     3.297717   0.261935   0.912038   -4421.331 1
315.922756   0.927755   0.048769  0.000008  14620.578     2.398340   0.267204   0.930384     -34.584 0
316.322068   0.632221   0.047544  0.000006  14253.333     1.798755   0.268253   0.934036    -384.712 1
315.919790   0.932934   0.048920  0.000005  14665.847     1.498962   0.273169   0.951155       8.575 0
315.811980   0.560189   0.063920  0.000012  19162.734     3.597509   0.286876   0.998883    4295.856 1
315.868320   0.472468   0.052314  0.000014  15683.343     4.197094   0.299117   1.041504     978.643 1
316.008020   0.401708   0.051324  0.000013  15386.548     3.897302   0.303226   1.055809     695.683 1
316.005200   0.396114   0.051112  0.000011  15322.992     3.297717   0.309240   1.076752     635.089 1
315.903158   0.433552   0.063692  0.000006  19094.381     1.798755   0.310452   1.080972    4230.690 1
316.300781   0.486401   0.054448  0.000005  16323.100     1.498962   0.319990   1.114184    1588.581 1
316.076280   0.368370   0.047662  0.000014  14288.708     4.197094   0.331916   1.155708    -350.985 1
315.798610   0.918798   0.058506  0.000024  17539.658     7.195019   0.342783   1.193545    2748.433 1
316.401292   0.789000   0.047041  0.000017  14102.537     5.096472   0.350263   1.219589    -528.479 1
316.210087   1.026798   0.058018  0.000006  17393.359     1.798755   0.358574   1.248530    2608.954 1
316.359074   0.944628   0.065564  0.000015  19655.593     4.496887   0.384429   1.338555    4765.742 1
316.446104   0.784346   0.063204  0.000008  18948.083     2.398340   0.392739   1.367491    4091.210 1
316.389332   0.474806   0.054368  0.000026  16299.116     7.794604   0.396882   1.381915    1565.715 1
316.368740   0.954735   0.065297  0.000009  19575.548     2.698132   0.398320   1.386922    4689.429 1
315.671690   0.819768   0.033304  0.000017   9984.288     5.096472   0.408722   1.423142   -4454.771 1
315.688290   0.530659   0.051973  0.000011  15581.113     3.297717   0.410717   1.430087     881.179 1
315.742210   0.969607   0.057836  0.000007  17338.797     2.098547   0.418639   1.457669    2556.935 1
315.959880   0.290559   0.052681  0.000014  15793.366     4.197094   0.422103   1.469733    1083.539 1
315.665384   0.857183   0.062319  0.000010  18682.766     2.997925   0.427064   1.487008    3838.260 1
315.891160   0.304315   0.050771  0.000010  15220.763     2.997925   0.431184   1.501351     537.625 1
316.039220   1.135403   0.064983  0.000011  19481.413     3.297717   0.436025   1.518207    4599.682 1
315.949900   0.255000   0.051410  0.000333  15412.330    99.830889   0.459023   1.598284     720.263 1
315.949930   0.254746   0.058514  0.000010  17542.056     2.997925   0.459262   1.599116    2750.720 1
316.344060   1.074241   0.065164  0.000007  19535.676     2.098547   0.468317   1.630645    4651.415 1
315.943010   0.208617   0.054313  0.000017  16282.628     5.096472   0.505700   1.760813    1549.995 1
315.972356   0.189926   0.051024  0.000012  15296.610     3.597509   0.517977   1.803559     609.937 1
315.890332   0.210954   0.051960  0.000040  15577.216    11.991698   0.518463   1.805249     877.464 1
315.767627   0.266329   0.051705  0.000011  15500.769     3.297717   0.524412   1.825964     804.580 1
316.002289   0.178307   0.063465  0.000017  19026.328     5.096472   0.525156   1.828554    4165.809 1
315.590050   0.941077   0.050804  0.000006  15230.656     1.798755   0.530371   1.846715     547.057 1
316.330810   1.171976   0.064695  0.000012  19395.073     3.597509   0.542900   1.890340    4517.366 1
315.938960   0.164161   0.051148  0.000028  15333.785     8.394189   0.549894   1.914691     645.379 1
316.248190   1.237253   0.063595  0.000008  19065.301     2.398340   0.568433   1.979244    4202.965 1
315.626578   0.331679   0.050896  0.000018  15258.237     5.396264   0.570666   1.987019     573.352 1
315.573590   1.014143   0.047980  0.000008  14384.042     2.398340   0.581105   2.023366    -260.095 1
315.740260   1.197786   0.048128  0.000009  14428.411     2.698132   0.592971   2.064680    -217.794 1
315.566310   0.370872   0.051172  0.000023  15340.980     6.895227   0.595393   2.073116     652.238 1
315.635650   0.282217   0.050405  0.000055  15111.039    16.488585   0.597257   2.079607     433.015 1
315.793120   0.160433   0.049827  0.000041  14937.759    12.291491   0.603065   2.099828     267.812 1
315.605780   0.296504   0.052239  0.000018  15660.858     5.396264   0.609402   2.121894     957.207 1
315.481189   0.894934   0.047825  0.000006  14337.574     1.798755   0.613083   2.134712    -304.397 1
315.689358   0.210063   0.050261  0.000027  15067.869     8.094396   0.615835   2.144292     391.858 1
315.606678   0.271223   0.054674  0.000016  16390.853     4.796679   0.625773   2.178898    1653.176 1
316.682216   0.606073   0.054775  0.000005  16421.132     1.498962   0.626748   2.182291    1682.044 1
316.283230   0.110720   0.050993  0.000014  15287.317     4.197094   0.629258   2.191030     601.077 1
315.684116   0.195983   0.052828  0.000007  15837.436     2.098547   0.630227   2.194405    1125.554 1
316.284340   0.079523   0.054649  0.000006  16383.358     1.798755   0.658937   2.294369    1646.030 1
315.564774   1.133662   0.048687  0.000014  14595.995     4.197094   0.660119   2.298486     -58.021 1
315.576050   0.253629   0.050934  0.000016  15269.629     4.796679   0.660186   2.298719     584.214 1
316.271200   0.068299   0.054244  0.000016  16261.942     4.796679   0.665278   2.316451    1530.274 1
315.533810   0.274784   0.051430  0.000029  15418.326     8.693981   0.678439   2.362277     725.980 1
315.394780   0.545208   0.057870  0.000008  17348.990     2.398340   0.685379   2.386439    2566.653 1
316.519333   1.216111   0.058053  0.000014  17403.852     4.197094   0.689228   2.399843    2618.957 1
315.599542   0.186556   0.051202  0.000013  15349.973     3.897302   0.691320   2.407125     660.813 1
315.479622   0.326436   0.051693  0.000022  15497.172     6.595434   0.692276   2.410455     801.150 1
315.426510   0.412956   0.051678  0.000027  15492.675     8.094396   0.697723   2.429420     796.863 1
315.491780   1.128956   0.048311  0.000013  14483.273     3.897302   0.713916   2.485804    -165.489 1
316.192260  -0.005024   0.054291  0.000005  16276.032     1.498962   0.716864   2.496069    1543.707 1
315.495246   1.140842   0.047606  0.000071  14271.920    21.285265   0.718381   2.501349    -366.991 1
315.585590   0.162402   0.051222  0.000007  15355.969     2.098547   0.718624   2.502198     666.529 1
315.358010   0.536301   0.033425  0.000006  10020.563     1.798755   0.723208   2.518157   -4420.187 1
315.657417   0.100722   0.049891  0.000008  14956.946     2.398340   0.723327   2.518572     286.105 1
315.527210   0.202326   0.050391  0.000014  15106.842     4.197094   0.730871   2.544839     429.014 1
315.518272   0.204369   0.050762  0.000063  15218.065    18.886925   0.736064   2.562921     535.053 1
315.610590   0.117311   0.051759  0.000029  15516.958     8.693981   0.737373   2.567479     820.014 1
315.425570   0.313035   0.050739  0.000018  15211.170     5.396264   0.745226   2.594822     528.479 1
315.398608   0.349731   0.051279  0.000025  15373.057     7.494811   0.750583   2.613477     682.821 1
315.838100  -0.029978   0.054408  0.000008  16311.108     2.398340   0.763686   2.659098    1577.148 1
315.528060   0.153696   0.050546  0.000024  15153.310     7.195019   0.764220   2.660957     473.316 1
316.558535   0.097788   0.050593  0.000011  15167.400     3.297717   0.780175   2.716514     486.749 1
316.659030   1.254481   0.048349  0.000019  14494.666     5.696057   0.814398   2.835675    -154.628 1
315.443948   0.170145   0.050604  0.000022  15170.698     6.595434   0.814430   2.835785     489.893 1
315.587348   0.028399   0.052952  0.000006  15874.610     1.798755   0.822669   2.864473    1160.996 1
316.654423   0.127687   0.050883  0.000026  15254.340     7.794604   0.823324   2.866755     569.637 1
315.240300   0.568932   0.057803  0.000020  17328.903     5.995849   0.832521   2.898777    2547.503 1
315.798987  -0.102716   0.054335  0.000010  16289.223     2.997925   0.844856   2.941728    1556.283 1
316.751967   1.205785   0.048322  0.000033  14486.571     9.893151   0.855051   2.977226    -162.345 1
316.597950   0.019263   0.050395  0.000029  15108.041     8.693981   0.866064   3.015572     430.157 1
315.296739   0.254229   0.051432  0.000036  15418.926    10.792528   0.886010   3.085024     726.551 1
316.766460   1.257123   0.047941  0.000011  14372.350     3.297717   0.897704   3.125739    -271.242 1
315.260440   0.261253   0.051901  0.000046  15559.528    13.790453   0.914168   3.183067     860.600 1
316.963435   0.894463   0.058152  0.000006  17433.531     1.798755   0.921617   3.209005    2647.254 1
316.759635   0.096244   0.052369  0.000016  15699.831     4.796679   0.922196   3.211021     994.364 1
316.187010  -0.215845   0.047659  0.000006  14287.809     1.798755   0.924269   3.218237    -351.843 1
315.555562  -0.076707   0.051546  0.000010  15453.102     2.997925   0.927481   3.229423     759.135 1
316.974746   0.875897   0.058071  0.000008  17409.248     2.398340   0.928982   3.234650    2624.102 1
315.213329   1.081782   0.060057  0.000007  18004.636     2.098547   0.930989   3.241638    3191.738 1
316.929720   0.343029   0.050991  0.000008  15286.717     2.398340   0.937756   3.265199     600.505 1
315.174900   1.007643   0.048674  0.000009  14592.098     2.698132   0.939340   3.270715     -61.737 1
316.306730  -0.220497   0.054284  0.000007  16273.934     2.098547   0.952341   3.315984    1541.706 1
316.805285   1.303601   0.048033  0.000080  14399.931    23.983397   0.957069   3.332446    -244.947 1
315.323400   0.088188   0.050743  0.000012  15212.369     3.597509   0.959428   3.340657     529.622 1
315.177030   0.283445   0.051252  0.000032  15364.963     9.593359   0.978498   3.407059     675.104 1
315.796170  -0.244003   0.054556  0.000007  16355.477     2.098547   0.980848   3.415242    1619.449 1
315.208070   1.190120   0.056500  0.000016  16938.274     4.796679   0.984967   3.429583    2175.081 1
315.137050   0.294419   0.050285  0.000015  15075.064     4.496887   1.010359   3.517998     398.717 1
315.131990   0.298589   0.050161  0.000025  15037.889     7.494811   1.013336   3.528364     363.276 1
316.066417  -0.318806   0.047520  0.000017  14246.138     5.096472   1.018814   3.547435    -391.572 1
316.955301   0.193988   0.050441  0.000011  15121.831     3.297717   1.026169   3.573046     443.305 1
316.048650  -0.327674   0.051681  0.000006  15493.574     1.798755   1.027767   3.578611     797.720 1
316.846173   0.030868   0.062435  0.000025  18717.542     7.494811   1.030432   3.587888    3871.415 1
315.526010  -0.205243   0.051389  0.000005  15406.035     1.498962   1.052256   3.663881     714.261 1
316.070125  -0.355778   0.047120  0.000009  14126.221     2.698132   1.055806   3.676238    -505.899 1
315.517728  -0.218643   0.051575  0.000005  15461.796     1.498962   1.068006   3.718720     767.423 1
315.454970  -0.181922   0.054593  0.000005  16366.570     1.498962   1.070899   3.728792    1630.024 1
316.975290   0.130490   0.047662  0.000020  14288.708     5.995849   1.075827   3.745950    -350.985 1
317.139700   0.643283   0.053705  0.000022  16100.354     6.595434   1.078612   3.755648    1376.217 1
315.102386   1.217025   0.058023  0.000005  17394.858     1.498962   1.090411   3.796732    2610.383 1
315.160740   0.074500   0.051321  0.000012  15385.649     3.597509   1.097406   3.821088     694.825 1
315.530820  -0.262497   0.050485  0.000014  15135.022     4.197094   1.099564   3.828604     455.881 1
315.264707  -0.075701   0.050795  0.000009  15227.958     2.698132   1.112695   3.874324     544.485 1
316.205214  -0.404922   0.063324  0.000008  18984.058     2.398340   1.114099   3.879213    4125.508 1
315.501590  -0.268372   0.049572  0.000008  14861.312     2.398340   1.119070   3.896520     194.928 1
315.502410  -0.269516   0.049847  0.000012  14943.755     3.597509   1.119650   3.898539     273.529 1
315.769587  -0.404101   0.063487  0.000008  19032.924     2.398340   1.142289   3.977368    4172.097 1
315.389375   1.625583   0.032562  0.000070   9761.842    20.985472   1.144436   3.984843   -4666.849 1
316.488520  -0.369959   0.033805  0.000007  10134.484     2.098547   1.151642   4.009933   -4311.576 1
315.016750   0.198389   0.051275  0.000015  15371.858     4.496887   1.159760   4.038201     681.678 1
316.451290  -0.396109   0.034013  0.000006  10196.841     1.798755   1.163009   4.049513   -4252.126 1
315.474935  -0.304680   0.048937  0.000012  14670.944     3.597509   1.163857   4.052466      13.433 1
315.318624  -0.209597   0.054818  0.000005  16434.023     1.498962   1.175005   4.091281    1694.334 1
315.368337  -0.275774   0.054599  0.000007  16368.368     2.098547   1.197466   4.169491    1631.739 1
315.059679   0.042948   0.057509  0.000006  17240.764     1.798755   1.198840   4.174274    2463.472 1
315.371513  -0.284720   0.054592  0.000004  16366.270     1.199170   1.202940   4.188551    1629.739 1
314.844375   0.818972   0.046638  0.000006  13981.721     1.798755   1.223831   4.261290    -643.664 1
317.292135   0.640304   0.053022  0.000005  15895.596     1.498962   1.230992   4.286224    1181.003 1
316.621110  -0.399092   0.048294  0.000017  14478.177     5.096472   1.232884   4.292811    -170.348 1
317.152950   0.070690   0.047317  0.000010  14185.280     2.997925   1.258942   4.383545    -449.593 1
317.314890   0.523473   0.050710  0.000010  15202.476     2.997925   1.264677   4.403515     520.190 1
317.312917   0.984333   0.049254  0.000009  14765.978     2.698132   1.282246   4.464688     104.038 1
314.819970   0.354087   0.051109  0.000011  15322.093     3.297717   1.289692   4.490615     634.232 1
315.777310  -0.560960   0.063692  0.000024  19094.381     7.195019   1.292804   4.501449    4230.690 1
314.812311   0.363352   0.051333  0.000010  15389.246     2.997925   1.294632   4.507814     698.255 1
315.225167  -0.290694   0.054514  0.000014  16342.886     4.197094   1.297111   4.516446    1607.445 1
314.764650   0.744671   0.047255  0.000013  14166.693     3.897302   1.298522   4.521359    -467.314 1
317.359873   0.585743   0.047439  0.000006  14221.854     1.798755   1.302298   4.534508    -414.723 1
315.046188  -0.133407   0.052109  0.000006  15621.885     1.798755   1.314269   4.576190     920.051 1
315.437446  -0.459620   0.062920  0.000007  18862.941     2.098547   1.317328   4.586840    4010.037 1
317.259310   0.148582   0.050894  0.000012  15257.637     3.597509   1.317650   4.587963     572.781 1
317.355942   0.971977   0.049411  0.000006  14813.045     1.798755   1.321633   4.601831     148.912 1
317.285360   0.177956   0.050646  0.000017  15183.289     5.096472   1.329546   4.629384     501.898 1
317.323520   0.271972   0.049977  0.000013  14982.728     3.897302   1.331594   4.636513     310.685 1
317.323984   0.264601   0.050765  0.000009  15218.964     2.698132   1.334420   4.646354     535.910 1
314.936333  -0.038333   0.057514  0.000015  17242.263     4.496887   1.346551   4.688592    2464.901 1
315.151158  -0.292481   0.054491  0.000009  16335.991     2.698132   1.347382   4.691487    1600.871 1
315.862530  -0.642022   0.046897  0.000333  14059.367    99.830889   1.356836   4.724406    -569.637 1
315.886220  -0.650619   0.045471  0.000333  13631.863    99.830889   1.362073   4.742638    -977.214 1
314.910775  -0.037084   0.051176  0.000009  15342.179     2.698132   1.367320   4.760911     653.382 1
314.733043   1.028137   0.048282  0.000011  14474.579     3.297717   1.369257   4.767655    -173.778 1
314.692870   0.779813   0.048608  0.000022  14572.312     6.595434   1.371851   4.776688     -80.601 1
317.446750   0.587152   0.052749  0.000016  15813.752     4.796679   1.388739   4.835490    1102.975 1
314.732981   1.116297   0.057976  0.000017  17380.768     5.096472   1.393076   4.850589    2596.949 1
314.724287   1.098067   0.048510  0.000030  14542.932     8.993774   1.396067   4.861006    -108.611 1
317.392060   1.127425   0.048254  0.000007  14466.185     2.098547   1.396481   4.862444    -181.781 1
314.916430  -0.116054   0.051316  0.000014  15384.150     4.197094   1.406849   4.898547     693.396 1
314.678710   0.959660   0.048950  0.000014  14674.841     4.197094   1.407840   4.901996      17.149 1
314.654110   0.551194   0.064830  0.000023  19435.545     6.895227   1.416125   4.930844    4555.951 1
315.799745  -0.692763   0.063667  0.000006  19086.886     1.798755   1.417328   4.935034    4223.544 1
314.659370   0.912577   0.047891  0.000010  14357.361     2.997925   1.419038   4.940988    -285.533 1
317.475750   0.536927   0.047077  0.000019  14113.330     5.696057   1.422522   4.953120    -518.189 1
315.979328  -0.721608   0.036345  0.000333  10895.957    99.830889   1.424039   4.958399   -3585.597 1
317.446670   0.361393   0.047330  0.000019  14189.177     5.696057   1.424884   4.961344    -445.877 1
315.853120  -0.711853   0.033931  0.000333  10172.258    99.830889   1.427292   4.969727   -4275.563 1
314.636952   0.859006   0.048062  0.000072  14408.625    21.585057   1.434283   4.994068    -236.658 1
316.933838  -0.440181   0.062416  0.000007  18711.846     2.098547   1.434967   4.996450    3865.985 1
316.155258  -0.738949   0.045724  0.000333  13707.710    99.830889   1.441935   5.020714    -904.902 1
314.864750  -0.111350   0.051170  0.000011  15340.380     3.297717   1.446610   5.036991     651.667 1
317.446540   0.266068   0.050225  0.000013  15057.076     3.897302   1.450372   5.050089     381.568 1
314.643770   1.006647   0.047857  0.000020  14347.168     5.995849   1.451388   5.053628    -295.251 1
315.034182  -0.334907   0.054101  0.000010  16219.072     2.997925   1.458874   5.079693    1489.402 1
316.011434  -0.758891   0.040814  0.000333  12235.729    99.830889   1.459784   5.082863   -2308.272 1
314.868490  -0.142778   0.052063  0.000011  15608.095     3.297717   1.461411   5.088527     906.903 1
314.623400   0.429075   0.033561  0.000021  10061.335     6.295642   1.464275   5.098498   -4381.316 1
315.640970  -0.707999   0.055378  0.000020  16601.907     5.995849   1.469735   5.117512    1854.392 1
316.032730  -0.770138   0.047407  0.000011  14212.261     3.297717   1.470439   5.119963    -423.869 1
314.584230   0.817705   0.046361  0.000007  13898.678     2.098547   1.482839   5.163137    -722.836 1
314.586580   0.493023   0.047579  0.000008  14263.825     2.398340   1.490253   5.188953    -374.708 1
314.814640  -0.119274   0.061742  0.000009  18509.786     2.698132   1.492693   5.197449    3673.343 1
315.916342  -0.786720   0.037288  0.000333  11178.661    99.830889   1.493886   5.201603   -3316.069 1
314.817290  -0.139489   0.051009  0.000006  15292.113     1.798755   1.501685   5.228759     605.650 1
314.561164   0.617922   0.057622  0.000010  17274.641     2.997925   1.503466   5.234960    2495.770 1
314.559600   0.577270   0.047814  0.000008  14334.277     2.398340   1.507791   5.250019    -307.541 1
316.707803  -0.668802   0.054294  0.000005  16276.932     1.498962   1.513266   5.269081    1544.565 1
314.577241   1.018412   0.047016  0.000015  14095.042     4.496887   1.518898   5.288693    -535.624 1
316.048987  -0.821145   0.052748  0.000333  15813.453    99.830889   1.521205   5.296726    1102.689 1
315.939336  -0.817814   0.064240  0.000333  19258.668    99.830889   1.522802   5.302287    4387.318 1
314.893100  -0.286786   0.053081  0.000006  15913.283     1.798755   1.530045   5.327507    1197.866 1
314.551027   0.965228   0.047546  0.000085  14253.932    25.482359   1.534456   5.342865    -384.140 1
314.539580   0.507194   0.057996  0.000008  17386.763     2.398340   1.534964   5.344632    2602.666 1
314.520163   0.569085   0.057392  0.000013  17205.689     3.897302   1.547768   5.389218    2430.031 1
315.719790  -0.818901   0.058064  0.000006  17407.149     1.798755   1.557078   5.421634    2622.101 1
316.590370  -0.771222   0.048686  0.000014  14595.696     4.197094   1.563042   5.442398     -58.307 1
317.581375   1.078778   0.047931  0.000013  14369.352     3.897302   1.565283   5.450201    -274.100 1
316.532917  -0.799083   0.034752  0.000007  10418.388     2.098547   1.571149   5.470627   -4040.906 1
314.768070  -0.194475   0.051128  0.000006  15327.789     1.798755   1.573335   5.478240     639.662 1
317.633240   0.522370   0.050574  0.000011  15161.704     3.297717   1.580635   5.503658     481.319 1
314.792430  -0.243824   0.052899  0.000024  15858.721     7.195019   1.582290   5.509418    1145.847 1
314.812580  -0.273496   0.043437  0.000006  13022.085     1.798755   1.584223   5.516149   -1558.570 1
314.862770  -0.335225   0.054384  0.000009  16303.913     2.698132   1.584559   5.517321    1570.288 1
314.534658   1.124580   0.050820  0.000010  15235.453     2.997925   1.585630   5.521047     551.630 1
314.784244  -0.239488   0.052184  0.000015  15644.370     4.496887   1.586295   5.523365     941.487 1
314.472464   0.575362   0.058142  0.000005  17430.533     1.498962   1.594795   5.552962    2644.395 1
314.519678   1.104705   0.048110  0.000040  14423.015    11.991698   1.594908   5.553353    -222.939 1
314.704640  -0.142946   0.051782  0.000019  15523.853     5.696057   1.598145   5.564624     826.588 1
314.808417  -0.313056   0.051456  0.000008  15426.121     2.398340   1.612071   5.613114     733.411 1
315.632470  -0.858881   0.047168  0.000019  14140.611     5.696057   1.617099   5.630621    -492.180 1
316.357421  -0.892962   0.034966  0.000010  10482.543     2.997925   1.620029   5.640823   -3979.741 1
314.485630   1.075744   0.048315  0.000013  14484.473     3.897302   1.620905   5.643872    -164.346 1
315.644208  -0.888389   0.047249  0.000007  14164.894     2.098547   1.642535   5.719189    -469.029 1
316.020780  -0.962451   0.047091  0.000024  14117.527     7.195019   1.662974   5.790356    -514.188 1
314.415715   0.449193   0.047817  0.000010  14335.176     2.997925   1.665653   5.799684    -306.684 1
316.245150  -0.960426   0.035095  0.000006  10521.216     1.798755   1.670440   5.816352   -3942.870 1
314.389083   0.660389   0.060533  0.000018  18147.337     5.396264   1.673761   5.827914    3327.788 1
314.444266   0.227186   0.054563  0.000017  16357.576     5.096472   1.685777   5.869753    1621.450 1
314.384046   0.467852   0.058771  0.000007  17619.103     2.098547   1.694308   5.899458    2824.175 1
314.356871   0.633574   0.060267  0.000016  18067.592     4.796679   1.706795   5.942936    3251.760 1
314.392980   0.340905   0.051704  0.000025  15500.469     7.494811   1.707580   5.945671     804.294 1
314.350310   0.730051   0.065223  0.000005  19553.363     1.498962   1.712326   5.962195    4668.278 1
317.415000  -0.358440   0.050942  0.000007  15272.027     2.098547   1.717346   5.979676     586.500 1
314.355407   0.480653   0.055074  0.000020  16510.770     5.995849   1.721001   5.992401    1767.503 1
314.637260  -0.277780   0.052397  0.000019  15708.225     5.696057   1.728311   6.017855    1002.366 1
317.765200   0.392373   0.058881  0.000011  17652.080     3.297717   1.730141   6.024227    2855.615 1
317.766160   0.392556   0.058519  0.000012  17543.555     3.597509   1.731053   6.027403    2752.149 1
317.766333   0.392167   0.058519  0.000012  17543.555     3.597509   1.731293   6.028236    2752.149 1
314.706254  -0.421935   0.052814  0.000008  15833.239     2.398340   1.760076   6.128457    1121.553 1
314.349038   0.291457   0.033524  0.000009  10050.242     2.698132   1.761369   6.132960   -4391.891 1
314.345526   0.305582   0.054544  0.000015  16351.880     4.496887   1.761569   6.133656    1616.019 1
317.636827  -0.111275   0.060330  0.000008  18086.479     2.398340   1.770961   6.166358    3269.767 1
314.283190   0.642061   0.065213  0.000010  19550.366     2.997925   1.780120   6.198250    4665.420 1
314.793060  -0.550852   0.052241  0.000020  15661.458     5.995849   1.782097   6.205131     957.779 1
314.332443   0.255906   0.058013  0.000007  17391.860     2.098547   1.786021   6.218795    2607.525 1
316.413420  -1.064151   0.056790  0.000021  17025.214     6.295642   1.798709   6.262976    2257.968 1
316.441547  -1.067509   0.057153  0.000150  17134.038    44.968869   1.807690   6.294246    2361.721 1
314.588083  -0.351142   0.052854  0.000016  15845.231     4.796679   1.810657   6.304578    1132.986 1
314.575190  -0.338778   0.053189  0.000013  15945.661     3.897302   1.814062   6.316432    1228.735 1
314.553370  -0.324390   0.052639  0.000013  15780.775     3.897302   1.823872   6.350590    1071.535 1
314.284922   1.134766   0.060522  0.000014  18144.039     4.197094   1.829845   6.371389    3324.644 1
317.244514  -0.701330   0.033807  0.000008  10135.084     2.398340   1.833214   6.383119   -4311.005 1
314.518702  -0.291692   0.053104  0.000008  15920.179     2.398340   1.834778   6.388564    1204.440 1
316.511410  -1.080909   0.047149  0.000005  14134.915     1.498962   1.836607   6.394934    -497.610 1
314.518130  -0.320870   0.052781  0.000012  15823.346     3.597509   1.851188   6.445704    1112.121 1
314.203034   0.568446   0.065555  0.000016  19652.895     4.796679   1.863975   6.490227    4763.170 1
314.513580  -0.344799   0.052113  0.000016  15623.084     4.796679   1.868261   6.505150     921.194 1
315.344180  -1.027202   0.055197  0.000010  16547.644     2.997925   1.870597   6.513284    1802.659 1
314.237016   0.239123   0.047066  0.000013  14110.032     3.897302   1.882632   6.555187    -521.333 1
314.244570   0.191207   0.048592  0.000046  14567.515    13.790453   1.887656   6.572683     -85.174 1
314.245940   0.179169   0.046683  0.000030  13995.211     8.993774   1.889620   6.579519    -630.802 1
316.206500  -1.204583   0.048827  0.000007  14637.966     2.098547   1.910018   6.650545     -18.007 1
314.222118   0.179160   0.047551  0.000013  14255.431     3.897302   1.912531   6.659294    -382.711 1
314.200040   0.227787   0.046753  0.000011  14016.197     3.297717   1.921256   6.689674    -610.795 1
314.232180   0.094400   0.048862  0.000013  14648.459     3.897302   1.927777   6.712379      -8.003 1
315.761350  -1.206222   0.058175  0.000025  17440.426     7.494811   1.929860   6.719633    2653.827 1
316.840565  -1.067799   0.052883  0.000005  15853.925     1.498962   1.931426   6.725087    1141.274 1
314.210226   0.139306   0.047614  0.000022  14274.318     6.595434   1.935145   6.738034    -364.705 1
315.903000  -1.228565   0.064544  0.000007  19349.804     2.098547   1.935148   6.738047    4474.207 1
314.212150   0.115894   0.047876  0.000010  14352.864     2.997925   1.940223   6.755715    -289.820 1
315.889740  -1.238418   0.064765  0.000005  19416.059     1.498962   1.946100   6.776180    4537.373 1
314.197570   0.110241   0.047998  0.000013  14389.438     3.897302   1.955827   6.810049    -254.950 1
314.123103   0.429318   0.059788  0.000027  17923.991     8.094396   1.958052   6.817796    3114.853 1
317.513791  -0.618133   0.059296  0.000012  17776.494     3.597509   1.960461   6.826182    2974.230 1
317.959870   0.197266   0.056315  0.000013  16882.812     3.897302   1.962707   6.834002    2122.204 1
317.509067  -0.629105   0.059355  0.000029  17794.181     8.693981   1.964374   6.839807    2991.094 1
317.833210  -0.160515   0.059254  0.000011  17763.902     3.297717   1.968612   6.854564    2962.226 1
317.871400  -0.144516   0.046938  0.000010  14071.658     2.997925   1.996206   6.950645    -557.918 1
317.990860   0.170198   0.050570  0.000007  15160.505     2.098547   1.999677   6.962730     480.176 1
314.781084  -0.838581   0.052141  0.000009  15631.479     2.698132   2.002252   6.971697     929.197 1
314.187620  -0.059099   0.057395  0.000011  17206.588     3.297717   2.022593   7.042522    2430.889 1
317.706480  -0.507479   0.051511  0.000015  15442.609     4.496887   2.039675   7.101999     749.131 1
317.707110  -0.507951   0.051343  0.000019  15392.244     5.696057   2.040462   7.104740     701.113 1
317.890810  -0.218963   0.060221  0.000012  18053.802     3.597509   2.046146   7.124531    3238.613 1
318.060487   0.235132   0.049621  0.000005  14876.002     1.498962   2.051209   7.142162     208.934 1
316.862646  -1.205616   0.056606  0.000010  16970.052     2.997925   2.066763   7.196320    2205.378 1
316.810963  -1.232763   0.055460  0.000006  16626.490     1.798755   2.072604   7.216656    1877.829 1
317.646120  -0.645076   0.033853  0.000005  10148.874     1.498962   2.077669   7.234292   -4297.857 1
317.617970  -0.680233   0.059631  0.000009  17876.924     2.698132   2.079464   7.240542    3069.979 1
318.142060   0.789647   0.046423  0.000007  13917.265     2.098547   2.081336   7.247063    -705.115 1
317.909610  -0.260401   0.043035  0.000012  12901.568     3.597509   2.081748   7.248497   -1673.469 1
317.534000  -0.773007   0.033647  0.000013  10087.117     3.897302   2.082004   7.249386   -4356.736 1
317.938700  -0.219316   0.060058  0.000007  18004.935     2.098547   2.089197   7.274432    3192.024 1
317.913292   1.670194   0.050001  0.001001  14989.923    99.990000   2.089544   7.275643     317.545 1
317.750792   1.932222   0.047633  0.000147  14280.014    44.069491   2.090042   7.277375    -359.274 1
317.656200  -0.652534   0.033755  0.000005  10119.494     1.498962   2.090179   7.277853   -4325.867 1
317.929629  -0.248865   0.060953  0.000008  18273.250     2.398340   2.094277   7.292120    3447.832 1
318.130370   0.340429   0.050549  0.000016  15154.209     4.796679   2.098747   7.307686     474.173 1
314.324862  -0.480036   0.052747  0.000026  15813.153     7.794604   2.100338   7.313225    1102.403 1
317.089595  -1.137008   0.058893  0.000014  17655.677     4.197094   2.104606   7.328085    2859.045 1
314.329130  -0.495119   0.054201  0.000012  16249.051     3.597509   2.105334   7.330622    1517.984 1
316.915085  -1.228195   0.059384  0.000016  17802.875     4.796679   2.108253   7.340783    2999.382 1
314.594031  -0.814421   0.053313  0.000013  15982.835     3.897302   2.109396   7.344763    1264.176 1
318.167733   0.533729   0.057945  0.000033  17371.474     9.893151   2.111632   7.352551    2588.089 1
318.176366   0.769475   0.046740  0.000009  14012.299     2.698132   2.114850   7.363754    -614.510 1
317.668060  -0.678516   0.046839  0.000014  14041.979     4.197094   2.116068   7.367996    -586.214 1
318.151840   0.348857   0.050936  0.000007  15270.229     2.098547   2.118488   7.376422     584.785 1
317.975062  -0.220197   0.059360  0.000011  17795.680     3.297717   2.122289   7.389656    2992.523 1
314.058440  -0.011988   0.052383  0.000007  15704.028     2.098547   2.126637   7.404795     998.365 1
313.957791   0.373921   0.065180  0.000016  19540.472     4.796679   2.129663   7.415334    4655.988 1
314.347960  -0.565187   0.053766  0.000024  16118.641     7.195019   2.130706   7.418963    1393.652 1
314.135500  -0.212438   0.057205  0.000010  17149.628     2.997925   2.131975   7.423383    2376.583 1
313.988395   0.202455   0.064544  0.000010  19349.804     2.997925   2.132796   7.426243    4474.207 1
317.994870  -0.219429   0.059768  0.000006  17917.996     1.798755   2.139824   7.450712    3109.137 1
317.996000  -0.220210   0.060097  0.000007  18016.627     2.098547   2.141180   7.455433    3203.171 1
317.996340  -0.220214   0.060097  0.000007  18016.627     2.098547   2.141488   7.456508    3203.171 1
314.652800  -0.915118   0.053343  0.000005  15991.829     1.498962   2.143727   7.464301    1272.751 1
314.599630  -0.870968   0.053365  0.000011  15998.425     3.297717   2.146534   7.474077    1279.039 1
318.003480  -0.223085   0.059746  0.000044  17911.400    13.190868   2.149169   7.483251    3102.849 1
318.023440  -0.184088   0.059580  0.000010  17861.635     2.997925   2.150889   7.489240    3055.403 1
314.149372  -0.329077   0.046805  0.000012  14031.786     3.597509   2.172214   7.563491    -595.932 1
314.131320  -0.295143   0.047665  0.000011  14289.608     3.297717   2.172374   7.564049    -350.128 1
318.013833  -0.259222   0.059198  0.000027  17747.114     8.094396   2.174221   7.570482    2946.220 1
315.098500  -1.249770   0.051220  0.000006  15355.370     1.798755   2.175031   7.573301     665.958 1
318.150570   0.066908   0.046702  0.000010  14000.907     2.997925   2.181786   7.596822    -625.371 1
314.538060  -0.869209   0.053422  0.000010  16015.513     2.997925   2.187690   7.617378    1295.331 1
318.039894  -0.259761   0.046662  0.000013  13988.916     3.897302   2.197873   7.652834    -636.804 1
318.046910  -0.254448   0.047676  0.000011  14292.905     3.297717   2.201878   7.666780    -346.984 1
313.968310   0.015860   0.054312  0.000025  16282.328     7.494811   2.202958   7.670541    1549.709 1
318.047750  -0.258697   0.046866  0.000014  14050.073     4.197094   2.204479   7.675838    -578.497 1
318.042378  -0.288710   0.046903  0.000008  14061.166     2.398340   2.212889   7.705121    -567.922 1
318.007930  -0.364131   0.046298  0.000014  13879.791     4.197094   2.217320   7.720548    -740.842 1
314.081490  -0.298350   0.057924  0.000014  17365.178     4.197094   2.218224   7.723695    2582.087 1
318.047860  -0.289987   0.046044  0.000014  13803.644     4.197094   2.218364   7.724184    -813.440 1
313.948020   0.013988   0.057677  0.000006  17291.130     1.798755   2.222829   7.739731    2511.490 1
318.093799  -0.244741   0.046675  0.000007  13992.813     2.098547   2.240111   7.799903    -633.089 1
318.071790  -0.302516   0.034425  0.000026  10320.355     7.794604   2.245369   7.818213   -4134.369 1
316.003333  -1.548056   0.065152  0.000183  19532.078    54.862020   2.248834   7.830279    4647.985 1
314.412900  -0.838916   0.053288  0.000008  15975.341     2.398340   2.255889   7.854843    1257.031 1
318.307797   0.410697   0.046530  0.000034  13949.343    10.192944   2.263692   7.882013    -674.532 1
313.821840   1.036061   0.060152  0.000008  18033.116     2.398340   2.265556   7.888503    3218.891 1
313.838181   1.134714   0.058097  0.000006  17417.042     1.798755   2.266238   7.890875    2631.533 1
318.332650   0.773158   0.051600  0.000021  15469.291     6.295642   2.271159   7.908012     774.569 1
314.386380  -0.839502   0.053261  0.000007  15967.246     2.098547   2.275747   7.923987    1249.314 1
313.925420  -0.089110   0.052907  0.000005  15861.120     1.498962   2.277965   7.931709    1148.134 1
318.011952  -0.483270   0.034295  0.000008  10281.382     2.398340   2.280334   7.939959   -4171.525 1
318.073419  -0.391365   0.033861  0.000005  10151.272     1.498962   2.287853   7.966137   -4295.570 1
318.024690  -0.513108   0.034517  0.000005  10347.936     1.498962   2.306783   8.032050   -4108.073 1
313.740636   0.749685   0.051361  0.000006  15397.640     1.798755   2.322222   8.085810     706.258 1
313.766708   1.073814   0.060115  0.000006  18022.024     1.798755   2.325857   8.098466    3208.316 1
313.778270   0.235892   0.065198  0.000010  19545.869     2.997925   2.330735   8.115450    4661.133 1
317.827550  -0.842649   0.051950  0.000018  15574.218     5.396264   2.344078   8.161911     874.605 1
313.759610   0.238328   0.064736  0.000007  19407.365     2.098547   2.348542   8.177455    4529.084 1
317.895250   2.171778   0.048513  0.000110  14543.832    32.977170   2.350447   8.184087    -107.754 1
314.038404  -0.497331   0.057069  0.000018  17108.856     5.396264   2.351586   8.188051    2337.712 1
318.433180   0.574692   0.047117  0.000014  14125.321     4.197094   2.373813   8.265444    -506.757 1
318.172270  -0.395104   0.032584  0.000012   9768.437     3.597509   2.376914   8.276241   -4660.561 1
318.182770  -0.387521   0.032437  0.000006   9724.368     1.798755   2.382766   8.296620   -4702.576 1
313.709500   1.080950   0.058048  0.000007  17402.353     2.098547   2.383465   8.299053    2617.528 1
313.680228   0.832105   0.057750  0.000010  17313.014     2.997925   2.385755   8.307025    2532.354 1
313.827257  -0.145514   0.052423  0.000010  15716.020     2.997925   2.389657   8.320612    1009.798 1
313.826900  -0.147094   0.052376  0.000015  15701.930     4.496887   2.390550   8.323722     996.364 1
313.773440  -0.000821   0.052794  0.000012  15827.243     3.597509   2.393776   8.334955    1115.837 1
314.129110  -0.716175   0.059560  0.000009  17855.639     2.698132   2.396454   8.344279    3049.686 1
318.371125   0.040028   0.050592  0.000009  15167.100     2.698132   2.400941   8.359902     486.464 1
318.404910   0.112824   0.046434  0.000018  13920.563     5.396264   2.414714   8.407858    -701.971 1
313.758730  -0.039963   0.052494  0.000007  15737.305     2.098547   2.419527   8.424617    1030.091 1
313.757828  -0.042062   0.052702  0.000007  15799.662     2.098547   2.421028   8.429844    1089.541 1
318.422970   0.160198   0.060581  0.000007  18161.727     2.098547   2.421234   8.430561    3341.507 1
318.456417   0.325361   0.057911  0.000013  17361.281     3.897302   2.422878   8.436286    2578.371 1
314.173550  -0.818385   0.053698  0.000017  16098.255     5.096472   2.423446   8.438265    1374.217 1
318.327320  -0.166273   0.032895  0.000005   9861.673     1.498962   2.424680   8.442560   -4571.671 1
318.328150  -0.165290   0.032924  0.000013   9870.367     3.897302   2.425104   8.444038   -4563.383 1
317.564494  -1.205470   0.032698  0.000007   9802.614     2.098547   2.426204   8.447866   -4627.978 1
318.448190   0.174484   0.059765  0.000016  17917.096     4.796679   2.442710   8.505341    3108.279 1
318.488160   0.394969   0.057953  0.000009  17373.872     2.698132   2.444584   8.511866    2590.376 1
318.452460   0.175593   0.059032  0.000011  17697.348     3.297717   2.446642   8.519032    2898.774 1
318.470399   0.209819   0.060090  0.000008  18014.529     2.398340   2.457110   8.555479    3201.170 1
313.634030   1.139540   0.058361  0.000007  17496.188     2.098547   2.467748   8.592521    2706.990 1
313.834080  -0.366497   0.059406  0.000005  17809.471     1.498962   2.470330   8.601510    3005.670 1
318.505192   0.307569   0.059824  0.000003  17934.784     0.899377   2.473834   8.613712    3125.143 1
318.516300   0.347050   0.060037  0.000015  17998.640     4.496887   2.478873   8.631255    3186.022 1
313.839860  -0.413597   0.053935  0.000007  16169.306     2.098547   2.485858   8.655577    1441.956 1
318.143830   2.061830   0.050040  0.000630  15001.615    99.990000   2.487141   8.660044     328.692 1
318.486806   0.139874   0.060408  0.000006  18109.863     1.798755   2.487996   8.663022    3292.061 1
318.477240   0.081252   0.061153  0.000007  18333.208     2.098547   2.492579   8.678978    3504.996 1
318.486270   0.114445   0.050495  0.000016  15138.020     4.796679   2.493323   8.681570     458.739 1
314.162950  -0.919612   0.054551  0.000021  16353.978     6.295642   2.496176   8.691504    1618.020 1
314.160527  -0.920299   0.054172  0.000006  16240.357     1.798755   2.498466   8.699476    1509.695 1
318.556610   0.462128   0.059895  0.000006  17956.069     1.798755   2.505242   8.723073    3145.436 1
317.969355   2.328975   0.048737  0.000080  14610.985    23.983397   2.507810   8.732014     -43.730 1
317.912329  -1.007686   0.052137  0.000005  15630.279     1.498962   2.517449   8.765574     928.054 1
318.468983  -0.099812   0.045956  0.000006  13777.262     1.798755   2.535744   8.829276    -838.592 1
313.533436   0.459784   0.058615  0.000025  17572.335     7.494811   2.540259   8.844997    2779.588 1
313.902133  -0.636590   0.053528  0.000015  16047.291     4.496887   2.540268   8.845030    1325.627 1
318.596093   0.461256   0.060036  0.000015  17998.340     4.496887   2.544628   8.860212    3185.736 1
318.561076   0.158318   0.060516  0.000011  18142.240     3.297717   2.556437   8.901328    3322.929 1
318.496140  -0.105475   0.060793  0.000012  18225.283     3.597509   2.563301   8.925227    3402.101 1
318.573030   0.131143   0.059698  0.000025  17897.010     7.494811   2.573989   8.962443    3089.129 1
318.560120  -0.012855   0.050732  0.000006  15209.071     1.798755   2.597179   9.043188     526.478 1
313.774080  -0.534431   0.056993  0.000009  17086.072     2.698132   2.599982   9.052948    2315.990 1
317.336260  -1.566672   0.034724  0.000025  10409.993     7.494811   2.600005   9.053028   -4048.909 1
313.484827   1.068278   0.050714  0.000014  15203.675     4.197094   2.603658   9.065749     521.333 1
317.517958  -1.459167   0.046956  0.000150  14077.055    44.968869   2.603852   9.066423    -552.774 1
317.951230  -1.095671   0.052335  0.000011  15689.638     3.297717   2.605994   9.073881     984.646 1
313.479190   1.059127   0.050938  0.000009  15270.828     2.698132   2.607962   9.080736     585.357 1
313.959447  -0.863130   0.053449  0.000007  16023.607     2.098547   2.620219   9.123413    1303.048 1
318.586400  -0.009655   0.046496  0.000015  13939.150     4.496887   2.621589   9.128184    -684.250 1
313.491333   0.133028   0.064877  0.000006  19449.635     1.798755   2.632750   9.167044    4569.385 1
318.632770   0.124196   0.060158  0.000009  18034.915     2.698132   2.633790   9.170668    3220.606 1
318.607720   0.011088   0.060172  0.000013  18039.112     3.897302   2.636622   9.180529    3224.607 1
313.439009   0.968441   0.047897  0.000010  14359.159     2.997925   2.636994   9.181823    -283.818 1
313.442370   1.047924   0.059954  0.000026  17973.757     7.794604   2.642935   9.202510    3162.299 1
318.619430   0.026677   0.060373  0.000030  18099.370     8.993774   2.643914   9.205916    3282.057 1
318.150000   2.326917   0.060758  0.000008  18214.790     2.398340   2.646482   9.214857    3392.097 1
318.241516   2.206111   0.050170  0.000230  15040.588    68.952265   2.648730   9.222687     365.848 1
318.434270  -0.484321   0.050838  0.000009  15240.849     2.698132   2.650862   9.230110     556.775 1
318.279053   2.175144   0.047160  0.000150  14138.212    44.968869   2.662409   9.270317    -494.466 1
318.235667   2.255500   0.050885  0.000053  15254.939    15.889000   2.672364   9.304979     570.208 1
318.141000   2.384222   0.046320  0.000130  13886.387    38.973020   2.675093   9.314479    -734.554 1
318.215306  -0.891213   0.058464  0.000007  17527.066     2.098547   2.676909   9.320803    2736.429 1
317.925150  -1.243259   0.032407  0.000004   9715.374     1.199170   2.691691   9.372275   -4711.151 1
313.688320  -0.570044   0.053285  0.000011  15974.441     3.297717   2.692378   9.374667    1256.174 1
318.533399   1.776114   0.048277  0.000113  14473.080    33.876548   2.694894   9.383425    -175.207 1
318.723089   0.246978   0.058072  0.000006  17409.548     1.798755   2.698686   9.396630    2624.388 1
313.415220   0.144615   0.053043  0.000006  15901.891     1.798755   2.704718   9.417631    1187.005 1
313.774917  -0.745411   0.046735  0.000008  14010.801     2.398340   2.705821   9.421473    -615.939 1
318.219833   2.334472   0.050795  0.000103  15227.958    30.878623   2.706453   9.423675     544.485 1
313.361368   0.885944   0.057896  0.000006  17356.784     1.798755   2.707323   9.426704    2574.084 1
318.081792   2.514722   0.047600  0.000093  14270.121    27.880699   2.714802   9.452743    -368.706 1
318.134875   2.463972   0.043980  0.000030  13184.872     8.993774   2.721341   9.475511   -1403.370 1
314.122329  -1.210407   0.055682  0.000009  16693.044     2.698132   2.722748   9.480412    1941.281 1
318.140917   2.500722   0.046330  0.000230  13889.385    68.952265   2.749868   9.574840    -731.696 1
313.741090  -0.779089   0.047648  0.000009  14284.511     2.698132   2.752425   9.583745    -354.987 1
318.198792  -1.042167   0.060911  0.000010  18260.658     2.997925   2.756485   9.597881    3435.828 1
318.199070  -1.042461   0.060911  0.000010  18260.658     2.997925   2.756886   9.599278    3435.828 1
318.110500   2.546917   0.047020  0.000170  14096.241    50.964718   2.757677   9.602031    -534.481 1
318.199247  -1.045100   0.060025  0.000010  17995.042     2.997925   2.758692   9.605565    3182.592 1
318.591520  -0.420998   0.045509  0.000009  13643.255     2.698132   2.766157   9.631558    -966.353 1
318.372450   2.235889   0.047510  0.000070  14243.140    20.985472   2.773811   9.658209    -394.430 1
318.094790  -1.192573   0.060616  0.000018  18172.220     5.396264   2.776944   9.669119    3351.511 1
318.627760  -0.366618   0.045579  0.000030  13664.240     8.993774   2.777994   9.672774    -946.346 1
313.585050  -0.557370   0.056225  0.000025  16855.831     7.494811   2.778097   9.673132    2096.481 1
313.328460   0.195024   0.052766  0.000011  15818.849     3.297717   2.780083   9.680047    1107.834 1
313.279570   0.657218   0.055891  0.000016  16755.700     4.796679   2.783051   9.690383    2001.017 1
314.469083  -1.585778   0.053484  0.000150  16034.100    44.968869   2.786284   9.701640    1313.051 1
318.552824  -0.553979   0.051000  0.000008  15289.415     2.398340   2.788055   9.707806     603.078 1
318.215667   2.477500   0.033940  0.000450  10174.956    99.990000   2.791942   9.721342   -4272.991 1
318.449768   2.152119   0.050110  0.000510  15022.600    99.990000   2.794074   9.728762     348.699 1
313.698390  -0.805262   0.054351  0.000013  16294.020     3.897302   2.802498   9.758096    1560.856 1
313.293256   0.232449   0.052651  0.000012  15784.373     3.597509   2.808233   9.778064    1074.964 1
313.286960   0.250867   0.052888  0.000082  15855.424    24.582982   2.811440   9.789230    1142.703 1
318.601654  -0.512709   0.050789  0.000008  15226.159     2.398340   2.813717   9.797159     542.770 1
318.290833   2.419986   0.049590  0.000270  14866.708    80.943964   2.814796   9.800917     200.073 1
318.751532  -0.132918   0.032988  0.000012   9889.554     3.597509   2.814883   9.801219   -4545.090 1
313.535510  -0.543215   0.056590  0.000022  16965.255     6.595434   2.816080   9.805388    2200.805 1
317.998333   2.746889   0.049041  0.000083  14702.122    24.882774   2.817205   9.809304      43.159 1
318.298850  -1.014533   0.046194  0.000014  13848.613     4.197094   2.817825   9.811463    -770.567 1
313.815125  -1.001250   0.059170  0.000012  17738.720     3.597509   2.818544   9.813968    2938.217 1
313.511968  -0.500387   0.056805  0.000008  17029.711     2.398340   2.818718   9.814572    2262.256 1
318.758875  -0.126389   0.032827  0.000005   9841.287     1.498962   2.819977   9.818957   -4591.107 1
318.310542   2.402972   0.048780  0.000080  14623.876    23.983397   2.820116   9.819439     -31.440 1
318.758831  -0.154590   0.032746  0.000006   9817.004     1.798755   2.828328   9.848034   -4614.258 1
318.182917   2.580667   0.051760  0.000120  15517.258    35.975095   2.834150   9.868305     820.300 1
318.192542   2.571694   0.049810  0.000260  14932.662    77.946039   2.835426   9.872748     262.953 1
313.226200   0.837481   0.051054  0.000006  15305.604     1.798755   2.839419   9.886650     618.512 1
318.202292   2.574667   0.051880  0.000110  15553.233    32.977170   2.844715   9.905091     854.598 1
313.496800  -0.530864   0.055810  0.000015  16731.417     4.496887   2.845498   9.907819    1977.866 1
318.392500   2.343917   0.044970  0.000610  13481.667    99.990000   2.851412   9.928412   -1120.410 1
318.074875  -1.320278   0.032539  0.000150   9754.947    44.968869   2.851416   9.928424   -4673.423 1
313.567501  -0.684621   0.052731  0.000007  15808.356     2.098547   2.853290   9.934951    1097.830 1
318.095625   2.703083   0.047757  0.000008  14317.188     2.398340   2.854001   9.937425    -323.833 1
313.465760  -0.486889   0.053730  0.000006  16107.849     1.798755   2.854953   9.940741    1383.363 1
313.637040  -0.806474   0.047195  0.000026  14148.705     7.794604   2.855073   9.941158    -484.463 1
313.453502  -0.478985   0.052475  0.000008  15731.609     2.398340   2.862841   9.968206    1024.660 1
318.308083   2.478500   0.051252  0.000270  15364.963    80.943964   2.864429   9.973734     675.104 1
313.501548  -0.584790   0.053483  0.000019  16033.800     5.696057   2.864992   9.975696    1312.766 1
313.192240   0.815995   0.059787  0.000007  17923.692     2.098547   2.872389  10.001450    3114.567 1
318.275667   2.537833   0.046910  0.000210  14063.264    62.956416   2.876631  10.016222    -565.921 1
318.366083   2.424639   0.047680  0.000073  14294.104    21.884849   2.877513  10.019293    -345.841 1
313.231035   0.170904   0.057392  0.000020  17205.689     5.995849   2.880267  10.028883    2430.031 1
318.419250   2.362361   0.048120  0.000180  14426.013    53.962642   2.883901  10.041535    -220.080 1
313.177108   0.711940   0.051226  0.000009  15357.168     2.698132   2.885201  10.046063     667.673 1
313.600508  -0.808766   0.047560  0.000015  14258.129     4.496887   2.887365  10.053595    -380.139 1
313.222195   0.163201   0.052823  0.000030  15835.937     8.993774   2.890377  10.064085    1124.125 1
318.309908   2.522527   0.047590  0.000007  14267.123     2.098547   2.893388  10.074567    -371.564 1
313.503289  -0.655468   0.054499  0.000020  16338.389     5.995849   2.895838  10.083098    1603.158 1
318.648240  -0.615424   0.044761  0.000009  13419.010     2.698132   2.900930  10.100828   -1180.146 1
313.481630  -0.643052   0.054639  0.000016  16380.360     4.796679   2.909241  10.129768    1643.172 1
318.690441  -0.560087   0.060651  0.000015  18182.712     4.496887   2.914252  10.147213    3361.515 1
318.492542   2.312556   0.047603  0.000244  14271.020    73.149360   2.916258  10.154199    -367.849 1
318.600000   2.152444   0.048951  0.000007  14675.141     2.098547   2.923617  10.179824      17.435 1
313.545990  -0.795370   0.046542  0.000014  13952.941     4.197094   2.927116  10.192007    -671.102 1
318.361167   2.523126   0.048594  0.000067  14568.115    20.086095   2.933747  10.215094     -84.602 1
313.443180  -0.624987   0.054229  0.000047  16257.445    14.090246   2.935201  10.220157    1525.986 1
318.370958   2.515528   0.048910  0.000200  14662.849    59.958492   2.936720  10.225447       5.716 1
318.661570  -0.688363   0.056714  0.000022  17002.429     6.595434   2.946474  10.259409    2236.246 1
318.480117  -0.988218   0.056849  0.000007  17042.901     2.098547   2.948572  10.266716    2274.832 1
313.432410  -0.638138   0.053842  0.000021  16141.426     6.295642   2.950755  10.274315    1415.375 1
318.443708   2.446083   0.043660  0.000350  13088.939    99.990000   2.952645  10.280896   -1494.832 1
313.716340  -1.102267   0.053895  0.000012  16157.315     3.597509   2.958346  10.300747    1430.523 1
318.993480   1.111790   0.049000  0.000008  14689.830     2.398340   2.959549  10.304937      31.440 1
318.344458   2.587111   0.046770  0.000230  14021.293    68.952265   2.961037  10.310118    -605.936 1
313.415730  -0.630023   0.054319  0.000017  16284.427     5.096472   2.961977  10.313389    1551.710 1
317.351500  -1.969087   0.055849  0.000150  16743.109    44.968869   2.964000  10.320435    1989.013 1
313.563910  -0.907976   0.055802  0.000022  16729.019     6.595434   2.971129  10.345256    1975.579 1
318.446045   2.476927   0.050570  0.000200  15160.505    59.958492   2.972862  10.351290     480.176 1
318.447583   2.476361   0.050788  0.000053  15225.859    15.889000   2.973757  10.354407     542.484 1
318.408708   2.548083   0.049354  0.000077  14795.957    23.084019   2.986517  10.398835     132.620 1
318.402708   2.558472   0.055720  0.000340  16704.436    99.990000   2.988256  10.404891    1952.142 1
318.437000   2.516667   0.051160  0.000110  15337.382    32.977170   2.989597  10.409559     648.809 1
318.414875   2.548778   0.049830  0.000120  14938.658    35.975095   2.991792  10.417205     268.670 1
313.115724   1.235218   0.055677  0.000024  16691.545     7.195019   2.994771  10.427575    1939.852 1
313.085962   0.360720   0.052223  0.000007  15656.062     2.098547   2.995591  10.430432     952.634 1
313.464076  -0.791952   0.052690  0.000006  15796.065     1.798755   2.996118  10.432265    1086.111 1
318.605542   2.288028   0.046420  0.000270  13916.366    80.943964   2.997988  10.438776    -705.972 1
318.451208   2.519333   0.046899  0.000390  14059.966    99.990000   3.002507  10.454511    -569.065 1
318.517375   2.431250   0.053866  0.000012  16148.621     3.597509   3.003787  10.458970    1422.234 1
313.302280  -0.486480   0.058938  0.000014  17669.168     4.197094   3.004232  10.460520    2871.907 1
313.390500  -0.676709   0.055955  0.000030  16774.887     8.993774   3.005636  10.465406    2019.310 1
318.410708   2.580944   0.056170  0.000480  16839.342    99.990000   3.008523  10.475458    2080.761 1
313.364308  -0.637211   0.056162  0.000016  16836.944     4.796679   3.011194  10.484758    2078.474 1
318.391000   2.609778   0.052090  0.000200  15616.189    59.958492   3.011371  10.485376     914.620 1
313.375346  -0.659789   0.054569  0.000034  16359.375    10.192944   3.011436  10.485601    1623.165 1
313.545270  -0.963537   0.056813  0.000020  17032.109     5.995849   3.017094  10.505303    2264.542 1
318.580625   2.363917   0.051330  0.000330  15388.347    98.931511   3.018050  10.508632     697.398 1
313.118443   0.034273   0.057386  0.000008  17203.890     2.398340   3.018173  10.509061    2428.316 1
318.445238   2.564008   0.048460  0.000057  14527.943    17.088170   3.025082  10.533115    -122.902 1
313.062070   0.304114   0.053670  0.000008  16089.861     2.398340   3.026213  10.537053    1366.214 1
313.308490  -0.570332   0.053239  0.000012  15960.651     3.597509   3.032686  10.559592    1243.026 1
313.364435  -0.685655   0.054250  0.000022  16263.741     6.595434   3.032904  10.560353    1531.989 1
318.578792   2.394583   0.047350  0.000090  14195.173    26.981321   3.033544  10.562582    -440.161 1
313.497230  -0.920378   0.056879  0.000017  17051.895     5.096472   3.034016  10.564224    2283.406 1
313.390260  -0.738674   0.053769  0.000016  16119.541     4.796679   3.034730  10.566709    1394.510 1
317.190750  -2.118306   0.059214  0.000150  17751.911    44.968869   3.035722  10.570164    2950.793 1
318.434958   2.596667   0.047980  0.000150  14384.042    44.968869   3.037279  10.575585    -260.095 1
318.359583   2.694222   0.052723  0.000057  15805.958    17.088170   3.041829  10.591429    1095.543 1
313.139620  -0.149898   0.057316  0.000018  17182.905     5.396264   3.043728  10.598040    2408.309 1
318.709045   2.215077   0.047580  0.000720  14264.125    99.990000   3.049363  10.617661    -374.423 1
318.416625   2.639639   0.048070  0.000130  14411.023    38.973020   3.050127  10.620323    -234.371 1
318.289231  -1.388102   0.044781  0.000150  13425.006    44.968869   3.052501  10.628587   -1174.429 1
313.416960  -0.828761   0.057017  0.000024  17093.267     7.195019   3.055315  10.638385    2322.849 1
313.468528  -0.919264   0.057645  0.000024  17281.536     7.195019   3.057728  10.646789    2502.343 1
318.488042   2.567000   0.048157  0.000057  14437.105    17.088170   3.060729  10.657239    -209.505 1
316.624875  -2.315333   0.046986  0.000183  14086.048    54.862020   3.067320  10.680186    -544.199 1
313.309760  -0.665088   0.054622  0.000007  16375.264     2.098547   3.072444  10.698028    1638.313 1
318.861250  -0.570528   0.043695  0.000008  13099.431     2.398340   3.073447  10.701519   -1484.829 1
313.145340  -0.289001   0.053598  0.000012  16068.276     3.597509   3.080045  10.724493    1345.635 1
318.561417   2.500889   0.050538  0.000093  15150.911    27.880699   3.080074  10.724595     471.029 1
318.597292   2.450667   0.049980  0.000210  14983.627    62.956416   3.080430  10.725833     311.542 1
318.514167   2.566917   0.051040  0.000090  15301.407    26.981321   3.081421  10.729284     614.510 1
317.988417  -1.706139   0.032959  0.000150   9880.860    44.968869   3.081900  10.730953   -4553.379 1
318.457000   2.648389   0.046550  0.000230  13955.339    68.952265   3.086907  10.748387    -668.816 1
313.205415  -0.474035   0.055445  0.000005  16621.993     1.498962   3.088701  10.754634    1873.542 1
318.481154   2.623368   0.048117  0.000047  14425.114    14.090246   3.090042  10.759302    -220.938 1
319.127542   0.305528   0.035120  0.000017  10528.711     5.096472   3.090095  10.759488   -3935.725 1
318.554458   2.530000   0.049950  0.000080  14974.633    23.983397   3.091574  10.764636     302.968 1
318.240450   2.895139   0.048267  0.000087  14470.083    26.081944   3.092150  10.766644    -178.065 1
318.524750   2.575667   0.050632  0.000077  15179.092    23.084019   3.095141  10.777057     497.896 1
318.717680  -0.896248   0.043787  0.000012  13127.012     3.597509   3.097892  10.786637   -1458.533 1
313.264292  -0.642917   0.055899  0.000011  16758.099     3.297717   3.103583  10.806450    2003.304 1
318.364875   2.782778   0.048890  0.000340  14656.853    99.990000   3.104530  10.809747       0.000 1
318.461375   2.676472   0.046050  0.000120  13805.443    35.975095   3.108084  10.822122    -811.725 1
313.390100  -0.888755   0.053848  0.000026  16143.224     7.794604   3.108826  10.824707    1417.090 1
318.624225   2.465778   0.050570  0.000160  15160.505    47.966793   3.111178  10.832896     480.176 1
313.278910  -0.694696   0.053987  0.000015  16184.895     4.496887   3.113261  10.840149    1456.818 1
313.266859  -0.670405   0.054742  0.000031  16411.239     9.293566   3.113270  10.840182    1672.611 1
318.521208   2.613083   0.048847  0.000090  14643.962    26.981321   3.115161  10.846766     -12.290 1
313.256879  -0.654237   0.054336  0.000006  16289.523     1.798755   3.115171  10.846801    1556.569 1
318.501708   2.639028   0.047970  0.000007  14381.044     2.098547   3.115875  10.849252    -262.953 1
313.260320  -0.665232   0.055299  0.000020  16578.223     5.995849   3.116873  10.852727    1831.813 1
318.516875   2.623444   0.046152  0.000057  13836.022    17.088170   3.118124  10.857081    -782.572 1
318.739716   2.305498   0.050350  0.000190  15094.550    56.960567   3.121544  10.868992     417.295 1
318.582458   2.543389   0.048410  0.000190  14512.953    56.960567   3.122070  10.870823    -137.193 1
318.593792   2.532417   0.050670  0.000180  15190.484    53.962642   3.124778  10.880250     508.757 1
318.736939   2.319512   0.051930  0.000770  15568.222    99.990000   3.126400  10.885898     868.889 1
318.577667   2.569722   0.050760  0.000170  15217.465    50.964718   3.133844  10.911820     534.481 1
313.246370  -0.675973   0.055101  0.000016  16518.864     4.796679   3.134120  10.912778    1775.220 1
312.972110   0.144649   0.057345  0.000017  17191.599     5.096472   3.139666  10.932088    2416.598 1
316.547167  -2.402750   0.064815  0.000183  19431.048    54.862020   3.140370  10.934542    4551.664 1
318.718342  -0.977763   0.043985  0.000007  13186.371     2.098547   3.141231  10.937539   -1401.941 1
313.368673  -0.923076   0.053818  0.000021  16134.231     6.295642   3.144836  10.950093    1408.515 1
317.110958  -2.265056   0.056112  0.000021  16821.954     6.295642   3.144942  10.950459    2064.183 1
314.615958  -2.093833   0.052803  0.000183  15829.941    54.862020   3.146057  10.954343    1118.409 1
312.920260   0.896939   0.053536  0.000009  16049.689     2.698132   3.148171  10.961705    1327.914 1
318.623833   2.538083   0.061540  0.000300  18449.228    89.937737   3.152459  10.976634    3615.608 1
313.233370  -0.694956   0.056595  0.000007  16966.754     2.098547   3.154153  10.982534    2202.234 1
318.691075  -1.056119   0.044089  0.000013  13217.550     3.897302   3.161065  11.006598   -1372.216 1
315.324250  -2.374306   0.056566  0.000150  16958.060    44.968869   3.161691  11.008779    2193.945 1
313.570740  -1.249181   0.047445  0.000020  14223.653     5.995849   3.163423  11.014812    -413.008 1
319.182542   0.170333   0.043885  0.000020  13156.392     5.995849   3.164452  11.018393   -1430.523 1
313.551866  -1.227908   0.053909  0.000034  16161.512    10.192944   3.165307  11.021372    1434.524 1
313.006941  -0.134876   0.054161  0.000012  16237.059     3.597509   3.167344  11.028461    1506.551 1
318.606833   2.591056   0.043620  0.000550  13076.947    99.990000   3.169977  11.037632   -1506.265 1
313.563060  -1.252071   0.047475  0.000136  14232.647    40.771774   3.171254  11.042076    -404.434 1
318.644042   2.542167   0.046620  0.000180  13976.324    53.962642   3.171268  11.042127    -648.809 1
318.361958  -1.490194   0.044553  0.000009  13356.653     2.698132   3.175479  11.056789   -1239.596 1
313.303620  -0.879931   0.055782  0.000008  16723.023     2.398340   3.179067  11.069280    1969.863 1
319.233700   0.434577   0.035161  0.000009  10541.003     2.698132   3.182052  11.079677   -3924.006 1
318.557750   2.675778   0.052650  0.000230  15784.073    68.952265   3.182616  11.081637    1074.679 1
318.539792   2.700639   0.049210  0.000150  14752.787    44.968869   3.184119  11.086873      91.462 1
313.310460  -0.904692   0.053529  0.000036  16047.590    10.792528   3.185535  11.091801    1325.913 1
318.587000   2.643528   0.047350  0.000180  14195.173    53.962642   3.185820  11.092795    -440.161 1
318.628375   2.594861   0.049204  0.000047  14750.988    14.090246   3.189550  11.105783      89.747 1
318.611250   2.620861   0.049210  0.000250  14752.787    74.948115   3.191373  11.112131      91.462 1
318.607750   2.627667   0.051899  0.000187  15558.929    56.061190   3.192684  11.116695     860.029 1
318.637410  -1.194346   0.040193  0.000013  12049.558     3.897302   3.196517  11.130040   -2485.766 1
318.633058   2.604482   0.050782  0.000090  15224.061    26.981321   3.199036  11.138813     540.769 1
312.865880   0.534635   0.052831  0.000006  15838.335     1.798755   3.200656  11.144453    1126.412 1
318.471000   2.809694   0.050030  0.000180  14998.617    53.962642   3.201689  11.148051     325.833 1
318.593167   2.664194   0.049691  0.000007  14896.987     2.098547   3.203339  11.153793     228.941 1
318.513954   2.771668   0.048607  0.000007  14572.012     2.098547   3.209445  11.175056     -80.887 1
318.779114   2.409471   0.049870  0.000160  14950.650    47.966793   3.209545  11.175405     280.102 1
313.210398  -0.775496   0.054407  0.000015  16310.808     4.496887   3.210975  11.180383    1576.862 1
318.545458   2.746694   0.047520  0.000180  14246.138    53.962642   3.217626  11.203541    -391.572 1
319.150850  -0.205486   0.048768  0.000009  14620.279     2.698132   3.218134  11.205310     -34.870 1
316.754939   3.843251   0.053991  0.000077  16186.095    23.084019   3.218606  11.206955    1457.962 1
317.261250  -2.288611   0.045795  0.000120  13728.996    35.975095   3.220028  11.211906    -884.609 1
318.794190   2.410802   0.049960  0.000130  14977.631    38.973020   3.223020  11.222324     305.826 1
312.861716   1.092746   0.051913  0.000008  15563.126     2.398340   3.224552  11.227658     864.030 1
318.598725   2.707626   0.049948  0.000007  14974.034     2.098547   3.234508  11.262321     302.396 1
318.827292   2.381694   0.049114  0.000057  14724.007    17.088170   3.235897  11.267159      64.023 1
318.767829   2.486739   0.049940  0.000570  14971.635    99.990000   3.241936  11.288187     300.110 1
319.303920   0.834073   0.034669  0.000007  10393.505     2.098547   3.243950  11.295199   -4064.629 1
318.598333   2.729917   0.044090  0.000120  13217.849    35.975095   3.248084  11.309595   -1371.930 1
319.012760  -0.660197   0.057428  0.000005  17216.481     1.498962   3.248518  11.311106    2440.321 1
318.766937   2.502003   0.051680  0.000220  15493.274    65.954341   3.249631  11.314981     797.434 1
318.714491  -1.179538   0.043334  0.000006  12991.206     1.798755   3.250334  11.317427   -1588.009 1
319.175305  -0.263672   0.048765  0.000009  14619.379     2.698132   3.258339  11.345300     -35.727 1
318.666809   2.660570   0.044280  0.000200  13274.810    59.958492   3.259639  11.349828   -1317.625 1
315.875208  -2.554833   0.058480  0.000150  17531.863    44.968869   3.260216  11.351838    2741.002 1
318.400625   3.003972   0.061052  0.000080  18302.929    23.983397   3.282423  11.429159    3476.128 1
318.998410  -0.774028   0.061423  0.000011  18414.152     3.297717   3.284972  11.438034    3582.167 1
313.283458  -1.057944   0.055520  0.000009  16644.477     2.698132   3.288205  11.449290    1894.978 1
318.832990  -1.074540   0.052038  0.000010  15600.600     2.997925   3.289903  11.455204     899.758 1
313.242520  -0.995404   0.055719  0.000007  16704.136     2.098547   3.290212  11.456280    1951.856 1
313.238110  -0.989198   0.054601  0.000015  16368.968     4.496887   3.290802  11.458335    1632.311 1
313.263340  -1.031610   0.055872  0.000009  16750.004     2.698132   3.291292  11.460039    1995.587 1
318.847565   2.465070   0.045820  0.001020  13736.490    99.990000   3.297105  11.480281    -877.464 1
313.255172  -1.033663   0.055644  0.000007  16681.652     2.098547   3.299318  11.487988    1930.420 1
318.549333   2.870083   0.045902  0.000008  13761.073     2.398340   3.300405  11.491773    -854.027 1
312.803042   1.241861   0.059730  0.000010  17906.604     2.997925   3.303951  11.504119    3098.276 1
318.833069   2.500526   0.048090  0.000660  14417.019    99.990000   3.304058  11.504492    -228.655 1
318.838074   2.501656   0.048210  0.000220  14452.994    65.954341   3.308871  11.521249    -194.357 1
318.638458   2.788222   0.049190  0.000170  14746.791    50.964718   3.315907  11.545749      85.746 1
319.090872  -0.669031   0.061455  0.000026  18423.746     7.794604   3.323238  11.571276    3591.313 1
318.801223  -1.187355   0.060827  0.000042  18235.476    12.591283   3.325897  11.580534    3411.819 1
312.951504  -0.493987   0.054707  0.000024  16400.746     7.195019   3.332035  11.601905    1662.608 1
318.741119   2.683694   0.047890  0.000160  14357.061    47.966793   3.333012  11.605308    -285.819 1
313.173827  -0.977005   0.055631  0.000017  16677.754     5.096472   3.339990  11.629603    1926.704 1
312.979640  -0.595794   0.054158  0.000016  16236.160     4.796679   3.343903  11.643229    1505.693 1
319.091510  -0.730260   0.061039  0.000018  18299.032     5.396264   3.349504  11.662730    3472.412 1
319.403140   0.387631   0.034472  0.000006  10334.446     1.798755   3.354964  11.681742   -4120.935 1
318.837738   2.594978   0.046780  0.000210  14024.291    62.956416   3.360318  11.700385    -603.078 1
313.150100  -0.985848   0.053140  0.000058  15930.971    17.387963   3.364950  11.716514    1214.730 1
319.416577   0.421567   0.034638  0.000007  10384.211     2.098547   3.365365  11.717956   -4073.489 1
318.993333   2.354583   0.061590  0.000110  18464.217    32.977170   3.365434  11.718197    3629.898 1
313.144380  -0.983189   0.054779  0.000023  16422.331     6.895227   3.368572  11.729125    1683.187 1
318.765533   2.719002   0.048350  0.000150  14494.965    44.968869   3.373672  11.746884    -154.342 1
319.063947  -0.845673   0.061436  0.000016  18418.049     4.796679   3.375862  11.754507    3585.882 1
317.816793  -2.193340   0.032959  0.000150   9880.860    44.968869   3.383563  11.781323   -4553.379 1
318.673859   2.855922   0.048260  0.000110  14467.984    32.977170   3.386174  11.790415    -180.066 1
319.265900  -0.408216   0.056977  0.000008  17081.275     2.398340   3.389452  11.801826    2311.416 1
319.255280  -0.442715   0.057905  0.000009  17359.482     2.698132   3.390888  11.806826    2576.656 1
319.342290  -0.182173   0.058109  0.000012  17420.640     3.597509   3.396122  11.825052    2634.963 1
319.458176   0.579976   0.039459  0.000011  11829.511     3.297717   3.397543  11.830000   -2695.557 1
319.135725  -0.753718   0.061692  0.000035  18494.796    10.492736   3.399500  11.836812    3659.052 1
312.783540  -0.213164   0.058573  0.000012  17559.744     3.597509   3.403504  11.850756    2767.583 1
313.441417  -1.473528   0.053240  0.000183  15960.950    54.862020   3.404890  11.855580    1243.312 1
319.143710  -0.751489   0.060428  0.000021  18115.859     6.295642   3.405768  11.858639    3297.777 1
318.862850  -1.240475   0.043525  0.000006  13048.467     1.798755   3.406792  11.862204   -1533.418 1
317.586250  -2.348278   0.055669  0.000150  16689.146    44.968869   3.407854  11.865900    1937.565 1
319.143570  -0.765099   0.061133  0.000018  18327.212     5.396264   3.411465  11.878473    3499.279 1
319.149792  -0.770333   0.060545  0.000015  18150.934     4.496887   3.419332  11.905865    3331.218 1
319.389574  -0.134728   0.057472  0.000007  17229.672     2.098547   3.429948  11.942829    2452.897 1
319.329000  -0.354000   0.057838  0.000333  17339.396    99.830889   3.432105  11.950342    2557.506 1
313.122600  -1.072733   0.054957  0.000041  16475.694    12.291491   3.432827  11.952857    1734.063 1
319.320800  -0.388298   0.058077  0.000006  17411.047     1.798755   3.435015  11.960473    2625.817 1
319.314340  -0.409874   0.057742  0.000025  17310.616     7.494811   3.435798  11.963199    2530.068 1
319.167090  -0.773718   0.059546  0.000013  17851.442     3.897302   3.436406  11.965317    3045.685 1
319.348850  -0.312749   0.057978  0.000011  17381.367     3.297717   3.438625  11.973045    2597.521 1
319.148136  -0.819456   0.059472  0.000036  17829.257    10.792528   3.439255  11.975237    3024.534 1
319.381140  -0.213037   0.057788  0.000031  17324.407     9.293566   3.441709  11.983784    2543.215 1
319.503620   0.570866   0.034978  0.000013  10486.141     3.897302   3.443286  11.989271   -3976.311 1
318.940667   2.591684   0.048610  0.000410  14572.911    99.990000   3.443991  11.991729     -80.029 1
319.204335  -0.713342   0.060503  0.000006  18138.343     1.798755   3.444879  11.994819    3319.213 1
319.291397  -0.507867   0.057958  0.000009  17375.371     2.698132   3.447196  12.002888    2591.805 1
314.908792  -2.548667   0.058954  0.000150  17673.965    44.968869   3.447417  12.003655    2876.480 1
319.298581  -0.489648   0.057831  0.000007  17337.298     2.098547   3.447596  12.004281    2555.506 1
313.002212  -0.894296   0.054927  0.000021  16466.700     6.295642   3.450470  12.014288    1725.488 1
319.507980   0.493397   0.039579  0.000005  11865.486     1.498962   3.451412  12.017567   -2661.259 1
318.918917   2.643417   0.047880  0.000057  14354.063    17.088170   3.454674  12.028924    -288.677 1
319.135710   2.280740   0.048630  0.000300  14578.907    89.937737   3.455713  12.032541     -74.313 1
319.320180  -0.454347   0.058109  0.000010  17420.640     2.997925   3.455924  12.033278    2634.963 1
319.516510   0.562687   0.035303  0.000047  10583.573    14.090246   3.456481  12.035216   -3883.420 1
312.624650   1.071978   0.040848  0.000006  12245.922     1.798755   3.457661  12.039324   -2298.555 1
319.279850  -0.567282   0.057722  0.000008  17304.620     2.398340   3.457716  12.039517    2524.351 1
319.521910   0.509061   0.039740  0.000004  11913.752     1.199170   3.464418  12.062851   -2615.242 1
319.411290  -0.193416   0.057625  0.000065  17275.540    19.486510   3.465676  12.067235    2496.627 1
318.628208   3.030667   0.061460  0.000160  18425.244    47.966793   3.466105  12.068727    3592.742 1
319.526710   0.500457   0.039409  0.000007  11814.521     2.098547   3.469694  12.081224   -2709.848 1
312.603640   0.998559   0.050428  0.000006  15117.934     1.798755   3.471464  12.087388     439.589 1
319.346880  -0.431806   0.043230  0.000013  12960.028     3.897302   3.473691  12.095140   -1617.734 1
319.203830  -0.785200   0.060760  0.000015  18215.390     4.496887   3.474522  12.098033    3392.669 1
319.288940  -0.591312   0.051272  0.000007  15370.959     2.098547   3.475032  12.099810     680.820 1
319.414550  -0.221745   0.057932  0.000024  17367.577     7.195019   3.476230  12.103982    2584.373 1
318.964650   2.628019   0.048000  0.000067  14390.038    20.086095   3.484031  12.131145    -254.379 1
312.969600  -0.916032   0.054757  0.000011  16415.736     3.297717   3.489436  12.149963    1676.899 1
318.937000   2.684611   0.045980  0.000230  13784.457    68.952265   3.492878  12.161949    -831.733 1
319.035190   2.549210   0.048780  0.000300  14623.876    89.937737   3.500735  12.189306     -31.440 1
319.276410  -0.703001   0.060673  0.000006  18189.308     1.798755   3.506578  12.209650    3367.803 1
319.401771  -0.372235   0.051115  0.000005  15323.891     1.498962   3.506958  12.210974     635.947 1
319.577678   0.700315   0.039863  0.000005  11950.627     1.498962   3.514916  12.238682   -2580.086 1
314.924241  -2.647458   0.057403  0.000113  17208.986    33.876548   3.535663  12.310924    2433.175 1
319.557250   0.114111   0.050400  0.000008  15109.540     2.398340   3.543264  12.337389     431.586 1
316.978833  -2.725083   0.049011  0.000150  14693.128    44.968869   3.545523  12.345255      34.584 1
319.120057  -1.098825   0.060734  0.000015  18207.595     4.496887   3.547257  12.351292    3385.238 1
313.006431  -1.106807   0.055819  0.000008  16734.115     2.398340   3.550030  12.360949    1980.438 1
312.868010  -0.849182   0.054621  0.000006  16374.964     1.798755   3.550100  12.361191    1638.027 1
319.594570   0.291609   0.041690  0.000013  12498.348     3.897302   3.555340  12.379435   -2057.895 1
319.036070  -1.259925   0.041606  0.000012  12473.165     3.597509   3.561194  12.399821   -2081.904 1
319.261095  -0.867423   0.052543  0.000005  15751.995     1.498962   3.561783  12.401871    1044.096 1
313.078612  -1.245734   0.056205  0.000023  16849.835     6.895227   3.562041  12.402771    2090.764 1
319.191250   2.416500   0.047170  0.000100  14141.210    29.979246   3.568471  12.425159    -491.608 1
319.612210   0.300880   0.041561  0.000014  12459.674     4.197094   3.571814  12.436799   -2094.766 1
313.898875  -2.145583   0.058094  0.000183  17416.143    54.862020   3.574621  12.446573    2630.676 1
312.833023  -0.847328   0.054569  0.000019  16359.375     5.696057   3.580808  12.468116    1623.165 1
312.482131   0.899585   0.049671  0.000013  14890.991     3.897302   3.585661  12.485011     223.224 1
319.194583   2.450611   0.047970  0.000133  14381.044    39.872397   3.587913  12.492853    -262.953 1
312.973864  -1.129323   0.056399  0.000023  16907.995     6.895227   3.589522  12.498457    2146.213 1
312.831389  -0.883968   0.053605  0.000006  16070.375     1.798755   3.598260  12.528881    1347.636 1
312.820372  -0.863539   0.054329  0.000006  16287.424     1.798755   3.599233  12.532270    1554.568 1
312.962365  -1.132762   0.055432  0.000007  16618.096     2.098547   3.601169  12.539010    1869.826 1
314.449053  -2.524881   0.058460  0.000150  17525.867    44.968869   3.605923  12.555563    2735.286 1
319.317836  -0.865139   0.062281  0.000010  18671.374     2.997925   3.611827  12.576119    3827.399 1
319.473346  -0.499827   0.063875  0.000006  19149.243     1.798755   3.615483  12.588851    4282.994 1
319.662107   0.295109   0.042112  0.000027  12624.860     8.094396   3.622040  12.611681   -1937.280 1
318.742507  -1.748145   0.044471  0.000150  13332.070    44.968869   3.629708  12.638380   -1263.033 1
312.711610  -0.730797   0.057096  0.000014  17116.950     4.197094   3.643346  12.685866    2345.429 1
319.147190   2.645320   0.048120  0.000160  14426.013    47.966793   3.646665  12.697422    -220.080 1
312.415670   0.836888   0.062180  0.000013  18641.095     3.897302   3.649126  12.705994    3798.532 1
312.698153  -0.717362   0.057802  0.000039  17328.604    11.691906   3.650487  12.710732    2547.217 1
319.261960   2.468400   0.049290  0.000300  14776.770    89.937737   3.655442  12.727984     114.328 1
312.752470  -0.908843   0.054792  0.000009  16426.228     2.698132   3.680087  12.813796    1686.902 1
319.738130   0.930100   0.052464  0.000020  15728.312     5.995849   3.682551  12.822378    1021.516 1
317.171917  -2.834389   0.037079  0.000150  11116.005    44.968869   3.704393  12.898429   -3375.806 1
319.774350   0.700261   0.036343  0.000013  10895.357     3.897302   3.711573  12.923429   -3586.168 1
312.353090   0.906896   0.058604  0.000008  17569.037     2.398340   3.714899  12.935010    2776.444 1
319.690056  -0.109366   0.032965  0.000015   9882.658     4.496887   3.716486  12.940537   -4551.664 1
312.352376   0.949672   0.058427  0.000014  17515.974     4.197094   3.718239  12.946640    2725.854 1
312.352998   0.965817   0.058967  0.000010  17677.862     2.997925   3.718738  12.948376    2880.196 1
314.353625  -2.603028   0.047043  0.000183  14103.137    54.862020   3.718846  12.948751    -527.907 1
312.353210   0.970277   0.058500  0.000007  17537.859     2.098547   3.718848  12.948759    2746.718 1
317.718917  -2.634972   0.065228  0.000150  19554.862    44.968869   3.723620  12.965376    4669.707 1
319.454530   2.236950   0.049940  0.000180  14971.635    53.962642   3.723757  12.965852     300.110 1
315.173417  -2.920278   0.057146  0.000150  17131.940    44.968869   3.727836  12.980056    2359.720 1
319.202910   2.712480   0.046630  0.000180  13979.322    53.962642   3.729716  12.986600    -645.950 1
319.442917   2.368833   0.047796  0.000012  14328.880     3.597509   3.769684  13.125767    -312.686 1
319.466250  -0.947778   0.061529  0.000007  18445.930     2.098547   3.781396  13.166548    3612.464 1
319.262940   2.718660   0.047810  0.000180  14333.077    53.962642   3.783685  13.174519    -308.684 1
319.617320  -0.610640   0.051213  0.000014  15353.271     4.197094   3.788487  13.191239     663.957 1
319.851230   0.566477   0.037859  0.000005  11349.843     1.498962   3.790800  13.199290   -3152.867 1
319.475860  -0.956913   0.061280  0.000005  18371.282     1.498962   3.794028  13.210531    3541.295 1
312.281190   1.144057   0.049628  0.000009  14878.100     2.698132   3.807014  13.255748     210.934 1
312.596722  -0.884672   0.054804  0.000009  16429.826     2.698132   3.810644  13.268388    1690.332 1
319.695070  -0.457035   0.035372  0.000008  10604.259     2.398340   3.812129  13.273556   -3863.698 1
319.794861  -0.092407   0.050546  0.000016  15153.310     4.796679   3.815278  13.284523     473.316 1
315.206766  -3.026030   0.049244  0.000150  14762.980    44.968869   3.823019  13.311474     101.180 1
319.707520  -0.469985   0.063732  0.000010  19106.373     2.997925   3.827931  13.328578    4242.122 1
319.896083   0.534694   0.033891  0.000006  10160.266     1.798755   3.836860  13.359667   -4286.996 1
312.256693   1.193877   0.048976  0.000007  14682.635     2.098547   3.837437  13.361677      24.580 1
319.901832   0.704235   0.034684  0.000012  10398.002     3.597509   3.839048  13.367287   -4060.342 1
319.270500   2.816222   0.049144  0.000007  14733.001     2.098547   3.842932  13.380810      72.598 1
319.528125   2.362444   0.048610  0.000090  14572.911    26.981321   3.843499  13.382785     -80.029 1
319.908720   0.702379   0.034270  0.000017  10273.888     5.096472   3.845934  13.391263   -4178.671 1
319.917470   0.617321   0.035241  0.000011  10564.986     3.297717   3.855569  13.424812   -3901.141 1
312.544560  -0.879349   0.056750  0.000006  17013.222     1.798755   3.855956  13.426161    2246.536 1
312.218170   1.115880   0.054454  0.000009  16324.899     2.698132   3.866474  13.462784    1590.296 1
319.628730  -0.831928   0.057633  0.000007  17277.939     2.098547   3.881095  13.513694    2498.914 1
319.944180   0.674805   0.033690  0.000050  10100.008    14.989623   3.881472  13.515005   -4344.445 1
319.950708   0.672722   0.034313  0.000030  10286.779     8.993774   3.888014  13.537782   -4166.380 1
319.951040   0.612746   0.042556  0.000017  12757.968     5.096472   3.889229  13.542013   -1810.376 1
319.292250  -1.467361   0.060232  0.000183  18057.099    54.862020   3.889368  13.542497    3241.757 1
312.243510  -0.042269   0.054499  0.000009  16338.389     2.698132   3.890176  13.545312    1603.158 1
312.626059  -1.132117   0.057716  0.000008  17302.822     2.398340   3.894100  13.558976    2522.637 1
319.648440  -0.823509   0.061469  0.000006  18427.943     1.798755   3.895911  13.565282    3595.314 1
316.170375  -3.195556   0.058907  0.000150  17659.874    44.968869   3.897049  13.569243    2863.047 1
319.919756   0.120936   0.033224  0.000014   9960.305     4.197094   3.900195  13.580196   -4477.637 1
319.565543  -1.049561   0.052851  0.000005  15844.331     1.498962   3.915411  13.633178    1132.128 1
312.484968  -0.901415   0.054801  0.000009  16428.926     2.698132   3.919356  13.646916    1689.475 1
312.138280   0.841107   0.055108  0.000006  16520.963     1.798755   3.926463  13.671662    1777.221 1
319.990756   0.700297   0.034797  0.000030  10431.878     8.993774   3.927963  13.676883   -4028.044 1
319.992947   0.875975   0.033754  0.000004  10119.195     1.199170   3.934091  13.698222   -4326.153 1
312.117714   1.076089   0.049506  0.000010  14841.525     2.997925   3.962380  13.796721     176.064 1
319.863970  -0.441794   0.051303  0.000010  15380.252     2.997925   3.968968  13.819661     689.681 1
312.144696   0.059990   0.054232  0.000018  16258.345     5.396264   3.969447  13.821328    1526.844 1
319.864650  -0.441536   0.051379  0.000011  15403.037     3.297717   3.969545  13.821670     711.403 1
312.109850   1.080615   0.049809  0.000006  14932.363     1.798755   3.970639  13.825480     262.667 1
319.870680  -0.443292   0.050621  0.000005  15175.794     1.498962   3.975825  13.843536     494.752 1
319.656440  -1.055337   0.061332  0.000013  18386.871     3.897302   3.999461  13.925832    3556.157 1
319.642833   2.499167   0.046278  0.000012  13873.795     3.597509   4.006728  13.951139    -746.559 1
312.403661  -0.935792   0.054835  0.000006  16439.119     1.798755   4.007608  13.954200    1699.193 1
319.655338  -1.093850   0.061295  0.000023  18375.779     6.895227   4.015527  13.981774    3545.582 1
312.328682  -0.792522   0.054811  0.000008  16431.924     2.398340   4.020813  14.000180    1692.333 1
319.682268  -1.075806   0.060573  0.000010  18159.329     2.997925   4.031656  14.037935    3339.221 1
319.650722  -1.142188   0.061388  0.000025  18403.659     7.494811   4.033246  14.043470    3572.163 1
319.849640  -0.710075   0.032216  0.000005   9658.114     1.498962   4.040866  14.070004   -4765.742 1
320.100930   0.550010   0.034692  0.000011  10400.400     3.297717   4.040913  14.070168   -4058.055 1
320.095400   1.054247   0.036158  0.000015  10839.896     4.496887   4.048129  14.095291   -3639.045 1
320.044650  -0.031034   0.061490  0.000011  18434.238     3.297717   4.048402  14.096245    3601.317 1
312.013761   0.900669   0.059199  0.000009  17747.414     2.698132   4.053407  14.113670    2946.506 1
313.087210   3.467673   0.048237  0.000087  14461.089    26.081944   4.063378  14.148389    -186.640 1
312.769208  -1.698222   0.056943  0.000150  17071.082    44.968869   4.073772  14.184581    2301.699 1
319.171417  -1.951222   0.035398  0.000183  10612.053    54.862020   4.085695  14.226093   -3856.267 1
320.152542   0.597333   0.062134  0.000006  18627.305     1.798755   4.091025  14.244654    3785.384 1
312.004820   0.157186   0.058721  0.000013  17604.113     3.897302   4.093526  14.253362    2809.884 1
