z radius
0.02000 10.17
0.02010 10.215
0.02020 10.17
0.02030 10.125
0.02040 10.08
0.02050 9.93
0.02060 9.975
0.02070 9.84
0.02080 9.885
0.02090 9.84
0.02100 9.69
0.02110 9.75
0.02120 9.615
0.02130 9.57
0.02140 9.525
0.02150 9.48
0.02160 9.525
0.02170 9.48
0.02180 9.45
0.02190 9.405
0.02200 9.27
0.02210 9.225
0.02220 9.195
0.02230 9.15
0.02240 9.195
0.02250 9.165
0.02260 9.12
0.02270 9.075
0.02280 8.955
0.02290 8.91
0.02300 8.88
0.02310 8.925
0.02320 8.895
0.02330 8.85
0.02340 8.82
0.02350 8.685
0.02360 8.655
0.02370 8.625
0.02380 8.595
0.02390 8.64
0.02400 8.61
0.02410 8.565
0.02420 8.535
0.02430 8.415
0.02440 8.385
0.02450 8.355
0.02460 8.325
0.02470 8.37
0.02480 8.325
0.02490 8.295
0.02500 8.265
0.02510 8.16
0.02520 8.13
0.02530 8.1
0.02540 8.07
0.02550 8.115
0.02560 8.085
0.02570 8.055
0.02580 7.935
0.02590 7.905
0.02600 7.89
0.02610 7.845
0.02620 7.905
0.02630 7.875
0.02640 7.845
0.02650 7.815
0.02660 7.71
0.02670 7.68
0.02680 7.65
0.02690 7.62
0.02700 7.68
0.02710 7.65
0.02720 7.62
0.02730 7.59
0.02740 7.485
0.02750 7.47
0.02760 7.44
0.02770 7.41
0.02780 7.455
0.02790 7.44
0.02800 7.41
0.02810 7.38
0.02820 7.29
0.02830 7.26
0.02840 7.23
0.02850 7.215
0.02860 7.26
0.02870 7.23
0.02880 7.215
0.02890 7.11
0.02900 7.095
0.02910 7.065
0.02920 7.05
0.02930 7.095
0.02940 7.065
0.02950 7.05
0.02960 7.02
0.02970 6.93
0.02980 6.915
0.02990 6.885
0.03000 6.87
0.03010 6.915
0.03020 6.885
0.03030 6.87
0.03040 6.84
0.03050 6.75
0.03060 6.735
0.03070 6.72
0.03080 6.765
0.03090 6.735
0.03100 6.72
0.03110 6.69
0.03120 6.615
0.03130 6.585
0.03140 6.57
0.03150 6.555
0.03160 6.525
0.03170 6.57
0.03180 6.555
0.03190 6.54
0.03200 6.51
0.03210 6.435
0.03220 6.405
0.03230 6.39
0.03240 6.375
0.03250 6.42
0.03260 6.405
0.03270 6.375
0.03280 6.36
0.03290 6.285
0.03300 6.27
0.03310 6.24
0.03320 6.225
0.03330 6.27
0.03340 6.255
0.03350 6.24
0.03360 6.21
0.03370 6.135
0.03380 6.12
0.03390 6.105
0.03400 6.09
0.03410 6.075
0.03420 6.105
0.03430 6.09
0.03440 6.075
0.03450 6.06
0.03460 5.985
0.03470 5.97
0.03480 5.955
0.03490 5.94
0.03500 5.925
0.03510 5.955
0.03520 5.94
0.03530 5.925
0.03540 5.85
0.03550 5.835
0.03560 5.82
0.03570 5.865
0.03580 5.85
0.03590 5.835
0.03600 5.82
0.03610 5.805
0.03620 5.73
0.03630 5.715
0.03640 5.7
0.03650 5.685
0.03660 5.73
0.03670 5.715
0.03680 5.7
0.03690 5.685
0.03700 5.67
0.03710 5.595
0.03720 5.58
0.03730 5.625
0.03740 5.55
0.03750 5.535
0.03760 5.58
0.03770 5.505
0.03780 5.55
0.03790 5.49
0.03800 5.52
0.03810 5.46
0.03820 5.49
0.03830 5.49
0.03840 5.415
0.03850 5.46
0.03860 5.445
0.03870 5.37
0.03880 5.37
0.03890 5.355
0.03900 5.34
0.03910 5.325
0.03920 5.37
0.03930 5.295
0.03940 5.34
0.03950 5.325
0.03960 5.265
0.03970 5.25
0.03980 5.28
0.03990 5.22
0.04000 5.205
0.04010 5.25
0.04020 5.19
0.04030 5.22
0.04040 5.16
0.04050 5.205
0.04060 5.13
0.04070 5.175
0.04080 5.16
0.04090 5.1
0.04100 5.145
0.04110 5.07
0.04120 5.07
0.04130 5.055
0.04140 5.085
0.04150 5.025
0.04160 5.07
0.04170 5.055
0.04180 4.995
0.04190 5.04
0.04200 5.025
0.04210 5.01
0.04220 4.95
0.04230 4.995
0.04240 4.935
0.04250 4.92
0.04260 4.95
0.04270 4.89
0.04280 4.935
0.04290 4.875
0.04300 4.905
0.04310 4.86
0.04320 4.89
0.04330 4.875
0.04340 4.815
0.04350 4.86
0.04360 4.8
0.04370 4.785
0.04380 4.785
0.04390 4.815
0.04400 4.755
0.04410 4.755
0.04420 4.785
0.04430 4.725
0.04440 4.77
0.04450 4.755
0.04460 4.74
0.04470 4.695
0.04480 4.725
0.04490 4.665
0.04500 4.665
0.04510 4.695
0.04520 4.635
0.04530 4.68
0.04540 4.62
0.04550 4.65
0.04560 4.605
0.04570 4.635
0.04580 4.62
0.04590 4.575
0.04600 4.605
0.04610 4.56
0.04620 4.545
0.04630 4.53
0.04640 4.575
0.04650 4.515
0.04660 4.545
0.04670 4.545
0.04680 4.485
0.04690 4.53
0.04700 4.47
0.04710 4.5
0.04720 4.455
0.04730 4.485
0.04740 4.44
0.04750 4.425
0.04760 4.455
0.04770 4.41
0.04780 4.44
0.04790 4.395
0.04800 4.425
0.04810 4.38
0.04820 4.41
0.04830 4.395
0.04840 4.35
0.04850 4.38
0.04860 4.335
0.04870 4.365
0.04880 4.32
0.04890 4.35
0.04900 4.305
0.04910 4.29
0.04920 4.32
0.04930 4.275
0.04940 4.305
0.04950 4.26
0.04960 4.29
0.04970 4.245
0.04980 4.275
0.04990 4.23
0.05000 4.215
0.05010 4.245
0.05020 4.2
0.05030 4.23
0.05040 4.185
0.05050 4.215
0.05060 4.17
0.05070 4.2
0.05080 4.2
0.05090 4.155
0.05100 4.185
0.05110 4.125
0.05120 4.17
0.05130 4.11
0.05140 4.155
0.05150 4.095
0.05160 4.14
0.05170 4.125
0.05180 4.08
0.05190 4.11
0.05200 4.065
0.05210 4.095
0.05220 4.05
0.05230 4.08
0.05240 4.035
0.05250 4.035
0.05260 4.065
0.05270 4.02
0.05280 4.05
0.05290 4.005
0.05300 4.035
0.05310 3.99
0.05320 4.02
0.05330 4.005
0.05340 3.96
0.05350 3.99
0.05360 3.945
0.05370 3.99
0.05380 3.93
0.05390 3.975
0.05400 3.93
0.05410 3.915
0.05420 3.945
0.05430 3.9
0.05440 3.93
0.05450 3.885
0.05460 3.915
0.05470 3.87
0.05480 3.915
0.05490 3.87
0.05500 3.855
0.05510 3.885
0.05520 3.84
0.05530 3.87
0.05540 3.825
0.05550 3.855
0.05560 3.825
0.05570 3.855
0.05580 3.84
0.05590 3.795
0.05600 3.825
0.05610 3.78
0.05620 3.81
0.05630 3.78
0.05640 3.81
0.05650 3.765
0.05660 3.795
0.05670 3.78
0.05680 3.75
0.05690 3.78
0.05700 3.735
0.05710 3.765
0.05720 3.72
0.05730 3.75
0.05740 3.705
0.05750 3.705
0.05760 3.735
0.05770 3.69
0.05780 3.72
0.05790 3.675
0.05800 3.705
0.05810 3.66
0.05820 3.69
0.05830 3.69
0.05840 3.645
0.05850 3.675
0.05860 3.63
0.05870 3.66
0.05880 3.63
0.05890 3.66
0.05900 3.615
0.05910 3.6
0.05920 3.63
0.05930 3.6
0.05940 3.63
0.05950 3.585
0.05960 3.615
0.05970 3.57
0.05980 3.6
0.05990 3.555
0.06000 3.555
0.06010 3.585
0.06020 3.54
0.06030 3.57
0.06040 3.54
0.06050 3.57
0.06060 3.525
0.06070 3.555
0.06080 3.54
0.06090 3.51
0.06100 3.54
0.06110 3.495
0.06120 3.525
0.06130 3.48
0.06140 3.51
0.06150 3.48
0.06160 3.51
0.06170 3.495
0.06180 3.465
0.06190 3.495
0.06200 3.45
0.06210 3.48
0.06220 3.435
0.06230 3.465
0.06240 3.435
0.06250 3.42
0.06260 3.45
0.06270 3.42
0.06280 3.45
0.06290 3.405
0.06300 3.435
0.06310 3.39
0.06320 3.42
0.06330 3.42
0.06340 3.375
0.06350 3.405
0.06360 3.375
0.06370 3.39
0.06380 3.36
0.06390 3.39
0.06400 3.345
0.06410 3.345
0.06420 3.375
0.06430 3.33
0.06440 3.36
0.06450 3.33
0.06460 3.36
0.06470 3.315
0.06480 3.345
0.06490 3.345
0.06500 3.3
0.06510 3.33
0.06520 3.3
0.06530 3.315
0.06540 3.285
0.06550 3.315
0.06560 3.27
0.06570 3.3
0.06580 3.27
0.06590 3.255
0.06600 3.285
0.06610 3.255
0.06620 3.285
0.06630 3.24
0.06640 3.27
0.06650 3.27
0.06660 3.255
0.06670 3.255
0.06680 3.225
0.06690 3.24
0.06700 3.21
0.06710 3.24
0.06720 3.195
0.06730 3.225
0.06740 3.225
0.06750 3.195
0.06760 3.21
0.06770 3.18
0.06780 3.21
0.06790 3.165
0.06800 3.195
0.06810 3.165
0.06820 3.195
0.06830 3.15
0.06840 3.15
0.06850 3.18
0.06860 3.135
0.06870 3.165
0.06880 3.135
0.06890 3.165
0.06900 3.12
0.06910 3.12
0.06920 3.12
0.06930 3.12
0.06940 3.135
0.06950 3.105
0.06960 3.135
0.06970 3.12
0.06980 3.12
0.06990 3.12
0.07000 3.09
0.07010 3.075
0.07020 3.075
0.07030 3.105
0.07040 3.075
0.07050 3.09
0.07060 3.09
0.07070 3.09
0.07080 3.045
0.07090 3.045
0.07100 3.045
0.07110 3.045
0.07120 3.06
0.07130 3.03
0.07140 3.06
0.07150 3.06
0.07160 3.045
0.07170 3.045
0.07180 3.015
0.07190 3.045
0.07200 3.03
0.07210 3.03
0.07220 3
0.07230 3.03
0.07240 3.015
0.07250 2.985
0.07260 3.015
0.07270 2.985
0.07280 3
0.07290 2.97
0.07300 3
0.07310 2.97
0.07320 2.985
0.07330 2.955
0.07340 2.955
0.07350 2.985
0.07360 2.94
0.07370 2.94
0.07380 2.97
0.07390 2.97
0.07400 2.925
0.07410 2.925
0.07420 2.925
0.07430 2.925
0.07440 2.94
0.07450 2.91
0.07460 2.91
0.07470 2.94
0.07480 2.925
0.07490 2.925
0.07500 2.895
0.07510 2.895
0.07520 2.895
0.07530 2.91
0.07540 2.88
0.07550 2.91
0.07560 2.91
0.07570 2.895
0.07580 2.865
0.07590 2.865
0.07600 2.865
0.07610 2.88
0.07620 2.88
0.07630 2.85
0.07640 2.88
0.07650 2.865
0.07660 2.865
0.07670 2.865
0.07680 2.835
0.07690 2.835
0.07700 2.85
0.07710 2.85
0.07720 2.82
0.07730 2.85
0.07740 2.835
0.07750 2.805
0.07760 2.835
0.07770 2.805
0.07780 2.805
0.07790 2.82
0.07800 2.82
0.07810 2.79
0.07820 2.82
0.07830 2.79
0.07840 2.775
0.07850 2.805
0.07860 2.775
0.07870 2.775
0.07880 2.79
0.07890 2.79
0.07900 2.76
0.07910 2.76
0.07920 2.76
0.07930 2.775
0.07940 2.775
0.07950 2.745
0.07960 2.745
0.07970 2.76
0.07980 2.76
0.07990 2.76
0.08000 2.73
0.08010 2.73
0.08020 2.745
0.08030 2.745
0.08040 2.715
0.08050 2.715
0.08060 2.745
0.08070 2.73
0.08080 2.7
0.08090 2.7
0.08100 2.7
0.08110 2.73
0.08120 2.715
0.08130 2.685
0.08140 2.685
0.08150 2.715
0.08160 2.715
0.08170 2.7
0.08180 2.67
0.08190 2.67
0.08200 2.7
0.08210 2.7
0.08220 2.67
0.08230 2.685
0.08240 2.685
0.08250 2.655
0.08260 2.685
0.08270 2.655
0.08280 2.64
0.08290 2.67
0.08300 2.67
0.08310 2.64
0.08320 2.655
0.08330 2.625
0.08340 2.655
0.08350 2.655
0.08360 2.625
0.08370 2.625
0.08380 2.64
0.08390 2.64
0.08400 2.61
0.08410 2.61
0.08420 2.61
0.08430 2.625
0.08440 2.625
0.08450 2.595
0.08460 2.595
0.08470 2.625
0.08480 2.61
0.08490 2.61
0.08500 2.58
0.08510 2.58
0.08520 2.61
0.08530 2.595
0.08540 2.58
0.08550 2.565
0.08560 2.595
0.08570 2.595
0.08580 2.565
0.08590 2.565
0.08600 2.565
0.08610 2.58
0.08620 2.58
0.08630 2.55
0.08640 2.55
0.08650 2.565
0.08660 2.565
0.08670 2.565
0.08680 2.535
0.08690 2.535
0.08700 2.55
0.08710 2.55
0.08720 2.52
0.08730 2.52
0.08740 2.55
0.08750 2.52
0.08760 2.535
0.08770 2.52
0.08780 2.505
0.08790 2.535
0.08800 2.535
0.08810 2.505
0.08820 2.52
0.08830 2.505
0.08840 2.52
0.08850 2.52
0.08860 2.49
0.08870 2.49
0.08880 2.505
0.08890 2.505
0.08900 2.475
0.08910 2.475
0.08920 2.475
0.08930 2.49
0.08940 2.49
0.08950 2.475
0.08960 2.46
0.08970 2.49
0.08980 2.49
0.08990 2.475
0.09000 2.46
0.09010 2.46
0.09020 2.475
0.09030 2.475
0.09040 2.445
0.09050 2.445
0.09060 2.46
0.09070 2.46
0.09080 2.43
0.09090 2.43
0.09100 2.43
0.09110 2.445
0.09120 2.445
0.09130 2.43
0.09140 2.415
0.09150 2.445
0.09160 2.445
0.09170 2.445
0.09180 2.415
0.09190 2.415
0.09200 2.43
0.09210 2.43
0.09220 2.4
0.09230 2.4
0.09240 2.415
0.09250 2.415
0.09260 2.415
0.09270 2.385
0.09280 2.385
0.09290 2.415
0.09300 2.415
0.09310 2.385
0.09320 2.385
0.09330 2.37
0.09340 2.4
0.09350 2.4
0.09360 2.37
0.09370 2.37
0.09380 2.385
0.09390 2.385
0.09400 2.355
0.09410 2.355
0.09420 2.355
0.09430 2.385
0.09440 2.37
0.09450 2.355
0.09460 2.355
0.09470 2.37
0.09480 2.37
0.09490 2.37
0.09500 2.34
0.09510 2.34
0.09520 2.355
0.09530 2.355
0.09540 2.325
0.09550 2.325
0.09560 2.355
0.09570 2.34
0.09580 2.325
0.09590 2.325
0.09600 2.325
0.09610 2.34
0.09620 2.34
0.09630 2.31
0.09640 2.31
0.09650 2.325
0.09660 2.325
0.09670 2.325
0.09680 2.295
0.09690 2.295
0.09700 2.325
0.09710 2.31
0.09720 2.295
0.09730 2.295
0.09740 2.31
0.09750 2.31
0.09760 2.31
0.09770 2.28
0.09780 2.28
0.09790 2.295
0.09800 2.295
0.09810 2.28
0.09820 2.265
0.09830 2.265
0.09840 2.295
0.09850 2.295
0.09860 2.265
0.09870 2.265
0.09880 2.28
0.09890 2.28
0.09900 2.25
0.09910 2.25
0.09920 2.25
0.09930 2.265
0.09940 2.265
0.09950 2.25
0.09960 2.25
0.09970 2.265
0.09980 2.265
0.09990 2.265
0.10000 2.235
