316.832670 -25.421750   0.036855  0.000220  11048.851    65.954341   0.032735   0.089104    -359.543 0
316.817840 -25.468890   0.036845  0.000028  11045.853     8.394189   0.034281   0.093312    -362.431 0
316.841830 -25.455715   0.037986  0.000039  11387.916    11.691906   0.040685   0.110743     -32.922 0
316.852840 -25.432594   0.039007  0.000070  11694.004    20.985472   0.046917   0.127706     261.932 0
316.856870 -25.428556   0.038417  0.000070  11517.127    20.985472   0.051128   0.139168      91.546 0
316.852230 -25.412739   0.040405  0.000180  12113.114    53.962642   0.052549   0.143037     665.660 0
316.834260 -25.487620   0.034647  0.000077  10386.909    23.084019   0.057839   0.157436    -997.190 0
316.837500 -25.487825   0.043003  0.000093  12891.975    27.880699   0.059572   0.162151    1415.935 0
316.820900 -25.376247   0.040078  0.000170  12015.082    50.964718   0.064312   0.175055     571.226 0
316.733340 -25.412842   0.037773  0.000150  11324.061    44.968869   0.066300   0.180467     -94.434 0
316.846950 -25.383400   0.043637  0.000160  13082.043    47.966793   0.068495   0.186442    1599.028 0
316.803000 -25.511000   0.036282  0.000333  10877.070    99.830889   0.072957   0.198587    -525.019 0
316.889500 -25.462856   0.039317  0.000180  11786.940    53.962642   0.083471   0.227205     351.457 0
316.866400 -25.497744   0.043707  0.000117  13103.029    35.075718   0.083813   0.228136    1619.243 0
316.867950 -25.374592   0.038407  0.000150  11514.129    44.968869   0.087506   0.238189      88.658 0
316.902950 -25.418007   0.037960  0.000150  11380.122    44.968869   0.094013   0.255899     -40.431 0
316.781830 -25.539274   0.037339  0.000150  11193.951    44.968869   0.102721   0.279601    -219.769 0
316.726260 -25.353378   0.040795  0.000170  12230.033    50.964718   0.108424   0.295126     778.288 0
316.736720 -25.534430   0.034277  0.000187  10275.986    56.061190   0.112614   0.306532   -1104.043 0
316.777600 -25.551317   0.036886  0.000200  11058.145    59.958492   0.115251   0.313710    -350.591 0
316.881130 -25.531376   0.037833  0.000150  11342.048    44.968869   0.117952   0.321062     -77.107 0
316.666840 -25.465683   0.037686  0.000023  11297.979     6.895227   0.124474   0.338813    -119.559 0
316.787780 -25.567740   0.037046  0.000150  11106.111    44.968869   0.130248   0.354531    -304.384 0
316.847750 -25.571417   0.042496  0.000023  12739.980     6.895227   0.139815   0.380570    1269.519 0
316.952940 -25.404516   0.035488  0.000133  10639.035    39.872397   0.141040   0.383905    -754.318 0
316.695040 -25.551628   0.042343  0.000133  12694.112    39.872397   0.148645   0.404605    1225.334 0
316.857000 -25.578787   0.038276  0.000200  11474.856    59.958492   0.149464   0.406837      50.827 0
316.775970 -25.586096   0.036202  0.000150  10853.087    44.968869   0.149785   0.407708    -548.123 0
316.821660 -25.276896   0.038040  0.000193  11404.105    57.859944   0.162216   0.441545     -17.327 0
316.638850 -25.515074   0.038567  0.000200  11562.096    59.958492   0.165639   0.450863     134.865 0
316.740480 -25.602340   0.038767  0.000200  11622.054    59.958492   0.173201   0.471446     192.623 0
316.753970 -25.613024   0.037276  0.000170  11175.064    50.964718   0.180096   0.490215    -237.963 0
316.796540 -25.252956   0.038700  0.000033  11601.968     9.893151   0.185153   0.503979     173.274 0
316.663600 -25.293222   0.037886  0.000290  11357.937    86.939813   0.190860   0.519513     -61.801 0
316.633667 -25.555250   0.036232  0.000103  10862.080    30.878623   0.191398   0.520979    -539.459 0
316.947850 -25.296028   0.036515  0.000200  10946.922    59.958492   0.194170   0.528522    -457.731 0
316.836820 -25.630630   0.040708  0.000023  12203.951     6.895227   0.195232   0.531414     753.163 0
316.607240 -25.541328   0.036525  0.000190  10949.920    56.960567   0.203363   0.553546    -454.844 0
316.884800 -25.643084   0.040948  0.000014  12275.902     4.197094   0.218469   0.594666     822.473 0
317.057070 -25.428616   0.035271  0.000193  10573.980    57.859944   0.231220   0.629373    -816.986 0
316.948330 -25.630833   0.039874  0.000137  11953.924    41.071567   0.234105   0.637225     512.313 0
316.871000 -25.212307   0.035414  0.000240  10616.850    71.950190   0.234378   0.637968    -775.689 0
316.985100 -25.610210   0.039334  0.000103  11792.037    30.878623   0.239172   0.651017     356.366 0
316.570130 -25.570356   0.035595  0.000150  10671.113    44.968869   0.247102   0.672603    -723.418 0
316.531000 -25.520361   0.037266  0.000120  11172.066    35.975095   0.257544   0.701026    -240.851 0
316.530760 -25.349068   0.036952  0.000083  11077.931    24.882774   0.259964   0.707611    -331.530 0
316.981840 -25.652720   0.039294  0.000087  11780.045    26.081944   0.269588   0.733808     344.815 0
317.096160 -25.390010   0.036642  0.000083  10984.995    24.882774   0.270627   0.736637    -421.055 0
316.625150 -25.675503   0.037002  0.000150  11092.921    44.968869   0.285773   0.777862    -317.091 0
316.504900 -25.326681   0.039257  0.000180  11768.953    53.962642   0.289863   0.788995     334.130 0
317.125700 -25.423550   0.037056  0.000190  11109.109    56.960567   0.293363   0.798522    -301.496 0
316.790530 -25.731857   0.040285  0.000200  12077.139    59.958492   0.293956   0.800138     631.005 0
316.993740 -25.192848   0.037606  0.000103  11273.995    30.878623   0.300580   0.818167    -142.662 0
316.961800 -25.703596   0.038597  0.000190  11571.090    56.960567   0.302543   0.823512     143.528 0
317.083280 -25.634031   0.039327  0.000250  11789.938    74.948115   0.321364   0.874741     354.345 0
316.452900 -25.356941   0.040018  0.000150  11997.095    44.968869   0.324859   0.884255     553.898 0
316.675750 -25.125338   0.036125  0.000240  10830.003    71.950190   0.332622   0.905384    -570.359 0
316.609620 -25.153920   0.038286  0.000280  11477.854    83.941888   0.332685   0.905556      53.715 0
316.550750 -25.178652   0.039227  0.000220  11759.959    65.954341   0.344182   0.936850     325.466 0
317.126530 -25.246960   0.036922  0.000107  11068.937    32.077793   0.350443   0.953892    -340.194 0
316.437470 -25.241220   0.038363  0.000150  11500.938    44.968869   0.382962   1.042408      75.952 0
317.142820 -25.209152   0.036912  0.000103  11065.939    30.878623   0.384121   1.045563    -343.082 0
316.432950 -25.237830   0.039544  0.000150  11854.993    44.968869   0.388207   1.056684     417.012 0
316.782230 -25.042393   0.037109  0.000113  11124.998    33.876548   0.396039   1.078004    -286.190 0
317.213380 -25.587220   0.047896  0.000103  14358.860    30.878623   0.400960   1.091398    2828.983 1
317.224060 -25.591130   0.047866  0.000180  14349.866    53.962642   0.411367   1.119725    2820.319 1
317.249080 -25.545647   0.048027  0.000120  14398.132    35.975095   0.418488   1.139108    2866.814 1
316.607970 -25.053028   0.038213  0.000103  11455.969    30.878623   0.422743   1.150689      32.633 0
316.339200 -25.568745   0.037473  0.000023  11234.123     6.895227   0.437232   1.190130    -181.071 0
317.269000 -25.569262   0.029994  0.000133   8991.975    39.872397   0.442318   1.203972   -2340.928 1
316.333160 -25.582342   0.037186  0.000260  11148.082    77.946039   0.446646   1.215753    -263.954 0
317.279400 -25.556446   0.029330  0.000030   8792.913     8.993774   0.447737   1.218724   -2532.685 1
316.421570 -25.729147   0.038467  0.000250  11532.116    74.948115   0.449761   1.224234     105.986 0
316.565900 -25.031496   0.038607  0.000133  11574.087    39.872397   0.458760   1.248727     146.416 0
316.307680 -25.551027   0.037423  0.000150  11219.133    44.968869   0.459803   1.251565    -195.511 0
316.873260 -24.974527   0.036135  0.000330  10833.000    98.931511   0.468073   1.274078    -567.472 0
316.617100 -24.991282   0.022185  0.000267   6650.896    80.044586   0.476720   1.297614   -4596.086 1
317.317840 -25.560964   0.029607  0.000023   8875.955     6.895227   0.482434   1.313166   -2452.690 1
317.269680 -25.672497   0.048624  0.000120  14577.108    35.975095   0.483643   1.316458    3039.221 1
316.610440 -24.962149   0.036315  0.000250  10886.963    74.948115   0.506142   1.377698    -515.489 0
316.616800 -24.952360   0.036235  0.000150  10862.980    44.968869   0.513465   1.397632    -538.593 0
316.304930 -25.168077   0.039511  0.000150  11845.100    44.968869   0.523228   1.424207     407.482 0
317.004700 -24.944815   0.038256  0.000150  11468.860    44.968869   0.526354   1.432717      45.051 0
316.216370 -25.515375   0.040605  0.000220  12173.073    65.954341   0.533796   1.452972     723.418 0
316.565600 -24.932598   0.046726  0.000250  14008.102    74.948115   0.548428   1.492801    2491.099 1
316.675380 -24.899496   0.038680  0.000133  11595.972    39.872397   0.550426   1.498240     167.498 0
317.101700 -25.981224   0.038113  0.000150  11425.990    44.968869   0.607163   1.652676       3.754 0
317.474120 -25.244097   0.038233  0.000150  11461.965    44.968869   0.637851   1.736205      38.409 0
316.099030 -25.679825   0.038023  0.000150  11399.009    44.968869   0.678655   1.847273     -22.237 0
316.528140 -26.081020   0.039664  0.000150  11890.968    44.968869   0.688637   1.874443     451.667 0
316.615900 -26.113590   0.040645  0.000150  12185.064    44.968869   0.695955   1.894364     734.969 1
317.492980 -25.129053   0.029280  0.000083   8777.923    24.882774   0.696926   1.897005   -2547.124 1
316.386300 -26.028166   0.033747  0.000103  10117.096    30.878623   0.699024   1.902716   -1257.101 1
316.656800 -26.128390   0.039697  0.000150  11900.861    44.968869   0.702545   1.912301     461.197 0
316.501620 -26.104460   0.039938  0.000017  11973.111     5.096472   0.719234   1.957729     530.795 0
317.550750 -25.718342   0.039124  0.000060  11729.080    17.987547   0.732583   1.994062     295.721 0
316.471000 -26.121855   0.040441  0.000150  12123.907    44.968869   0.745998   2.030578     676.056 0
316.656340 -24.697092   0.037072  0.000150  11113.906    44.968869   0.752433   2.048095    -296.876 0
317.018460 -24.700752   0.047916  0.000150  14364.855    44.968869   0.762956   2.076738    2834.758 1
316.836980 -24.669563   0.048257  0.000150  14467.085    44.968869   0.769174   2.093664    2933.236 1
317.535220 -25.829910   0.029867  0.000113   8953.901    33.876548   0.769986   2.095872   -2377.605 1
316.514700 -26.174606   0.039964  0.000031  11980.906     9.293566   0.780677   2.124974     538.304 0
316.912417 -24.656611   0.037176  0.000030  11145.084     8.993774   0.787872   2.144558    -266.842 0
316.752260 -24.620323   0.037733  0.000023  11312.069     6.895227   0.818932   2.229103    -105.986 0
317.434750 -26.087560   0.028797  0.000110   8633.123    32.977170   0.865528   2.355935   -2686.609 1
317.096200 -24.611004   0.039934  0.000150  11971.912    44.968869   0.868891   2.365088     529.640 0
315.825260 -25.691563   0.037829  0.000036  11340.849    10.792528   0.917092   2.496289     -78.262 0
317.048250 -24.531583   0.035952  0.000131  10778.138    39.272812   0.933519   2.541003    -620.320 0
317.770840 -25.084364   0.049377  0.000073  14802.852    21.884849   0.944337   2.570449    3256.680 1
316.629520 -24.488585   0.034671  0.000023  10394.104     6.895227   0.962055   2.618678    -990.259 1
317.041470 -26.403719   0.034801  0.000028  10433.077     8.394189   0.989727   2.694001    -952.717 1
316.157600 -24.636526   0.047676  0.000150  14292.905    44.968869   0.990099   2.695012    2765.449 1
315.794200 -25.031693   0.037072  0.000150  11113.906    44.968869   0.996070   2.711266    -296.876 0
316.385280 -24.473438   0.035895  0.000150  10761.050    44.968869   1.035179   2.817718    -636.781 0
316.607400 -24.412605   0.037226  0.000030  11160.074     8.993774   1.040288   2.831625    -252.402 0
317.678250 -24.737490   0.035268  0.000110  10573.080    32.977170   1.057373   2.878129    -817.852 1
316.131770 -26.309391   0.040335  0.000150  12092.129    44.968869   1.060527   2.886713     645.445 0
317.730960 -24.785942   0.048577  0.000150  14563.018    44.968869   1.063089   2.893689    3025.648 1
316.596650 -24.365610   0.036949  0.000023  11077.032     6.895227   1.088248   2.962170    -332.397 0
315.917042 -26.196111   0.040615  0.000103  12176.071    30.878623   1.101001   2.996884     726.306 1
316.543000 -24.346815   0.047409  0.000103  14212.861    30.878623   1.115885   3.037397    2688.342 1
317.210570 -24.382265   0.035615  0.000150  10677.108    44.968869   1.118633   3.044878    -717.642 1
316.783050 -26.556814   0.038026  0.000083  11399.908    24.882774   1.118875   3.045535     -21.370 0
315.863950 -24.692604   0.047003  0.000150  14091.145    44.968869   1.127888   3.070069    2571.094 1
316.532320 -24.332047   0.048267  0.000150  14470.083    44.968869   1.132360   3.082242    2936.124 1
315.952800 -26.288109   0.037423  0.000150  11219.133    44.968869   1.144387   3.114978    -195.511 0
315.956120 -26.294810   0.037536  0.000150  11253.010    44.968869   1.147377   3.123116    -162.877 0
315.905600 -24.602785   0.047933  0.000150  14369.952    44.968869   1.162693   3.164806    2839.668 1
317.946333 -24.887139   0.037346  0.000139  11196.049    41.671152   1.171677   3.189262    -217.747 0
315.831730 -26.251210   0.038246  0.000434  11465.862    99.990000   1.194881   3.252422      42.163 0
315.705720 -26.308895   0.038230  0.000150  11461.066    44.968869   1.317986   3.587508      37.543 0
317.908000 -26.351791   0.055115  0.000150  16523.061    44.968869   1.354188   3.686048    4913.755 1
315.599150 -24.589650   0.047366  0.000150  14199.970    44.968869   1.377757   3.750201    2675.924 1
316.308350 -26.743359   0.033310  0.000150   9986.087    44.968869   1.379102   3.753865   -1383.302 1
316.786800 -24.044355   0.038307  0.000103  11484.150    30.878623   1.393766   3.793779      59.779 0
317.575500 -24.226025   0.038367  0.000150  11502.137    44.968869   1.399251   3.808709      77.107 0
316.763300 -24.035328   0.037823  0.000150  11339.050    44.968869   1.403150   3.819322     -79.995 0
317.020792 -24.038389   0.034988  0.000131  10489.139    39.272812   1.413644   3.847885    -898.713 1
315.472780 -24.619787   0.037766  0.000103  11321.962    30.878623   1.452160   3.952725     -96.456 0
316.283917 -26.821222   0.033687  0.000131  10099.109    39.272812   1.459926   3.973863   -1274.428 1
315.483950 -24.590430   0.036542  0.000150  10955.016    44.968869   1.460676   3.975905    -449.934 0
315.905760 -26.668547   0.040138  0.000150  12033.070    44.968869   1.472425   4.007885     588.553 0
315.277370 -26.052101   0.055035  0.000150  16499.078    44.968869   1.506912   4.101757    4890.651 1
317.135960 -23.959060   0.035058  0.000103  10510.124    30.878623   1.509572   4.108998    -878.498 1
316.940730 -26.960960   0.037566  0.000150  11262.003    44.968869   1.528101   4.159433    -154.214 0
317.270260 -26.908085   0.028533  0.000120   8553.978    35.975095   1.529826   4.164128   -2762.850 1
315.450960 -24.498701   0.028640  0.000113   8586.056    33.876548   1.539240   4.189753   -2731.949 1
316.831540 -23.896460   0.037596  0.000150  11270.997    44.968869   1.541843   4.196838    -145.550 0
315.127833 -25.822028   0.043774  0.000160  13123.115    47.966793   1.559188   4.244051    1638.592 1
315.743000 -26.713111   0.040505  0.000131  12143.094    39.272812   1.593427   4.337249     694.539 1
315.472870 -26.516851   0.040715  0.000150  12206.050    44.968869   1.613318   4.391390     755.185 1
315.224120 -26.220806   0.043914  0.000150  13165.086    44.968869   1.625143   4.423578    1679.023 1
315.825200 -26.826675   0.038894  0.000150  11660.128    44.968869   1.644731   4.476896     229.299 0
318.586300 -25.018036   0.049031  0.000150  14699.124    44.968869   1.665821   4.534302    3156.759 1
315.064000 -26.001776   0.044204  0.000150  13252.026    44.968869   1.667020   4.537566    1762.772 1
318.186340 -24.323584   0.048950  0.000150  14674.841    44.968869   1.675289   4.560075    3133.367 1
318.539550 -26.060520   0.026855  0.000180   8050.926    53.962642   1.688689   4.596547   -3247.439 1
315.133970 -24.617369   0.048043  0.000150  14402.929    44.968869   1.714774   4.667551    2871.435 1
317.358030 -23.781270   0.034297  0.000113  10281.982    33.876548   1.731407   4.712825   -1098.267 1
317.284760 -23.712860   0.038757  0.000150  11619.056    44.968869   1.779599   4.844001     189.735 0
317.326100 -27.184998   0.034294  0.000147  10281.083    44.069491   1.810095   4.927011   -1099.133 1
317.445560 -23.720200   0.037556  0.000150  11259.006    44.968869   1.813724   4.936890    -157.102 0
317.333560 -27.193584   0.034504  0.000103  10344.039    30.878623   1.820151   4.954381   -1038.487 1
318.797400 -25.180357   0.034324  0.000103  10290.076    30.878623   1.820960   4.956584   -1090.469 1
317.113300 -27.288877   0.034374  0.000150  10305.066    44.968869   1.872148   5.095916   -1076.030 1
315.451300 -24.013224   0.046966  0.000150  14080.053    44.968869   1.875173   5.104150    2560.408 1
315.172833 -26.618222   0.038393  0.000150  11509.932    44.968869   1.885537   5.132361      84.615 0
318.899020 -25.393698   0.049377  0.000103  14802.852    30.878623   1.894920   5.157901    3256.680 1
316.668060 -27.332336   0.029164  0.000150   8743.147    44.968869   1.898090   5.166530   -2580.624 1
317.424380 -27.253666   0.040188  0.000150  12048.059    44.968869   1.900812   5.173939     602.993 1
317.152600 -27.313354   0.037900  0.000103  11362.134    30.878623   1.901947   5.177029     -57.758 0
315.315120 -24.075916   0.047160  0.000150  14138.212    44.968869   1.912200   5.204937    2616.434 1
316.417500 -23.551819   0.021228  0.000150   6363.994    44.968869   1.917809   5.220205   -4872.458 1
318.102020 -26.964325   0.037376  0.000083  11205.043    24.882774   1.925963   5.242399    -209.084 0
318.893708 -25.064528   0.034250  0.000122  10267.892    36.574680   1.926169   5.242960   -1111.840 1
318.925480 -25.066710   0.033933  0.000103  10172.857    30.878623   1.953908   5.318465   -1203.386 1
317.792540 -23.690119   0.033887  0.000090  10159.067    26.981321   1.963840   5.345500   -1216.670 1
318.356000 -24.050040   0.021715  0.000150   6509.993    44.968869   1.974307   5.373990   -4731.817 1
318.656770 -26.556921   0.055108  0.000150  16520.963    44.968869   2.014847   5.484338    4911.733 1
319.036900 -25.435358   0.049394  0.000083  14807.949    24.882774   2.018915   5.495410    3261.589 1
317.702333 -23.584833   0.029384  0.000150   8809.102    44.968869   2.024008   5.509275   -2517.090 1
318.751980 -26.487963   0.054071  0.000103  16210.078    30.878623   2.050753   5.582072    4612.258 1
318.767460 -26.512257   0.054988  0.000150  16484.988    44.968869   2.075244   5.648736    4877.078 1
318.742130 -26.589474   0.054798  0.000150  16428.027    44.968869   2.097090   5.708199    4822.208 1
317.378170 -23.385971   0.034730  0.000333  10411.792    99.830889   2.117193   5.762920    -973.221 1
319.101500 -25.004095   0.048880  0.000150  14653.855    44.968869   2.122097   5.776267    3113.152 1
317.332083 -23.348500   0.035108  0.000131  10525.114    39.272812   2.143843   5.835461    -864.058 1
316.029240 -27.513184   0.037252  0.000150  11167.869    44.968869   2.189101   5.958651    -244.894 1
317.066600 -23.260386   0.038203  0.000150  11452.971    44.968869   2.190819   5.963327      29.745 1
315.186520 -23.798183   0.020928  0.000150   6274.057    44.968869   2.194417   5.973120   -4959.095 1
314.919040 -26.834297   0.029110  0.000150   8726.958    44.968869   2.199666   5.987407   -2596.218 1
314.846250 -24.120546   0.045395  0.000150  13609.079    44.968869   2.202878   5.996151    2106.720 1
317.648700 -23.370853   0.035565  0.000150  10662.119    44.968869   2.204320   6.000076    -732.082 1
318.279970 -27.193647   0.040228  0.000150  12060.051    44.968869   2.205741   6.003943     614.544 1
317.698430 -23.375257   0.033193  0.000150   9951.011    44.968869   2.216211   6.032444   -1417.090 1
317.342650 -23.249490   0.029200  0.000150   8753.940    44.968869   2.242517   6.104046   -2570.227 1
317.812160 -23.382162   0.032969  0.000150   9883.858    44.968869   2.249472   6.122978   -1481.779 1
319.291930 -25.051664   0.049127  0.000113  14727.904    33.876548   2.282166   6.211971    3184.483 1
317.707950 -23.284988   0.035201  0.000103  10552.994    30.878623   2.303510   6.270069    -837.201 1
318.446440 -27.201086   0.037219  0.000150  11157.975    44.968869   2.305550   6.275620    -254.424 1
318.033480 -23.412455   0.033333  0.000150   9992.982    44.968869   2.311135   6.290821   -1376.660 1
316.867220 -23.106028   0.036922  0.000150  11068.937    44.968869   2.332793   6.349775    -340.194 1
315.257320 -23.560804   0.041662  0.000150  12489.953    44.968869   2.338373   6.364963    1028.668 1
314.983430 -23.772488   0.040515  0.000150  12146.091    44.968869   2.338567   6.365490     697.427 1
317.620300 -23.213375   0.035281  0.000150  10576.978    44.968869   2.344421   6.381425    -814.098 1
317.893830 -23.310356   0.032560  0.000333   9761.242    99.830889   2.345342   6.383933   -1599.894 1
317.586100 -23.198029   0.036655  0.000083  10988.893    24.882774   2.349487   6.395216    -417.301 1
317.782792 -23.236250   0.035081  0.000115  10517.019    34.476133   2.373532   6.460666    -871.856 1
315.917083 -23.195722   0.042366  0.000131  12701.007    39.272812   2.380249   6.478947    1231.976 1
315.185800 -23.549623   0.046662  0.000150  13988.916    44.968869   2.386286   6.495380    2472.616 1
318.846600 -23.920975   0.047433  0.000150  14220.056    44.968869   2.390227   6.506109    2695.273 1
314.147417 -25.115889   0.043954  0.000150  13177.078    44.968869   2.418093   6.581959    1690.574 1
317.858200 -23.213030   0.037940  0.000063  11374.126    18.886925   2.421117   6.590188     -46.206 1
316.846740 -23.011415   0.038357  0.000150  11499.139    44.968869   2.426993   6.606183      74.219 1
315.375950 -27.495754   0.037446  0.000150  11226.028    44.968869   2.427087   6.606440    -188.868 1
317.932000 -23.234000   0.033604  0.000333  10074.226    99.830889   2.429114   6.611956   -1298.398 1
317.689400 -23.135128   0.030981  0.000143   9287.870    42.870321   2.438603   6.637786   -2055.893 1
316.350770 -27.848808   0.034154  0.000150  10239.112    44.968869   2.444829   6.654733   -1139.564 1
317.837340 -23.173748   0.032743  0.000123   9816.104    36.874472   2.450010   6.668836   -1547.046 1
318.191667 -23.326639   0.033330  0.000115   9992.083    34.476133   2.456561   6.686668   -1377.526 1
319.378600 -24.634367   0.025664  0.000150   7693.874    44.968869   2.462338   6.702393   -3591.387 1
317.903660 -23.180943   0.033783  0.000130  10127.889    38.973020   2.466917   6.714855   -1246.705 1
317.913360 -23.171635   0.036595  0.000137  10970.905    41.071567   2.478972   6.747668    -434.628 1
317.916800 -23.161547   0.035031  0.000123  10502.030    36.874472   2.489454   6.776199    -886.295 1
315.625460 -27.690556   0.041619  0.000374  12477.062    99.990000   2.490207   6.778251    1016.251 1
317.653042 -23.068667   0.028930  0.000150   8672.996    44.968869   2.491129   6.780759   -2648.200 1
315.538970 -27.679228   0.042349  0.000190  12695.911    56.960567   2.514397   6.844093    1227.067 1
317.990500 -23.160069   0.034484  0.000150  10338.043    44.968869   2.518459   6.855151   -1044.263 1
315.613620 -27.745583   0.038076  0.000180  11414.898    53.962642   2.544578   6.926245      -6.931 1
317.186160 -22.909641   0.029500  0.000033   8843.878     9.893151   2.552201   6.946995   -2483.590 1
319.089970 -23.936289   0.048370  0.000117  14500.961    35.075718   2.554826   6.954140    2965.869 1
316.406130 -22.903900   0.049000  0.001000  14689.830    99.990000   2.559155   6.965925    3147.806 1
316.776760 -22.878084   0.037219  0.000103  11157.975    30.878623   2.560071   6.968418    -254.424 1
317.895140 -23.074210   0.036950  0.000333  11077.331    99.830889   2.561958   6.973553    -332.108 1
315.556640 -27.740387   0.037809  0.000123  11334.853    36.874472   2.562019   6.973720     -84.038 1
315.359524 -27.655316   0.035651  0.000143  10687.901    42.870321   2.571240   6.998819    -707.246 1
314.672330 -23.723639   0.043734  0.000150  13111.123    44.968869   2.575906   7.011520    1627.040 1
318.199458 -23.191667   0.033240  0.000200   9965.101    59.958492   2.576935   7.014320   -1403.517 1
315.500920 -27.733332   0.041662  0.000390  12489.953    99.990000   2.578206   7.017780    1028.668 1
319.123870 -23.935654   0.030351  0.000103   9099.001    30.878623   2.580024   7.022729   -2237.830 1
315.457860 -27.720540   0.041078  0.000103  12314.875    30.878623   2.584845   7.035850     860.015 1
315.483550 -27.736492   0.041816  0.000347  12536.121    99.990000   2.588194   7.044966    1073.142 1
318.625000 -23.440560   0.036946  0.000103  11076.132    30.878623   2.588907   7.046908    -333.263 1
318.027830 -23.095604   0.036028  0.000103  10800.923    30.878623   2.591146   7.053002    -598.372 1
318.634700 -23.444240   0.034974  0.000150  10484.941    44.968869   2.591656   7.054391    -902.756 1
318.094760 -23.124317   0.033740  0.000213  10114.998    63.855794   2.591890   7.055028   -1259.123 1
317.867370 -23.028856   0.037516  0.000150  11247.014    44.968869   2.594453   7.062004    -168.653 1
316.430450 -22.864225   0.043000  0.001000  12891.076    99.990000   2.595524   7.064919    1415.069 1
318.636170 -23.440065   0.035108  0.000150  10525.114    44.968869   2.595717   7.065443    -864.058 1
318.178917 -23.145889   0.037162  0.000115  11140.887    34.476133   2.608038   7.098981    -270.885 1
317.361480 -22.878448   0.038010  0.000100  11395.111    29.979246   2.609133   7.101961     -25.991 1
315.481786 -27.765397   0.040024  0.000017  11998.893     5.096472   2.614622   7.116903     555.631 1
315.761630 -27.880077   0.042419  0.000173  12716.896    51.864095   2.616263   7.121368    1247.282 1
315.736250 -23.002639   0.041759  0.000150  12519.033    44.968869   2.618438   7.127290    1056.681 1
314.191000 -24.295972   0.043587  0.000131  13067.054    39.272812   2.619285   7.129594    1584.588 1
318.165700 -23.124123   0.037102  0.000150  11122.900    44.968869   2.621557   7.135780    -288.212 1
317.767400 -22.963310   0.034791  0.000150  10430.079    44.968869   2.624048   7.142560    -955.605 1
319.165770 -23.908611   0.047960  0.000150  14378.046    44.968869   2.626533   7.149323    2847.465 1
319.118770 -23.850874   0.036462  0.000150  10931.033    44.968869   2.626626   7.149577    -473.037 1
315.660830 -23.021128   0.034791  0.000150  10430.079    44.968869   2.627194   7.151122    -955.605 1
318.831240 -23.554600   0.035475  0.000150  10635.137    44.968869   2.628310   7.154161    -758.073 1
313.883100 -25.545834   0.039020  0.000150  11697.902    44.968869   2.637430   7.178984     265.686 1
317.695250 -22.916540   0.038670  0.000150  11592.974    44.968869   2.647613   7.206703     164.610 1
315.687840 -22.988483   0.035104  0.000103  10523.914    30.878623   2.647899   7.207482    -865.214 1
315.334988 -27.731762   0.035888  0.000137  10758.952    41.071567   2.648454   7.208991    -638.803 1
314.804080 -27.389084   0.037499  0.000150  11241.917    44.968869   2.656922   7.232042    -173.563 1
318.184940 -23.091413   0.034711  0.000150  10406.096    44.968869   2.658595   7.236596    -978.708 1
314.011542 -24.571139   0.036685  0.000131  10997.886    39.272812   2.664228   7.251927    -408.637 1
318.071230 -23.030437   0.035264  0.000150  10571.881    44.968869   2.666823   7.258993    -819.007 1
318.695620 -27.487389   0.041525  0.000103  12448.882    30.878623   2.669515   7.266321     989.104 1
315.698240 -27.921389   0.042296  0.000133  12680.022    39.872397   2.675643   7.283000    1211.761 1
315.977780 -28.019619   0.035751  0.000167  10717.880    50.065340   2.686527   7.312625    -678.367 1
315.889130 -27.996360   0.040294  0.000130  12079.837    38.973020   2.687629   7.315625     633.604 1
315.971370 -28.021502   0.035421  0.000167  10618.949    50.065340   2.689943   7.321924    -773.667 1
315.515700 -27.871002   0.042119  0.000022  12626.959     6.595434   2.695721   7.337651    1160.645 1
319.007760 -23.622358   0.021580  0.000333   6469.521    99.830889   2.695778   7.337808   -4770.804 1
316.441380 -22.757345   0.021000  0.001000   6295.642    99.990000   2.700341   7.350226   -4938.302 1
317.810625 -22.890917   0.046069  0.000131  13811.139    39.272812   2.705331   7.363809    2301.364 1
319.037900 -23.636389   0.021467  0.000055   6435.645    16.488585   2.706599   7.367259   -4803.437 1
315.867033 -28.010913   0.037062  0.000157  11110.908    47.067416   2.707636   7.370084    -299.764 1
315.940730 -28.035465   0.032843  0.000022   9846.084     6.595434   2.711157   7.379667   -1518.167 1
315.475200 -27.873386   0.039377  0.000140  11804.928    41.970944   2.713811   7.386893     368.784 1
315.650100 -27.947790   0.039017  0.000077  11697.002    23.084019   2.716502   7.394216     264.820 1
317.532350 -22.800670   0.037943  0.000103  11375.025    30.878623   2.718773   7.400399     -45.340 1
315.175930 -27.733269   0.038420  0.000337  11518.026    99.990000   2.724378   7.415654      92.413 1
315.928680 -28.047234   0.040638  0.000294  12182.966    88.138983   2.725560   7.418872     732.948 1
319.495360 -26.672320   0.034147  0.000083  10237.013    24.882774   2.728099   7.425783   -1141.585 1
318.996460 -23.550842   0.036125  0.000150  10830.003    44.968869   2.737056   7.450164    -570.359 1
315.464320 -27.895718   0.043006  0.000240  12892.874    71.950190   2.738187   7.453243    1416.802 1
319.023770 -23.574633   0.037473  0.000150  11234.123    44.968869   2.738729   7.454716    -181.071 1
315.710020 -27.999256   0.035388  0.000073  10609.056    21.884849   2.744229   7.469687    -783.197 1
318.784330 -23.358418   0.035865  0.000083  10752.057    24.882774   2.744446   7.470278    -645.445 1
316.241700 -22.724650   0.039000  0.001000  11691.906    99.990000   2.760057   7.512771     259.911 1
315.410370 -27.899446   0.038810  0.000019  11634.945     5.696057   2.763335   7.521694     205.041 1
315.553000 -27.962957   0.037496  0.000200  11241.018    59.958492   2.765093   7.526478    -174.429 1
315.377800 -27.916754   0.039250  0.000067  11766.854    20.086095   2.792181   7.600211     332.108 1
319.791458 -24.716972   0.033503  0.000150  10043.947    44.968869   2.794938   7.607716   -1327.566 1
315.490300 -27.971900   0.033316  0.000280   9987.886    83.941888   2.796754   7.612659   -1381.569 1
315.504400 -27.984152   0.038757  0.000083  11619.056    24.882774   2.802514   7.628339     189.735 1
318.803000 -23.292000   0.035292  0.000333  10580.275    99.830889   2.805943   7.637671    -810.921 1
315.846530 -28.117000   0.040985  0.000110  12286.994    32.977170   2.814254   7.660293     833.158 1
315.451400 -27.978622   0.038643  0.000173  11584.880    51.864095   2.817863   7.670117     156.813 1
315.712800 -28.081470   0.035408  0.000067  10615.051    20.086095   2.820238   7.676581    -777.422 1
315.566070 -28.044802   0.037649  0.000077  11286.886    23.084019   2.835360   7.717743    -130.244 1
313.667970 -25.676586   0.042116  0.000150  12626.059    44.968869   2.839536   7.729110    1159.779 1
315.763400 -28.120200   0.036986  0.000093  11088.124    27.880699   2.841172   7.733564    -321.712 1
315.392460 -27.988096   0.040138  0.000337  12033.070    99.990000   2.849767   7.756959     588.553 1
317.831100 -28.139593   0.040358  0.000150  12099.024    44.968869   2.857133   7.777008     652.087 1
313.645400 -25.661411   0.041559  0.000150  12459.075    44.968869   2.858621   7.781058     998.923 1
315.498000 -28.058979   0.036692  0.000036  10999.985    10.792528   2.873028   7.820274    -406.616 1
319.380740 -27.125526   0.038113  0.000103  11425.990    30.878623   2.876409   7.829477       3.754 1
315.429750 -28.036610   0.042336  0.000290  12692.014    86.939813   2.878612   7.835472    1223.313 1
315.389950 -28.022703   0.041295  0.000117  12379.930    35.075718   2.881778   7.844090     922.683 1
315.407100 -28.031769   0.039661  0.000028  11890.069     8.394189   2.883115   7.847731     450.801 1
315.599159 -28.116607   0.036082  0.000213  10817.111    63.855794   2.890157   7.866900    -582.777 1
319.882780 -26.229376   0.040591  0.000150  12168.876    44.968869   2.893108   7.874931     719.375 1
315.359340 -28.022240   0.041919  0.000083  12567.000    24.882774   2.893695   7.876529    1102.887 1
315.390440 -28.038350   0.036038  0.000067  10803.921    20.086095   2.895625   7.881782    -595.484 1
315.399800 -28.048280   0.038800  0.000150  11631.947    44.968869   2.900848   7.895998     202.153 1
317.954860 -22.730259   0.034867  0.000103  10452.864    30.878623   2.901290   7.897203    -933.657 1
315.403100 -28.056553   0.040745  0.000080  12215.044    23.983397   2.906999   7.912741     763.848 1
319.566400 -23.939490   0.030301  0.000103   9084.011    30.878623   2.912235   7.926994   -2252.270 1
315.369750 -28.048853   0.038216  0.000237  11456.869    71.050813   2.913303   7.929900      33.500 1
315.585700 -28.153736   0.038804  0.000133  11633.147    39.872397   2.929134   7.972993     203.308 1
315.193420 -27.988863   0.037423  0.000103  11219.133    30.878623   2.935086   7.989195    -195.511 1
314.235083 -27.247250   0.037653  0.000150  11288.085    44.968869   2.939960   8.002461    -129.089 1
315.901550 -28.265118   0.039487  0.000307  11837.905    92.036285   2.941489   8.006622     400.551 1
315.346620 -28.071445   0.037699  0.000193  11301.876    57.859944   2.942830   8.010272    -115.805 1
318.780900 -23.100336   0.021482  0.000130   6440.142    38.973020   2.942948   8.010592   -4799.105 1
315.422880 -28.105394   0.036969  0.000080  11083.027    23.983397   2.943471   8.012016    -326.621 1
315.599120 -28.174635   0.037076  0.000060  11115.105    17.987547   2.944030   8.013540    -295.721 1
319.901400 -26.378075   0.049521  0.000137  14846.022    41.071567   2.953200   8.038498    3298.266 1
315.427583 -28.122583   0.039450  0.000901  11826.812    99.990000   2.957272   8.049583     389.866 1
315.386870 -28.107132   0.039681  0.000080  11896.065    23.983397   2.958937   8.054114     456.576 1
315.324280 -28.086397   0.040111  0.000100  12024.975    29.979246   2.965237   8.071263     580.756 1
318.832700 -23.106812   0.035421  0.000103  10618.949    30.878623   2.966504   8.074712    -773.667 1
315.509550 -28.178167   0.033800  0.000304  10132.985    91.136907   2.978056   8.106156   -1241.795 1
313.493440 -25.320572   0.040218  0.000117  12057.053    35.075718   2.989419   8.137086     611.656 1
315.637600 -28.253784   0.036885  0.000087  11057.845    26.081944   3.005418   8.180634    -350.879 1
315.421940 -28.176346   0.039544  0.000073  11854.993    21.884849   3.008267   8.188391     417.012 1
315.374080 -28.161882   0.040655  0.000350  12188.062    99.990000   3.013338   8.202192     737.857 1
315.596250 -28.251370   0.038226  0.000160  11459.866    47.966793   3.016425   8.210595      36.387 1
315.464660 -28.208553   0.038123  0.000140  11428.988    41.970944   3.021999   8.225767       6.642 1
314.446560 -23.290249   0.035725  0.000150  10710.086    44.968869   3.022357   8.226743    -685.875 1
316.381380 -22.433199   0.033093  0.000183   9921.032    54.862020   3.028687   8.243973   -1445.969 1
315.846770 -28.342897   0.037309  0.000167  11184.957    50.065340   3.030018   8.247595    -228.433 1
315.484400 -28.227790   0.041625  0.000170  12478.861    50.964718   3.032610   8.254651    1017.983 1
315.856200 -28.349215   0.039284  0.000150  11777.047    44.968869   3.033669   8.257532     341.927 1
315.270170 -28.145512   0.038967  0.000237  11682.013    71.050813   3.040061   8.274931     250.381 1
315.757000 -28.339067   0.039701  0.000019  11902.060     5.696057   3.050425   8.303142     462.352 1
315.283700 -28.164762   0.038627  0.000117  11580.083    35.075718   3.051711   8.306643     152.192 1
316.453220 -22.396986   0.039297  0.000150  11780.944    44.968869   3.057270   8.321775     345.681 1
315.497500 -28.259968   0.033233  0.000019   9963.003     5.696057   3.057663   8.322842   -1405.539 1
319.514600 -27.269384   0.033089  0.000123   9919.833    36.874472   3.059039   8.326589   -1447.125 1
315.378080 -28.221937   0.036428  0.000100  10920.840    29.979246   3.066214   8.346120    -482.856 1
319.948430 -24.286310   0.030678  0.000097   9197.033    29.079868   3.066577   8.347106   -2143.396 1
314.097380 -23.581776   0.041232  0.000150  12361.043    44.968869   3.067213   8.348837     904.489 1
315.221300 -28.154980   0.042092  0.000117  12618.864    35.075718   3.068764   8.353060    1152.848 1
315.239320 -28.164131   0.040101  0.000160  12021.977    47.966793   3.069357   8.354674     577.868 1
315.246430 -28.171305   0.042503  0.000130  12742.079    38.973020   3.072791   8.364022    1271.540 1
319.532200 -27.275427   0.034734  0.000103  10412.991    30.878623   3.075391   8.371099    -972.066 1
315.460020 -28.272306   0.036619  0.000167  10978.100    50.065340   3.082195   8.389620    -427.697 1
315.807950 -22.484056   0.044497  0.000150  13339.865    44.968869   3.087188   8.403211    1847.387 1
315.571780 -28.318710   0.033967  0.000300  10183.050    89.937737   3.087204   8.403254   -1193.567 1
314.315520 -23.310879   0.036018  0.000150  10797.925    44.968869   3.092525   8.417737    -601.260 1
315.257630 -28.202808   0.039998  0.000207  11991.099    62.057039   3.096280   8.427957     548.123 1
315.292500 -28.224588   0.039644  0.000087  11884.972    26.081944   3.101783   8.442936     445.891 1
317.734825 -22.448184   0.026969  0.000212   8085.103    63.556001   3.106466   8.455684   -3214.517 1
315.048524 -28.111724   0.036158  0.000277  10839.896    83.042511   3.107041   8.457249    -560.829 1
318.934360 -22.989922   0.034867  0.000053  10452.864    15.889000   3.115135   8.479281    -933.657 1
315.411600 -28.302633   0.039744  0.000025  11914.951     7.494811   3.127393   8.512647     474.770 1
315.478900 -28.331783   0.038300  0.000093  11482.051    27.880699   3.130432   8.520917      57.758 1
314.525958 -27.801667   0.029007  0.000115   8696.080    34.476133   3.131837   8.524743   -2625.964 1
315.794977 -28.440688   0.039074  0.000183  11714.091    54.862020   3.137120   8.539122     281.281 1
315.589800 -28.383745   0.033903  0.000467  10163.864    99.990000   3.142273   8.553148   -1212.050 1
315.465000 -28.344177   0.040255  0.000160  12068.145    47.966793   3.146684   8.565156     622.342 1
316.936600 -22.289598   0.039024  0.000150  11699.101    44.968869   3.150834   8.576452     266.842 1
320.148000 -26.329900   0.033853  0.000150  10148.874    44.968869   3.151131   8.577261   -1226.489 1
319.589780 -27.348042   0.036238  0.000167  10863.879    50.065340   3.160588   8.603003    -537.726 1
319.592070 -27.346111   0.036972  0.000333  11083.927    99.830889   3.161070   8.604315    -325.755 1
315.935060 -28.510649   0.039951  0.000083  11977.008    24.882774   3.170591   8.630229     534.550 1
315.327850 -28.316172   0.039774  0.000180  11923.945    53.962642   3.170785   8.630758     483.434 1
318.436220 -22.629929   0.033510  0.000150  10046.045    44.968869   3.172627   8.635771   -1325.544 1
315.512540 -28.398344   0.033563  0.000017  10061.934     5.096472   3.180821   8.658074   -1310.238 1
315.045780 -28.201420   0.038450  0.000103  11527.020    30.878623   3.185786   8.671590     101.076 1
319.085700 -22.991623   0.035905  0.000150  10764.048    44.968869   3.200148   8.710683    -633.893 1
315.548650 -28.448883   0.036592  0.000127  10970.006    38.073642   3.216296   8.754636    -435.495 1
319.276600 -23.121498   0.030144  0.000150   9036.944    44.968869   3.219217   8.762587   -2297.610 1
315.102900 -22.602646   0.044121  0.000103  13227.143    30.878623   3.223626   8.774589    1738.802 1
315.679600 -28.510365   0.040995  0.000294  12289.992    88.138983   3.234968   8.805461     836.046 1
319.445083 -27.664111   0.042710  0.000183  12804.136    54.862020   3.264287   8.885266    1331.320 1
316.562625 -22.178139   0.039547  0.000131  11855.892    39.272812   3.267035   8.892746     417.879 1
315.365940 -28.439356   0.037506  0.000167  11244.016    50.065340   3.269217   8.898685    -171.541 1
316.411800 -28.694283   0.033627  0.000083  10081.121    24.882774   3.275160   8.914861   -1291.756 1
317.855870 -22.295383   0.026825  0.000150   8041.933    44.968869   3.283817   8.938426   -3256.102 1
316.435542 -28.705583   0.033867  0.000150  10153.071    44.968869   3.284169   8.939385   -1222.446 1
314.651640 -22.772247   0.034911  0.000150  10466.055    44.968869   3.297697   8.976206    -920.950 1
316.458950 -28.729307   0.033436  0.000167  10023.861    50.065340   3.305730   8.998073   -1346.915 1
315.087600 -28.372930   0.040922  0.000274  12268.107    82.143133   3.317865   9.031103     814.964 1
315.393300 -28.508373   0.033700  0.000197  10103.006    59.059114   3.323159   9.045513   -1270.674 1
315.134060 -28.406958   0.037853  0.000140  11348.044    41.970944   3.328818   9.060917     -71.331 1
319.386230 -27.827139   0.037563  0.000103  11261.104    30.878623   3.340211   9.091928    -155.080 1
313.100500 -25.449270   0.041342  0.000150  12394.020    44.968869   3.341973   9.096724     936.256 1
315.271850 -28.487380   0.037789  0.000130  11328.857    38.973020   3.347512   9.111800     -89.814 1
315.468000 -22.304773   0.044027  0.000113  13198.963    33.876548   3.356644   9.136660    1711.656 1
317.434833 -22.108056   0.038717  0.000150  11607.065    44.968869   3.378802   9.196971     178.183 1
315.126160 -28.461462   0.035725  0.000153  10710.086    45.868246   3.380705   9.202151    -685.875 1
320.355350 -24.371634   0.025448  0.000033   7629.118     9.893151   3.382072   9.205872   -3653.766 1
315.127900 -28.478125   0.040314  0.000167  12085.833    50.065340   3.394915   9.240831     639.380 1
316.234000 -28.794792   0.029234  0.000150   8764.133    44.968869   3.395592   9.242674   -2560.408 1
315.131800 -28.481771   0.040288  0.000193  12078.039    57.859944   3.396616   9.245460     631.872 1
315.463600 -28.624070   0.037136  0.000150  11133.093    44.968869   3.407318   9.274592    -278.393 1
319.477260 -23.035896   0.036492  0.000113  10940.026    33.876548   3.407382   9.274766    -464.374 1
318.761900 -28.363155   0.054504  0.000113  16339.888    33.876548   3.419227   9.307008    4737.304 1
316.042180 -22.076927   0.025724  0.000150   7711.861    44.968869   3.430318   9.337197   -3574.060 1
318.076840 -22.194874   0.038233  0.000150  11461.965    44.968869   3.441686   9.368139      38.409 1
317.792570 -22.109674   0.033533  0.000150  10052.940    44.968869   3.446676   9.381722   -1318.902 1
312.976750 -25.309431   0.041215  0.000150  12355.946    44.968869   3.456101   9.407376     899.580 1
318.667140 -28.455742   0.054398  0.000150  16308.110    44.968869   3.456246   9.407771    4706.692 1
313.975700 -27.786171   0.055061  0.000150  16506.873    44.968869   3.467609   9.438700    4898.160 1
312.959292 -25.223444   0.040685  0.000037  12197.056    11.092321   3.476103   9.461822     746.521 1
312.959042 -25.807556   0.041122  0.000150  12328.065    44.968869   3.489316   9.497788     872.722 1
319.005160 -22.568604   0.036419  0.000113  10918.142    33.876548   3.492116   9.505408    -485.455 1
319.368040 -22.816183   0.027682  0.000083   8298.855    24.882774   3.499590   9.525751   -3008.610 1
315.233430 -22.222057   0.045982  0.000150  13785.057    44.968869   3.513858   9.564589    2276.239 1
312.922030 -25.770870   0.040868  0.000150  12251.918    44.968869   3.518895   9.578299     799.370 1
316.329130 -21.939531   0.033587  0.000150  10069.129    44.968869   3.524411   9.593313   -1303.307 1
316.419920 -21.927197   0.028653  0.000150   8589.953    44.968869   3.527710   9.602293   -2728.195 1
319.404080 -22.792620   0.025981  0.000103   7788.908    30.878623   3.538811   9.632509   -3499.841 1
319.464570 -22.838871   0.026292  0.000037   7882.143    11.092321   3.541241   9.639125   -3410.027 1
317.589140 -21.965546   0.038710  0.000150  11604.966    44.968869   3.544659   9.648427     176.162 1
315.402740 -22.108135   0.041559  0.000150  12459.075    44.968869   3.561370   9.693915     998.923 1
312.858150 -25.521650   0.041302  0.000150  12382.028    44.968869   3.561789   9.695056     924.704 1
319.495800 -22.835594   0.026338  0.000033   7895.934     9.893151   3.562848   9.697939   -3396.743 1
319.426000 -22.770838   0.027372  0.000097   8205.919    29.079868   3.568242   9.712619   -3098.135 1
317.711820 -21.960314   0.038246  0.000150  11465.862    44.968869   3.573639   9.727310      42.163 1
312.839300 -25.156687   0.041739  0.000150  12513.037    44.968869   3.588878   9.768790    1050.905 1
315.229220 -22.140072   0.046349  0.000103  13895.081    30.878623   3.590547   9.773333    2382.225 1
319.479600 -22.773294   0.052156  0.000103  15635.975    30.878623   3.598758   9.795683    4059.226 1
318.782170 -22.291914   0.038073  0.000150  11413.998    44.968869   3.619161   9.851219      -7.797 1
319.237850 -28.326427   0.034394  0.000103  10311.062    30.878623   3.631025   9.883513   -1070.254 1
312.768830 -25.015013   0.041615  0.000150  12475.863    44.968869   3.665960   9.978605    1015.095 1
320.425320 -27.112085   0.037179  0.000150  11145.984    44.968869   3.676016  10.005978    -265.975 1
319.523000 -22.663980   0.035661  0.000077  10690.899    23.084019   3.706308  10.088432    -704.358 1
315.117500 -28.820396   0.036195  0.000150  10850.988    44.968869   3.708385  10.094085    -550.144 1
316.103600 -21.780443   0.028797  0.000033   8633.123     9.893151   3.711478  10.102503   -2686.609 1
316.218900 -29.118060   0.033747  0.000140  10117.096    41.970944   3.717385  10.118582   -1257.101 1
318.977450 -22.273773   0.027696  0.000150   8303.052    44.968869   3.724893  10.139019   -3004.567 1
315.166630 -28.861458   0.037686  0.000150  11297.979    44.968869   3.728086  10.147711    -119.559 1
320.343050 -27.357468   0.049281  0.000103  14774.072    30.878623   3.730160  10.153356    3228.956 1
317.926100 -21.847294   0.037643  0.000183  11285.087    54.862020   3.731683  10.157502    -131.977 1
315.164830 -28.871103   0.037893  0.000150  11360.036    44.968869   3.737587  10.173572     -59.779 1
316.232360 -21.730583   0.028780  0.000077   8628.027    23.084019   3.742900  10.188033   -2691.519 1
319.571192 -22.649521   0.035171  0.000150  10544.001    44.968869   3.746062  10.196639    -845.865 1
312.692630 -24.897715   0.024740  0.000150   7416.865    44.968869   3.749421  10.205783   -3858.229 1
315.150500 -28.883280   0.036805  0.000150  11033.861    44.968869   3.753895  10.217962    -373.982 1
316.599760 -21.670214   0.028153  0.000077   8440.057    23.084019   3.772236  10.267886   -2872.590 1
320.634900 -26.936985   0.049461  0.000103  14828.035    30.878623   3.772550  10.268739    3280.938 1
317.767700 -21.755714   0.038423  0.000150  11518.926    44.968869   3.784361  10.300887      93.279 1
320.524900 -27.201560   0.042609  0.000203  12773.857    60.857869   3.797020  10.335345    1302.152 1
319.060180 -22.234499   0.027055  0.000097   8110.885    29.079868   3.797913  10.337776   -3189.681 1
320.474520 -27.312607   0.048914  0.000150  14664.048    44.968869   3.810177  10.371159    3122.970 1
315.149000 -28.959540   0.035955  0.000103  10779.038    30.878623   3.824533  10.410234    -619.454 1
318.023500 -29.109215   0.053797  0.000103  16127.935    30.878623   3.833493  10.434624    4533.130 1
319.139200 -22.215515   0.026845  0.000050   8047.929    14.989623   3.852579  10.486575   -3250.327 1
316.077300 -21.639307   0.029030  0.000150   8702.975    44.968869   3.854597  10.492068   -2619.321 1
319.048370 -28.722690   0.034310  0.000110  10285.879    32.977170   3.860924  10.509290   -1094.512 1
320.077600 -27.941101   0.048550  0.000150  14554.924    44.968869   3.875464  10.548868    3017.851 1
317.613400 -29.253340   0.043123  0.000150  12927.950    44.968869   3.885134  10.575189    1450.590 1
319.175260 -22.188469   0.037676  0.000150  11294.981    44.968869   3.893067  10.596783    -122.447 1
318.416660 -29.049051   0.053844  0.000150  16142.025    44.968869   3.894531  10.600766    4546.703 1
319.623100 -22.491474   0.035368  0.000130  10603.060    38.973020   3.895652  10.603819    -788.973 1
318.353600 -29.077253   0.053817  0.000150  16133.931    44.968869   3.899863  10.615281    4538.906 1
314.022700 -22.424095   0.037476  0.000150  11235.022    44.968869   3.921718  10.674769    -180.205 1
317.728880 -21.599136   0.038954  0.000183  11678.115    54.862020   3.929260  10.695299     246.626 1
317.384920 -29.338196   0.029224  0.000103   8761.135    30.878623   3.935592  10.712534   -2563.296 1
315.723570 -21.605644   0.029460  0.000150   8831.886    44.968869   3.954050  10.762775   -2495.142 1
317.848330 -21.597258   0.038563  0.000150  11560.897    44.968869   3.955486  10.766685     133.710 1
316.976500 -29.415401   0.045411  0.000150  13613.875    44.968869   3.980489  10.834740    2111.341 1
313.543625 -28.129833   0.035341  0.000100  10594.965    29.979246   3.987451  10.853693    -796.770 1
321.227660 -25.594940   0.042690  0.000150  12798.140    44.968869   4.000357  10.888820    1325.544 1
312.373170 -25.786226   0.041415  0.000150  12415.905    44.968869   4.013898  10.925679     957.337 1
316.896940 -21.424528   0.040151  0.000150  12036.967    44.968869   4.014462  10.927215     592.307 1
319.933260 -28.287748   0.048650  0.000150  14584.903    44.968869   4.015022  10.928740    3046.730 1
318.565430 -21.750261   0.033757  0.000150  10120.094    44.968869   4.017212  10.934701   -1254.213 1
319.115570 -22.006071   0.037886  0.000150  11357.937    44.968869   4.018266  10.937570     -61.801 1
319.745900 -22.404608   0.053327  0.000150  15987.032    44.968869   4.033986  10.980359    4397.399 1
313.008300 -27.569592   0.027919  0.000150   8369.906    44.968869   4.034294  10.981196   -2940.167 1
313.263030 -27.948883   0.035061  0.000150  10511.023    44.968869   4.063670  11.061157    -877.632 1
317.619000 -21.440611   0.038113  0.000131  11425.990    39.272812   4.065089  11.065019       3.754 1
321.292700 -24.932507   0.036372  0.000103  10904.051    30.878623   4.087399  11.125746    -499.028 1
315.785740 -29.437302   0.037950  0.000083  11377.124    24.882774   4.103037  11.168312     -43.318 1
321.354600 -25.654764   0.037002  0.000150  11092.921    44.968869   4.117619  11.208003    -317.091 1
315.261800 -29.334670   0.033737  0.000040  10114.098    11.991698   4.137173  11.261230   -1259.989 1
312.543550 -26.991976   0.028169  0.000150   8444.854    44.968869   4.147043  11.288096   -2867.969 1
318.302670 -29.361885   0.046849  0.000150  14044.977    44.968869   4.151479  11.300169    2526.620 1
319.807430 -22.293169   0.036745  0.000150  11015.874    44.968869   4.154534  11.308486    -391.310 1
319.757700 -22.244144   0.027596  0.000183   8273.073    54.862020   4.162824  11.331049   -3033.446 1
320.309230 -22.728643   0.031735  0.000150   9513.914    44.968869   4.168510  11.346527   -1838.146 1
317.186833 -21.278444   0.029057  0.000150   8711.069    44.968869   4.174165  11.361921   -2611.524 1
319.343440 -28.936474   0.048350  0.000103  14494.965    30.878623   4.184411  11.389809    2960.093 1
317.677340 -21.320496   0.042012  0.000150  12594.881    44.968869   4.192883  11.412871    1129.745 1
319.558780 -22.062887   0.037956  0.000183  11378.923    54.862020   4.194386  11.416961     -41.586 1
317.755300 -21.295307   0.038910  0.000150  11664.925    44.968869   4.231394  11.517695     233.920 1
320.297180 -28.260970   0.047206  0.000103  14152.003    30.878623   4.235036  11.527608    2629.718 1
316.234130 -21.233944   0.047810  0.000183  14333.077    54.862020   4.235194  11.528038    2804.147 1
314.531520 -29.144632   0.036298  0.000103  10881.867    30.878623   4.235543  11.528990    -520.399 1
318.393070 -29.437809   0.038066  0.000103  11411.900    30.878623   4.250224  11.568950      -9.819 1
313.916140 -22.064009   0.034377  0.000080  10305.965    23.983397   4.262895  11.603441   -1075.164 1
315.288020 -21.380585   0.047570  0.000150  14261.127    44.968869   4.281409  11.653834    2734.837 1
321.546792 -25.047306   0.036845  0.000096  11045.853    28.780076   4.303249  11.713283    -362.431 1
319.034880 -29.241924   0.048260  0.000150  14467.984    44.968869   4.305581  11.719630    2934.102 1
320.000760 -22.242323   0.036926  0.000150  11070.136    44.968869   4.308242  11.726872    -339.039 1
319.944820 -22.196833   0.027556  0.000033   8261.081     9.893151   4.308642  11.727962   -3044.997 1
319.004460 -29.261084   0.047860  0.000150  14348.067    44.968869   4.309767  11.731024    2818.586 1
315.163270 -21.369995   0.042980  0.000150  12885.080    44.968869   4.328637  11.782386    1409.293 1
314.448667 -29.222833   0.029364  0.000102   8803.106    30.578831   4.340273  11.814060   -2522.866 1
314.620120 -21.565546   0.041916  0.000150  12566.101    44.968869   4.344644  11.825956    1102.021 1
319.630300 -21.887655   0.036969  0.000150  11083.027    44.968869   4.374048  11.905993    -326.621 1
318.937040 -21.510592   0.022319  0.000150   6691.068    44.968869   4.375502  11.909953   -4557.388 1
313.526300 -28.682232   0.035451  0.000033  10627.942     9.893151   4.389883  11.949097    -765.004 1
313.892270 -21.884024   0.042660  0.000150  12789.146    44.968869   4.419504  12.029724    1316.880 1
318.877380 -29.452894   0.047603  0.000103  14271.020    30.878623   4.431025  12.061085    2744.367 1
312.017500 -26.502445   0.039737  0.000150  11912.853    44.968869   4.449151  12.110422     472.749 1
317.326540 -21.012827   0.039631  0.000150  11881.075    44.968869   4.450586  12.114328     442.137 1
313.079875 -22.496583   0.024327  0.000131   7293.051    39.272812   4.466070  12.156474   -3977.499 1
321.700160 -26.083057   0.053344  0.000150  15992.129    44.968869   4.470742  12.169192    4402.308 1
321.536400 -26.763780   0.053157  0.000083  15936.068    24.882774   4.476880  12.185899    4348.305 1
314.844800 -21.313965   0.042119  0.000150  12626.959    44.968869   4.486604  12.212366    1160.645 1
317.871670 -21.051113   0.031602  0.000143   9474.041    42.870321   4.492184  12.227557   -1876.555 1
314.857360 -21.290133   0.043290  0.000150  12978.016    44.968869   4.504087  12.259956    1498.818 1
320.461820 -22.343270   0.030558  0.000150   9161.058    44.968869   4.528277  12.325800   -2178.051 1
312.987100 -22.457153   0.023830  0.000083   7144.054    24.882774   4.555153  12.398956   -4121.027 1
313.406000 -22.065890   0.041896  0.000150  12560.105    44.968869   4.557667  12.405798    1096.245 1
313.540333 -21.955583   0.026055  0.000150   7811.092    44.968869   4.560622  12.413841   -3478.470 1
317.560580 -29.950537   0.053347  0.000150  15993.028    44.968869   4.564281  12.423802    4403.175 1
317.463350 -20.898607   0.041152  0.000140  12337.059    41.970944   4.578661  12.462944     881.386 1
319.932130 -21.835830   0.027986  0.000150   8389.992    44.968869   4.579298  12.464678   -2920.818 1
314.047100 -29.285568   0.053270  0.000150  15969.944    44.968869   4.581388  12.470366    4380.938 1
315.582700 -20.983847   0.044084  0.000183  13216.051    54.862020   4.588126  12.488706    1728.117 1
320.660460 -22.434116   0.027292  0.000250   8181.936    74.948115   4.601020  12.523804   -3121.238 1
319.778100 -21.698570   0.031432  0.000150   9423.077    44.968869   4.605485  12.535958   -1925.649 1
318.335660 -21.027008   0.022419  0.000183   6721.047    54.862020   4.623573  12.585192   -4528.509 1
321.427550 -23.454859   0.032849  0.000150   9847.882    44.968869   4.624610  12.588014   -1516.434 1
312.902980 -28.439165   0.039090  0.000103  11718.887    30.878623   4.625939  12.591633     285.902 1
320.760000 -22.501222   0.032212  0.000073   9656.915    21.884849   4.626591  12.593408   -1700.393 1
321.903350 -25.949314   0.050138  0.000137  15030.994    41.071567   4.635739  12.618308    3476.449 1
315.868620 -30.001305   0.038810  0.000150  11634.945    44.968869   4.640314  12.630759     205.041 1
318.036070 -20.931154   0.041802  0.000150  12531.924    44.968869   4.642809  12.637553    1069.099 1
317.783200 -20.869514   0.041932  0.000150  12570.897    44.968869   4.653811  12.667498    1106.642 1
318.815980 -21.154545   0.031098  0.000150   9322.946    44.968869   4.653897  12.667733   -2022.105 1
312.618130 -22.654808   0.042456  0.000150  12727.989    44.968869   4.692168  12.771904    1257.967 1
313.431600 -29.025630   0.053977  0.000150  16181.898    44.968869   4.704278  12.804866    4585.112 1
320.593260 -22.208664   0.035555  0.000150  10659.121    44.968869   4.706953  12.812149    -734.969 1
320.621250 -28.649157   0.034074  0.000080  10215.128    23.983397   4.712887  12.828301   -1162.667 1
320.689120 -22.287975   0.054698  0.000093  16398.048    27.880699   4.716970  12.839416    4793.329 1
318.852260 -21.094849   0.038760  0.000150  11619.956    44.968869   4.721655  12.852168     190.601 1
321.814480 -26.788265   0.038096  0.000083  11420.893    24.882774   4.724263  12.859265      -1.155 1
321.262300 -22.934202   0.035298  0.000150  10582.074    44.968869   4.743270  12.911002    -809.188 1
316.929400 -20.686640   0.028553  0.000150   8559.974    44.968869   4.752829  12.937023   -2757.074 1
311.692300 -24.285328   0.042106  0.000150  12623.061    44.968869   4.755456  12.944173    1156.891 1
321.504580 -23.298103   0.043690  0.000103  13097.932    30.878623   4.755987  12.945618    1614.334 1
315.723700 -20.771578   0.041946  0.000150  12575.094    44.968869   4.766857  12.975205    1110.685 1
312.224300 -23.057991   0.042216  0.000150  12656.038    44.968869   4.769499  12.982398    1188.658 1
319.665100 -21.425201   0.032232  0.000150   9662.911    44.968869   4.774046  12.994774   -1694.617 1
311.816300 -23.815557   0.042159  0.000150  12638.950    44.968869   4.785120  13.024917    1172.197 1
317.780940 -20.732592   0.039577  0.000150  11864.886    44.968869   4.787918  13.032532     426.542 1
316.435800 -20.626688   0.022042  0.000150   6608.025    44.968869   4.822676  13.127144   -4637.383 1
312.039600 -23.249908   0.042102  0.000150  12621.862    44.968869   4.824729  13.132730    1155.736 1
313.503750 -21.635660   0.026999  0.000120   8094.097    35.975095   4.829651  13.146129   -3205.853 1
318.824950 -20.964794   0.039361  0.000150  11800.131    44.968869   4.832174  13.152996     364.164 1
321.509580 -27.801111   0.035427  0.000038  10620.747    11.392113   4.864400  13.240713    -771.935 1
320.702150 -22.082512   0.035461  0.000150  10630.940    44.968869   4.865104  13.242631    -762.116 1
320.793700 -28.705387   0.034127  0.000183  10231.017    54.862020   4.865622  13.244039   -1147.361 1
314.691625 -20.954389   0.028230  0.000150   8463.141    44.968869   4.871618  13.260362   -2850.353 1
312.987700 -21.953540   0.047109  0.000183  14122.923    54.862020   4.899159  13.335327    2601.705 1
318.618500 -30.054762   0.034364  0.000103  10302.068    30.878623   4.899701  13.336802   -1078.918 1
318.115260 -20.680006   0.038780  0.000150  11625.952    44.968869   4.903790  13.347933     196.377 1
318.284550 -20.711000   0.047410  0.000150  14213.160    44.968869   4.913183  13.373499    2688.631 1
318.359620 -20.726347   0.032452  0.000150   9728.865    44.968869   4.917389  13.384949   -1631.084 1
313.952970 -29.640997   0.029254  0.000103   8770.129    30.878623   4.927528  13.412547   -2554.633 1
315.665700 -20.604708   0.043967  0.000150  13180.975    44.968869   4.940935  13.449039    1694.328 1
311.794625 -27.464611   0.041859  0.000131  12549.012    39.272812   4.954632  13.486322    1085.560 1
315.606840 -20.598034   0.048130  0.000183  14429.011    54.862020   4.958754  13.497540    2896.559 1
315.624730 -20.592382   0.047379  0.000183  14203.867    54.862020   4.960785  13.503071    2679.678 1
314.840450 -30.091398   0.042619  0.000103  12776.855    30.878623   4.978846  13.552230    1305.040 1
321.481800 -22.760061   0.035681  0.000167  10696.895    50.065340   5.003734  13.619975    -698.582 1
313.590550 -29.521849   0.038590  0.000103  11568.991    30.878623   5.008386  13.632639     141.507 1
312.768160 -21.984310   0.026008  0.000150   7797.002    44.968869   5.019272  13.662269   -3492.044 1
314.948640 -30.179436   0.033083  0.000103   9918.034    30.878623   5.027877  13.685691   -1448.857 1
321.492980 -22.729237   0.036035  0.000130  10803.021    38.973020   5.028802  13.688209    -596.350 1
317.902000 -20.507750   0.039634  0.000150  11881.974    44.968869   5.029520  13.690165     443.003 1
317.805600 -20.485834   0.029507  0.000150   8845.976    44.968869   5.034597  13.703984   -2481.569 1
314.671140 -20.783510   0.028440  0.000150   8526.098    44.968869   5.036370  13.708810   -2789.707 1
313.186500 -29.275255   0.053267  0.000150  15969.045    44.968869   5.037823  13.712766    4380.071 1
321.868380 -23.308163   0.031388  0.000150   9409.886    44.968869   5.047292  13.738538   -1938.356 1
312.097380 -28.200750   0.040765  0.000150  12221.040    44.968869   5.067193  13.792708     769.624 1
318.241300 -20.539130   0.031462  0.000133   9432.070    39.872397   5.068597  13.796530   -1916.985 1
319.190400 -20.840158   0.039294  0.000150  11780.045    44.968869   5.078941  13.824687     344.815 1
319.622340 -21.026550   0.038570  0.000150  11562.995    44.968869   5.094277  13.866431     135.731 1
311.701780 -27.619831   0.040835  0.000167  12242.025    50.065340   5.095761  13.870469     789.839 1
321.761700 -22.992172   0.032306  0.000053   9685.095    15.889000   5.103791  13.892327   -1673.247 1
313.032780 -21.630300   0.034244  0.000150  10266.093    44.968869   5.106876  13.900724   -1113.573 1
317.957580 -20.438050   0.040078  0.000183  12015.082    54.862020   5.107888  13.903480     571.226 1
311.660700 -27.579270   0.041372  0.000150  12403.014    44.968869   5.112189  13.915187     944.919 1
321.793150 -23.018213   0.031782  0.000157   9528.004    47.067416   5.116369  13.926563   -1824.573 1
312.078600 -22.587700   0.027000  0.001000   8094.396    99.990000   5.129611  13.962608   -3205.564 1
312.555420 -22.010624   0.026382  0.000150   7909.125    44.968869   5.142793  13.998489   -3384.036 1
315.911900 -20.342970   0.042853  0.000150  12847.006    44.968869   5.157998  14.039876    1372.617 1
312.461500 -22.080643   0.036812  0.000150  11035.960    44.968869   5.160507  14.046706    -371.961 1
318.399720 -30.396702   0.046789  0.000150  14026.989    44.968869   5.164479  14.057518    2509.293 1
312.077200 -22.524855   0.025881  0.000150   7758.929    44.968869   5.165840  14.061222   -3528.720 1
314.446900 -20.721730   0.027986  0.000150   8389.992    44.968869   5.173395  14.081786   -2920.818 1
319.228400 -20.746277   0.049598  0.000150  14869.106    44.968869   5.178515  14.095724    3320.503 1
322.462740 -24.550348   0.038870  0.000150  11652.933    44.968869   5.189114  14.124572     222.368 1
320.690200 -21.616123   0.041716  0.000150  12506.142    44.968869   5.190455  14.128224    1044.263 1
322.131300 -27.391098   0.051429  0.000150  15418.026    44.968869   5.194451  14.139101    3849.276 1
311.631500 -27.738964   0.041352  0.000150  12397.018    44.968869   5.204745  14.167121     939.144 1
312.597100 -21.849049   0.033326  0.000150   9990.883    44.968869   5.224441  14.220733   -1378.681 1
318.387300 -20.405950   0.032292  0.000150   9680.898    44.968869   5.231978  14.241246   -1677.290 1
317.990360 -20.314490   0.031195  0.000150   9352.026    44.968869   5.234892  14.249178   -1994.092 1
312.460540 -21.966587   0.026592  0.000150   7972.081    44.968869   5.236077  14.252405   -3323.390 1
321.944850 -23.008812   0.034764  0.000150  10421.985    44.968869   5.241822  14.268041    -963.402 1
