 95.520260 -64.959830   0.027833  0.000011   8344.123     3.297717   0.007574   0.014747     355.681 0
 95.592090 -64.934190   0.027803  0.000039   8335.130    11.691906   0.032372   0.063030     346.920 0
 95.667816 -64.943886   0.026593  0.000567   7972.381    99.990000   0.057174   0.111321      -6.424 0
 95.348630 -64.956660   0.028116  0.000019   8428.965     5.696057   0.079272   0.154346     438.323 0
 95.364650 -64.992790   0.026932  0.000031   8074.010     9.293566   0.081225   0.158148      92.570 0
 95.781000 -64.930530   0.028256  0.000017   8470.936     5.096472   0.106872   0.208084     479.205 0
 95.308220 -65.015940   0.026165  0.000014   7844.070     4.197094   0.113419   0.220830    -131.409 0
 95.703570 -65.051530   0.024911  0.000611   7468.130    99.990000   0.118896   0.231495    -497.603 0
 95.794830 -65.019190   0.025321  0.000184   7591.045    55.161812   0.126448   0.246199    -377.874 0
 95.479965 -64.816795   0.027563  0.000224   8263.180    67.153511   0.141348   0.275209     276.835 0
 95.782196 -64.855630   0.026235  0.000190   7865.055    56.960567   0.144825   0.281979    -110.968 0
 95.183170 -64.997345   0.025107  0.000150   7526.889    44.968869   0.154891   0.301579    -440.367 0
 95.954030 -64.954155   0.024140  0.000014   7236.990     4.197094   0.177014   0.344652    -722.750 0
 96.005600 -65.036900   0.028957  0.000150   8681.090    44.968869   0.214606   0.417845     683.912 0
 95.690180 -65.164960   0.024254  0.000180   7271.166    53.962642   0.218790   0.425991    -689.460 0
 95.422424 -65.178024   0.024904  0.000177   7466.031    53.063265   0.227018   0.442012    -499.647 0
 95.557846 -64.727806   0.025735  0.000184   7715.159    55.161812   0.228529   0.444954    -256.978 0
 95.455220 -64.721886   0.029836  0.000290   8944.608    86.939813   0.236736   0.460934     940.598 1
 94.990974 -64.864890   0.029519  0.000123   8849.574    36.874472   0.248066   0.482993     848.027 0
 96.229126 -64.999466   0.025641  0.000150   7686.978    44.968869   0.296634   0.577557    -284.428 0
 94.881960 -65.184074   0.028901  0.000310   8664.302    92.935662   0.358579   0.698167     667.558 0
 95.912340 -65.278625   0.029147  0.000150   8738.051    44.968869   0.359703   0.700356     739.395 0
 96.324640 -64.798590   0.024760  0.000100   7422.861    29.979246   0.369193   0.718833    -541.698 0
 96.360480 -65.093170   0.028900  0.000150   8664.002    44.968869   0.374989   0.730117     667.266 0
 94.632170 -64.931310   0.029512  0.000153   8847.475    45.868246   0.383362   0.746420     845.983 0
 94.661720 -65.064770   0.037026  0.000661  11100.116    99.990000   0.385661   0.750897    3040.224 1
 94.588234 -64.938230   0.027133  0.000163   8134.269    48.866171   0.401555   0.781843     151.267 0
 95.859634 -64.572910   0.043687  0.000150  13097.033    44.968869   0.407002   0.792448    4985.371 1
 95.835980 -65.347260   0.028997  0.000120   8693.082    35.975095   0.411226   0.800672     695.592 0
 94.565390 -64.899060   0.023346  0.000240   6998.955    71.950190   0.414773   0.807578    -954.614 1
 95.738464 -65.364670   0.027933  0.000150   8374.103    44.968869   0.417427   0.812745     384.883 0
 95.377770 -65.414880   0.016331  0.000150   4895.911    44.968869   0.463592   0.902630   -3003.137 1
 95.217220 -64.485360   0.025771  0.000150   7725.951    44.968869   0.489731   0.953525    -246.465 0
 95.314680 -64.458810   0.024217  0.000210   7260.074    62.956416   0.506075   0.985347    -700.265 0
 94.959920 -65.450850   0.029284  0.000103   8779.122    30.878623   0.551524   1.073837     779.402 0
 95.492450 -64.383100   0.025214  0.000150   7558.967    44.968869   0.573341   1.116316    -409.120 0
 96.377010 -65.411190   0.036855  0.000150  11048.851    44.968869   0.577789   1.124976    2990.288 1
 94.919340 -64.422100   0.028590  0.000150   8571.066    44.968869   0.594410   1.157338     576.740 0
 95.582130 -64.234566   0.026118  0.000011   7829.979     3.297717   0.721845   1.405460    -145.134 0
 96.746580 -65.483120   0.028680  0.000150   8598.048    44.968869   0.735089   1.431246     603.022 0
 96.578026 -64.177800   0.027619  0.000150   8279.968    44.968869   0.894669   1.741955     293.188 0
 94.346760 -64.063820   0.040388  0.000150  12108.018    44.968869   1.024515   1.994769    4021.996 1
 97.934220 -64.729820   0.039184  0.000150  11747.068    44.968869   1.040161   2.025233    3670.404 1
 93.111160 -64.603420   0.039050  0.000150  11706.895    44.968869   1.085334   2.113185    3631.273 1
 93.323740 -64.403610   0.037713  0.000187  11306.073    56.061190   1.087289   2.116993    3240.842 1
 96.334180 -66.002304   0.026895  0.000150   8062.918    44.968869   1.099381   2.140536      81.766 1
 93.400314 -64.319580   0.037349  0.000150  11196.949    44.968869   1.105649   2.152741    3134.546 1
 96.117810 -63.869926   0.039337  0.000150  11792.936    44.968869   1.113801   2.168613    3715.083 1
 98.130010 -64.707120   0.026508  0.000087   7946.898    26.081944   1.126003   2.192369     -31.246 1
 94.586590 -66.017555   0.026959  0.000033   8082.105     9.893151   1.134933   2.209757     100.455 1
 96.104400 -63.843906   0.040094  0.000150  12019.879    44.968869   1.137978   2.215685    3936.142 1
 92.838960 -64.892715   0.037139  0.000150  11133.992    44.968869   1.143404   2.226251    3073.222 1
 96.142044 -63.820755   0.025424  0.000150   7621.923    44.968869   1.164024   2.266398    -347.796 1
 97.788956 -65.708885   0.026321  0.000028   7890.837     8.394189   1.215011   2.365671     -85.854 1
 92.850180 -65.394800   0.035965  0.000150  10782.036    44.968869   1.218583   2.372627    2730.390 1
 96.715250 -63.842340   0.015100  0.000834   4526.866    99.990000   1.220574   2.376502   -3362.614 1
 94.949165 -63.740673   0.025741  0.000150   7716.958    44.968869   1.240589   2.415473    -255.226 1
 98.029850 -65.617830   0.038427  0.000150  11520.125    44.968869   1.245943   2.425897    3449.344 1
 96.551670 -63.754353   0.017856  0.000150   5353.094    44.968869   1.276400   2.485199   -2557.806 1
 92.510920 -64.954480   0.039311  0.000150  11785.141    44.968869   1.280508   2.493196    3707.490 1
 92.647020 -65.422516   0.036739  0.000150  11014.075    44.968869   1.308805   2.548292    2956.414 1
 93.336030 -65.891320   0.037406  0.000150  11214.037    44.968869   1.319748   2.569599    3151.191 1
 92.312940 -65.208250   0.035458  0.000150  10630.041    44.968869   1.387411   2.701341    2582.336 1
 97.970604 -65.901190   0.038657  0.000150  11589.077    44.968869   1.398331   2.722603    3516.509 1
 92.572610 -64.324690   0.040011  0.000150  11994.996    44.968869   1.404364   2.734348    3911.904 1
 92.460720 -64.405000   0.040635  0.000150  12182.067    44.968869   1.413624   2.752379    4094.125 1
 98.597404 -65.552370   0.024000  0.000333   7195.019    99.830889   1.426545   2.777536    -763.633 1
 94.203600 -66.267975   0.037199  0.000103  11151.980    30.878623   1.427923   2.780219    3090.743 1
 97.857460 -63.870018   0.027286  0.000150   8180.137    44.968869   1.464741   2.851904     195.946 1
 95.378975 -63.455788   0.017679  0.000150   5300.031    44.968869   1.501828   2.924114   -2609.494 1
 96.494225 -63.505875   0.039931  0.000150  11971.013    44.968869   1.505940   2.932122    3888.543 1
 97.396940 -66.268295   0.043447  0.000150  13025.083    44.968869   1.530480   2.979901    4915.286 1
 92.607660 -64.011020   0.037456  0.000150  11229.026    44.968869   1.558769   3.034981    3165.792 1
 97.597620 -63.657463   0.036102  0.000150  10823.107    44.968869   1.564697   3.046523    2770.397 1
 91.953490 -64.546196   0.035851  0.000150  10747.859    44.968869   1.570908   3.058615    2697.100 1
 97.758690 -66.218590   0.036318  0.000103  10887.862    30.878623   1.574524   3.065657    2833.473 1
 98.756530 -65.763340   0.023840  0.000103   7147.052    30.878623   1.584374   3.084835    -810.356 1
 92.217064 -65.689150   0.037152  0.000150  11137.889    44.968869   1.584625   3.085324    3077.018 1
 92.277664 -65.748250   0.038283  0.000160  11476.955    47.966793   1.590519   3.096799    3407.293 1
 92.382740 -65.822685   0.035301  0.000150  10582.974    44.968869   1.591381   3.098477    2536.489 1
 97.046290 -63.491860   0.027889  0.000150   8360.912    44.968869   1.597788   3.110952     372.034 1
 92.216700 -65.730610   0.036592  0.000150  10970.006    44.968869   1.604360   3.123748    2913.487 1
 92.044490 -65.613290   0.035902  0.000150  10763.149    44.968869   1.617461   3.149257    2711.993 1
 96.212600 -63.354840   0.036432  0.000150  10922.039    44.968869   1.626727   3.167297    2866.764 1
 92.423930 -65.950250   0.040208  0.000150  12054.055    44.968869   1.650334   3.213262    3969.432 1
 92.901436 -66.182730   0.037709  0.000150  11304.874    44.968869   1.657761   3.227722    3239.674 1
 96.291020 -63.317440   0.035425  0.000150  10620.148    44.968869   1.669592   3.250757    2572.699 1
 92.228920 -65.882126   0.037519  0.000110  11247.913    32.977170   1.678423   3.267953    3184.190 1
 96.755420 -63.358334   0.039294  0.000700  11780.045    99.990000   1.679139   3.269346    3702.526 1
 93.509280 -66.404170   0.035731  0.000103  10711.884    30.878623   1.683077   3.277013    2662.057 1
 96.652330 -63.339115   0.039741  0.000150  11914.052    44.968869   1.684678   3.280131    3833.059 1
 92.747475 -63.738530   0.037219  0.000150  11157.975    44.968869   1.695837   3.301857    3096.584 1
 98.738620 -66.091190   0.026789  0.000150   8031.140    44.968869   1.768160   3.442673      50.812 1
 92.332850 -66.157530   0.034054  0.000150  10209.132    44.968869   1.811560   3.527175    2172.339 1
 98.086494 -66.439026   0.026742  0.000150   8017.050    44.968869   1.834308   3.571465      37.087 1
 95.226830 -63.118790   0.016898  0.000150   5065.893    44.968869   1.842008   3.586458   -2837.562 1
 91.156740 -65.099884   0.035358  0.000150  10600.062    44.968869   1.859311   3.620148    2553.134 1
 91.182205 -65.279686   0.042333  0.000150  12691.114    44.968869   1.871151   3.643201    4589.976 1
 91.148950 -65.225075   0.036078  0.000150  10815.912    44.968869   1.876416   3.653452    2763.388 1
 93.413124 -66.614440   0.038804  0.000103  11633.147    30.878623   1.886109   3.672325    3559.436 1
 99.209206 -63.818035   0.028506  0.000150   8545.884    44.968869   1.926963   3.751869     552.210 1
 93.095985 -63.267380   0.036589  0.000150  10969.106    44.968869   1.979569   3.854294    2912.611 1
 96.429474 -63.010193   0.039477  0.000150  11834.907    44.968869   1.982376   3.859760    3755.966 1
 95.746025 -62.968670   0.017078  0.000217   5119.856    65.054963   1.989466   3.873563   -2784.998 1
 93.287250 -66.722360   0.035471  0.000103  10633.938    30.878623   2.006385   3.906507    2586.132 1
 91.470894 -66.063290   0.037533  0.000274  11252.110    82.143133   2.046165   3.983959    3188.278 1
 92.577034 -66.581580   0.037619  0.000150  11277.892    44.968869   2.052034   3.995386    3213.392 1
 91.645730 -63.681953   0.041889  0.000100  12558.006    29.979246   2.082153   4.054028    4460.319 1
 93.691700 -63.002247   0.036699  0.000150  11002.083    44.968869   2.104083   4.096727    2944.733 1
 97.184510 -62.965520   0.027849  0.000150   8348.920    44.968869   2.109414   4.107107     360.353 1
 98.273890 -63.139900   0.027956  0.000150   8380.998    44.968869   2.154551   4.194992     391.599 1
 91.127830 -63.834200   0.042883  0.000150  12856.000    44.968869   2.177306   4.239296    4750.587 1
 91.265850 -63.727340   0.027939  0.000150   8375.901    44.968869   2.185689   4.255617     386.635 1
100.014890 -66.045650   0.040294  0.000700  12079.837    99.990000   2.186751   4.257686    3994.546 1
 92.347420 -63.218170   0.039784  0.000150  11926.943    44.968869   2.200523   4.284499    3845.616 1
 97.087950 -62.855118   0.042256  0.000150  12668.030    44.968869   2.201357   4.286124    4567.490 1
 99.171250 -66.530975   0.026107  0.000056   7826.682    16.788378   2.201878   4.287138    -148.346 1
100.056830 -66.054070   0.041509  0.000150  12444.085    44.968869   2.206340   4.295826    4349.351 1
100.676140 -64.590890   0.029080  0.000103   8717.965    30.878623   2.206371   4.295885     719.830 1
 92.273250 -63.221096   0.039190  0.000137  11748.866    41.071567   2.217629   4.317806    3672.156 1
 92.731970 -63.060240   0.038657  0.000150  11589.077    44.968869   2.236799   4.355131    3516.509 1
 98.146545 -62.983420   0.028143  0.000150   8437.059    44.968869   2.261181   4.402602     446.207 1
 92.873070 -66.920490   0.034948  0.000103  10477.147    30.878623   2.264782   4.409614    2433.405 1
 96.298170 -67.204895   0.037703  0.000150  11303.075    44.968869   2.271782   4.423245    3237.921 1
 91.462160 -66.435320   0.036055  0.000103  10809.017    30.878623   2.271941   4.423553    2756.672 1
 91.012146 -66.210846   0.039731  0.000150  11911.054    44.968869   2.289394   4.457536    3830.139 1
 98.327545 -62.994316   0.028166  0.000050   8443.954    14.989623   2.290259   4.459219     452.924 1
 90.995674 -63.699577   0.026472  0.000187   7936.106    56.061190   2.296252   4.470888     -41.759 1
 90.781660 -63.834570   0.026385  0.000150   7910.024    44.968869   2.303949   4.485874     -67.165 1
100.746140 -64.268810   0.028636  0.000150   8584.857    44.968869   2.310178   4.498002     590.173 1
100.776930 -64.258490   0.028630  0.000130   8583.058    38.973020   2.325699   4.528223     588.421 1
 99.118710 -66.736206   0.023510  0.000150   7048.121    44.968869   2.338554   4.553252    -906.723 1
100.820620 -65.714935   0.036068  0.000150  10812.914    44.968869   2.362270   4.599428    2760.468 1
 90.698350 -63.763752   0.026882  0.000167   8059.021    50.065340   2.369650   4.613797      77.969 1
100.968900 -64.242645   0.011571  0.000053   3468.899    15.889000   2.407991   4.688448   -4393.154 1
100.521840 -66.150760   0.039000  0.000333  11691.906    99.830889   2.425238   4.722028    3616.672 1
 90.654840 -63.684700   0.027159  0.000073   8142.063    21.884849   2.426064   4.723637     158.859 1
 92.015950 -66.872840   0.035912  0.000103  10766.147    30.878623   2.427739   4.726897    2714.913 1
 96.792500 -62.574493   0.035551  0.000150  10657.922    44.968869   2.440333   4.751420    2609.494 1
 97.032380 -67.343870   0.037799  0.000103  11331.855    30.878623   2.470329   4.809822    3265.955 1
 97.161760 -67.364006   0.037596  0.000150  11270.997    44.968869   2.504292   4.875949    3206.675 1
100.676200 -66.221110   0.038920  0.000150  11667.922    44.968869   2.516923   4.900543    3593.310 1
 90.861680 -66.618480   0.036322  0.000150  10889.062    44.968869   2.584262   5.031653    2834.641 1
101.457146 -65.638570   0.036679  0.000150  10996.088    44.968869   2.597773   5.057961    2938.893 1
101.683330 -64.918450   0.029267  0.000150   8774.026    44.968869   2.602556   5.067272     774.438 1
101.706680 -64.964080   0.030208  0.000414   9056.131    99.990000   2.612179   5.086009    1049.229 1
101.713120 -64.957720   0.030208  0.000414   9056.131    99.990000   2.614894   5.091295    1049.229 1
101.551030 -65.643135   0.035691  0.000700  10699.893    99.990000   2.637326   5.134971    2650.377 1
101.571680 -65.651566   0.034591  0.000700  10370.121    99.990000   2.647968   5.155692    2329.154 1
 92.329560 -62.670815   0.043583  0.000150  13065.855    44.968869   2.657996   5.175217    4955.001 1
101.605050 -65.640600   0.035758  0.000133  10719.979    39.872397   2.658757   5.176698    2669.942 1
101.102325 -63.717346   0.011325  0.000110   3395.150    32.977170   2.662132   5.183270   -4464.991 1
100.058660 -63.101254   0.026752  0.000090   8020.048    26.981321   2.665725   5.190266      40.007 1
 92.589920 -62.588207   0.027806  0.000150   8336.029    44.968869   2.676249   5.210755     347.796 1
 89.494514 -64.164010   0.026902  0.000700   8065.017    99.990000   2.677257   5.212720      83.810 1
101.642235 -65.677030   0.036439  0.000103  10924.137    30.878623   2.683526   5.224925    2868.808 1
 90.054510 -66.346250   0.026141  0.000140   7836.875    41.970944   2.704873   5.266489    -138.418 1
 91.687355 -67.117310   0.037726  0.000033  11309.970     9.893151   2.706418   5.269497    3244.638 1
 92.636536 -62.538410   0.027969  0.000050   8384.895    14.989623   2.711419   5.279233     395.396 1
 97.773330 -67.505080   0.013136  0.000333   3938.074    99.830889   2.719214   5.294411   -3936.142 1
 93.127360 -62.416336   0.035214  0.000033  10556.892     9.893151   2.736812   5.328674    2511.083 1
 91.384926 -67.068200   0.026482  0.000103   7939.104    30.878623   2.747428   5.349344     -38.839 1
 95.819350 -62.202280   0.040258  0.000150  12069.045    44.968869   2.756479   5.366967    3984.033 1
101.794014 -65.738365   0.035378  0.000150  10606.058    44.968869   2.762208   5.378121    2558.974 1
 94.011530 -67.645940   0.035725  0.000277  10710.086    83.042511   2.766113   5.385724    2660.305 1
 98.293270 -62.421570   0.027923  0.000150   8371.105    44.968869   2.790430   5.433072     381.963 1
 91.367020 -67.119750   0.026892  0.000150   8062.019    44.968869   2.792036   5.436198      80.890 1
 94.126526 -67.687830   0.037876  0.000150  11354.939    44.968869   2.796074   5.444060    3288.441 1
101.791916 -64.039220   0.011905  0.000150   3569.029    44.968869   2.802494   5.456560   -4295.619 1
 89.286650 -65.892410   0.043190  0.000150  12948.036    44.968869   2.806175   5.463726    4840.237 1
 96.130980 -62.143703   0.043667  0.000150  13091.037    44.968869   2.823702   5.497853    4979.531 1
 95.713420 -67.820190   0.037733  0.000150  11312.069    44.968869   2.865030   5.578319    3246.682 1
101.143520 -63.349068   0.022686  0.000150   6801.092    44.968869   2.866619   5.581414   -1147.348 1
 89.526050 -63.634422   0.013209  0.000100   3959.959    29.979246   2.866894   5.581949   -3914.825 1
102.287120 -64.672660   0.028840  0.000100   8646.014    29.979246   2.871900   5.591695     649.745 1
100.308040 -67.003100   0.038310  0.000103  11485.049    30.878623   2.875908   5.599500    3415.178 1
102.155280 -64.273290   0.011671  0.000067   3498.878    20.086095   2.884070   5.615391   -4363.952 1
102.211570 -64.335440   0.015204  0.000133   4558.045    39.872397   2.893259   5.633282   -3332.244 1
 98.080680 -67.647285   0.037739  0.000103  11313.868    30.878623   2.898736   5.643947    3248.434 1
 93.614000 -67.746320   0.036255  0.000103  10868.976    30.878623   2.906364   5.658798    2815.076 1
 99.188850 -62.442696   0.029057  0.000150   8711.069    44.968869   2.951033   5.745771     713.114 1
 96.824554 -67.868850   0.042706  0.000183  12802.937    54.862020   2.963346   5.769745    4698.899 1
100.937996 -66.862840   0.025641  0.000033   7686.978     9.893151   2.977384   5.797078    -284.428 1
102.407580 -64.310590   0.012379  0.000150   3711.131    44.968869   2.979638   5.801466   -4157.202 1
101.654785 -66.448250   0.041158  0.000103  12338.858    30.878623   2.989232   5.820145    4246.852 1
 92.745895 -67.709950   0.036389  0.000103  10909.148    30.878623   2.996379   5.834062    2854.207 1
102.668320 -64.998085   0.034681  0.000150  10397.102    44.968869   3.019532   5.879140    2355.436 1
100.308945 -67.214516   0.041469  0.000103  12432.093    30.878623   3.030282   5.900072    4337.670 1
 97.839970 -67.841835   0.014053  0.000103   4212.983    30.878623   3.046062   5.930796   -3668.359 1
 96.846990 -61.935720   0.039891  0.000150  11959.021    44.968869   3.070994   5.979338    3876.862 1
 93.450070 -67.920680   0.035985  0.000103  10788.032    30.878623   3.093229   6.022633    2736.231 1
 93.137100 -67.884605   0.036228  0.000103  10860.881    30.878623   3.099514   6.034868    2807.191 1
102.887276 -64.671960   0.040445  0.000150  12125.106    44.968869   3.124876   6.084250    4038.641 1
 98.086550 -67.894300   0.013289  0.000150   3983.942    44.968869   3.130264   6.094740   -3891.463 1
 92.397770 -62.112030   0.039954  0.000163  11977.908    48.866171   3.139053   6.111853    3895.259 1
 92.938860 -67.897730   0.036178  0.000150  10845.892    44.968869   3.140302   6.114285    2792.590 1
102.783005 -64.147920   0.035358  0.000150  10600.062    44.968869   3.172468   6.176913    2553.134 1
102.113460 -66.504150   0.040485  0.000150  12137.098    44.968869   3.185747   6.202768    4050.322 1
 95.064720 -68.145180   0.038090  0.000103  11419.095    30.878623   3.195265   6.221300    3350.933 1
 92.885850 -61.950200   0.035388  0.000150  10609.056    44.968869   3.208447   6.246966    2561.894 1
 95.065025 -68.165420   0.038337  0.000150  11493.143    44.968869   3.215458   6.260616    3423.062 1
 99.479440 -62.172768   0.029454  0.000150   8830.087    44.968869   3.245600   6.319305     829.046 1
103.262880 -64.918260   0.034984  0.000150  10487.939    44.968869   3.271144   6.369039    2443.918 1
 94.778380 -68.217710   0.041809  0.000113  12534.023    33.876548   3.277289   6.381004    4436.957 1
102.834560 -63.862200   0.041385  0.000150  12406.911    44.968869   3.277563   6.381537    4313.140 1
103.314680 -64.814870   0.041312  0.000150  12385.026    44.968869   3.295882   6.417204    4291.823 1
 95.865170 -68.249610   0.014667  0.000150   4397.056    44.968869   3.296412   6.418237   -3489.059 1
103.057040 -64.090904   0.034924  0.000150  10469.952    44.968869   3.299267   6.423796    2426.397 1
 94.935980 -68.248560   0.038093  0.000150  11419.994    44.968869   3.302193   6.429493    3351.809 1
103.424240 -64.762344   0.041195  0.000150  12349.950    44.968869   3.344850   6.512546    4257.657 1
102.491425 -66.545135   0.040565  0.000150  12161.081    44.968869   3.345764   6.514326    4073.684 1
 92.993675 -61.742800   0.035368  0.000150  10603.060    44.968869   3.388760   6.598041    2556.054 1
102.340904 -63.170086   0.042686  0.000150  12796.941    44.968869   3.389411   6.599309    4693.059 1
 93.020460 -61.733340   0.035871  0.000150  10753.855    44.968869   3.394157   6.608550    2702.940 1
 99.033910 -68.014270   0.026985  0.000150   8089.899    44.968869   3.397756   6.615558     108.048 1
103.503450 -65.416180   0.040918  0.000207  12266.908    62.057039   3.403990   6.627695    4176.767 1
 94.181950 -68.317240   0.036956  0.000150  11079.130    44.968869   3.409610   6.638638    3019.782 1
103.542260 -65.421196   0.039894  0.000147  11959.920    44.069491   3.420947   6.660711    3877.738 1
 92.414520 -68.129110   0.037603  0.000103  11273.096    30.878623   3.437088   6.692137    3208.719 1
103.384340 -65.867330   0.041222  0.000150  12358.045    44.968869   3.445025   6.707592    4265.541 1
102.542600 -63.186497   0.042132  0.000150  12630.856    44.968869   3.453830   6.724735    4531.280 1
103.664800 -65.488510   0.030481  0.000150   9137.974    44.968869   3.482000   6.779582    1128.951 1
102.510210 -66.809440   0.039511  0.000103  11845.100    30.878623   3.485805   6.786992    3765.894 1
102.577640 -66.802640   0.039531  0.000150  11851.096    44.968869   3.506428   6.827145    3771.735 1
101.699120 -67.301390   0.036702  0.000150  11002.983    44.968869   3.508116   6.830432    2945.609 1
103.591340 -65.819580   0.040671  0.000150  12192.859    44.968869   3.517582   6.848863    4104.638 1
101.360450 -62.430590   0.042206  0.000150  12653.040    44.968869   3.529537   6.872140    4552.889 1
 90.278145 -67.708015   0.037189  0.000150  11148.982    44.968869   3.539262   6.891074    3087.823 1
101.987790 -62.699104   0.042933  0.000280  12870.990    83.941888   3.543091   6.898530    4765.188 1
103.786160 -65.626114   0.029654  0.000150   8890.046    44.968869   3.556116   6.923890     887.450 1
103.868970 -65.497050   0.029560  0.000107   8861.865    32.077793   3.568720   6.948430     860.000 1
 88.426940 -66.878630   0.039004  0.000187  11693.105    56.061190   3.570974   6.952818    3617.840 1
103.898610 -65.450200   0.039534  0.000183  11851.995    54.862020   3.574346   6.959384    3772.611 1
102.047104 -62.668910   0.042653  0.000150  12787.048    44.968869   3.581688   6.973679    4683.422 1
 87.157600 -64.433000   0.026862  0.000083   8053.025    24.882774   3.585006   6.980140      72.129 1
101.452820 -62.382175   0.043066  0.000143  12910.862    42.870321   3.591500   6.992784    4804.027 1
102.968830 -66.690180   0.040475  0.000103  12134.100    30.878623   3.592634   6.994992    4047.402 1
 88.363190 -66.879974   0.039341  0.000150  11794.135    44.968869   3.594464   6.998554    3716.251 1
 95.734720 -61.355503   0.040711  0.000150  12204.851    44.968869   3.601627   7.012501    4116.319 1
 89.093010 -62.593174   0.027582  0.000033   8268.876     9.893151   3.608610   7.026097     282.384 1
 92.222435 -61.631280   0.040405  0.000150  12113.114    44.968869   3.608614   7.026105    4026.960 1
 90.614300 -67.903490   0.025524  0.000090   7651.903    26.981321   3.609330   7.027499    -318.594 1
103.951190 -65.562904   0.029787  0.000103   8929.918    30.878623   3.613599   7.035811     926.289 1
 94.849490 -68.559380   0.036956  0.000150  11079.130    44.968869   3.614930   7.038404    3019.782 1
 92.220070 -61.624565   0.040358  0.000150  12099.024    44.968869   3.615190   7.038910    4013.235 1
102.053060 -62.617600   0.042473  0.000150  12733.085    44.968869   3.616592   7.041639    4630.858 1
 89.842030 -62.230400   0.037409  0.000150  11214.936    44.968869   3.638563   7.084416    3152.068 1
103.536480 -63.624790   0.023980  0.000150   7189.023    44.968869   3.639030   7.085326    -769.474 1
 90.042830 -67.757480   0.037209  0.000150  11154.978    44.968869   3.640658   7.088496    3093.663 1
104.136960 -64.606490   0.041385  0.000150  12406.911    44.968869   3.657684   7.121647    4313.140 1
104.195870 -65.043500   0.040655  0.000150  12188.062    44.968869   3.666911   7.139612    4099.966 1
 90.384870 -67.916650   0.038457  0.000150  11529.119    44.968869   3.676835   7.158934    3458.105 1
103.755810 -63.752056   0.035094  0.000150  10520.917    44.968869   3.682033   7.169054    2476.040 1
104.124140 -65.560460   0.029500  0.000300   8843.878    89.937737   3.685390   7.175592     842.479 1
 92.345560 -61.517400   0.040628  0.000150  12179.968    44.968869   3.694434   7.193199    4092.081 1
 97.619610 -68.555370   0.036745  0.000150  11015.874    44.968869   3.705732   7.215197    2958.166 1
 87.479220 -63.439230   0.026949  0.000150   8079.107    44.968869   3.732618   7.267547      97.535 1
 87.782940 -63.164307   0.026568  0.000097   7964.886    29.079868   3.739206   7.280373     -13.725 1
101.780240 -67.603810   0.036062  0.000150  10811.116    44.968869   3.741282   7.284415    2758.716 1
 86.843460 -65.649520   0.034777  0.000150  10425.882    44.968869   3.744368   7.290424    2383.470 1
104.371370 -65.419990   0.034374  0.000150  10305.066    44.968869   3.768814   7.338021    2265.786 1
 86.676100 -65.392170   0.036785  0.000150  11027.866    44.968869   3.775716   7.351458    2969.847 1
 91.099200 -61.678700   0.036412  0.000150  10916.043    44.968869   3.777424   7.354784    2860.923 1
 95.788330 -68.732900   0.014520  0.000033   4352.986     9.893151   3.778265   7.356423   -3531.986 1
103.500000 -63.218887   0.011801  0.000033   3537.851     9.893151   3.792590   7.384313   -4325.989 1
 87.636850 -66.765720   0.037479  0.000150  11235.922    44.968869   3.802009   7.402654    3172.509 1
 96.760124 -61.178333   0.032609  0.000033   9775.932     9.893151   3.813192   7.424427    1750.370 1
102.936650 -67.179985   0.037082  0.000150  11116.904    44.968869   3.841884   7.480290    3056.577 1
 86.907470 -63.720604   0.036649  0.000150  10987.094    44.968869   3.855829   7.507442    2930.132 1
102.928764 -67.215610   0.036325  0.000150  10889.961    44.968869   3.859907   7.515382    2835.517 1
104.667670 -64.871030   0.033770  0.000150  10123.991    44.968869   3.866526   7.528269    2089.406 1
 86.944020 -66.268486   0.025421  0.000107   7621.024    32.077793   3.866562   7.528340    -348.672 1
101.104350 -61.881863   0.029020  0.000150   8699.977    44.968869   3.873961   7.542747     702.309 1
103.759680 -66.673070   0.029924  0.000183   8970.990    54.862020   3.881593   7.557605     966.295 1
 89.386860 -62.037365   0.037869  0.000143  11352.841    42.870321   3.910841   7.614552    3286.397 1
 89.293410 -67.840890   0.036966  0.000150  11082.128    44.968869   3.912115   7.617033    3022.703 1
 96.350700 -61.034084   0.029350  0.000150   8798.909    44.968869   3.937199   7.665873     798.676 1
104.686830 -65.714554   0.029971  0.000150   8985.080    44.968869   3.947243   7.685430     980.020 1
 97.680300 -68.806980   0.036986  0.000150  11088.124    44.968869   3.956379   7.703217    3028.543 1
 86.684020 -63.637230   0.018816  0.000150   5640.895    44.968869   3.972444   7.734497   -2277.467 1
104.761690 -65.702600   0.036862  0.000150  11050.950    44.968869   3.976085   7.741586    2992.332 1
 95.939804 -60.979008   0.040521  0.000053  12147.890    15.889000   3.980812   7.750788    4060.835 1
 95.886826 -60.976160   0.040558  0.000150  12158.983    44.968869   3.982757   7.754577    4071.640 1
 97.356500 -68.867424   0.037242  0.000103  11164.871    30.878623   3.986483   7.761831    3103.300 1
103.788520 -66.884710   0.040381  0.000150  12105.919    44.968869   3.990419   7.769494    4019.952 1
 86.222500 -65.752440   0.014748  0.000049   4421.339    14.689830   4.022082   7.831144   -3465.405 1
 93.204895 -61.028233   0.030201  0.000150   9054.032    44.968869   4.049957   7.885417    1047.185 1
104.226036 -63.259790   0.035515  0.000150  10647.129    44.968869   4.050928   7.887307    2598.981 1
103.164604 -62.509350   0.026392  0.000150   7912.123    44.968869   4.051585   7.888586     -65.121 1
100.853065 -61.541180   0.043657  0.000150  13088.039    44.968869   4.090011   7.963403    4976.611 1
104.903240 -63.705660   0.034854  0.000150  10448.966    44.968869   4.157810   8.095411    2405.956 1
105.047540 -66.040190   0.026211  0.000150   7857.860    44.968869   4.169771   8.118698    -117.976 1
 91.596756 -61.126915   0.029711  0.000150   8907.134    44.968869   4.176543   8.131884     904.095 1
102.080060 -61.823204   0.030001  0.000150   8994.074    44.968869   4.182040   8.142588     988.781 1
104.089066 -62.846203   0.030087  0.000210   9019.856    62.956416   4.190588   8.159231    1013.895 1
 96.382680 -69.152590   0.014210  0.000150   4260.051    44.968869   4.211726   8.200386   -3622.512 1
102.943300 -67.803635   0.035795  0.000150  10731.071    44.968869   4.235617   8.246903    2680.747 1
 88.656970 -68.032745   0.037783  0.000150  11327.058    44.968869   4.236130   8.247901    3261.283 1
 85.670250 -65.811140   0.019414  0.000035   5820.171    10.492736   4.262865   8.299957   -2102.838 1
100.805470 -68.589485   0.036392  0.000150  10910.047    44.968869   4.263456   8.301108    2855.083 1
103.914345 -67.325290   0.038093  0.000053  11419.994    15.889000   4.265197   8.304497    3351.809 1
104.293570 -62.819584   0.031588  0.000700   9469.844    99.990000   4.278836   8.331052    1452.217 1
 95.009155 -69.234760   0.036038  0.000150  10803.921    44.968869   4.284420   8.341925    2751.708 1
104.019490 -67.312710   0.025698  0.000150   7704.067    44.968869   4.295365   8.363235    -267.783 1
 92.707664 -60.822693   0.029294  0.000033   8782.120     9.893151   4.303345   8.378772     782.322 1
104.917790 -63.298023   0.022956  0.000123   6882.036    36.874472   4.303711   8.379485   -1068.502 1
 95.009500 -69.260574   0.035845  0.000097  10746.061    29.079868   4.310192   8.392103    2695.348 1
104.327300 -62.742756   0.037813  0.000150  11336.052    44.968869   4.329977   8.430627    3270.044 1
101.556854 -61.428444   0.039511  0.000150  11845.100    44.968869   4.352100   8.473701    3765.894 1
 95.056650 -69.309490   0.035918  0.000150  10767.946    44.968869   4.358068   8.485321    2716.665 1
105.840100 -64.751564   0.032412  0.000150   9716.873    44.968869   4.366687   8.502102    1692.842 1
105.171350 -63.390293   0.034634  0.000150  10383.012    44.968869   4.369042   8.506687    2341.711 1
 89.207924 -61.502224   0.035228  0.000150  10561.089    44.968869   4.370930   8.510364    2515.171 1
104.133560 -67.418320   0.035825  0.000150  10740.065    44.968869   4.394112   8.555498    2689.507 1
 88.798960 -61.602360   0.036782  0.000150  11026.966    44.968869   4.402360   8.571559    2968.971 1
102.145400 -61.517700   0.040308  0.000150  12084.034    44.968869   4.432951   8.631120    3998.634 1
 91.505430 -69.054260   0.014250  0.000150   4272.043    44.968869   4.439083   8.643060   -3610.831 1
 93.873360 -69.347680   0.036802  0.000150  11032.962    44.968869   4.447568   8.659580    2974.811 1
 88.941420 -61.454990   0.034187  0.000173  10249.005    51.864095   4.477797   8.718437    2211.178 1
 88.183260 -61.717680   0.036855  0.000150  11048.851    44.968869   4.491664   8.745437    2990.288 1
 96.777890 -60.493020   0.040395  0.000150  12110.116    44.968869   4.493986   8.749957    4024.040 1
101.859320 -68.567764   0.029887  0.000700   8959.897    99.990000   4.495436   8.752780     955.491 1
 84.934670 -65.221470   0.036889  0.000150  11059.044    44.968869   4.495459   8.752826    3000.217 1
 88.968960 -61.403477   0.037626  0.000500  11279.991    99.990000   4.510995   8.783075    3215.436 1
 88.659874 -68.419235   0.036095  0.000150  10821.009    44.968869   4.523843   8.808091    2768.353 1
 88.793915 -61.444320   0.037946  0.000150  11375.925    44.968869   4.525263   8.810854    3308.882 1
105.886480 -66.110550   0.041242  0.000150  12364.041    44.968869   4.531050   8.822123    4271.381 1
106.164700 -65.726910   0.032096  0.000033   9622.139     9.893151   4.564841   8.887915    1600.563 1
104.736410 -67.346380   0.024754  0.000150   7421.063    44.968869   4.569662   8.897301    -543.450 1
102.815400 -61.573260   0.039367  0.000150  11801.930    44.968869   4.575977   8.909597    3723.843 1
103.706890 -67.955750   0.042469  0.000103  12731.886    30.878623   4.578370   8.914256    4629.690 1
 96.626430 -69.512955   0.036525  0.000103  10949.920    30.878623   4.580133   8.917689    2893.922 1
 99.626790 -60.696667   0.030097  0.000183   9022.854    54.862020   4.598047   8.952567    1016.815 1
106.408165 -64.551070   0.032086  0.000150   9619.141    44.968869   4.620153   8.995609    1597.643 1
 88.740590 -61.333645   0.036989  0.000150  11089.023    44.968869   4.625684   9.006378    3029.419 1
 96.900760 -60.361588   0.035334  0.000150  10592.867    44.968869   4.630742   9.016227    2546.125 1
 84.629776 -64.491070   0.026588  0.000053   7970.882    15.889000   4.640054   9.034358      -7.885 1
103.682740 -68.095894   0.038543  0.000150  11554.901    44.968869   4.663823   9.080637    3483.219 1
 91.757050 -69.354904   0.014690  0.000087   4403.951    26.081944   4.680586   9.113274   -3482.343 1
103.798660 -68.090650   0.038487  0.000103  11538.112    30.878623   4.696723   9.144694    3466.865 1
 90.744880 -60.719303   0.036919  0.000150  11068.038    44.968869   4.697233   9.145687    3008.978 1
100.168900 -69.235560   0.029464  0.000033   8833.085     9.893151   4.707411   9.165503     831.966 1
106.372960 -66.029970   0.030454  0.000150   9129.880    44.968869   4.711462   9.173391    1121.066 1
103.134490 -61.512280   0.025811  0.000150   7737.943    44.968869   4.712385   9.175188    -234.784 1
104.204910 -61.964770   0.030474  0.000150   9135.875    44.968869   4.734449   9.218148    1126.906 1
 93.762245 -69.644540   0.038116  0.000150  11426.889    44.968869   4.748131   9.244787    3358.526 1
 95.165160 -69.717926   0.038216  0.000103  11456.869    30.878623   4.764365   9.276396    3387.728 1
106.718346 -65.509834   0.041405  0.000150  12412.907    44.968869   4.765936   9.279455    4318.981 1
 97.222810 -69.697296   0.033680  0.000150  10097.010    44.968869   4.794625   9.335313    2063.124 1
 84.654830 -63.591564   0.015327  0.000150   4594.919    44.968869   4.803965   9.353498   -3296.326 1
 89.689830 -60.826862   0.036222  0.000150  10859.082    44.968869   4.814059   9.373151    2805.439 1
105.821370 -67.034134   0.015487  0.000150   4642.886    44.968869   4.824421   9.393326   -3249.602 1
 93.380820 -60.211197   0.029997  0.000150   8992.874    44.968869   4.831850   9.407791     987.613 1
 85.942110 -62.316963   0.027586  0.000097   8270.075    29.079868   4.843379   9.430239     283.552 1
 94.152695 -60.142536   0.041255  0.000150  12367.938    44.968869   4.849091   9.441359    4275.178 1
 99.502560 -60.396930   0.030148  0.000150   9038.143    44.968869   4.858596   9.459866    1031.708 1
 88.915720 -68.927350   0.030608  0.000150   9176.048    44.968869   4.860442   9.463460    1166.037 1
105.647460 -62.599415   0.030044  0.000150   9006.965    44.968869   4.886260   9.513730    1001.338 1
 85.832320 -62.277992   0.014340  0.000077   4299.024    23.084019   4.903589   9.547471   -3584.550 1
 91.012110 -69.476616   0.030241  0.000150   9066.024    44.968869   4.909355   9.558695    1058.866 1
104.636020 -68.010160   0.012645  0.000150   3790.876    44.968869   4.915931   9.571500   -4079.524 1
 90.222565 -60.584915   0.036445  0.000193  10925.936    57.859944   4.915947   9.571531    2870.560 1
 93.967674 -69.835945   0.037382  0.000107  11206.842    32.077793   4.924747   9.588664    3144.183 1
 99.022550 -60.248620   0.028196  0.000150   8452.948    44.968869   4.933478   9.605665     461.684 1
 94.842640 -69.885070   0.035098  0.000150  10522.116    44.968869   4.937652   9.613793    2477.209 1
 89.746670 -69.253280   0.038667  0.000150  11592.075    44.968869   4.946820   9.631642    3519.429 1
 84.733510 -63.067410   0.018973  0.000127   5687.962    38.073642   4.947485   9.632936   -2231.619 1
 96.210770 -69.898820   0.034647  0.000103  10386.909    30.878623   4.950923   9.639631    2345.507 1
 94.031830 -69.867730   0.037089  0.000150  11119.002    44.968869   4.952679   9.643050    3058.621 1
107.112590 -64.124500   0.024677  0.000150   7397.978    44.968869   4.970619   9.677979    -565.935 1
 94.202324 -69.896600   0.037966  0.000113  11381.920    33.876548   4.972601   9.681839    3314.723 1
 90.189030 -60.522850   0.036038  0.000150  10803.921    44.968869   4.977655   9.691679    2751.708 1
 85.440765 -67.544495   0.041956  0.000113  12578.092    33.876548   4.996137   9.727664    4479.884 1
 89.462234 -60.646370   0.036368  0.000150  10902.852    44.968869   5.018414   9.771037    2848.074 1
 90.934710 -69.588380   0.013222  0.000047   3963.856    14.090246   5.025064   9.783985   -3911.028 1
104.459526 -68.285286   0.038480  0.000150  11536.014    44.968869   5.035129   9.803583    3464.821 1
106.239456 -67.181526   0.035905  0.000150  10764.048    44.968869   5.047947   9.828541    2712.869 1
107.050190 -66.301544   0.030578  0.000150   9167.054    44.968869   5.056413   9.845024    1157.277 1
 95.015340 -70.007760   0.035611  0.000150  10675.909    44.968869   5.056418   9.845033    2627.015 1
 84.473045 -66.907510   0.024247  0.000080   7269.068    23.983397   5.073325   9.877953    -691.504 1
106.999070 -66.454994   0.030388  0.000150   9110.093    44.968869   5.078709   9.888434    1101.793 1
105.608260 -67.719124   0.034941  0.000150  10475.048    44.968869   5.080711   9.892333    2431.361 1
 89.184400 -69.270770   0.036195  0.000150  10850.988    44.968869   5.083786   9.898321    2797.555 1
107.412240 -65.777380   0.023136  0.000150   6935.998    44.968869   5.094031   9.918268   -1015.939 1
 88.191124 -60.920113   0.016078  0.000150   4820.063    44.968869   5.094726   9.919621   -3077.018 1
104.907524 -68.166664   0.035758  0.000384  10719.979    99.990000   5.103477   9.936660    2669.942 1
101.984660 -60.641468   0.021902  0.000117   6566.054    35.075718   5.105729   9.941044   -1376.292 1
 96.594970 -59.868435   0.039371  0.000150  11803.129    44.968869   5.107425   9.944347    3725.011 1
 99.623825 -60.137060   0.030251  0.000150   9069.022    44.968869   5.120363   9.969536    1061.786 1
100.410950 -60.262264   0.029781  0.000123   8928.119    36.874472   5.127500   9.983433     924.536 1
100.864030 -69.572060   0.030321  0.000103   9090.007    30.878623   5.137487  10.002879    1082.227 1
 95.361820 -70.097404   0.036085  0.000150  10818.011    44.968869   5.141786  10.011248    2765.433 1
 95.380540 -70.108734   0.036122  0.000150  10829.103    44.968869   5.153008  10.033097    2776.237 1
 99.600170 -60.095104   0.030037  0.000150   9004.866    44.968869   5.156520  10.039936     999.294 1
 95.833280 -70.127410   0.036012  0.000150  10796.126    44.968869   5.172796  10.071626    2744.115 1
 99.954704 -69.789340   0.037386  0.000150  11208.041    44.968869   5.182535  10.090587    3145.351 1
 95.775970 -70.143005   0.036282  0.000150  10877.070    44.968869   5.187855  10.100945    2822.961 1
106.757195 -67.061200   0.035995  0.000150  10791.030    44.968869   5.195651  10.116126    2739.151 1
 93.550804 -70.088715   0.036395  0.000123  10910.947    36.874472   5.200903  10.126350    2855.959 1
100.323150 -60.163548   0.029847  0.000077   8947.905    23.084019   5.203432  10.131276     943.810 1
107.312650 -66.471600   0.031969  0.000150   9584.065    44.968869   5.210491  10.145020    1563.477 1
 92.875680 -70.048770   0.038570  0.000150  11562.995    44.968869   5.215642  10.155048    3491.103 1
 95.193085 -70.201930   0.036122  0.000103  10829.103    30.878623   5.247791  10.217643    2776.237 1
 96.158745 -59.678560   0.039007  0.000150  11694.004    44.968869   5.284168  10.288471    3618.716 1
 90.984830 -60.030120   0.035798  0.000150  10731.970    44.968869   5.289348  10.298558    2681.623 1
 90.114670 -60.155514   0.036752  0.000097  11017.972    29.079868   5.320948  10.360083    2960.210 1
 94.189990 -70.254510   0.038940  0.000150  11673.918    44.968869   5.328908  10.375582    3599.151 1
 92.582180 -70.142130   0.037766  0.000150  11321.962    44.968869   5.334584  10.386633    3256.319 1
 89.572920 -69.703480   0.013790  0.000150   4134.138    44.968869   5.376686  10.468607   -3745.161 1
 88.943184 -69.560840   0.014902  0.000044   4467.507    13.190868   5.384386  10.483599   -3420.434 1
 99.601980 -59.853317   0.011391  0.000150   3414.936    44.968869   5.385301  10.485382   -4445.718 1
 92.873940 -70.224525   0.037743  0.000107  11315.067    32.077793   5.387539  10.489738    3249.602 1
 97.754814 -70.263030   0.036282  0.000210  10877.070    62.956416   5.389369  10.493301    2822.961 1
108.265750 -64.683720   0.041469  0.000333  12432.093    99.830889   5.395580  10.505395    4337.670 1
 94.529335 -70.343124   0.038870  0.000150  11652.933    44.968869   5.403803  10.521404    3578.709 1
 83.471436 -66.723320   0.014410  0.000333   4320.009    99.830889   5.404131  10.522043   -3564.108 1
108.294510 -64.683660   0.042439  0.000150  12722.892    44.968869   5.407742  10.529075    4620.930 1
 89.925800 -60.084286   0.037886  0.000150  11357.937    44.968869   5.419851  10.552651    3291.361 1
 97.991035 -59.636580   0.031105  0.000150   9325.044    44.968869   5.420139  10.553212    1311.171 1
100.547740 -69.958824   0.036979  0.000150  11086.025    44.968869   5.433955  10.580111    3026.499 1
 83.956980 -62.555103   0.038113  0.000150  11425.990    44.968869   5.457986  10.626902    3357.650 1
 89.205710 -60.190400   0.036956  0.000150  11079.130    44.968869   5.467432  10.645293    3019.782 1
 95.882100 -59.489323   0.038907  0.000150  11664.025    44.968869   5.468787  10.647931    3589.514 1
 84.508930 -67.810710   0.021722  0.000127   6512.092    38.073642   5.471499  10.653211   -1428.856 1
 84.443820 -67.772736   0.022832  0.000077   6844.861    23.084019   5.475400  10.660808   -1104.713 1
 84.183136 -67.582460   0.023826  0.000254   7142.855    76.147284   5.476570  10.663084    -814.445 1
 84.554460 -67.856110   0.021912  0.000063   6569.052    18.886925   5.478959  10.667737   -1373.372 1
 88.447876 -69.548706   0.036695  0.000150  11000.884    44.968869   5.485823  10.681101    2943.565 1
 87.538820 -60.614880   0.015878  0.000150   4760.105    44.968869   5.505138  10.718708   -3135.422 1
105.099014 -68.690994   0.042693  0.000183  12799.039    54.862020   5.507891  10.724069    4695.103 1
105.853096 -61.595623   0.034751  0.000150  10418.088    44.968869   5.510648  10.729436    2375.877 1
 87.234090 -69.211220   0.025584  0.000133   7669.890    39.872397   5.518661  10.745037    -301.073 1
 92.648224 -70.347534   0.025928  0.000123   7773.019    36.874472   5.528226  10.763662    -200.618 1
 93.044950 -59.493786   0.030711  0.000150   9206.926    44.968869   5.563203  10.831763    1196.115 1
 98.414510 -59.527730   0.030965  0.000150   9283.073    44.968869   5.563503  10.832348    1270.288 1
 88.853940 -69.778725   0.036085  0.000150  10818.011    44.968869   5.590882  10.885655    2765.433 1
 87.140830 -69.276950   0.025064  0.000040   7513.998    11.991698   5.594492  10.892683    -452.924 1
104.725850 -68.976715   0.038653  0.000150  11587.878    44.968869   5.594530  10.892757    3515.341 1
 88.923980 -69.800850   0.036945  0.000100  11075.832    29.979246   5.595087  10.893843    3016.570 1
 89.298240 -60.016285   0.036809  0.000127  11035.061    38.073642   5.601278  10.905897    2976.855 1
106.632120 -68.011580   0.037946  0.000150  11375.925    44.968869   5.603483  10.910190    3308.882 1
 95.294780 -70.574920   0.037152  0.000150  11137.889    44.968869   5.619701  10.941766    3077.018 1
 83.034460 -62.976680   0.026402  0.000150   7915.120    44.968869   5.650097  11.000948     -62.200 1
 88.318120 -69.715760   0.037206  0.000150  11154.078    44.968869   5.655900  11.012247    3092.787 1
 88.877090 -69.879430   0.037576  0.000150  11265.001    44.968869   5.673101  11.045738    3200.835 1
107.808370 -67.255646   0.030981  0.000127   9287.870    38.073642   5.681250  11.061604    1274.961 1
 89.890640 -59.799070   0.038100  0.000150  11422.093    44.968869   5.683846  11.066660    3353.854 1
107.635830 -62.475277   0.028533  0.000060   8553.978    17.987547   5.691227  11.081030     560.095 1
 92.297676 -59.395245   0.033093  0.000150   9921.032    44.968869   5.727359  11.151381    1891.708 1
108.037650 -67.150260   0.025097  0.000150   7523.891    44.968869   5.728952  11.154483    -443.287 1
 89.229454 -70.037500   0.036385  0.000150  10907.949    44.968869   5.739936  11.175869    2853.039 1
105.047714 -69.155680   0.021328  0.000150   6393.974    44.968869   5.817948  11.327760   -1543.912 1
107.831406 -67.586685   0.040938  0.000150  12272.904    44.968869   5.831814  11.354757    4182.607 1
104.899750 -60.646866   0.030945  0.000150   9277.078    44.968869   5.855071  11.400040    1264.448 1
104.657260 -69.368410   0.039928  0.000150  11970.113    44.968869   5.863173  11.415816    3887.667 1
 93.339370 -70.775826   0.037032  0.000150  11101.914    44.968869   5.893490  11.474845    3041.976 1
 98.207160 -70.740395   0.037383  0.000150  11207.141    44.968869   5.893742  11.475335    3144.475 1
 82.371690 -63.034054   0.026101  0.000150   7824.883    44.968869   5.894734  11.477266    -150.098 1
104.997040 -69.299370   0.040174  0.000150  12043.862    44.968869   5.907939  11.502976    3959.504 1
 81.652280 -65.564606   0.024704  0.000150   7406.073    44.968869   5.908510  11.504089    -558.051 1
107.704370 -67.860250   0.030831  0.000107   9242.901    32.077793   5.913310  11.513434    1231.158 1
 90.553665 -59.422350   0.042523  0.000150  12748.075    44.968869   5.922071  11.530493    4645.460 1
102.105310 -59.710396   0.032826  0.000150   9840.987    44.968869   5.937286  11.560116    1813.738 1
 89.041000 -70.222050   0.037776  0.000150  11324.960    44.968869   5.940434  11.566245    3259.239 1
102.274730 -59.738552   0.041399  0.000150  12411.108    44.968869   5.946493  11.578043    4317.229 1
102.380516 -70.156410   0.020888  0.000033   6262.065     9.893151   5.952960  11.590633   -1672.400 1
 91.978670 -59.134865   0.015668  0.000150   4697.148    44.968869   6.012885  11.707311   -3196.747 1
107.113280 -61.465550   0.031348  0.000150   9397.894    44.968869   6.016854  11.715039    1382.132 1
107.312850 -68.331700   0.030638  0.000150   9185.041    44.968869   6.020617  11.722365    1174.798 1
109.636590 -65.798670   0.022879  0.000150   6858.952    44.968869   6.028159  11.737050   -1090.988 1
 81.407906 -64.118330   0.038106  0.000150  11423.891    44.968869   6.038943  11.758047    3355.606 1
 94.823680 -70.992070   0.036899  0.000150  11062.042    44.968869   6.043449  11.766819    3003.137 1
108.552730 -67.438446   0.031799  0.000150   9533.100    44.968869   6.043501  11.766921    1513.833 1
105.473760 -69.303880   0.037389  0.000150  11208.940    44.968869   6.049801  11.779187    3146.227 1
 82.616400 -62.366035   0.027729  0.000033   8312.945     9.893151   6.051310  11.782125     325.311 1
 97.170110 -58.935550   0.032232  0.000150   9662.911    44.968869   6.060210  11.799453    1640.278 1
 92.158850 -59.059196   0.037102  0.000150  11122.900    44.968869   6.067752  11.814138    3062.417 1
106.732920 -61.154880   0.031762  0.000150   9522.008    44.968869   6.075825  11.829856    1503.029 1
103.057310 -70.132430   0.037773  0.000150  11324.061    44.968869   6.077102  11.832342    3258.363 1
109.487610 -66.410780   0.038256  0.000150  11468.860    44.968869   6.082428  11.842712    3399.409 1
103.617620 -59.911995   0.032256  0.000150   9670.106    44.968869   6.094860  11.866919    1647.287 1
 97.922360 -58.945240   0.031769  0.000150   9524.107    44.968869   6.095206  11.867592    1505.073 1
 87.238846 -69.958610   0.025988  0.000150   7791.006    44.968869   6.112320  11.900915    -183.097 1
104.703790 -69.695120   0.037059  0.000150  11110.009    44.968869   6.125283  11.926154    3049.860 1
 98.696130 -70.939440   0.027442  0.000150   8226.905    44.968869   6.131021  11.937326     241.501 1
106.906650 -61.114940   0.031832  0.000150   9542.994    44.968869   6.158202  11.990247    1523.470 1
108.028340 -61.784310   0.034784  0.000150  10427.981    44.968869   6.166490  12.006386    2385.514 1
109.671020 -66.503640   0.026438  0.000150   7925.913    44.968869   6.180437  12.033540     -51.688 1
 83.119890 -68.235520   0.024470  0.000177   7335.921    53.063265   6.195010  12.061915    -626.384 1
 84.680730 -60.798740   0.034384  0.000150  10308.064    44.968869   6.196704  12.065212    2268.706 1
 97.393530 -71.104910   0.017739  0.000090   5318.018    26.981321   6.198843  12.069378   -2591.973 1
102.577240 -59.515350   0.042276  0.000150  12674.026    44.968869   6.203769  12.078968    4573.330 1
 87.330100 -70.114290   0.018589  0.000143   5572.842    42.870321   6.218714  12.108068   -2343.755 1
101.650280 -70.614900   0.020791  0.000150   6232.985    44.968869   6.222600  12.115633   -1700.726 1
 90.556710 -59.079895   0.038030  0.000150  11401.107    44.968869   6.242830  12.155021    3333.412 1
 89.686485 -59.221184   0.035438  0.000150  10624.045    44.968869   6.246677  12.162512    2576.495 1
106.877235 -60.950874   0.031215  0.000150   9358.022    44.968869   6.252285  12.173432    1343.294 1
 96.051880 -58.703880   0.037046  0.000167  11106.111    50.065340   6.256080  12.180820    3046.064 1
103.341160 -59.641117   0.026315  0.000150   7889.039    44.968869   6.258303  12.185148     -87.606 1
103.260700 -70.292250   0.037319  0.000133  11187.955    39.872397   6.258348  12.185236    3125.786 1
110.321030 -64.766790   0.035648  0.000150  10687.002    44.968869   6.261587  12.191542    2637.820 1
 89.096100 -70.608330   0.037966  0.000150  11381.920    44.968869   6.275227  12.218101    3314.723 1
 93.535850 -58.694862   0.031428  0.000117   9421.877    35.075718   6.318266  12.301898    1405.494 1
109.681530 -62.936400   0.010497  0.000033   3146.921     9.893151   6.319470  12.304242   -4706.784 1
106.059580 -69.451070   0.036178  0.000150  10845.892    44.968869   6.328475  12.321775    2792.590 1
109.156944 -62.343456   0.010807  0.000030   3239.857     8.993774   6.330272  12.325275   -4616.257 1
107.100746 -60.941730   0.032069  0.000150   9614.044    44.968869   6.331022  12.326734    1592.679 1
 84.211140 -60.817320   0.015678  0.000133   4700.146    39.872397   6.333354  12.331275   -3193.826 1
107.401570 -61.082830   0.032556  0.000150   9760.043    44.968869   6.342863  12.349790    1734.893 1
 93.642960 -58.659750   0.031342  0.000150   9396.095    44.968869   6.347179  12.358194    1380.380 1
106.303810 -69.395546   0.042726  0.000150  12808.933    44.968869   6.362809  12.388625    4704.740 1
103.596510 -59.575935   0.031995  0.000150   9591.860    44.968869   6.370986  12.404547    1571.069 1
103.551390 -70.354130   0.038180  0.000150  11446.076    44.968869   6.375818  12.413953    3377.215 1
108.740250 -68.044170   0.031238  0.000150   9364.917    44.968869   6.385849  12.433486    1350.010 1
104.814150 -70.000180   0.036615  0.000183  10976.901    54.862020   6.392831  12.447079    2920.203 1
 99.393080 -71.137210   0.013483  0.000127   4042.102    38.073642   6.393087  12.447578   -3834.811 1
 82.706570 -61.567940   0.037299  0.000320  11181.959    95.933587   6.401060  12.463101    3119.945 1
109.988690 -63.067000   0.010436  0.000045   3128.634    13.490661   6.403068  12.467011   -4724.597 1
108.351060 -68.358850   0.024113  0.000033   7228.896     9.893151   6.403669  12.468181    -730.635 1
105.869290 -60.278965   0.031105  0.000150   9325.044    44.968869   6.403911  12.468652    1311.171 1
106.647280 -60.594940   0.030988  0.000150   9289.969    44.968869   6.414343  12.488963    1277.005 1
105.851036 -60.256237   0.031322  0.000233   9390.099    69.851643   6.415267  12.490764    1374.540 1
110.536180 -65.905754   0.017289  0.000150   5183.112    44.968869   6.420412  12.500781   -2723.382 1
105.937965 -60.282010   0.031849  0.000150   9548.090    44.968869   6.421586  12.503067    1528.434 1
 93.828700 -58.562054   0.031028  0.000150   9301.960    44.968869   6.434802  12.528798    1288.686 1
103.954310 -59.570473   0.026705  0.000183   8005.958    54.862020   6.457927  12.573824      26.282 1
100.838480 -58.878826   0.032186  0.000150   9649.120    44.968869   6.478600  12.614075    1626.845 1
 98.479790 -58.586704   0.032209  0.000150   9656.015    44.968869   6.490206  12.636672    1633.562 1
 90.691500 -58.795980   0.036469  0.000150  10933.131    44.968869   6.492532  12.641200    2877.568 1
 92.125700 -71.287865   0.035131  0.000033  10532.009     9.893151   6.494195  12.644439    2486.845 1
 80.783620 -63.138554   0.025421  0.000070   7621.024    20.985472   6.503945  12.663423    -348.672 1
 90.114660 -58.863247   0.037396  0.000150  11211.039    44.968869   6.510749  12.676670    3148.271 1
 86.175620 -70.136270   0.020641  0.000193   6188.016    57.859944   6.521780  12.698148   -1744.529 1
104.811980 -70.174470   0.043520  0.000150  13046.968    44.968869   6.530674  12.715464    4936.604 1
105.376170 -70.006860   0.040391  0.000150  12108.917    44.968869   6.546842  12.746945    4022.872 1
106.155815 -60.187134   0.032122  0.000143   9629.933    42.870321   6.553880  12.760647    1608.156 1
104.959020 -70.161230   0.037222  0.000150  11158.875    44.968869   6.557773  12.768228    3097.460 1
 96.185140 -58.401745   0.032106  0.000150   9625.137    44.968869   6.560161  12.772876    1603.484 1
 90.664680 -58.725960   0.037723  0.000150  11309.071    44.968869   6.562563  12.777554    3243.762 1
107.413765 -60.715126   0.031058  0.000150   9310.954    44.968869   6.577801  12.807223    1297.446 1
 94.288574 -71.517870   0.038804  0.000150  11633.147    44.968869   6.582933  12.817215    3559.436 1
 86.371110 -59.635540   0.014463  0.000150   4335.898    44.968869   6.584819  12.820887   -3548.631 1
 88.727974 -70.882260   0.036182  0.000150  10847.091    44.968869   6.589690  12.830371    2793.759 1
 96.843250 -71.543915   0.036655  0.000150  10988.893    44.968869   6.610974  12.871811    2931.884 1
 97.753650 -71.501366   0.014313  0.000033   4290.929     9.893151   6.612205  12.874209   -3592.434 1
 91.091070 -58.605120   0.037920  0.000150  11368.130    44.968869   6.623877  12.896934    3301.290 1
103.019210 -59.128704   0.028446  0.000150   8527.896    44.968869   6.632789  12.914286     534.689 1
100.648580 -58.683926   0.032693  0.000150   9801.115    44.968869   6.635116  12.918818    1774.900 1
107.377740 -60.594890   0.034287  0.000150  10278.984    44.968869   6.644445  12.936981    2240.380 1
103.327570 -59.177776   0.028356  0.000033   8500.915     9.893151   6.653450  12.954515     508.407 1
100.209090 -71.330360   0.014146  0.000150   4240.864    44.968869   6.674126  12.994771   -3641.202 1
101.952065 -71.055140   0.023670  0.000150   7096.087    44.968869   6.676422  12.999241    -860.000 1
 94.667870 -71.625595   0.020321  0.000150   6092.083    44.968869   6.679563  13.005358   -1837.976 1
103.405174 -59.161070   0.031035  0.000150   9304.059    44.968869   6.684275  13.014531    1290.730 1
 90.350296 -58.641045   0.036172  0.000150  10844.093    44.968869   6.685736  13.017377    2790.838 1
 95.592120 -71.643936   0.036345  0.000150  10895.957    44.968869   6.687832  13.021458    2841.358 1
 90.527780 -58.611874   0.039137  0.000150  11732.977    44.968869   6.689107  13.023940    3656.679 1
107.814500 -60.737640   0.034097  0.000150  10222.023    44.968869   6.694151  13.033761    2184.896 1
 89.609020 -58.740710   0.035838  0.000150  10743.962    44.968869   6.702708  13.050422    2693.304 1
 83.884460 -69.497800   0.033300  0.006600   9983.089    99.990000   6.704708  13.054315    1952.156 1
 89.136340 -71.093290   0.035348  0.000150  10597.064    44.968869   6.708446  13.061594    2550.214 1
 90.272865 -58.621230   0.037806  0.000150  11333.954    44.968869   6.715259  13.074859    3268.000 1
 82.050095 -61.408943   0.038070  0.000150  11413.099    44.968869   6.721002  13.086041    3345.093 1
103.046030 -59.027916   0.028720  0.000073   8610.039    21.884849   6.726870  13.097465     614.703 1
107.912030 -60.734570   0.034014  0.000150  10197.141    44.968869   6.728184  13.100023    2160.658 1
 87.896630 -59.045610   0.012255  0.000033   3673.957     9.893151   6.737346  13.117863   -4193.412 1
105.207070 -70.312460   0.023349  0.000150   6999.854    44.968869   6.741684  13.126310    -953.738 1
104.396580 -70.571420   0.038260  0.000150  11470.059    44.968869   6.752781  13.147915    3400.577 1
 90.204500 -58.591580   0.037226  0.000117  11160.074    35.075718   6.752854  13.148057    3098.628 1
106.353070 -69.937290   0.033086  0.000150   9918.933    44.968869   6.766047  13.173744    1889.664 1
 94.975410 -71.719440   0.037089  0.000150  11119.002    44.968869   6.767454  13.176485    3058.621 1
110.141090 -67.709900   0.012028  0.000033   3605.904     9.893151   6.768095  13.177732   -4259.701 1
102.592990 -71.031020   0.013510  0.000048   4050.196    14.390038   6.769665  13.180790   -3826.927 1
109.890465 -67.959110   0.030978  0.000150   9286.971    44.968869   6.777990  13.196999    1274.085 1
106.364220 -69.951510   0.032172  0.000150   9644.923    44.968869   6.779713  13.200352    1622.757 1
 95.441154 -71.743840   0.037596  0.000183  11270.997    54.862020   6.787812  13.216123    3206.675 1
 97.009530 -58.181877   0.032386  0.000150   9709.079    44.968869   6.802930  13.245557    1685.249 1
107.990930 -60.653780   0.034054  0.000150  10209.132    44.968869   6.805011  13.249609    2172.339 1
103.968216 -70.749855   0.037783  0.000150  11327.058    44.968869   6.805028  13.249642    3261.283 1
 81.757710 -61.443910   0.038060  0.000070  11410.101    20.985472   6.808339  13.256088    3342.173 1
 96.838480 -58.166683   0.031925  0.000150   9570.874    44.968869   6.811817  13.262860    1550.628 1
111.278560 -63.533930   0.035164  0.000033  10541.902     9.893151   6.814129  13.267361    2496.482 1
110.123590 -62.053990   0.010107  0.000063   3030.002    18.886925   6.823116  13.284861   -4820.672 1
102.703316 -58.840897   0.041465  0.000150  12430.894    44.968869   6.826548  13.291542    4336.502 1
107.850494 -60.547330   0.032032  0.000150   9602.952    44.968869   6.827309  13.293024    1581.874 1
 89.682434 -58.594143   0.037176  0.000150  11145.084    44.968869   6.827501  13.293397    3084.027 1
 79.982185 -63.125584   0.025304  0.000340   7585.948    99.990000   6.833806  13.305675    -382.839 1
104.059044 -70.772590   0.037496  0.000150  11241.018    44.968869   6.844584  13.326659    3177.473 1
 96.963066 -58.127960   0.033073  0.000150   9915.036    44.968869   6.854860  13.346667    1885.867 1
107.607376 -60.378128   0.033650  0.000150  10088.016    44.968869   6.860784  13.358202    2054.363 1
 93.395690 -58.150010   0.031208  0.000150   9355.923    44.968869   6.866169  13.368686    1341.249 1
103.160320 -58.890884   0.026432  0.000150   7924.114    44.968869   6.870533  13.377183     -53.440 1
109.483540 -61.433163   0.030978  0.000150   9286.971    44.968869   6.875393  13.386645    1274.085 1
110.305400 -62.092728   0.010000  0.000333   2997.925    99.830889   6.876627  13.389048   -4851.918 1
 96.276950 -58.071644   0.032759  0.000150   9820.901    44.968869   6.891645  13.418289    1794.173 1
 90.288040 -58.429047   0.036065  0.000150  10812.015    44.968869   6.894780  13.424392    2759.592 1
 98.210130 -58.149430   0.032949  0.000150   9877.862    44.968869   6.900209  13.434964    1849.657 1
 98.238820 -58.151115   0.032843  0.000150   9846.084    44.968869   6.900550  13.435628    1818.703 1
108.014206 -60.507760   0.032142  0.000107   9635.929    32.077793   6.905791  13.445832    1613.996 1
101.170090 -71.457330   0.013666  0.000033   4096.964     9.893151   6.924863  13.482965   -3781.371 1
108.052760 -60.493526   0.030658  0.000207   9191.037    62.057039   6.927444  13.487990    1180.638 1
107.997410 -60.452970   0.029254  0.000150   8770.129    44.968869   6.935802  13.504264     770.642 1
109.518890 -68.574720   0.032279  0.000150   9677.001    44.968869   6.937624  13.507811    1654.003 1
111.810820 -64.104960   0.022429  0.000150   6724.045    44.968869   6.941752  13.515848   -1222.397 1
 90.165760 -58.395233   0.037586  0.000150  11267.999    44.968869   6.943573  13.519394    3203.755 1
107.979385 -60.398243   0.031265  0.000133   9373.011    39.872397   6.965687  13.562451    1357.895 1
111.411930 -66.861250   0.041215  0.000150  12355.946    44.968869   6.985322  13.600681    4263.497 1
110.985275 -62.480614   0.016688  0.000150   5002.937    44.968869   6.992755  13.615154   -2898.886 1
105.867990 -70.416300   0.036002  0.000150  10793.128    44.968869   6.995893  13.621264    2741.195 1
 79.555550 -63.140583   0.032089  0.000150   9620.040    44.968869   7.004070  13.637184    1598.519 1
111.354020 -62.859337   0.035138  0.000150  10534.107    44.968869   7.016625  13.661628    2488.889 1
104.768070 -59.127200   0.027292  0.000133   8181.936    39.872397   7.017818  13.663953     197.698 1
 93.642010 -57.983410   0.035945  0.000150  10776.040    44.968869   7.018673  13.665617    2724.550 1
110.108590 -61.588314   0.010461  0.000150   3136.129    44.968869   7.028251  13.684266   -4717.297 1
106.163246 -70.385320   0.038120  0.000150  11428.088    44.968869   7.050822  13.728212    3359.694 1
110.710150 -62.029007   0.010727  0.000010   3215.874     2.997925   7.058948  13.744034   -4639.619 1
 90.916340 -58.164482   0.037903  0.000150  11363.034    44.968869   7.067583  13.760846    3296.326 1
 90.503080 -58.214870   0.037743  0.000150  11315.067    44.968869   7.069909  13.765375    3249.602 1
 93.126660 -71.955000   0.018498  0.000058   5545.561    17.387963   7.072769  13.770944   -2370.329 1
 81.129840 -61.362040   0.017822  0.000033   5342.901     9.893151   7.078579  13.782256   -2567.735 1
111.845600 -66.520810   0.041675  0.000150  12493.851    44.968869   7.079170  13.783407    4397.826 1
 79.820175 -62.534973   0.016411  0.000033   4919.894     9.893151   7.079535  13.784117   -2979.776 1
 87.500050 -71.165690   0.039387  0.000150  11807.926    44.968869   7.080238  13.785487    3729.684 1
112.003870 -63.685375   0.041188  0.000150  12347.852    44.968869   7.085968  13.796642    4255.612 1
 82.431250 -60.541424   0.037816  0.000100  11336.952    29.979246   7.089631  13.803774    3270.920 1
 89.538180 -71.580270   0.018393  0.000120   5514.083    35.975095   7.094015  13.812310   -2400.991 1
 91.085420 -71.800430   0.034327  0.000150  10290.976    44.968869   7.098834  13.821693    2252.061 1
 99.124470 -58.010270   0.022619  0.000150   6781.006    44.968869   7.110051  13.843532   -1166.913 1
108.523420 -69.465070   0.030408  0.000150   9116.089    44.968869   7.110268  13.843955    1107.633 1
 79.440260 -62.919956   0.024971  0.000150   7486.117    44.968869   7.111221  13.845811    -480.081 1
 92.556465 -57.955246   0.036585  0.000150  10967.907    44.968869   7.113599  13.850442    2911.443 1
 97.462470 -57.883440   0.033126  0.000150   9930.925    44.968869   7.119570  13.862067    1901.344 1
 85.161980 -70.564735   0.015194  0.000150   4555.047    44.968869   7.123248  13.869228   -3335.164 1
108.423570 -60.371660   0.031669  0.000150   9494.127    44.968869   7.126012  13.874611    1475.871 1
 87.572070 -71.239420   0.039954  0.000060  11977.908    17.987547   7.130525  13.883397    3895.259 1
 88.769490 -71.508360   0.018529  0.000093   5554.854    27.880699   7.150924  13.923114   -2361.276 1
106.159485 -70.533460   0.036996  0.000150  11091.122    44.968869   7.164514  13.949575    3031.463 1
 88.800540 -58.366060   0.026568  0.000150   7964.886    44.968869   7.180412  13.980528     -13.725 1
100.715180 -71.798300   0.014223  0.000113   4263.948    33.876548   7.184840  13.989150   -3618.716 1
108.974236 -60.550490   0.034367  0.000150  10302.967    44.968869   7.195143  14.009210    2263.742 1
105.651596 -70.742380   0.037893  0.000150  11360.036    44.968869   7.198392  14.015537    3293.405 1
 89.868040 -58.148903   0.035651  0.000183  10687.901    54.862020   7.217690  14.053110    2638.696 1
106.262180 -70.571150   0.037092  0.000113  11119.902    33.876548   7.221149  14.059845    3059.497 1
112.565770 -65.690025   0.027072  0.000150   8115.981    44.968869   7.246206  14.108633     133.453 1
112.625960 -64.395850   0.035248  0.000150  10567.085    44.968869   7.256092  14.127880    2521.012 1
110.293220 -68.654590   0.023776  0.000150   7127.865    44.968869   7.259675  14.134856    -829.046 1
 85.162186 -70.753330   0.015000  0.000103   4496.887    30.878623   7.272618  14.160057   -3391.816 1
111.817300 -67.297200   0.043040  0.000150  12903.067    44.968869   7.278855  14.172202    4796.434 1
112.506775 -66.219604   0.028930  0.000035   8672.996    10.492736   7.294232  14.202140     676.027 1
108.431366 -69.795730   0.030995  0.000033   9292.067     9.893151   7.295213  14.204051    1279.049 1
 94.661545 -57.669296   0.040074  0.000150  12013.883    44.968869   7.296244  14.206057    3930.302 1
112.077250 -62.893820   0.010921  0.000150   3274.033    44.968869   7.299542  14.212479   -4582.967 1
112.519850 -66.239914   0.028390  0.000150   8511.108    44.968869   7.303226  14.219651     518.336 1
 85.509796 -70.904434   0.014247  0.000150   4271.143    44.968869   7.307193  14.227376   -3611.708 1
102.258810 -71.689710   0.013743  0.000097   4120.048    29.079868   7.310265  14.233357   -3758.886 1
112.575300 -66.265000   0.028897  0.000150   8663.103    44.968869   7.330771  14.273284     666.390 1
112.248440 -66.898320   0.017335  0.000033   5196.902     9.893151   7.336366  14.284176   -2709.949 1
