 16.927546 -46.907604   0.022279  0.000077   6679.076    23.084019   0.018475   0.031191    -274.532 0
 16.974964 -46.930900   0.024100  0.000410   7224.998    99.990000   0.026334   0.044458     259.004 0
 16.937178 -46.863564   0.025254  0.000130   7570.959    38.973020   0.061231   0.103373     597.114 0
 16.993570 -46.979520   0.023529  0.000297   7053.817    89.038360   0.066810   0.112790      91.706 0
 16.857222 -46.876858   0.022822  0.000083   6841.863    24.882774   0.072805   0.122912    -115.438 0
 17.030250 -46.981861   0.023708  0.000166   7107.480    49.765548   0.085281   0.143974     144.151 0
 16.852068 -46.993256   0.031792  0.000027   9531.002     8.094396   0.089932   0.151825    2512.686 1
 16.810934 -46.844013   0.031355  0.000150   9399.993    44.968869   0.118289   0.199699    2384.649 1
 16.860113 -46.817204   0.020214  0.000110   6060.005    32.977170   0.119858   0.202348    -879.557 1
 16.993841 -46.797590   0.024490  0.000150   7341.917    44.968869   0.132906   0.224376     373.270 0
 16.780424 -47.055424   0.022315  0.000150   6689.869    44.968869   0.169014   0.285334    -263.984 0
 16.752855 -46.811172   0.023680  0.000093   7099.085    27.880699   0.169720   0.286527     135.948 0
 16.797056 -47.066166   0.022672  0.000213   6796.895    63.855794   0.170822   0.288387    -159.387 0
 16.699791 -46.984470   0.016000  0.000333   4796.679    99.830889   0.172937   0.291958   -2114.219 1
 17.077812 -47.072132   0.024113  0.000147   7228.896    44.069491   0.175775   0.296748     262.812 0
 17.070171 -46.753950   0.022816  0.000033   6840.065     9.893151   0.193400   0.326503    -117.196 0
 16.781975 -47.091156   0.022400  0.000410   6715.351    99.990000   0.197362   0.333192    -239.080 0
 17.016690 -47.121483   0.023289  0.000150   6981.867    44.968869   0.203996   0.344392      21.388 0
 17.095636 -47.098800   0.022169  0.000033   6646.099     9.893151   0.204813   0.345771    -306.761 0
 16.963776 -46.717537   0.022139  0.000093   6637.105    27.880699   0.208036   0.351213    -315.551 0
 17.047592 -47.135710   0.023913  0.000120   7168.937    35.975095   0.223926   0.378039     204.214 0
 16.941032 -47.162740   0.022731  0.000297   6814.582    89.038360   0.237958   0.401727    -142.100 0
 16.913930 -46.680110   0.024987  0.000333   7490.914    99.830889   0.245212   0.413974     518.886 0
 16.904694 -47.179367   0.023349  0.000297   6999.854    89.038360   0.255553   0.431433      38.968 0
 16.753176 -47.147377   0.020148  0.000213   6040.218    63.855794   0.255700   0.431680    -898.895 1
 16.533169 -46.831276   0.020584  0.000150   6170.928    44.968869   0.291519   0.492150    -771.151 1
 17.187141 -46.686974   0.024207  0.000150   7257.076    44.968869   0.292639   0.494041     290.353 0
 16.810873 -46.621975   0.020284  0.000087   6080.990    26.081944   0.314919   0.531655    -859.048 1
 17.066350 -46.601950   0.022866  0.000333   6855.054    99.830889   0.334631   0.564934    -102.547 0
 16.637568 -46.643463   0.030688  0.000117   9200.031    35.075718   0.347987   0.587483    2189.224 1
 16.570292 -47.181390   0.020177  0.000213   6048.912    63.855794   0.358776   0.605697    -890.398 1
 16.453458 -47.074000   0.022181  0.000213   6649.697    63.855794   0.362665   0.612261    -303.245 0
 17.480831 -46.991790   0.023349  0.000150   6999.854    44.968869   0.377101   0.636633      38.968 0
 17.344944 -46.661910   0.022536  0.000140   6756.123    41.970944   0.382829   0.646303    -199.233 0
 17.188440 -46.574510   0.024824  0.000333   7442.048    99.830889   0.389976   0.658370     471.129 0
 16.408337 -47.071686   0.019907  0.000013   5967.968     3.897302   0.390080   0.658544    -969.505 1
 16.475416 -46.695000   0.030435  0.000065   9124.183    19.486510   0.390359   0.659015    2115.098 1
 16.715770 -46.522140   0.024727  0.000333   7412.968    99.830889   0.430179   0.726241     442.708 0
 16.688599 -47.337770   0.020698  0.000150   6205.104    44.968869   0.446581   0.753931    -737.750 1
 17.186907 -46.475834   0.030968  0.000150   9283.973    44.968869   0.480198   0.810685    2271.262 1
 16.242893 -46.843987   0.019977  0.000150   5988.954    44.968869   0.481191   0.812361    -948.996 1
 16.244478 -47.030087   0.021698  0.000213   6504.897    63.855794   0.484846   0.818531    -444.759 0
 16.227037 -46.999610   0.022209  0.000180   6658.091    53.962642   0.490920   0.828787    -295.041 0
 16.561338 -46.501194   0.030441  0.000310   9125.982    92.935662   0.495400   0.836350    2116.856 1
 16.334627 -47.200860   0.021929  0.000150   6574.149    44.968869   0.495696   0.836848    -377.079 0
 16.283610 -47.170380   0.030703  0.000297   9204.528    89.038360   0.509626   0.860365    2193.619 1
 16.183685 -46.936153   0.022345  0.000150   6698.862    44.968869   0.514919   0.869302    -255.195 0
 16.627670 -46.443554   0.031145  0.000150   9337.036    44.968869   0.525695   0.887494    2323.121 1
 16.916088 -46.382130   0.020184  0.000170   6051.011    50.964718   0.542861   0.916475    -888.347 1
 16.155000 -47.040000   0.022253  0.000333   6671.282    99.830889   0.546662   0.922890    -282.150 0
 17.670206 -46.673447   0.023910  0.000150   7168.038    44.968869   0.560012   0.945429     203.335 0
 16.099993 -46.962960   0.020347  0.000150   6099.877    44.968869   0.573224   0.967734    -840.589 1
 17.603083 -46.571333   0.022345  0.000033   6698.862     9.893151   0.575840   0.972151    -255.195 0
 16.411943 -47.381363   0.026761  0.000213   8022.746    63.855794   0.580746   0.980433    1038.651 1
 16.972040 -46.332450   0.025181  0.000333   7549.074    99.830889   0.592816   1.000809     575.726 0
 16.510000 -46.395556   0.029320  0.000142   8789.915    42.570529   0.604417   1.020394    1788.413 1
 16.042240 -47.029160   0.022500  0.000410   6745.330    99.990000   0.620238   1.047105    -209.781 0
 16.445250 -47.454806   0.021398  0.000140   6414.959    41.970944   0.627624   1.059574    -532.657 0
 17.264608 -46.338108   0.030278  0.000223   9077.116    66.853718   0.627792   1.059858    2069.098 1
 17.691083 -46.544139   0.030431  0.000033   9122.984     9.893151   0.640164   1.080745    2113.926 1
 16.005606 -47.066690   0.021450  0.000213   6430.548    63.855794   0.652041   1.100795    -517.421 0
 17.316660 -46.305460   0.030081  0.000027   9018.057     8.094396   0.671302   1.133313    2011.379 1
 15.933620 -46.997177   0.030919  0.000213   9269.283    63.855794   0.689388   1.163845    2256.905 1
 16.210623 -46.424026   0.029667  0.000073   8893.943    21.884849   0.705109   1.190386    1890.081 1
 16.302830 -46.368317   0.022882  0.000334   6859.851    99.990000   0.705353   1.190798     -97.859 0
 16.103605 -46.502064   0.030621  0.000080   9179.945    23.983397   0.709235   1.197352    2169.594 1
 16.260992 -46.384050   0.030521  0.000334   9149.966    99.990000   0.711228   1.200717    2140.295 1
 16.748854 -46.223885   0.021178  0.000133   6349.005    39.872397   0.712647   1.203113    -597.114 1
 16.295794 -46.354470   0.030041  0.000100   9006.065    29.979246   0.719246   1.214252    1999.659 1
 16.735426 -46.216180   0.020971  0.000090   6286.948    26.981321   0.721923   1.218772    -657.763 1
 15.881992 -47.024178   0.022529  0.000150   6754.024    44.968869   0.727656   1.228451    -201.284 0
 15.992292 -47.285833   0.020734  0.000167   6215.897    50.065340   0.739613   1.248637    -727.202 1
 16.009872 -46.532990   0.022085  0.000077   6620.916    23.084019   0.744872   1.257515    -331.372 0
 15.876752 -47.125744   0.022998  0.000213   6894.627    63.855794   0.751771   1.269162     -63.872 0
 18.039093 -46.933586   0.020441  0.000150   6128.058    44.968869   0.752423   1.270263    -813.048 1
 17.114536 -46.175243   0.026185  0.000070   7850.066    20.985472   0.759246   1.281782     869.888 1
 17.464025 -46.237152   0.022816  0.000027   6840.065     8.094396   0.776004   1.310074    -117.196 0
 17.097147 -46.151660   0.020034  0.000153   6006.042    45.868246   0.780790   1.318152    -932.295 1
 16.180570 -46.327652   0.026432  0.000073   7924.114    21.884849   0.789802   1.333367     942.257 1
 17.790335 -47.459835   0.023920  0.000150   7171.036    44.968869   0.790918   1.335251     206.265 0
 16.308113 -46.258095   0.030558  0.000150   9161.058    44.968869   0.793240   1.339171    2151.135 1
 17.457739 -46.206810   0.024707  0.000077   7406.972    23.084019   0.801101   1.352443     436.849 0
 15.919470 -46.516560   0.025211  0.000333   7558.068    99.830889   0.806236   1.361112     584.516 1
 17.045084 -46.094050   0.020201  0.000033   6056.107     9.893151   0.833991   1.407968    -883.366 1
 17.652903 -46.223770   0.030524  0.000197   9150.865    59.059114   0.854509   1.442608    2141.174 1
 17.249767 -46.087822   0.023636  0.000150   7085.895    44.968869   0.863724   1.458164     123.056 0
 17.484577 -46.138250   0.022189  0.000133   6652.095    39.872397   0.870790   1.470094    -300.901 0
 18.209358 -46.808600   0.024303  0.000333   7285.856    99.830889   0.876392   1.479552     318.481 0
 17.115880 -46.052930   0.025061  0.000333   7513.099    99.830889   0.880339   1.486215     540.567 0
 15.704738 -47.186360   0.021475  0.000133   6438.043    39.872397   0.881591   1.488328    -510.096 0
 16.984362 -46.042100   0.019774  0.000267   5928.096    80.044586   0.883276   1.491173   -1008.473 1
 17.622799 -46.174470   0.023613  0.000320   7078.999    95.933587   0.884346   1.492980     116.317 0
 15.652416 -47.085056   0.029928  0.000297   8972.189    89.038360   0.892140   1.506138    1966.552 1
 17.076126 -46.037580   0.023176  0.000567   6947.990    99.990000   0.892255   1.506332     -11.720 0
 17.477660 -46.097870   0.024000  0.000460   7195.019    99.990000   0.905494   1.528682     229.704 0
 17.384216 -46.070957   0.021969  0.000150   6586.141    44.968869   0.906717   1.530748    -365.359 0
 15.614277 -47.057613   0.025568  0.000150   7665.094    44.968869   0.913384   1.542002     689.113 1
 17.383291 -47.791668   0.025434  0.000033   7624.921     9.893151   0.918793   1.551134     649.853 1
 17.567476 -46.111736   0.022959  0.000107   6882.935    32.077793   0.919893   1.552991     -75.299 0
 17.398094 -46.054560   0.028226  0.000147   8461.942    44.069491   0.925354   1.562210    1467.882 1
 16.017960 -46.226140   0.022499  0.000033   6745.031     9.893151   0.939401   1.585925    -210.074 0
 17.313486 -46.009274   0.023516  0.000133   7049.919    39.872397   0.950858   1.605267      87.897 0
 16.802399 -45.978092   0.020758  0.000357   6223.092    99.990000   0.951186   1.605820    -720.170 1
 16.983606 -45.969340   0.030251  0.000487   9069.022    99.990000   0.955975   1.613905    2061.187 1
 17.356928 -46.009987   0.022185  0.000090   6650.896    26.981321   0.958616   1.618365    -302.073 0
 17.615643 -46.074245   0.022395  0.000113   6713.852    33.876548   0.968486   1.635027    -240.545 0
 17.644210 -46.084385   0.030598  0.001174   9173.050    99.990000   0.969160   1.636166    2162.855 1
 16.249620 -46.075790   0.029887  0.000097   8959.897    29.079868   0.970302   1.638094    1954.539 1
 16.825422 -45.947777   0.027512  0.000454   8247.890    99.990000   0.980010   1.654481    1258.687 1
 17.711704 -46.096592   0.025581  0.000290   7668.991    86.939813   0.982612   1.658876     692.922 1
 17.415476 -45.991917   0.023726  0.000150   7112.876    44.968869   0.988353   1.668568     149.425 0
 16.841421 -45.933266   0.020241  0.000260   6068.099    77.946039   0.993696   1.677587    -871.646 1
 17.251820 -45.953360   0.026555  0.000193   7960.989    57.859944   0.994877   1.679582     978.295 1
 17.437904 -45.989690   0.021401  0.000070   6415.858    20.985472   0.995609   1.680818    -531.778 0
 15.485742 -47.053680   0.021800  0.000410   6535.476    99.990000   0.999801   1.687895    -414.874 0
 18.163223 -46.377323   0.026882  0.000167   8059.021    50.065340   1.000270   1.688686    1074.103 1
 17.435648 -45.976345   0.024380  0.000180   7308.940    53.962642   1.007633   1.701116     341.041 0
 17.411337 -45.968735   0.025034  0.000233   7505.004    69.851643   1.009353   1.704020     532.657 0
 17.524702 -45.990635   0.023099  0.000073   6924.906    21.884849   1.016616   1.716281     -34.280 0
 17.570133 -46.004260   0.022162  0.000120   6644.000    35.975095   1.016901   1.716763    -308.812 0
 17.438013 -45.965137   0.020548  0.000410   6160.135    99.990000   1.018730   1.719851    -781.698 1
 16.651619 -47.927642   0.032573  0.000213   9765.140    63.855794   1.021671   1.724815    2741.511 1
 17.769659 -46.071080   0.031132  0.000173   9333.139    51.864095   1.025603   1.731454    2319.312 1
 17.318590 -45.931760   0.027082  0.000447   8118.979    99.990000   1.026584   1.733109    1132.701 1
 17.506405 -45.968815   0.026722  0.000170   8011.054    50.964718   1.031932   1.742138    1027.224 1
 17.641119 -46.010857   0.022669  0.000534   6795.995    99.990000   1.032585   1.743241    -160.266 0
 17.162823 -45.898705   0.024420  0.000327   7320.932    98.032134   1.037570   1.751656     352.760 0
 17.468193 -45.952415   0.021368  0.000170   6405.965    50.964718   1.037742   1.751947    -541.446 0
 17.436874 -45.941900   0.033006  0.000941   9894.950    99.990000   1.040394   1.756424    2868.376 1
 17.646534 -46.001293   0.027566  0.000183   8264.079    54.862020   1.042772   1.760439    1274.508 1
 17.340000 -45.916000   0.023892  0.000333   7162.641    99.830889   1.045585   1.765189     198.062 0
 17.396084 -45.925290   0.018059  0.000277   5413.952    83.042511   1.047435   1.768311   -1510.951 1
 16.493376 -47.931892   0.023200  0.000410   6955.185    99.990000   1.051774   1.775636      -4.688 0
 17.481455 -45.931160   0.024250  0.000044   7269.967    13.190868   1.060822   1.790912     302.952 0
 15.393917 -46.781806   0.031615  0.000130   9477.939    38.973020   1.063825   1.795982    2460.826 1
 16.958670 -45.856083   0.024170  0.000250   7245.984    74.948115   1.068810   1.804397     279.513 0
 17.679058 -47.867603   0.022593  0.000297   6773.211    89.038360   1.070239   1.806810    -182.533 0
 17.021010 -45.854916   0.024123  0.000093   7231.893    27.880699   1.071400   1.808769     265.742 0
 17.527690 -45.931860   0.024360  0.000223   7302.944    66.853718   1.071641   1.809176     335.181 0
 17.407412 -45.897617   0.022129  0.000207   6634.107    62.057039   1.076155   1.816798    -318.481 0
 15.524400 -47.404610   0.021955  0.000150   6581.943    44.968869   1.077756   1.819500    -369.461 0
 17.575106 -45.932995   0.028416  0.000087   8518.902    26.081944   1.083198   1.828687    1523.550 1
 17.425398 -45.883938   0.023680  0.000354   7099.085    99.990000   1.092902   1.845070     135.948 0
 17.522070 -45.904243   0.021201  0.000067   6355.900    20.086095   1.095874   1.850088    -590.376 1
 17.471111 -45.890873   0.022032  0.000337   6605.027    99.990000   1.096279   1.850772    -346.901 0
 17.447145 -45.877790   0.022849  0.000257   6849.958    77.046662   1.103354   1.862716    -107.527 0
 17.769312 -45.978794   0.026231  0.000090   7863.856    26.981321   1.103486   1.862938     883.366 1
 17.216038 -45.832560   0.024040  0.000123   7207.011    36.874472   1.108682   1.871710     241.424 0
 16.706753 -45.824833   0.024517  0.000070   7350.012    20.985472   1.111189   1.875943     381.181 0
 17.449793 -45.856960   0.020294  0.000240   6083.988    71.950190   1.123701   1.897066    -856.118 1
 17.310490 -45.829760   0.030184  0.000067   9048.936    20.086095   1.124281   1.898045    2041.557 1
 17.154694 -45.806404   0.027586  0.000167   8270.075    50.065340   1.128189   1.904643    1280.368 1
 17.241667 -45.803056   0.025344  0.000333   7597.940    99.830889   1.140817   1.925962     623.484 1
 17.254227 -45.801353   0.024851  0.000123   7450.142    36.874472   1.144083   1.931475     479.039 0
 17.237230 -45.789850   0.025908  0.000187   7767.023    56.061190   1.153263   1.946973     788.730 1
 17.582918 -45.855045   0.023243  0.000077   6968.076    23.084019   1.157018   1.953312       7.911 0
 17.830503 -45.932037   0.021645  0.000083   6489.008    24.882774   1.165145   1.967033    -460.288 0
 18.138760 -46.089302   0.030171  0.000167   9045.038    50.065340   1.170970   1.976866    2037.748 1
 17.865290 -45.937680   0.027276  0.000073   8177.139    21.884849   1.173003   1.980298    1189.541 1
 17.268877 -45.773495   0.025838  0.000090   7746.038    26.981321   1.173339   1.980866     768.221 1
 17.498737 -45.812450   0.022169  0.000193   6646.099    57.859944   1.176543   1.986276    -306.761 0
 15.479853 -47.553463   0.029600  0.000410   8873.857    99.990000   1.177373   1.987676    1870.451 1
 17.972824 -45.979770   0.026008  0.000133   7797.002    39.872397   1.180288   1.992598     818.029 1
 17.714602 -45.864265   0.026769  0.000093   8025.144    27.880699   1.185929   2.002121    1040.995 1
 18.099510 -46.033870   0.024851  0.000333   7450.142    99.830889   1.193148   2.014308     479.039 0
 17.443981 -45.782620   0.019660  0.000143   5893.920    42.870321   1.193413   2.014756   -1041.874 1
 18.157557 -46.069336   0.026562  0.000077   7963.087    23.084019   1.194220   2.016118     980.346 1
 17.229256 -45.745655   0.023646  0.000117   7088.892    35.075718   1.195862   2.018891     125.986 0
 17.276855 -45.739418   0.028456  0.000230   8530.894    68.952265   1.207828   2.039091    1535.270 1
 17.826672 -45.878555   0.023263  0.000200   6974.072    59.958492   1.209722   2.042289      13.771 0
 17.158333 -45.723611   0.024127  0.000333   7233.093    99.830889   1.210619   2.043804     266.914 0
 17.343407 -45.742615   0.023963  0.000067   7183.927    20.086095   1.214255   2.049942     218.864 0
 17.403517 -45.745247   0.029414  0.000077   8818.095    23.084019   1.221740   2.062578    1815.954 1
 17.720095 -48.025864   0.022800  0.000410   6835.268    99.990000   1.223950   2.066309    -121.884 0
 17.659367 -45.800460   0.023953  0.000170   7180.929    50.964718   1.227686   2.072616     215.934 0
 17.639631 -45.794323   0.027702  0.000083   8304.851    24.882774   1.227982   2.073117    1314.355 1
 17.856120 -45.865334   0.023096  0.000067   6924.007    20.086095   1.231300   2.078717     -35.159 0
 17.698954 -45.783516   0.024887  0.000073   7460.935    21.884849   1.254190   2.117361     489.587 0
 17.300392 -48.155910   0.031400  0.000410   9413.483    99.990000   1.255820   2.120113    2397.833 1
 16.372083 -48.132889   0.022854  0.000213   6851.457    63.855794   1.268300   2.141182    -106.063 0
 18.548573 -46.292640   0.030138  0.000500   9035.145    99.990000   1.268990   2.142346    2028.080 1
 17.335495 -45.682205   0.023880  0.000080   7159.044    23.983397   1.271978   2.147392     194.546 0
 18.521925 -46.253380   0.030951  0.000150   9278.876    44.968869   1.273496   2.149955    2266.281 1
 17.696974 -45.756554   0.023326  0.000113   6992.959    33.876548   1.278224   2.157936      32.229 0
 17.252690 -45.650680   0.023910  0.000073   7168.038    21.884849   1.292176   2.181491     203.335 0
 18.079333 -45.888417   0.026632  0.000027   7984.073     8.094396   1.297016   2.189662    1000.855 1
 18.744461 -46.525173   0.029560  0.000150   8861.865    44.968869   1.297197   2.189967    1858.731 1
 17.968952 -45.817436   0.021755  0.000073   6521.985    21.884849   1.312448   2.215714    -428.059 0
 17.417082 -45.652075   0.023663  0.000023   7093.989     6.895227   1.314197   2.218667     130.967 0
 18.825333 -46.512944   0.029854  0.000200   8950.004    59.958492   1.353521   2.285055    1944.870 1
 17.752518 -45.664986   0.025948  0.000070   7779.015    20.985472   1.377309   2.325215     800.450 1
 18.132324 -45.814453   0.030568  0.000781   9164.056    99.990000   1.377965   2.326322    2154.065 1
 17.732601 -45.655510   0.023390  0.000177   7012.146    53.063265   1.380575   2.330729      50.980 0
 15.621542 -47.982528   0.032154  0.000297   9639.527    89.038360   1.387979   2.343228    2618.748 1
 18.058310 -45.729774   0.025694  0.000160   7702.867    47.966793   1.419176   2.395895     726.030 1
 17.963720 -45.671360   0.025004  0.000160   7496.011    47.966793   1.436089   2.424449     523.867 1
 14.932599 -47.380530   0.022539  0.000150   6757.022    44.968869   1.443084   2.436258    -198.354 0
 16.710121 -48.382220   0.023500  0.000213   7045.123    63.855794   1.465672   2.474391      83.209 0
 16.130041 -45.545740   0.024477  0.000150   7338.020    44.968869   1.485217   2.507387     369.461 0
 17.282032 -45.453945   0.023760  0.000160   7123.069    47.966793   1.489557   2.514715     159.387 0
 17.415836 -45.420060   0.022185  0.000284   6650.896    85.141058   1.539795   2.599528    -302.073 0
 19.121756 -46.523700   0.029741  0.000150   8916.127    44.968869   1.544765   2.607918    1911.762 1
 18.562698 -45.806880   0.024514  0.000150   7349.112    44.968869   1.575364   2.659576     380.302 0
 17.249990 -45.348076   0.031035  0.000150   9304.059    44.968869   1.591101   2.686145    2290.892 1
 15.658315 -45.548897   0.025764  0.000150   7723.853    44.968869   1.629807   2.751489     746.540 1
 17.228810 -45.304740   0.023516  0.000097   7049.919    29.079868   1.632229   2.755578      87.897 0
 17.061743 -45.272827   0.021842  0.000150   6548.067    44.968869   1.654147   2.792581    -402.569 0
 19.140875 -46.234889   0.028863  0.000118   8652.910    35.375510   1.655452   2.794783    1654.517 1
 18.362892 -45.578750   0.025114  0.000113   7528.988    33.876548   1.661193   2.804477     556.096 1
 19.263800 -46.409120   0.030000  0.001000   8993.774    99.990000   1.670386   2.819996    1987.647 1
 14.513275 -46.617268   0.023103  0.000133   6926.105    39.872397   1.683932   2.842865     -33.108 0
 19.044542 -45.973118   0.025895  0.000150   7763.126    44.968869   1.725270   2.912652     784.921 1
 16.876497 -45.180702   0.025244  0.000127   7567.961    38.073642   1.744590   2.945269     594.185 1
 14.411029 -46.446130   0.029383  0.000038   8808.802    11.392113   1.790607   3.022956    1806.872 1
 15.449792 -48.415443   0.016200  0.000410   4856.638    99.990000   1.803971   3.045518   -2055.621 1
 18.354197 -45.381594   0.030000  0.000333   8993.774    99.830889   1.821447   3.075022    1987.647 1
 18.462706 -45.409813   0.032442  0.000337   9725.867    99.990000   1.838551   3.103897    2703.129 1
 18.495007 -45.413120   0.031378  0.000140   9406.888    41.970944   1.848434   3.120581    2391.388 1
 14.229159 -46.974934   0.029174  0.000150   8746.145    44.968869   1.850332   3.123786    1745.637 1
 16.742210 -45.068253   0.026368  0.000257   7904.928    77.046662   1.861325   3.142344     923.506 1
 18.403772 -45.335316   0.031689  0.000133   9500.123    39.872397   1.878646   3.171586    2482.508 1
 14.626641 -45.862310   0.029107  0.000150   8726.059    44.968869   1.902513   3.211879    1726.006 1
 19.703054 -46.606983   0.029857  0.000150   8950.903    44.968869   1.915338   3.233531    1945.749 1
 14.206011 -47.365852   0.028677  0.000150   8597.148    44.968869   1.916893   3.236156    1600.021 1
 18.384176 -45.271526   0.032402  0.000110   9713.875    32.977170   1.926016   3.251558    2691.410 1
 18.624480 -48.473816   0.023133  0.000150   6935.099    44.968869   1.930532   3.259182     -24.318 1
 15.816144 -45.151060   0.025684  0.000160   7699.869    47.966793   1.931993   3.261649     723.100 1
 18.099817 -45.159664   0.022903  0.000127   6866.147    38.073642   1.935426   3.267445     -91.706 1
 17.798640 -48.789078   0.030408  0.000150   9116.089    44.968869   1.954859   3.300252    2107.187 1
 14.062577 -47.064260   0.028253  0.000150   8470.036    44.968869   1.968368   3.323058    1475.793 1
 15.907151 -45.054005   0.029891  0.000100   8961.096    29.979246   1.998746   3.374343    1955.711 1
 16.760695 -44.928696   0.024290  0.000217   7281.959    65.054963   1.999746   3.376031     314.672 1
 19.020609 -48.348057   0.024394  0.000150   7313.137    44.968869   2.012403   3.397399     345.143 1
 14.028050 -47.256813   0.024417  0.000150   7320.032    44.968869   2.014550   3.401023     351.881 1
 17.787344 -44.983320   0.025284  0.000143   7579.953    42.870321   2.026384   3.421003     605.904 1
 17.880880 -45.003220   0.023433  0.000150   7025.037    44.968869   2.026721   3.421571      63.579 1
 18.494001 -45.195366   0.023840  0.000307   7147.052    92.036285   2.030027   3.427152     182.826 1
 16.331985 -44.937057   0.026095  0.000143   7823.084    42.870321   2.030294   3.427603     843.519 1
 18.985374 -45.428024   0.027402  0.000087   8214.913    26.081944   2.048541   3.458409    1226.458 1
 14.457573 -45.750470   0.028556  0.000150   8560.873    44.968869   2.060948   3.479355    1564.569 1
 14.010372 -47.505733   0.031905  0.000150   9564.878    44.968869   2.081775   3.514515    2545.794 1
 14.298759 -45.873250   0.024664  0.000150   7394.081    44.968869   2.086475   3.522450     424.250 1
 17.574791 -44.876442   0.024350  0.000140   7299.946    41.970944   2.094090   3.535305     332.251 1
 13.893882 -47.262085   0.028293  0.000150   8482.028    44.968869   2.105820   3.555108    1487.512 1
 16.753667 -44.817583   0.030254  0.000131   9069.921    39.272812   2.110947   3.563764    2062.066 1
 18.970030 -45.290512   0.032499  0.000120   9742.955    35.975095   2.144266   3.620014    2719.830 1
 18.100275 -44.926468   0.033216  0.000143   9957.906    42.870321   2.150348   3.630281    2929.904 1
 20.116976 -46.662594   0.030358  0.000150   9101.099    44.968869   2.187251   3.692582    2092.537 1
 13.812139 -47.513920   0.032402  0.000150   9713.875    44.968869   2.214268   3.738195    2691.410 1
 14.491939 -45.460915   0.033366  0.000117  10002.875    35.075718   2.220915   3.749415    2973.852 1
 20.078276 -47.530930   0.016400  0.000410   4916.596    99.990000   2.229042   3.763135   -1997.023 1
 19.943844 -47.793300   0.023303  0.000150   6986.064    44.968869   2.229367   3.763685      25.490 1
 16.690693 -44.658080   0.030104  0.000120   9024.952    35.975095   2.272971   3.837299    2018.118 1
 17.593342 -44.695800   0.026135  0.000120   7835.076    35.975095   2.273559   3.838291     855.239 1
 18.181229 -44.799330   0.025271  0.000203   7576.055    60.857869   2.288921   3.864224     602.095 1
 13.672980 -46.382110   0.023326  0.000150   6992.959    44.968869   2.294596   3.873807      32.229 1
 13.567161 -46.962658   0.032035  0.000150   9603.851    44.968869   2.302080   3.886441    2583.882 1
 14.668434 -45.200832   0.024247  0.000150   7269.068    44.968869   2.318071   3.913436     302.073 1
 13.523552 -46.616722   0.029237  0.000150   8765.032    44.968869   2.351817   3.970408    1764.095 1
 18.304247 -44.760674   0.025271  0.000067   7576.055    20.086095   2.356856   3.978914     602.095 1
 13.468487 -46.972260   0.027592  0.000033   8271.874     9.893151   2.369635   4.000488    1282.126 1
 14.248685 -45.412740   0.026378  0.000033   7907.925     9.893151   2.378733   4.015848     926.436 1
 16.617369 -44.553660   0.030128  0.000113   9032.147    33.876548   2.381191   4.019998    2025.150 1
 16.847670 -49.307953   0.030778  0.000150   9227.012    44.968869   2.383947   4.024651    2215.593 1
 18.828354 -44.919605   0.031505  0.000150   9444.961    44.968869   2.385060   4.026529    2428.597 1
 13.515062 -47.532300   0.032266  0.000150   9673.103    44.968869   2.415009   4.077091    2651.563 1
 13.586002 -47.777588   0.029344  0.000150   8797.110    44.968869   2.442606   4.123681    1795.445 1
 20.524130 -46.980247   0.029700  0.000410   8903.836    99.990000   2.450174   4.136458    1899.750 1
 13.581235 -47.795418   0.028867  0.000150   8654.109    44.968869   2.451932   4.139424    1655.689 1
 13.375458 -47.373722   0.029087  0.000150   8720.063    44.968869   2.473770   4.176292    1720.147 1
 13.361805 -47.380840   0.028703  0.000100   8604.943    29.979246   2.484237   4.193963    1607.638 1
 17.261366 -49.399944   0.030798  0.000150   9233.008    44.968869   2.485015   4.195277    2221.453 1
 17.703806 -44.489530   0.022122  0.000163   6632.009    48.866171   2.490873   4.205166    -320.531 1
 13.438571 -47.647377   0.027746  0.000150   8318.042    44.968869   2.496451   4.214583    1327.246 1
 15.547887 -44.595810   0.024720  0.000150   7410.870    44.968869   2.514916   4.245757     440.658 1
 13.610956 -48.022896   0.031635  0.000150   9483.934    44.968869   2.523325   4.259953    2466.686 1
 18.866945 -44.769417   0.031262  0.000150   9372.112    44.968869   2.526291   4.264960    2357.401 1
 15.973865 -49.370663   0.030638  0.000150   9185.041    44.968869   2.532855   4.276042    2174.575 1
 18.649576 -44.608578   0.031115  0.000130   9328.042    38.973020   2.594636   4.380343    2314.331 1
 13.129917 -46.777667   0.026255  0.000150   7871.051    44.968869   2.604547   4.397074     890.398 1
 19.184496 -44.809742   0.031488  0.000110   9439.865    32.977170   2.613149   4.411597    2423.617 1
 15.266425 -44.566505   0.025431  0.000117   7624.022    35.075718   2.619918   4.423024     648.974 1
 14.406689 -48.902805   0.024841  0.000087   7447.144    26.081944   2.626769   4.434590     476.109 1
 19.622439 -44.988991   0.031465  0.000150   9432.970    44.968869   2.666440   4.501564    2416.878 1
 18.765387 -44.561462   0.029474  0.000150   8836.083    44.968869   2.672797   4.512296    1833.534 1
 18.307035 -44.395535   0.032152  0.000150   9638.927    44.968869   2.696676   4.552610    2618.162 1
 20.275503 -45.473026   0.031225  0.000150   9361.020    44.968869   2.702752   4.562868    2346.560 1
 18.780230 -44.519670   0.029961  0.000183   8982.082    54.862020   2.714506   4.582710    1976.220 1
 13.296458 -48.028778   0.025197  0.000150   7553.871    44.968869   2.720698   4.593163     580.414 1
 19.324583 -49.104778   0.018032  0.000150   5405.858    44.968869   2.722173   4.595654   -1518.862 1
 14.771930 -44.607370   0.028717  0.000193   8609.140    57.859944   2.749143   4.641186    1611.740 1
 18.790848 -44.481160   0.031065  0.000150   9313.053    44.968869   2.752012   4.646030    2299.682 1
 13.825447 -48.688770   0.024714  0.000150   7409.071    44.968869   2.762030   4.662941     438.900 1
 18.810500 -44.444700   0.030254  0.000120   9069.921    35.975095   2.790564   4.711114    2062.066 1
 19.230648 -44.608580   0.030615  0.000173   9178.146    51.864095   2.796013   4.720313    2167.836 1
 18.690409 -44.392517   0.031575  0.000160   9465.947    47.966793   2.801018   4.728763    2449.107 1
 15.167710 -44.375126   0.033096  0.000130   9921.931    38.973020   2.821644   4.763584    2894.745 1
 20.768833 -45.781556   0.017789  0.000150   5333.008    44.968869   2.855512   4.820761   -1590.059 1
 15.670799 -49.661224   0.030484  0.000150   9138.873    44.968869   2.869912   4.845072    2129.454 1
 21.117583 -47.361222   0.029599  0.000213   8873.557    63.855794   2.888016   4.875635    1870.158 1
 21.156965 -47.311630   0.030400  0.000410   9113.691    99.990000   2.907594   4.908687    2104.843 1
 12.788427 -46.109413   0.033069  0.000083   9913.837    24.882774   2.948593   4.977903    2886.834 1
 13.444500 -45.190777   0.024190  0.000150   7251.980    44.968869   2.949174   4.978884     285.373 1
 13.446159 -45.186592   0.024427  0.000033   7323.030     9.893151   2.950721   4.981495     354.811 1
 14.764986 -44.366432   0.032989  0.000170   9889.853    50.964718   2.957466   4.992882    2863.395 1
 14.833518 -44.327680   0.033200  0.000103   9953.110    30.878623   2.968112   5.010856    2925.216 1
 13.006502 -48.204884   0.024527  0.000150   7353.010    44.968869   2.974241   5.021203     384.110 1
 21.158876 -47.703648   0.022949  0.000297   6879.937    89.038360   2.986402   5.041734     -78.228 1
 12.982693 -48.207436   0.024487  0.000150   7341.018    44.968869   2.990021   5.047842     372.391 1
 14.659542 -49.495361   0.025177  0.000131   7547.875    39.272812   3.004675   5.072582     574.554 1
 17.734766 -43.956300   0.024851  0.000150   7450.142    44.968869   3.018025   5.095120     479.039 1
 19.533273 -44.466707   0.021145  0.000060   6339.112    17.987547   3.030699   5.116516    -606.783 1
 19.534704 -44.461933   0.020928  0.000027   6274.057     8.094396   3.035143   5.124020    -670.362 1
 18.580027 -44.077656   0.031592  0.000160   9471.043    47.966793   3.060172   5.166274    2454.088 1
 12.482370 -47.381220   0.028353  0.001201   8500.016    99.990000   3.076679   5.194142    1505.092 1
 12.603224 -46.050793   0.028343  0.000150   8497.018    44.968869   3.086431   5.210605    1502.162 1
 12.931458 -48.376306   0.028697  0.000150   8603.144    44.968869   3.097125   5.228659    1605.880 1
 12.393898 -46.874410   0.029637  0.000034   8884.949    10.192944   3.103467   5.239366    1881.291 1
 21.254204 -47.895950   0.023530  0.000150   7054.117    44.968869   3.103992   5.240253      91.999 1
 12.401956 -47.417280   0.032412  0.000150   9716.873    44.968869   3.136461   5.295067    2694.340 1
 14.332679 -49.509544   0.030608  0.000150   9176.048    44.968869   3.137770   5.297277    2165.785 1
 18.115923 -49.968678   0.030625  0.000150   9181.144    44.968869   3.148491   5.315377    2170.766 1
 19.685200 -44.379760   0.022359  0.000220   6703.060    65.954341   3.162089   5.338333    -251.093 1
 19.709784 -44.391464   0.023103  0.000150   6926.105    44.968869   3.162699   5.339363     -33.108 1
 19.264570 -44.180668   0.022676  0.000090   6798.094    26.981321   3.171147   5.353625    -158.215 1
 15.475071 -43.877490   0.027909  0.000150   8366.908    44.968869   3.206800   5.413815    1375.004 1
 19.709528 -44.317204   0.031228  0.000097   9361.919    29.079868   3.222385   5.440128    2347.439 1
 15.548823 -50.009426   0.025194  0.000153   7552.971    45.868246   3.227130   5.448138     579.535 1
 15.687680 -50.038290   0.024387  0.000150   7311.039    44.968869   3.228372   5.450235     343.092 1
 12.214505 -47.294060   0.019847  0.000330   5949.981    98.931511   3.246644   5.481082    -987.085 1
 12.465120 -45.813150   0.030931  0.000173   9272.881    51.864095   3.250417   5.487452    2260.421 1
 21.028625 -45.105694   0.022479  0.000150   6739.035    44.968869   3.334081   5.628696    -215.934 1
 13.900849 -44.285625   0.038894  0.000664  11660.128    99.990000   3.356512   5.666564    4593.503 1
 19.929583 -44.253056   0.023480  0.000333   7039.127    99.830889   3.363639   5.678596      77.349 1
 14.832392 -49.985542   0.021278  0.000307   6378.984    92.036285   3.381577   5.708881    -567.815 1
 15.925166 -50.239510   0.024117  0.000087   7230.095    26.081944   3.386045   5.716423     263.984 1
 20.313395 -44.432200   0.024227  0.000077   7263.072    23.084019   3.395428   5.732263     296.213 1
 20.359104 -44.432278   0.027572  0.000150   8265.878    44.968869   3.416645   5.768083    1276.266 1
 21.825834 -47.828500   0.023800  0.000410   7135.061    99.990000   3.458704   5.839088     171.106 1
 20.290165 -44.312980   0.031438  0.000133   9424.875    39.872397   3.473409   5.863914    2408.967 1
 20.035326 -44.159714   0.023420  0.000130   7021.139    38.973020   3.481655   5.877834      59.770 1
 20.708250 -44.578500   0.023780  0.000131   7129.065    39.272812   3.483853   5.881546     165.247 1
 20.049030 -44.132805   0.023049  0.000133   6909.916    39.872397   3.508724   5.923534     -48.929 1
 12.083256 -45.743385   0.034290  0.000150  10279.883    44.968869   3.519427   5.941603    3244.576 1
 12.428374 -45.216350   0.033823  0.000143  10139.880    42.870321   3.521673   5.945394    3107.749 1
 20.082035 -44.128582   0.023500  0.000050   7045.123    14.989623   3.525770   5.952311      83.209 1
 20.763142 -44.552930   0.018012  0.000700   5399.862    99.990000   3.528792   5.957412   -1524.722 1
 18.980267 -50.189370   0.024347  0.000093   7299.047    27.880699   3.550198   5.993550     331.372 1
 18.079653 -50.401740   0.024550  0.000033   7359.905     9.893151   3.563378   6.015801     390.849 1
 14.239897 -43.838720   0.023159  0.000150   6942.894    44.968869   3.594162   6.067771     -16.700 1
 20.055880 -49.829845   0.024430  0.000150   7323.930    44.968869   3.602105   6.081181     355.690 1
 17.439882 -43.325523   0.032386  0.000150   9709.079    44.968869   3.615591   6.103950    2686.722 1
 18.367321 -43.410465   0.032376  0.000150   9706.081    44.968869   3.647484   6.157792    2683.792 1
 14.291741 -43.727085   0.023770  0.000103   7126.067    30.878623   3.672911   6.200719     162.317 1
 16.046211 -43.291760   0.029534  0.000314   8854.070    94.134832   3.683672   6.218885    1851.113 1
 13.806394 -43.916460   0.023543  0.000090   7058.014    26.981321   3.690902   6.231092      95.808 1
 16.091805 -43.276660   0.029450  0.000130   8828.888    38.973020   3.693568   6.235593    1826.502 1
 11.576589 -47.432907   0.032893  0.000150   9861.073    44.968869   3.696336   6.240265    2835.268 1
 11.580417 -47.504806   0.031762  0.000140   9522.008    41.970944   3.704321   6.253746    2503.896 1
 21.130542 -44.534333   0.016668  0.000131   4996.941    39.272812   3.730293   6.297593   -1918.501 1
 20.455065 -44.057590   0.023927  0.000033   7173.134     9.893151   3.740626   6.315038     208.316 1
 13.692924 -49.956245   0.025518  0.000150   7650.104    44.968869   3.754971   6.339254     674.464 1
 12.003628 -45.264366   0.017072  0.000077   5118.057    23.084019   3.756488   6.341816   -1800.133 1
 20.072375 -43.827278   0.031378  0.000131   9406.888    39.272812   3.765444   6.356935    2391.388 1
 20.136667 -43.816944   0.023353  0.000333   7001.053    99.830889   3.799031   6.413639      40.140 1
 14.730524 -50.430520   0.025047  0.000200   7508.902    59.958492   3.816004   6.442292     536.465 1
 18.169117 -43.101368   0.033136  0.000130   9933.923    38.973020   3.914865   6.609192    2906.465 1
 19.937431 -43.571445   0.022492  0.000093   6742.932    27.880699   3.929729   6.634286    -212.125 1
 16.416125 -42.990361   0.026365  0.000131   7904.028    39.272812   3.950511   6.669372     922.627 1
 19.935135 -43.537346   0.031255  0.000150   9370.013    44.968869   3.958055   6.682107    2355.350 1
 11.766488 -48.718340   0.027662  0.000150   8292.859    44.968869   3.960892   6.686897    1302.635 1
 20.768137 -43.914370   0.022185  0.000150   6650.896    44.968869   3.988374   6.733292    -302.073 1
 15.809749 -43.011330   0.023756  0.000033   7121.870     9.893151   3.988531   6.733558     158.215 1
 14.395200 -43.306637   0.023470  0.000333   7036.129    99.830889   4.013184   6.775177      74.420 1
 20.576048 -43.772130   0.023356  0.000150   7001.953    44.968869   4.014292   6.777049      41.019 1
 21.708750 -44.558694   0.037549  0.000150  11256.907    44.968869   4.027016   6.798529    4199.431 1
 16.320530 -42.914510   0.029554  0.000033   8860.066     9.893151   4.032358   6.807547    1856.973 1
 11.782760 -48.896712   0.010611  0.000150   3181.098    44.968869   4.035090   6.812160   -3693.144 1
 12.327498 -49.477802   0.030334  0.000150   9093.904    44.968869   4.053432   6.843125    2085.506 1
 13.924184 -50.440018   0.015391  0.000277   4614.106    83.042511   4.073315   6.876693   -2292.650 1
 11.117188 -47.843307   0.032859  0.000150   9850.880    44.968869   4.079738   6.887537    2825.306 1
 13.937220 -50.464030   0.015704  0.000120   4707.941    35.975095   4.089588   6.904164   -2200.944 1
 15.874038 -42.892080   0.023056  0.000150   6912.015    44.968869   4.097592   6.917677     -46.878 1
 15.454485 -42.920745   0.022976  0.000150   6888.032    44.968869   4.130157   6.972654     -70.318 1
 16.070000 -51.032806   0.025441  0.000070   7627.020    20.985472   4.150510   7.007016     651.904 1
 12.442023 -49.865005   0.027182  0.000150   8148.959    44.968869   4.250989   7.176647    1162.000 1
 16.029350 -51.133022   0.025588  0.000033   7671.089     9.893151   4.253683   7.181196     694.973 1
 12.164762 -49.662110   0.027496  0.000150   8243.093    44.968869   4.256471   7.185903    1253.999 1
 19.314877 -50.931290   0.016365  0.000033   4906.104     9.893151   4.323000   7.298219   -2007.277 1
 16.197920 -51.223470   0.025758  0.000333   7722.054    99.830889   4.328245   7.307073     744.782 1
 12.777095 -50.211380   0.024947  0.000060   7478.922    17.987547   4.344527   7.334561     507.166 1
 12.614398 -50.124200   0.024684  0.000183   7400.077    54.862020   4.353533   7.349765     430.110 1
 12.987580 -43.476570   0.013051  0.000028   3912.591     8.394189   4.378047   7.391150   -2978.247 1
 19.703861 -42.970480   0.017849  0.000150   5350.996    44.968869   4.382488   7.398648   -1572.479 1
 11.492858 -44.577442   0.029534  0.000150   8854.070    44.968869   4.397362   7.423758    1851.113 1
 18.590305 -42.597126   0.017262  0.000150   5175.017    44.968869   4.472468   7.550554   -1744.465 1
 19.826984 -50.963566   0.023676  0.000150   7097.886    44.968869   4.495117   7.588792     134.776 1
 23.291416 -48.133200   0.024350  0.000330   7299.946    98.931511   4.504596   7.604793     332.251 1
 20.541560 -43.140648   0.022582  0.000150   6769.913    44.968869   4.514256   7.621103    -185.756 1
 10.842526 -45.162495   0.012535  0.000150   3757.898    44.968869   4.520262   7.631242   -3129.430 1
 14.436869 -42.738243   0.013209  0.000037   3959.959    11.092321   4.521480   7.633298   -2931.955 1
 16.793879 -42.391796   0.026735  0.000033   8014.951     9.893151   4.534059   7.654535    1031.033 1
 16.124140 -51.460440   0.024684  0.000033   7400.077     9.893151   4.569531   7.714419     430.110 1
 11.170987 -49.278170   0.032172  0.000150   9644.923    44.968869   4.587834   7.745319    2624.022 1
 23.673712 -47.182970   0.022062  0.000150   6614.021    44.968869   4.607816   7.779054    -338.111 1
 20.762407 -43.128265   0.023933  0.000103   7174.933    30.878623   4.608432   7.780093     210.074 1
 14.581145 -42.584187   0.022796  0.000163   6834.069    48.866171   4.629319   7.815356    -123.056 1
 18.845451 -51.368970   0.018499  0.000150   5545.861    44.968869   4.631275   7.818658   -1382.036 1
 23.707817 -47.284420   0.021505  0.000150   6447.037    44.968869   4.637834   7.829731    -501.307 1
 16.687586 -42.260860   0.029744  0.000153   8917.027    45.868246   4.667056   7.879064    1912.641 1
 18.917648 -51.405560   0.024227  0.000150   7263.072    44.968869   4.680407   7.901603     296.213 1
 23.504593 -45.544730   0.030548  0.000150   9158.060    44.968869   4.692600   7.922188    2148.206 1
 16.331400 -42.247856   0.029734  0.000390   8914.029    99.990000   4.695219   7.926610    1909.711 1
 10.365577 -48.345333   0.029791  0.000150   8931.117    44.968869   4.707749   7.947764    1926.412 1
 16.361732 -42.216217   0.030725  0.000047   9211.123    14.090246   4.724967   7.976830    2200.065 1
 11.577083 -49.912333   0.029604  0.000150   8875.056    44.968869   4.725212   7.977245    1871.623 1
 10.131111 -45.985400   0.012322  0.000150   3694.043    44.968869   4.742416   8.006289   -3191.837 1
 10.934487 -44.538452   0.036459  0.000247  10930.133    74.048737   4.743709   8.008473    3880.072 1
 16.973470 -42.175438   0.033073  0.000097   9915.036    29.079868   4.749421   8.018115    2888.006 1
 23.900309 -47.107117   0.021992  0.000150   6593.036    44.968869   4.758828   8.033996    -358.620 1
 23.911667 -47.216833   0.021231  0.000230   6364.894    68.952265   4.772036   8.056294    -581.586 1
 23.918932 -46.596226   0.021915  0.000334   6569.952    99.990000   4.779360   8.068660    -381.181 1
 23.947460 -47.191566   0.021685  0.000083   6500.999    24.882774   4.794963   8.095001    -448.568 1
 23.941494 -47.432407   0.021865  0.000150   6554.962    44.968869   4.810320   8.120926    -395.830 1
  9.897476 -47.291416   0.033737  0.000150  10114.098    44.968869   4.821966   8.140588    3082.552 1
 22.049559 -43.576030   0.032602  0.000227   9773.834    68.052888   4.837743   8.167222    2750.008 1
 12.642693 -43.063700   0.023116  0.000033   6930.002     9.893151   4.848853   8.185979     -29.299 1
 23.217764 -44.658535   0.021705  0.000087   6506.995    26.081944   4.851087   8.189750    -442.708 1
 13.007856 -42.880775   0.023596  0.000103   7073.903    30.878623   4.853516   8.193851     111.336 1
 13.999839 -42.503900   0.023129  0.000103   6933.900    30.878623   4.854835   8.196079     -25.490 1
 16.380938 -42.066902   0.033313  0.000190   9986.986    56.960567   4.872739   8.226304    2958.324 1
 13.637544 -51.258590   0.024340  0.000033   7296.948     9.893151   4.884767   8.246610     329.321 1
 22.095337 -43.539010   0.033376  0.000150  10005.873    44.968869   4.885934   8.248581    2976.782 1
 24.099007 -46.738680   0.021695  0.000150   6503.997    44.968869   4.894576   8.263171    -445.638 1
 10.049512 -45.547905   0.010684  0.000213   3202.983    63.855794   4.901539   8.274925   -3671.756 1
 22.256695 -43.623096   0.031949  0.000150   9578.069    44.968869   4.909029   8.287570    2558.685 1
 16.776876 -42.008205   0.023346  0.000033   6998.955     9.893151   4.917813   8.302400      38.089 1
 10.075774 -45.386290   0.036669  0.000297  10993.090    89.038360   4.932325   8.326899    3941.600 1
 24.192120 -46.826120   0.021752  0.000133   6521.086    39.872397   4.955611   8.366212    -428.938 1
  9.853188 -45.849396   0.034600  0.000213  10372.819    63.855794   4.956329   8.367424    3335.403 1
 11.291534 -50.040360   0.028453  0.000150   8529.995    44.968869   4.957309   8.369078    1534.391 1
 10.292191 -44.902287   0.030124  0.000270   9030.948    80.943964   4.968695   8.388300    2023.978 1
 15.639210 -42.016987   0.023806  0.000150   7136.859    44.968869   4.987256   8.419635     172.864 1
 16.796333 -41.916626   0.023006  0.000150   6897.025    44.968869   5.009096   8.456507     -61.528 1
 15.200059 -51.815580   0.024847  0.000090   7448.943    26.981321   5.032666   8.496297     477.867 1
 16.822730 -41.890720   0.023533  0.000150   7055.016    44.968869   5.034685   8.499706      92.878 1
  9.743302 -45.818571   0.021578  0.000213   6468.922    63.855794   5.036296   8.502426    -479.918 1
 15.455674 -41.988760   0.034337  0.000060  10293.974    17.987547   5.038708   8.506497    3258.346 1
 20.719234 -42.564903   0.023333  0.000067   6995.057    20.086095   5.067493   8.555094      34.280 1
 16.904248 -41.855289   0.023947  0.000150   7179.130    44.968869   5.069557   8.558578     214.176 1
  9.510083 -46.517582   0.011219  0.000019   3363.372     5.696057   5.088900   8.591234   -3515.006 1
 13.693488 -51.510258   0.024934  0.000150   7475.025    44.968869   5.092630   8.597531     503.357 1
 15.310960 -51.901860   0.025214  0.000333   7558.967    99.830889   5.099521   8.609165     585.395 1
 21.983970 -50.685642   0.031005  0.000150   9295.065    44.968869   5.101247   8.612078    2282.102 1
 20.458912 -42.418034   0.031142  0.000150   9336.137    44.968869   5.108321   8.624021    2322.242 1
 19.148073 -41.998620   0.027506  0.000100   8246.091    29.979246   5.152336   8.698329    1256.929 1
 10.147902 -49.207710   0.029717  0.000150   8908.932    44.968869   5.168488   8.725597    1904.731 1
 10.886128 -43.804160   0.020317  0.000150   6090.883    44.968869   5.178649   8.742751    -849.379 1
 20.088753 -42.203420   0.018119  0.000150   5431.940    44.968869   5.188772   8.759841   -1493.372 1
 18.108887 -52.092167   0.024100  0.000150   7224.998    44.968869   5.228938   8.827650     259.004 1
  9.275910 -46.643960   0.011815  0.000024   3542.048     7.195019   5.240043   8.846398   -3340.383 1
 12.751728 -51.327614   0.015614  0.000150   4680.959    44.968869   5.249461   8.862297   -2227.313 1
 19.868488 -51.779880   0.031225  0.000150   9361.020    44.968869   5.251565   8.865850    2346.560 1
 20.529650 -42.275677   0.030725  0.000100   9211.123    29.979246   5.256716   8.874545    2200.065 1
 10.863633 -50.156742   0.028526  0.000333   8551.880    99.830889   5.258588   8.877706    1555.779 1
 22.403227 -43.204063   0.029360  0.000113   8801.907    33.876548   5.270514   8.897840    1800.133 1
 10.857325 -50.182846   0.029517  0.000007   8848.974     2.098547   5.278061   8.910580    1846.132 1
 18.151240 -41.711445   0.033046  0.000127   9906.942    38.073642   5.278844   8.911904    2880.096 1
 10.849584 -50.178610   0.029351  0.000067   8799.208    20.086095   5.279609   8.913195    1797.496 1
 20.741837 -42.324200   0.030615  0.000140   9178.146    41.970944   5.283586   8.919908    2167.836 1
 10.338442 -44.165478   0.029801  0.000150   8934.115    44.968869   5.284459   8.921382    1929.342 1
 24.666553 -46.608685   0.022452  0.000150   6730.940    44.968869   5.288103   8.927534    -223.845 1
 19.290457 -41.879400   0.027973  0.000040   8386.094    11.991698   5.295136   8.939407    1393.755 1
 18.817305 -52.070377   0.029891  0.000150   8961.096    44.968869   5.303330   8.953240    1955.711 1
 20.872570 -42.350655   0.019914  0.000220   5970.067    65.954341   5.305233   8.956454    -967.454 1
 19.860733 -51.854076   0.031041  0.000150   9305.858    44.968869   5.318244   8.978420    2292.650 1
 24.726070 -46.835545   0.022375  0.000087   6707.856    26.081944   5.320043   8.981456    -246.405 1
 14.417689 -41.874670   0.024517  0.000150   7350.012    44.968869   5.335283   9.007184     381.181 1
 24.743667 -46.573306   0.022049  0.000047   6610.124    14.090246   5.342886   9.020021    -341.920 1
 24.775000 -47.041667   0.022372  0.000333   6706.957    99.830889   5.353987   9.038761    -247.284 1
 22.164833 -42.932444   0.023683  0.000142   7099.985    42.570529   5.355774   9.041779     136.827 1
 24.787390 -47.127270   0.022125  0.000150   6632.908    44.968869   5.364995   9.057346    -319.653 1
 19.530140 -41.856327   0.021311  0.000150   6388.877    44.968869   5.368866   9.063881    -558.147 1
 10.750458 -50.242250   0.028003  0.000150   8395.088    44.968869   5.372151   9.069426    1402.545 1
 15.906443 -41.595627   0.013903  0.000070   4168.015    20.985472   5.375485   9.075056   -2728.620 1
 23.910480 -44.404354   0.021638  0.000150   6486.909    44.968869   5.388129   9.096402    -462.339 1
 20.835894 -51.621983   0.023553  0.000150   7061.012    44.968869   5.399288   9.115240      98.738 1
 21.098430 -51.526424   0.029844  0.000150   8947.006    44.968869   5.408386   9.130600    1941.940 1
 17.041245 -41.516552   0.023640  0.000213   7087.094    63.855794   5.408707   9.131142     124.228 1
 19.606556 -41.830570   0.017289  0.000027   5183.112     8.094396   5.410548   9.134249   -1736.554 1
 20.303541 -42.020855   0.030875  0.000203   9256.092    60.857869   5.416045   9.143529    2244.013 1
 24.880537 -46.985485   0.022862  0.000150   6853.855    44.968869   5.425128   9.158864    -103.719 1
 11.679840 -51.005379   0.031689  0.000834   9500.123    99.990000   5.435486   9.176350    2482.508 1
 13.043564 -51.669420   0.011684  0.000034   3502.775    10.192944   5.439088   9.182432   -3378.765 1
 24.916560 -47.108303   0.020991  0.000150   6292.943    44.968869   5.452480   9.205040    -651.904 1
 18.379131 -52.303246   0.023873  0.000333   7156.945    99.830889   5.467831   9.230957     192.495 1
 12.662106 -42.290073   0.023460  0.000150   7033.131    44.968869   5.477807   9.247798      71.490 1
 24.889277 -47.701874   0.021675  0.000100   6498.002    29.979246   5.486071   9.261750    -451.498 1
 11.008438 -50.627426   0.028203  0.000150   8455.047    44.968869   5.486898   9.263146    1461.143 1
 19.992190 -41.824646   0.023339  0.000150   6996.856    44.968869   5.510352   9.302741      36.038 1
 24.463604 -48.934353   0.030258  0.000150   9071.120    44.968869   5.518908   9.317186    2063.238 1
  9.045696 -45.655514   0.038492  0.000213  11539.611    63.855794   5.537179   9.348032    4475.721 1
  9.142819 -45.343880   0.040028  0.000087  12000.093    26.081944   5.553194   9.375068    4925.754 1
  8.988092 -45.700718   0.036500  0.000410  10942.425    99.990000   5.565363   9.395613    3892.084 1
 10.321715 -43.633507   0.013212  0.000103   3960.858    30.878623   5.589933   9.437093   -2931.076 1
  8.934677 -45.745970   0.037600  0.000213  11272.196    63.855794   5.591241   9.439300    4214.374 1
  8.950386 -45.672269   0.036379  0.000213  10906.150    63.855794   5.596785   9.448661    3856.633 1
  8.949667 -45.672528   0.036799  0.000120  11032.063    35.975095   5.597206   9.449371    3979.689 1
 12.230511 -42.341220   0.023730  0.000150   7114.075    44.968869   5.598491   9.451540     150.597 1
 17.986870 -41.353250   0.033156  0.000160   9939.919    47.966793   5.617453   9.483553    2912.325 1
 14.650342 -41.524190   0.023680  0.000100   7099.085    29.979246   5.621956   9.491154     135.948 1
 18.122757 -41.360620   0.032973  0.000083   9885.057    24.882774   5.622753   9.492500    2858.707 1
 19.705923 -41.621536   0.027000  0.000333   8094.396    99.830889   5.630229   9.505121    1108.676 1
 11.912318 -42.455017   0.036939  0.000150  11074.034    44.968869   5.635356   9.513778    4020.707 1
 10.568861 -50.509330   0.028920  0.000150   8669.998    44.968869   5.636211   9.515221    1671.217 1
 19.730196 -41.614500   0.027696  0.000120   8303.052    35.975095   5.642439   9.525735    1312.597 1
 19.387167 -52.319380   0.024757  0.000133   7421.962    39.872397   5.648065   9.535233     451.498 1
 17.641932 -52.556557   0.024677  0.000150   7397.978    44.968869   5.652276   9.542342     428.059 1
  9.015004 -48.576640   0.032596  0.000150   9772.035    44.968869   5.657231   9.550707    2748.250 1
 24.379765 -49.423534   0.030514  0.000150   9147.867    44.968869   5.663777   9.561759    2138.244 1
 19.190111 -52.395638   0.029911  0.000150   8967.092    44.968869   5.683046   9.594288    1961.571 1
 22.523150 -42.686306   0.022436  0.000033   6726.144     9.893151   5.702406   9.626973    -228.533 1
 24.693789 -49.043163   0.030524  0.000150   9150.865    44.968869   5.705113   9.631543    2141.174 1
 24.926176 -45.218204   0.021338  0.000127   6396.971    38.073642   5.716636   9.650997    -550.236 1
 24.402000 -44.336917   0.021081  0.000150   6319.925    44.968869   5.717201   9.651951    -625.534 1
 19.188477 -52.434360   0.030164  0.000033   9042.940     9.893151   5.720031   9.656729    2035.697 1
 24.773663 -48.956944   0.012339  0.000034   3699.139    10.192944   5.724628   9.664490   -3186.857 1
  9.891270 -43.799633   0.033250  0.000300   9968.099    89.937737   5.737975   9.687022    2939.866 1
 22.176683 -51.415993   0.030248  0.000150   9068.122    44.968869   5.742313   9.694346    2060.308 1
 11.525919 -42.529644   0.024080  0.000033   7219.002     9.893151   5.742531   9.694714     253.144 1
 25.308510 -47.572533   0.022686  0.000150   6801.092    44.968869   5.753653   9.713490    -155.285 1
 24.784000 -44.826225   0.033380  0.000120  10007.072    35.975095   5.755115   9.715958    2977.954 1
 10.893086 -50.936035   0.027743  0.000150   8317.142    44.968869   5.755939   9.717349    1326.368 1
 22.682583 -51.141917   0.012123  0.000018   3634.384     5.396264   5.760154   9.724465   -3250.142 1
  8.762970 -45.495247   0.027100  0.000410   8124.376    99.990000   5.762949   9.729183    1137.975 1
  9.270333 -44.483944   0.032232  0.000166   9662.911    49.765548   5.777267   9.753355    2641.601 1
 12.369407 -42.053500   0.033280  0.000500   9977.093    99.990000   5.784684   9.765877    2948.655 1
 10.141976 -50.399094   0.028890  0.000150   8661.004    44.968869   5.797402   9.787348    1662.427 1
 16.158447 -41.148205   0.030398  0.000183   9113.091    54.862020   5.801039   9.793487    2104.257 1
 25.379076 -46.214516   0.030498  0.000150   9143.070    44.968869   5.808858   9.806688    2133.556 1
 24.701101 -49.317097   0.030354  0.000634   9099.900    99.990000   5.816947   9.820344    2091.365 1
  9.619230 -43.869120   0.025337  0.000333   7595.842    99.830889   5.858118   9.889850     621.433 1
 25.034840 -44.901882   0.033300  0.000110   9983.089    32.977170   5.888545   9.941219    2954.515 1
 18.197258 -52.751312   0.023980  0.000150   7189.023    44.968869   5.889701   9.943170     223.845 1
 21.635649 -41.969894   0.022716  0.000087   6810.085    26.081944   5.903100   9.965791    -146.495 1
 14.170120 -52.519590   0.027336  0.000150   8195.127    44.968869   5.905398   9.969671    1207.120 1
 14.382792 -52.567944   0.025221  0.000190   7561.066    56.960567   5.906708   9.971883     587.446 1
 22.240292 -51.598667   0.012018  0.000131   3602.906    39.272812   5.912796   9.982160   -3280.906 1
 22.166890 -42.211150   0.021441  0.000150   6427.850    44.968869   5.913876   9.983984    -520.058 1
 25.570692 -47.530050   0.022416  0.000150   6720.148    44.968869   5.927119  10.006341    -234.392 1
 24.853117 -49.381813   0.030354  0.000330   9099.900    98.931511   5.938219  10.025079    2091.365 1
 14.531604 -52.631847   0.025301  0.000150   7585.049    44.968869   5.938872  10.026183     610.885 1
 20.385520 -41.469517   0.030471  0.000163   9134.976    48.866171   5.941845  10.031202    2125.645 1
 22.695700 -42.462010   0.024487  0.000130   7341.018    38.973020   5.948284  10.042072     372.391 1
 22.463234 -42.326454   0.026278  0.000020   7877.946     5.995849   5.948685  10.042749     897.137 1
  9.709720 -43.600650   0.025034  0.000333   7505.004    99.830889   5.951167  10.046938     532.657 1
 22.441074 -42.284958   0.025684  0.000130   7699.869    38.973020   5.971281  10.080897     723.100 1
 25.253536 -45.066193   0.039017  0.000150  11697.002    44.968869   5.975908  10.088707    4629.541 1
 10.968851 -51.306114   0.025684  0.000700   7699.869    99.990000   5.984331  10.102927     723.100 1
 12.686764 -52.164425   0.026000  0.000333   7794.604    99.830889   5.990107  10.112678     815.685 1
  8.609299 -45.003155   0.020631  0.000150   6185.018    44.968869   6.003626  10.135502    -757.380 1
 22.037177 -42.034225   0.016662  0.000150   4995.142    44.968869   6.004017  10.136162   -1920.259 1
 12.529597 -52.124783   0.025618  0.000334   7680.083    99.990000   6.008517  10.143758     703.763 1
 24.108292 -43.435555   0.029300  0.000410   8783.919    99.990000   6.013244  10.151739    1782.554 1
  9.577820 -43.622220   0.040079  0.000333  12015.382    99.830889   6.014224  10.153394    4940.697 1
 11.798415 -42.031090   0.023500  0.000410   7045.123    99.990000   6.022182  10.166829      83.209 1
  9.947259 -50.611210   0.028960  0.000150   8681.990    44.968869   6.031651  10.182815    1682.937 1
 18.141292 -40.945889   0.032749  0.000140   9817.903    41.970944   6.035170  10.188755    2793.077 1
 24.720425 -49.785603   0.029851  0.000210   8949.105    62.956416   6.036399  10.190830    1943.991 1
  9.519380 -43.640390   0.027322  0.000333   8190.930    99.830889   6.037717  10.193055    1203.019 1
 12.674502 -52.219920   0.026061  0.000093   7812.891    27.880699   6.042739  10.201534     833.558 1
 24.729153 -49.808002   0.029480  0.000120   8837.882    35.975095   6.052287  10.217652    1835.292 1
 19.988750 -41.239445   0.016850  0.000120   5051.503    35.975095   6.055234  10.222629   -1865.177 1
 19.987500 -41.234943   0.017540  0.000150   5258.360    44.968869   6.059168  10.229269   -1663.013 1
 19.985000 -41.233611   0.017569  0.000177   5267.054    53.063265   6.059832  10.230391   -1654.517 1
 13.274767 -52.454884   0.027025  0.000150   8101.891    44.968869   6.069530  10.246763    1116.000 1
  9.404460 -43.698680   0.029369  0.000333   8804.605    99.830889   6.072556  10.251872    1802.770 1
 19.998247 -41.214760   0.017502  0.000060   5246.968    17.987547   6.080644  10.265526   -1674.147 1
 22.436500 -42.134250   0.021625  0.000127   6483.012    38.073642   6.087197  10.276588    -466.148 1
 16.392640 -53.001450   0.031949  0.000150   9578.069    44.968869   6.088036  10.278005    2558.685 1
 25.585709 -45.376220   0.022966  0.000070   6885.034    20.985472   6.106025  10.308375     -73.248 1
 25.006025 -44.278027   0.033363  0.000143  10001.976    42.870321   6.113174  10.320444    2972.974 1
 22.912817 -42.366272   0.022222  0.000133   6661.988    39.872397   6.118336  10.329158    -291.232 1
 14.297823 -52.772602   0.027526  0.000150   8252.087    44.968869   6.119378  10.330917    1262.789 1
  9.404620 -43.602000   0.020469  0.000333   6136.452    99.830889   6.124374  10.339353    -804.845 1
 25.317122 -44.704216   0.021935  0.000090   6575.948    26.981321   6.138665  10.363479    -375.321 1
 10.704668 -42.495250   0.019870  0.000103   5956.876    30.878623   6.143340  10.371371    -980.346 1
 14.876875 -52.906000   0.027272  0.000150   8175.940    44.968869   6.144532  10.373384    1188.369 1
 18.659002 -40.875668   0.033486  0.000150  10038.850    44.968869   6.162330  10.403430    3009.011 1
 14.066427 -52.782692   0.026612  0.000057   7978.077    17.088170   6.177351  10.428789     994.995 1
 24.480848 -50.360830   0.030104  0.000150   9024.952    44.968869   6.192541  10.454433    2018.118 1
 13.663250 -52.703000   0.026532  0.000333   7954.093    99.830889   6.195805  10.459943     971.556 1
  8.906451 -44.035385   0.025370  0.000300   7605.735    89.937737   6.199365  10.465954     631.101 1
  9.814830 -43.075430   0.013459  0.000090   4034.907    26.981321   6.203266  10.472540   -2858.707 1
 22.109953 -52.031673   0.022973  0.000150   6887.132    44.968869   6.209625  10.483275     -71.197 1
  8.884816 -44.034050   0.024340  0.000300   7296.948    89.937737   6.213062  10.489079     329.321 1
  9.771746 -43.083424   0.011445  0.000123   3431.125    36.874472   6.221428  10.503201   -3448.790 1
 11.773963 -52.050358   0.026989  0.000100   8091.099    29.979246   6.221513  10.503345    1105.453 1
  9.774150 -43.077383   0.011440  0.000333   3429.626    99.830889   6.223869  10.507322   -3450.255 1
  8.827202 -44.080390   0.025023  0.000033   7501.707     9.893151   6.226614  10.511957     529.434 1
 14.034390 -52.829243   0.027566  0.000083   8264.079    24.882774   6.228442  10.515043    1274.508 1
 11.756716 -52.050915   0.027326  0.000093   8192.129    27.880699   6.228656  10.515404    1204.191 1
 14.311587 -40.959090   0.011515  0.000040   3452.110    11.991698   6.229428  10.516707   -3428.281 1
  8.158811 -45.231880   0.021208  0.000150   6357.998    44.968869   6.229872  10.517456    -588.325 1
 21.399092 -41.465530   0.020848  0.000067   6250.073    20.086095   6.252075  10.554941    -693.801 1
 14.181833 -52.897000   0.024454  0.000093   7331.125    27.880699   6.261714  10.571213     362.722 1
 26.067812 -46.278240   0.023183  0.000150   6950.089    44.968869   6.269077  10.583644      -9.669 1
 14.239911 -52.923897   0.024494  0.000097   7343.116    29.079868   6.275614  10.594680     374.442 1
 13.000069 -41.254370   0.023816  0.000087   7139.857    26.081944   6.275732  10.594879     175.794 1
  9.333790 -43.386440   0.035021  0.000333  10499.032    99.830889   6.283870  10.608618    3458.752 1
  9.311820 -43.400410   0.030876  0.000333   9256.392    99.830889   6.288435  10.616325    2244.306 1
  8.796770 -43.985065   0.025351  0.000127   7600.039    38.073642   6.289099  10.617446     625.534 1
 11.667877 -52.110670   0.027342  0.000150   8196.925    44.968869   6.312320  10.656647    1208.878 1
  9.463110 -43.203960   0.037917  0.000333  11367.231    99.830889   6.316818  10.664242    4307.252 1
 20.085163 -40.966072   0.021908  0.000093   6567.853    27.880699   6.334651  10.694349    -383.231 1
 14.173595 -52.975945   0.025948  0.000103   7779.015    30.878623   6.338726  10.701228     800.450 1
  8.001822 -45.172980   0.011074  0.000213   3319.902    63.855794   6.349119  10.718774   -3557.489 1
 14.175589 -52.992110   0.027996  0.000150   8392.990    44.968869   6.353755  10.726600    1400.494 1
  9.277770 -43.309940   0.019590  0.000333   5872.934    99.830889   6.358700  10.734948   -1062.383 1
 10.633313 -42.241703   0.019524  0.000150   5853.148    44.968869   6.361475  10.739633   -1081.721 1
 15.398618 -53.200462   0.024874  0.000080   7457.038    23.983397   6.363059  10.742307     485.778 1
 14.719819 -53.110188   0.024257  0.000150   7272.066    44.968869   6.368120  10.750852     305.003 1
 20.046902 -40.916122   0.022000  0.000410   6595.434    99.990000   6.372905  10.758929    -356.276 1
  9.241700 -43.318930   0.028437  0.000333   8525.198    99.830889   6.373892  10.760595    1529.703 1
 24.273547 -42.958129   0.021878  0.000150   6558.859    44.968869   6.390379  10.788430    -392.021 1
 22.027836 -41.561623   0.016992  0.000150   5094.073    44.968869   6.391382  10.790123   -1823.572 1
 10.415912 -42.321020   0.019997  0.000087   5994.950    26.081944   6.405647  10.814206    -943.136 1
 12.586643 -41.243282   0.023390  0.000033   7012.146     9.893151   6.411625  10.824298      50.980 1
 24.294905 -42.938885   0.021265  0.000150   6375.087    44.968869   6.413763  10.827908    -571.624 1
 15.714425 -40.563843   0.035094  0.000207  10520.917    62.057039   6.415559  10.830940    3480.140 1
 20.067043 -40.875042   0.022656  0.000103   6792.098    30.878623   6.416221  10.832056    -164.075 1
 13.084020 -41.061996   0.024080  0.000500   7219.002    99.990000   6.426386  10.849218     253.144 1
 15.216867 -53.244263   0.029477  0.000150   8836.982    44.968869   6.427792  10.851592    1834.413 1
 10.225542 -51.435889   0.031982  0.000150   9587.962    44.968869   6.431376  10.857642    2568.354 1
 24.778524 -43.360090   0.021248  0.000057   6369.990    17.088170   6.433072  10.860504    -576.605 1
 23.474333 -42.280500   0.022070  0.000297   6616.420    89.038360   6.442083  10.875719    -335.767 1
 25.921753 -44.948650   0.020731  0.000150   6214.997    44.968869   6.446267  10.882781    -728.081 1
 14.196868 -53.097404   0.024394  0.000100   7313.137    29.979246   6.450146  10.889330     345.143 1
  8.980710 -43.437760   0.037134  0.000333  11132.493    99.830889   6.456708  10.900409    4077.840 1
 16.802284 -40.459633   0.034511  0.000033  10346.138     9.893151   6.465821  10.915793    3309.326 1
  8.658250 -43.781920   0.037007  0.000333  11094.419    99.830889   6.469104  10.921336    4040.631 1
 10.192972 -51.468838   0.032139  0.000150   9635.030    44.968869   6.470346  10.923433    2614.353 1
 25.192347 -43.744545   0.021295  0.000150   6384.080    44.968869   6.472876  10.927703    -562.835 1
 23.403206 -42.185596   0.022015  0.000130   6599.931    38.973020   6.477623  10.935717    -351.881 1
 24.729809 -43.224045   0.029900  0.000213   8963.794    63.855794   6.482099  10.943275    1958.348 1
 22.523010 -41.651268   0.016722  0.000150   5013.129    44.968869   6.508610  10.988031   -1902.680 1
 13.730252 -53.054504   0.025207  0.000150   7556.868    44.968869   6.509310  10.989213     583.344 1
 24.237415 -42.714386   0.022000  0.000213   6595.434    63.855794   6.525595  11.016705    -356.276 1
  8.729300 -43.575340   0.036865  0.000333  11051.849    99.830889   6.530245  11.024556    3999.026 1
  9.815977 -51.283750   0.028610  0.000150   8577.062    44.968869   6.531138  11.026063    1580.390 1
 24.106487 -42.594050   0.020881  0.000100   6259.966    29.979246   6.536634  11.035342    -684.133 1
  8.711230 -43.572910   0.023784  0.000333   7130.264    99.830889   6.542087  11.044548     166.419 1
 21.576223 -52.652374   0.029877  0.000087   8956.899    26.081944   6.545373  11.050095    1951.609 1
  8.189557 -49.605280   0.032482  0.000037   9737.859    11.092321   6.548205  11.054877    2714.849 1
  9.039850 -43.203760   0.024457  0.000333   7332.024    99.830889   6.552743  11.062537     363.601 1
 14.031126 -53.189310   0.025308  0.000150   7587.148    44.968869   6.571452  11.094122     612.936 1
 23.627409 -42.187890   0.032909  0.000150   9865.870    44.968869   6.581308  11.110762    2839.956 1
 23.712010 -42.229380   0.022600  0.000410   6775.310    99.990000   6.591934  11.128700    -180.482 1
 12.846473 -40.946290   0.023400  0.000410   7015.144    99.990000   6.599150  11.140883      53.910 1
 14.342760 -53.285110   0.026385  0.000333   7910.024    99.830889   6.602562  11.146644     928.487 1
 26.448826 -48.115803   0.029977  0.000150   8986.879    44.968869   6.604146  11.149317    1980.908 1
 13.634654 -40.716072   0.024260  0.000083   7272.965    24.882774   6.605778  11.152073     305.882 1
  9.057360 -43.091750   0.030110  0.000300   9026.751    89.937737   6.607247  11.154552    2019.876 1
  7.601705 -48.685307   0.011265  0.000029   3377.162     8.693981   6.614514  11.166822   -3501.528 1
 25.775620 -44.214760   0.021138  0.000033   6337.013     9.893151   6.616547  11.170254    -608.834 1
  8.343510 -43.867040   0.030535  0.000333   9154.163    99.830889   6.618049  11.172788    2144.397 1
 26.599731 -47.464115   0.012549  0.000150   3762.096    44.968869   6.620927  11.177649   -3125.329 1
 26.293007 -48.691784   0.030278  0.000150   9077.116    44.968869   6.629273  11.191739    2069.098 1
 24.391390 -42.674030   0.022082  0.000150   6620.017    44.968869   6.632077  11.196472    -332.251 1
 19.701916 -53.292683   0.024794  0.000033   7433.054     9.893151   6.641881  11.213022     462.339 1
 14.959809 -40.420883   0.022889  0.000153   6861.950    45.868246   6.642675  11.214363     -95.808 1
 20.978994 -40.879772   0.030131  0.000500   9033.047    99.990000   6.645375  11.218921    2026.029 1
  9.006600 -43.072740   0.020448  0.000333   6130.156    99.830889   6.646514  11.220844    -810.997 1
 12.426270 -41.030330   0.023900  0.000410   7165.040    99.990000   6.651088  11.228566     200.405 1
  8.796060 -43.273720   0.027762  0.000333   8322.838    99.830889   6.651804  11.229775    1331.934 1
  8.723510 -43.335990   0.037170  0.000333  11143.286    99.830889   6.659514  11.242792    4088.388 1
  8.236740 -43.904030   0.027288  0.000333   8180.737    99.830889   6.665959  11.253673    1193.057 1
 22.960705 -41.676735   0.027642  0.000500   8286.863    99.990000   6.668136  11.257348    1296.775 1
 23.007729 -41.690002   0.027506  0.000150   8246.091    44.968869   6.677591  11.273309    1256.929 1
 24.053000 -42.335278   0.021200  0.000213   6355.600    63.855794   6.684275  11.284594    -590.669 1
  8.658020 -43.348320   0.020652  0.000333   6191.314    99.830889   6.690635  11.295331    -751.227 1
 25.096022 -43.199470   0.033100  0.000213   9923.130    63.855794   6.702592  11.315517    2895.917 1
 25.882510 -44.161610   0.021365  0.000033   6405.066     9.893151   6.704940  11.319480    -542.325 1
 14.973928 -40.354004   0.022789  0.000213   6831.970    63.855794   6.706235  11.321668    -125.107 1
 22.105690 -52.635960   0.010674  0.000700   3199.985    99.990000   6.713872  11.334561   -3674.686 1
  7.975443 -44.158974   0.033593  0.000150  10070.928    44.968869   6.716579  11.339131    3040.361 1
 24.399033 -42.545650   0.021700  0.000213   6505.496    63.855794   6.719042  11.343289    -444.173 1
 14.944247 -40.333538   0.023076  0.000073   6918.011    21.884849   6.730360  11.362396     -41.019 1
 23.331522 -41.800404   0.024617  0.000130   7379.991    38.973020   6.732681  11.366314     410.480 1
 23.223870 -41.728780   0.026935  0.000150   8074.910    44.968869   6.740287  11.379155    1089.631 1
 12.596362 -52.978157   0.029013  0.000150   8697.879    44.968869   6.740410  11.379363    1698.465 1
  8.730560 -43.175640   0.030488  0.000333   9140.072    99.830889   6.743276  11.384201    2130.626 1
  8.695556 -43.205944   0.024961  0.000150   7483.120    44.968869   6.746408  11.389489     511.268 1
  7.855219 -49.589810   0.021912  0.000150   6569.052    44.968869   6.751062  11.397345    -382.059 1
 24.370588 -42.470108   0.022416  0.000217   6720.148    65.054963   6.753905  11.402146    -234.392 1
 22.894493 -41.531250   0.021125  0.000033   6333.116     9.893151   6.755904  11.405520    -612.643 1
 25.267015 -43.277378   0.020900  0.000213   6265.662    63.855794   6.757616  11.408410    -678.566 1
 22.912590 -41.529010   0.018296  0.000150   5485.003    44.968869   6.765141  11.421114   -1441.513 1
  8.628110 -43.238510   0.034676  0.000333  10395.603    99.830889   6.767093  11.424410    3357.670 1
 24.712114 -42.724117   0.021850  0.000213   6550.465    63.855794   6.770471  11.430112    -400.225 1
  8.473160 -43.357730   0.023669  0.000333   7095.788    99.830889   6.792724  11.467680     132.725 1
  7.868132 -44.120537   0.025434  0.000093   7624.921    27.880699   6.799196  11.478606     649.853 1
 16.077463 -40.147526   0.027242  0.000083   8166.946    24.882774   6.802672  11.484475    1179.579 1
  7.741653 -44.272910   0.020204  0.000150   6057.007    44.968869   6.817274  11.509126    -882.487 1
 11.229135 -41.310223   0.011685  0.000150   3503.075    44.968869   6.835353  11.539648   -3378.472 1
 22.616640 -41.296000   0.021692  0.000087   6503.098    26.081944   6.835730  11.540284    -446.517 1
 20.595040 -40.558945   0.022300  0.000410   6685.372    99.990000   6.838415  11.544818    -268.379 1
 20.937868 -40.653590   0.031262  0.000103   9372.112    30.878623   6.840501  11.548339    2357.401 1
 24.429298 -42.370660   0.022100  0.000213   6625.413    63.855794   6.849807  11.564050    -326.977 1
 19.574282 -40.315210   0.032900  0.000410   9863.172    99.990000   6.850521  11.565256    2837.319 1
 24.720590 -42.585190   0.020784  0.000033   6230.886     9.893151   6.862016  11.584661    -712.553 1
 22.590126 -41.249493   0.021892  0.000150   6563.056    44.968869   6.863875  11.587800    -387.919 1
 25.223293 -43.033684   0.021600  0.000213   6475.517    63.855794   6.867578  11.594051    -473.472 1
 24.663437 -42.527496   0.021091  0.000057   6322.923    17.088170   6.868616  11.595804    -622.605 1
 14.627913 -53.619860   0.029357  0.000103   8801.007    30.878623   6.878360  11.612254    1799.254 1
 24.506720 -42.382534   0.021685  0.000150   6500.999    44.968869   6.881550  11.617640    -448.568 1
 14.898742 -40.184460   0.023890  0.000117   7162.042    35.075718   6.882643  11.619484     197.476 1
 22.247576 -41.074097   0.016888  0.000150   5062.895    44.968869   6.883517  11.620960   -1854.043 1
  6.846969 -46.978813   0.025785  0.000150   7730.149    44.968869   6.891588  11.634585     752.692 1
 19.599272 -40.268220   0.030841  0.000033   9245.899     9.893151   6.900346  11.649372    2234.052 1
  7.741102 -44.057747   0.019967  0.000150   5985.956    44.968869   6.904160  11.655809    -951.926 1
 22.201584 -41.024628   0.016788  0.000103   5032.916    30.878623   6.909216  11.664346   -1883.342 1
  6.834733 -47.336563   0.011435  0.000150   3428.127    44.968869   6.912009  11.669060   -3451.720 1
 15.189528 -40.105434   0.022592  0.000107   6772.911    32.077793   6.923059  11.687717    -182.826 1
 24.684020 -42.451940   0.021431  0.000213   6424.852    63.855794   6.927959  11.695989    -522.988 1
 18.274254 -40.050274   0.033823  0.000327  10139.880    98.032134   6.934880  11.707673    3107.749 1
 16.996098 -39.989605   0.030188  0.000057   9050.135    17.088170   6.935306  11.708391    2042.729 1
 12.173243 -40.798176   0.033000  0.000410   9893.151    99.990000   6.937030  11.711303    2866.618 1
 20.592087 -40.445710   0.030785  0.000297   9229.111    89.038360   6.943223  11.721758    2217.644 1
  8.429910 -43.107690   0.025622  0.000333   7681.282    99.830889   6.951964  11.736515     704.935 1
 12.224115 -40.758762   0.037000  0.000410  11092.321    99.990000   6.955717  11.742851    4038.580 1
  8.410272 -50.730020   0.032969  0.000150   9883.858    44.968869   6.956672  11.744463    2857.535 1
  7.064886 -48.667380   0.031615  0.000150   9477.939    44.968869   6.964090  11.756986    2460.826 1
  8.450790 -43.052350   0.031676  0.000333   9496.226    99.830889   6.970641  11.768046    2478.699 1
 14.803774 -40.074833   0.024467  0.000350   7335.022    99.990000   7.003246  11.823090     366.531 1
 24.638500 -42.293110   0.018836  0.000150   5646.891    44.968869   7.008189  11.831435   -1283.298 1
 23.796050 -41.670307   0.022800  0.000213   6835.268    63.855794   7.039227  11.883834    -121.884 1
 13.227991 -53.493404   0.026842  0.000150   8047.029    44.968869   7.040226  11.885521    1062.383 1
 12.175638 -40.672127   0.033126  0.000150   9930.925    44.968869   7.047847  11.898386    2903.535 1
 22.265292 -40.888889   0.021325  0.000127   6393.074    38.073642   7.047851  11.898393    -554.045 1
 16.012491 -39.899567   0.027509  0.000213   8246.991    63.855794   7.053573  11.908053    1257.808 1
 14.889630 -40.000504   0.036008  0.000150  10794.927    44.968869   7.064123  11.925864    3747.933 1
  7.084922 -49.075424   0.009673  0.000634   2899.892    99.990000   7.064193  11.925982   -3967.969 1
 15.915269 -39.878025   0.030228  0.000047   9062.126    14.090246   7.081266  11.954806    2054.449 1
 25.538132 -42.961880   0.029098  0.000297   8723.361    89.038360   7.085716  11.962319    1723.369 1
  8.536242 -51.125110   0.025171  0.000150   7546.076    44.968869   7.110805  12.004675     572.796 1
 19.325043 -40.002470   0.033825  0.000297  10140.480    89.038360   7.111787  12.006332    3108.335 1
 10.411736 -41.376580   0.032322  0.000183   9689.892    54.862020   7.116577  12.014420    2667.971 1
 24.951544 -42.375630   0.021600  0.000213   6475.517    63.855794   7.117003  12.015138    -473.472 1
 19.410230 -40.009197   0.033597  0.000133  10072.127    39.872397   7.118816  12.018199    3041.533 1
 13.014087 -40.318752   0.011411  0.000060   3420.932    17.987547   7.128780  12.035020   -3458.752 1
 19.414083 -39.996834   0.033593  0.000143  10070.928    42.870321   7.131450  12.039529    3040.361 1
 19.420292 -39.996223   0.033633  0.000087  10082.920    26.081944   7.133051  12.042231    3052.081 1
 19.530506 -40.011585   0.033286  0.000267   9978.892    80.044586   7.136436  12.047945    2950.413 1
 24.350647 -41.887810   0.021200  0.000213   6355.600    63.855794   7.141718  12.056862    -590.669 1
 19.481500 -39.972584   0.034500  0.000410  10342.840    99.990000   7.166035  12.097915    3306.104 1
 12.860748 -40.320480   0.020344  0.000237   6098.978    71.050813   7.167207  12.099894    -841.468 1
 27.200527 -48.526890   0.034167  0.000150  10243.009    44.968869   7.190007  12.138386    3208.538 1
 19.288143 -39.908318   0.034107  0.000213  10225.021    63.855794   7.197800  12.151542    3190.958 1
  9.721196 -41.678127   0.031065  0.000127   9313.053    38.073642   7.198379  12.152519    2299.682 1
 27.174803 -48.648460   0.021181  0.000030   6349.904     8.993774   7.201010  12.156961    -596.235 1
 23.237902 -52.718933   0.022532  0.000150   6754.924    44.968869   7.217154  12.184216    -200.405 1
 27.155912 -48.821026   0.021025  0.000033   6303.136     9.893151   7.231803  12.208946    -641.942 1
 14.884142 -54.025020   0.027269  0.000150   8175.041    44.968869   7.237383  12.218368    1187.490 1
 12.370343 -53.456245   0.026432  0.000150   7924.114    44.968869   7.238018  12.219439     942.257 1
  8.850328 -51.627590   0.032709  0.000150   9805.912    44.968869   7.254078  12.246552    2781.358 1
 17.691800 -39.678555   0.031839  0.000314   9545.092    94.134832   7.264531  12.264199    2526.456 1
 13.720465 -39.992996   0.024233  0.000050   7264.871    14.989623   7.271654  12.276224     297.971 1
  8.057537 -50.965760   0.029557  0.000150   8860.966    44.968869   7.287584  12.303118    1857.852 1
 27.571250 -47.630260   0.021018  0.000150   6301.038    44.968869   7.296615  12.318365    -643.993 1
  9.981891 -41.385376   0.038477  0.000127  11535.114    38.073642   7.297332  12.319575    4471.326 1
 27.619797 -47.165947   0.020714  0.000083   6209.901    24.882774   7.299572  12.323356    -733.062 1
 22.626902 -40.712610   0.021331  0.000150   6394.873    44.968869   7.327314  12.370191    -552.287 1
 25.326208 -42.351276   0.021512  0.000187   6449.135    56.061190   7.330783  12.376048    -499.256 1
  6.823561 -44.462906   0.020578  0.000150   6169.129    44.968869   7.332977  12.379752    -772.909 1
  6.729702 -44.638573   0.020738  0.000150   6217.096    44.968869   7.336765  12.386148    -726.030 1
 14.688140 -39.746037   0.027662  0.000043   8292.859    12.891076   7.341283  12.393775    1302.635 1
 20.073278 -39.890835   0.023049  0.000647   6909.916    99.990000   7.352767  12.413163     -48.929 1
 16.390383 -39.574726   0.011878  0.000170   3560.935    50.964718   7.359559  12.424629   -3321.925 1
  6.693108 -44.628950   0.020181  0.000130   6050.112    38.973020   7.363512  12.431302    -889.226 1
 23.912134 -41.287830   0.024340  0.000033   7296.948     9.893151   7.380071  12.459258     329.321 1
 27.744167 -47.198612   0.020678  0.000034   6199.108    10.192944   7.385604  12.468599    -743.610 1
 11.827846 -40.401440   0.023943  0.000330   7177.931    98.931511   7.398094  12.489685     213.004 1
 20.403667 -39.912306   0.021802  0.000208   6536.075    62.356831   7.401283  12.495069    -414.288 1
 20.404417 -39.912470   0.021314  0.000213   6389.776    63.855794   7.401292  12.495083    -557.268 1
 18.504200 -39.597427   0.032236  0.000043   9664.110    12.891076   7.405084  12.501485    2642.773 1
 21.682062 -40.263560   0.031192  0.000040   9351.126    11.991698   7.407565  12.505674    2336.891 1
  7.279411 -43.551254   0.035200  0.000300  10552.695    89.937737   7.408676  12.507549    3511.197 1
 24.738045 -41.768870   0.021465  0.000120   6435.045    35.975095   7.413874  12.516324    -513.026 1
 19.756918 -39.765327   0.031000  0.000410   9293.566    99.990000   7.413893  12.516357    2280.637 1
 17.556969 -39.521233   0.017936  0.000440   5377.078    99.990000   7.415642  12.519309   -1546.989 1
 24.731176 -41.759510   0.021331  0.000150   6394.873    44.968869   7.417019  12.521634    -552.287 1
 24.117815 -41.354675   0.037353  0.000500  11198.148    99.990000   7.421206  12.528702    4142.005 1
 18.483479 -39.572678   0.032100  0.000410   9623.338    99.990000   7.427549  12.539411    2602.927 1
  7.622411 -43.090210   0.033126  0.000150   9930.925    44.968869   7.428076  12.540301    2903.535 1
  6.348676 -45.192050   0.034427  0.000150  10320.955    44.968869   7.436379  12.554318    3284.715 1
 18.966740 -39.610960   0.021969  0.000040   6586.141    11.991698   7.443987  12.567162    -365.359 1
 17.484118 -39.483917   0.030268  0.000113   9074.118    33.876548   7.450238  12.577716    2066.168 1
 11.879343 -40.320545   0.023096  0.000050   6924.007    14.989623   7.453156  12.582641     -35.159 1
  7.889706 -42.745327   0.026392  0.000150   7912.123    44.968869   7.459949  12.594110     930.537 1
 11.172092 -40.586464   0.023925  0.000297   7172.535    89.038360   7.461792  12.597222     207.730 1
  5.997657 -46.903940   0.025554  0.000150   7660.896    44.968869   7.471449  12.613525     685.012 1
  8.418868 -42.227050   0.030254  0.000103   9069.921    30.878623   7.477701  12.624080    2062.066 1
 12.386717 -40.121864   0.023353  0.000047   7001.053    14.090246   7.479258  12.626708      40.140 1
  6.474741 -44.695570   0.033923  0.000173  10169.860    51.864095   7.485247  12.636819    3137.048 1
 20.362686 -39.802532   0.018686  0.000060   5601.922    17.987547   7.496592  12.655972   -1327.246 1
  8.121749 -42.457386   0.033233  0.000103   9963.003    30.878623   7.497148  12.656911    2934.885 1
 12.135173 -40.173462   0.011835  0.000027   3548.044     8.094396   7.505818  12.671547   -3334.524 1
 11.715916 -40.307480   0.012022  0.000240   3604.105    71.950190   7.517038  12.690490   -3279.734 1
 11.911778 -40.236458   0.023333  0.000033   6995.057     9.893151   7.517627  12.691483      34.280 1
  6.020197 -47.994550   0.035501  0.000103  10642.932    30.878623   7.532377  12.716385    3599.387 1
 23.745642 -40.991993   0.029167  0.000150   8744.047    44.968869   7.537764  12.725479    1743.586 1
  6.091544 -45.507770   0.018796  0.000020   5634.899     5.995849   7.541621  12.731990   -1295.018 1
  6.338562 -44.787647   0.040194  0.000130  12049.858    38.973020   7.547495  12.741908    4974.391 1
 23.568066 -40.877914   0.028580  0.000150   8568.068    44.968869   7.554562  12.753839    1571.600 1
 19.835245 -39.615135   0.030845  0.000297   9247.098    89.038360   7.572835  12.784688    2235.224 1
 18.067917 -54.459306   0.018296  0.000150   5485.003    44.968869   7.573964  12.786593   -1441.513 1
 13.675245 -39.653700   0.036689  0.000033  10999.085     9.893151   7.604774  12.838608    3947.460 1
  6.340565 -49.265860   0.027069  0.000150   8115.082    44.968869   7.606449  12.841435    1128.892 1
 24.085860 -41.084820   0.024657  0.000500   7391.983    99.990000   7.611819  12.850502     422.199 1
 23.319899 -40.667076   0.020794  0.000103   6233.884    30.878623   7.626231  12.874832    -709.623 1
 13.281395 -39.718555   0.033276  0.000257   9975.894    77.046662   7.626571  12.875406    2947.483 1
  8.079456 -42.273006   0.034420  0.000177  10318.856    53.063265   7.631335  12.883449    3282.664 1
 18.869333 -54.447994   0.017882  0.000090   5360.889    26.981321   7.638018  12.894731   -1562.811 1
 21.674358 -39.981480   0.019760  0.000113   5923.899    33.876548   7.659995  12.931833   -1012.575 1
 24.147694 -41.050770   0.033113  0.000150   9927.028    44.968869   7.665036  12.940344    2899.726 1
  6.033326 -48.792194   0.032219  0.000150   9659.013    44.968869   7.677622  12.961592    2637.793 1
 11.251763 -40.299355   0.024157  0.000127   7242.086    38.073642   7.679507  12.964774     275.704 1
  8.097962 -42.173416   0.032813  0.000087   9837.090    26.081944   7.682511  12.969846    2811.829 1
  6.015255 -45.043900   0.033767  0.000150  10123.092    44.968869   7.692882  12.987355    3091.342 1
 13.711759 -39.547500   0.019920  0.000083   5971.866    24.882774   7.699205  12.998029    -965.696 1
  7.253139 -50.899693   0.033190  0.000150   9950.112    44.968869   7.716510  13.027244    2922.286 1
 15.326060 -39.273090   0.027059  0.000260   8112.084    77.946039   7.730441  13.050763    1125.962 1
 28.008776 -48.559822   0.025768  0.000085   7725.052    25.482359   7.736001  13.060150     747.711 1
 18.968750 -54.554810   0.018186  0.000033   5452.026     9.893151   7.755108  13.092406   -1473.742 1
 20.227190 -39.495670   0.030804  0.000213   9234.807    63.855794   7.761429  13.103078    2223.211 1
  8.381029 -52.050396   0.029417  0.000150   8818.995    44.968869   7.773053  13.122702    1816.833 1
 13.567415 -39.492280   0.020004  0.000320   5997.048    95.933587   7.780721  13.135647    -941.085 1
 28.213360 -45.798260   0.019987  0.000150   5991.952    44.968869   7.782927  13.139371    -946.066 1
  6.239676 -44.237520   0.025588  0.000150   7671.089    44.968869   7.784665  13.142304     694.973 1
 17.950166 -54.694789   0.018209  0.000150   5458.921    44.968869   7.800716  13.169403   -1467.003 1
  8.422214 -41.723488   0.033507  0.000160  10045.146    47.966793   7.802193  13.171897    3015.164 1
 10.493517 -40.479780   0.024010  0.000063   7198.017    18.886925   7.804260  13.175386     232.634 1
 12.255734 -39.792202   0.024167  0.000053   7245.084    15.889000   7.816480  13.196017     278.634 1
  9.845127 -40.752450   0.033076  0.000150   9915.935    44.968869   7.846009  13.245868    2888.885 1
 27.342678 -50.252056   0.030314  0.000097   9087.909    29.079868   7.846690  13.247018    2079.646 1
  5.706582 -45.269012   0.020599  0.000042   6175.425    12.591283   7.846896  13.247365    -766.756 1
 17.633404 -39.073530   0.030284  0.000150   9078.915    44.968869   7.865639  13.279008    2070.856 1
  6.392208 -43.715050   0.013139  0.000150   3938.973    44.968869   7.884838  13.311420   -2952.464 1
  8.204582 -41.764908   0.030431  0.000150   9122.984    44.968869   7.886439  13.314123    2113.926 1
 12.474153 -39.639725   0.024203  0.000087   7255.877    26.081944   7.897092  13.332107     289.182 1
 12.370649 -39.669120   0.024424  0.000050   7322.131    14.989623   7.897631  13.333018     353.932 1
