148.619110 -25.703413   0.008091  0.000023   2425.621     6.895227   0.000027   0.000016     116.323 0
148.319580 -25.929096   0.011661  0.000067   3495.880    20.086095   0.351799   0.202621    1178.404 1
148.256380 -26.033228   0.014764  0.000103   4426.136    30.878623   0.464310   0.267423    2101.552 1
149.106950 -26.094930   0.008356  0.000067   2505.066    20.086095   0.588630   0.339026     195.161 0
148.328250 -25.074917   0.009380  0.000333   2812.053    99.830889   0.680975   0.392213     499.803 0
149.766650 -25.558615   0.014660  0.000103   4394.957    30.878623   1.044085   0.601349    2070.612 1
149.559300 -25.042040   0.008056  0.000047   2415.128    14.090246   1.074769   0.619022     105.911 0
147.496810 -25.008947   0.008142  0.000017   2440.910     5.096472   1.226762   0.706564     131.496 0
148.085830 -26.949722   0.007440  0.000010   2230.456     2.997925   1.335706   0.769311     -77.350 0
147.199600 -26.282991   0.007805  0.000183   2339.880    54.862020   1.404226   0.808775      31.238 0
149.018390 -27.106800   0.007382  0.000020   2213.068     5.995849   1.448743   0.834415     -94.606 0
148.494300 -27.286404   0.008513  0.000050   2552.133    14.989623   1.586954   0.914019     241.869 0
149.868600 -26.863905   0.008172  0.000027   2449.904     8.094396   1.616857   0.931242     140.421 0
149.776720 -27.128693   0.008479  0.000027   2541.940     8.094396   1.766163   1.017236     231.754 0
147.842590 -27.338678   0.008866  0.000150   2657.960    44.968869   1.778640   1.024422     346.887 0
150.591340 -25.354334   0.008016  0.000150   2403.136    44.968869   1.811046   1.043086      94.011 0
146.807860 -24.869133   0.013876  0.000100   4159.920    29.979246   1.832917   1.055683    1837.370 1
146.805650 -24.839619   0.014343  0.000005   4299.923     1.498962   1.848299   1.064542    1976.304 1
150.641761 -26.901767   0.001241  0.000017    372.042     5.096472   2.181178   1.256267   -1921.563 1
150.962500 -26.642500   0.002952  0.000333    884.987    99.830889   2.310914   1.330989   -1412.538 1
146.020110 -25.203370   0.008332  0.000333   2497.871    99.830889   2.394628   1.379205     188.021 0
150.923870 -27.027784   0.003186  0.000002    955.139     0.599585   2.463046   1.418611   -1342.923 1
146.340770 -27.090975   0.014635  0.000023   4387.463     6.895227   2.477832   1.427127    2063.174 1
146.643280 -23.917889   0.014910  0.000007   4469.906     2.098547   2.521457   1.452253    2144.987 1
148.972810 -23.055809   0.014947  0.000120   4480.998    35.975095   2.666743   1.535932    2155.995 1
149.838330 -28.133710   0.003239  0.000007    971.028     2.098547   2.667037   1.536101   -1327.155 1
146.321800 -27.405893   0.014780  0.000150   4430.933    44.968869   2.680153   1.543655    2106.312 1
150.966190 -27.570930   0.009316  0.000007   2792.867     2.098547   2.821358   1.624984     480.763 0
151.734510 -25.291351   0.009660  0.000103   2895.995    30.878623   2.837220   1.634120     583.103 1
147.575470 -23.025312   0.006931  0.000023   2077.862     6.895227   2.838427   1.634815    -228.779 0
149.902900 -28.331308   0.009033  0.000033   2708.025     9.893151   2.871199   1.653690     396.570 0
151.592470 -26.832441   0.015251  0.000150   4572.135    44.968869   2.907315   1.674491    2246.435 1
148.588760 -22.750362   0.008339  0.000150   2499.969    44.968869   2.953205   1.700922     190.104 0
151.807600 -26.391922   0.015570  0.000333   4667.769    99.830889   2.954334   1.701572    2341.338 1
149.692610 -28.621830   0.003269  0.000003    980.022     0.899377   3.074513   1.770790   -1318.230 1
149.873100 -22.826311   0.008149  0.000007   2443.009     2.098547   3.091046   1.780313     133.578 0
149.831790 -22.740005   0.007000  0.000333   2098.547    99.830889   3.158467   1.819144    -208.251 0
148.808690 -22.482971   0.011679  0.000037   3501.276    11.092321   3.224996   1.857462    1183.759 1
150.465940 -28.510353   0.008743  0.000150   2621.085    44.968869   3.263120   1.879420     310.294 0
148.150000 -29.068890   0.015050  0.000060   4511.876    17.987547   3.391891   1.953586    2186.637 1
144.896670 -25.126211   0.002438  0.000150    730.894    44.968869   3.403415   1.960224   -1565.454 1
152.409790 -25.981546   0.010280  0.000033   3081.866     9.893151   3.426899   1.973750     767.554 1
152.115300 -27.118700   0.009123  0.000333   2735.007    99.830889   3.453550   1.989100     423.345 0
145.535030 -23.595566   0.011114  0.000150   3331.893    44.968869   3.487907   2.008888    1015.671 1
146.865460 -22.551563   0.014143  0.000150   4239.965    44.968869   3.525781   2.030702    1916.803 1
146.083650 -22.916262   0.002398  0.000150    718.902    44.968869   3.603840   2.075660   -1577.354 1
152.647340 -25.827444   0.008386  0.000020   2514.060     5.995849   3.631758   2.091740     204.086 0
146.348250 -22.650347   0.015174  0.000150   4549.051    44.968869   3.675344   2.116843    2223.528 1
151.480740 -23.056904   0.012816  0.000053   3842.140    15.889000   3.694954   2.128138    1522.019 1
151.414900 -28.445478   0.003476  0.000150   1042.079    44.968869   3.723558   2.144613   -1256.647 1
149.034760 -21.988200   0.010981  0.000023   3292.021     6.895227   3.734069   2.150667     976.103 1
144.529800 -25.008200   0.014824  0.000150   4444.123    44.968869   3.749694   2.159666    2119.402 1
145.429670 -28.191343   0.008449  0.000009   2532.946     2.698132   3.801140   2.189297     222.829 0
149.557020 -29.413597   0.007762  0.000150   2326.989    44.968869   3.805189   2.191629      18.445 0
149.555000 -29.497223   0.007707  0.000019   2310.500     5.696057   3.886376   2.238389       2.083 0
146.576460 -29.131756   0.008306  0.000143   2490.076    42.870321   3.891132   2.241128     180.286 0
146.054290 -28.848888   0.008433  0.000067   2528.150    20.086095   3.903168   2.248061     218.069 0
149.061260 -29.604853   0.006134  0.000333   1838.927    99.830889   3.921702   2.258735    -465.888 0
151.941250 -28.245584   0.015721  0.000103   4713.037    30.878623   3.927218   2.261913    2386.261 1
149.547700 -29.576939   0.007722  0.000103   2314.997    30.878623   3.962836   2.282427       6.545 0
147.388120 -21.830675   0.016100  0.000500   4826.659    99.990000   4.028474   2.320231    2499.014 1
145.912080 -28.953800   0.008849  0.000150   2652.863    44.968869   4.063791   2.340573     341.829 0
145.204150 -23.023140   0.014787  0.000150   4433.031    44.968869   4.080719   2.350322    2108.395 1
149.981250 -29.617556   0.008246  0.000009   2472.089     2.698132   4.102037   2.362601     162.436 0
152.605960 -27.870258   0.008226  0.000183   2466.093    54.862020   4.195249   2.416287     156.486 0
143.949630 -25.169441   0.009023  0.000150   2705.027    44.968869   4.241191   2.442748     393.595 0
146.157840 -29.322527   0.008026  0.000033   2406.134     9.893151   4.244540   2.444676      96.986 0
153.497510 -25.639584   0.010612  0.000029   3181.398     8.693981   4.396151   2.531998     866.325 1
145.336090 -28.961580   0.008376  0.000150   2511.062    44.968869   4.400709   2.534623     201.111 0
145.965560 -21.974987   0.007455  0.000150   2234.953    44.968869   4.429240   2.551056     -72.888 0
153.310620 -27.216887   0.015140  0.000150   4538.858    44.968869   4.490045   2.586077    2213.413 1
144.980210 -22.444038   0.015130  0.000150   4535.860    44.968869   4.623252   2.662799    2210.438 1
151.483200 -21.861221   0.012352  0.000103   3703.036    30.878623   4.628457   2.665797    1383.978 1
144.691820 -28.702263   0.008216  0.000150   2463.095    44.968869   4.638454   2.671555     153.511 0
153.198040 -27.839450   0.008709  0.000005   2610.893     1.498962   4.645984   2.675892     300.179 0
151.360000 -21.768208   0.012625  0.000023   3784.880     6.895227   4.646007   2.675905    1465.196 1
149.774730 -30.251290   0.009373  0.000007   2809.955     2.098547   4.665532   2.687150     497.720 1
153.395260 -27.588339   0.008503  0.000333   2549.135    99.830889   4.698237   2.705987     238.894 0
152.280750 -29.064024   0.003683  0.000002   1104.136     0.599585   4.709466   2.712454   -1195.064 1
143.390880 -25.788603   0.011481  0.000033   3441.917     9.893151   4.711671   2.713725    1124.854 1
150.828840 -21.430748   0.010215  0.000021   3062.380     6.295642   4.713841   2.714974     748.217 1
153.453370 -27.530138   0.008669  0.000333   2598.901    99.830889   4.723433   2.720499     288.279 0
143.396380 -25.136120   0.008079  0.000093   2422.023    27.880699   4.740019   2.730052     112.753 0
150.006200 -30.276041   0.023163  0.000183   6944.093    54.862020   4.740335   2.730234    4600.269 1
152.756770 -22.681030   0.012856  0.000103   3854.132    30.878623   4.799454   2.764284    1533.919 1
152.575330 -28.963472   0.013826  0.000150   4144.931    44.968869   4.830662   2.782258    1822.495 1
148.084820 -30.531244   0.015154  0.000150   4543.055    44.968869   4.851748   2.794403    2217.578 1
153.661480 -27.410110   0.013800  0.000030   4137.136     8.993774   4.853401   2.795355    1814.760 1
152.695940 -28.901562   0.014260  0.000110   4275.040    32.977170   4.870532   2.805222    1951.611 1
150.646820 -21.181355   0.012769  0.000150   3828.050    44.968869   4.877237   2.809083    1508.036 1
148.049590 -20.806944   0.013136  0.000033   3938.074     9.893151   4.923313   2.835621    1617.219 1
146.532420 -21.148670   0.007545  0.000150   2261.934    44.968869   4.927589   2.838084     -46.113 0
153.645300 -27.692930   0.008406  0.000007   2520.055     2.098547   4.946573   2.849018     210.036 0
146.167430 -21.262484   0.015167  0.000043   4546.952    12.891076   4.960057   2.856784    2221.445 1
146.746640 -30.387100   0.003419  0.000047   1024.990    14.090246   4.978281   2.867281   -1273.605 1
143.167530 -24.858585   0.015321  0.000150   4593.120    44.968869   4.984276   2.870734    2267.260 1
146.066740 -21.278034   0.007679  0.000014   2302.106     4.197094   4.987321   2.872487      -6.248 0
146.026800 -21.285967   0.009126  0.000083   2735.906    24.882774   4.997004   2.878064     424.237 0
144.453380 -22.403328   0.008026  0.000022   2406.134     6.595434   4.997976   2.878624      96.986 0
146.396450 -30.314083   0.003416  0.000183   1024.091    54.862020   5.026824   2.895239   -1274.497 1
151.639050 -29.934860   0.003712  0.000023   1112.830     6.895227   5.030846   2.897556   -1186.437 1
146.380050 -21.082888   0.008466  0.000183   2538.043    54.862020   5.041809   2.903870     227.886 0
149.917100 -20.787458   0.012796  0.000150   3836.144    44.968869   5.053191   2.910426    1516.069 1
149.870360 -20.773077   0.012759  0.000150   3825.052    44.968869   5.057628   2.912981    1505.061 1
153.905700 -27.407800   0.010441  0.000333   3130.133    99.830889   5.059215   2.913895     815.452 1
146.577730 -30.437593   0.008219  0.000019   2463.994     5.696057   5.078932   2.925251     154.403 0
144.559280 -22.125675   0.015698  0.000150   4706.142    44.968869   5.116854   2.947093    2379.419 1
151.451970 -21.263000   0.012112  0.000150   3631.086    44.968869   5.121819   2.949952    1312.577 1
151.859160 -21.476543   0.011975  0.000100   3590.015    29.979246   5.137105   2.958757    1271.820 1
149.833560 -30.736496   0.008980  0.000010   2692.136     2.997925   5.150641   2.966553     380.802 0
145.716640 -21.213160   0.010581  0.000150   3172.104    44.968869   5.196371   2.992891     857.102 1
153.392680 -22.758001   0.012065  0.000103   3616.996    30.878623   5.213079   3.002514    1298.595 1
153.625200 -23.050556   0.016992  0.000117   5094.073    35.075718   5.233029   3.014005    2764.386 1
147.614170 -30.866667   0.007972  0.000017   2389.945     5.096472   5.242027   3.019187      80.920 0
144.279820 -22.171759   0.014720  0.000060   4412.945    17.987547   5.268800   3.034607    2088.462 1
144.421480 -22.035002   0.015444  0.000050   4629.995    14.989623   5.269067   3.034761    2303.853 1
154.028880 -27.800173   0.008189  0.000150   2455.000    44.968869   5.306301   3.056206     145.478 0
150.339390 -20.618290   0.013269  0.000150   3977.946    44.968869   5.316149   3.061878    1656.787 1
149.457030 -31.010994   0.008066  0.000033   2418.126     9.893151   5.360986   3.087702     108.886 0
150.996370 -20.781965   0.013256  0.000103   3974.049    30.878623   5.367422   3.091409    1652.919 1
146.917200 -30.948887   0.008536  0.000010   2559.028     2.997925   5.465012   3.147617     248.711 0
147.295070 -20.364828   0.015694  0.000007   4704.943     2.098547   5.470292   3.150658    2378.229 1
150.181000 -20.367947   0.012729  0.000150   3816.058    44.968869   5.517980   3.178124    1496.136 1
145.987240 -20.694311   0.006668  0.000150   1999.016    44.968869   5.542124   3.192031    -307.022 0
153.675830 -28.871931   0.003626  0.000005   1087.047     1.498962   5.549754   3.196425   -1212.022 1
150.385470 -20.382540   0.012415  0.000012   3721.923     3.597509   5.553837   3.198777    1402.720 1
149.727110 -20.209990   0.012852  0.000267   3852.933    80.044586   5.583433   3.215823    1532.729 1
148.495120 -31.302310   0.015261  0.000005   4575.133     1.498962   5.599985   3.225356    2249.410 1
149.088790 -31.303583   0.008332  0.000033   2497.871     9.893151   5.616111   3.234644     188.021 0
147.494690 -31.257702   0.008853  0.000150   2654.063    44.968869   5.645912   3.251808     343.019 0
154.922100 -25.814700   0.010040  0.000009   3009.916     2.698132   5.680405   3.271674     696.154 1
150.131960 -31.245031   0.008136  0.000067   2439.111    20.086095   5.706787   3.286870     129.711 0
144.041080 -21.727560   0.015427  0.000150   4624.898    44.968869   5.729185   3.299770    2298.796 1
154.890870 -26.698849   0.007986  0.000050   2394.143    14.989623   5.738172   3.304946      85.085 0
144.803760 -21.065000   0.007722  0.000009   2314.997     2.698132   5.773540   3.325316       6.545 0
153.514570 -21.976660   0.012028  0.000014   3605.904     4.197094   5.774628   3.325943    1287.587 1
144.498410 -30.148726   0.014640  0.000133   4388.962    39.872397   5.791947   3.335918    2064.662 1
148.647570 -19.892433   0.012889  0.000150   3864.025    44.968869   5.811064   3.346928    1543.736 1
150.482990 -20.135294   0.013136  0.000267   3938.074    80.044586   5.815910   3.349719    1617.219 1
143.681470 -21.927784   0.016285  0.000077   4882.120    23.084019   5.835217   3.360840    2554.052 1
143.669130 -21.936852   0.016435  0.000150   4927.089    44.968869   5.837845   3.362353    2598.677 1
150.381150 -20.042978   0.012295  0.000150   3685.948    44.968869   5.878910   3.386005    1367.020 1
150.727810 -20.081520   0.012829  0.000267   3846.037    80.044586   5.934321   3.417919    1525.886 1
143.915470 -21.533947   0.015097  0.000130   4525.967    38.973020   5.945349   3.424271    2200.620 1
149.808170 -19.852228   0.012128  0.000267   3635.883    80.044586   5.948495   3.426083    1317.338 1
150.024320 -31.552847   0.009083  0.000020   2723.015     5.995849   5.984876   3.447037     411.445 0
152.710310 -30.423328   0.009056  0.000002   2714.920     0.599585   5.988885   3.449346     403.412 0
150.451890 -19.941654   0.014075  0.000025   4219.579     7.494811   5.993780   3.452165    1896.573 1
150.457920 -19.942223   0.014050  0.000267   4212.084    80.044586   5.994732   3.452714    1889.136 1
144.145190 -21.225742   0.015487  0.000150   4642.886    44.968869   6.024997   3.470145    2316.646 1
149.596650 -19.705584   0.013613  0.000267   4081.075    80.044586   6.062187   3.491565    1759.128 1
143.755950 -21.503435   0.015908  0.000150   4769.098    44.968869   6.069726   3.495907    2441.894 1
151.067640 -31.362940   0.009453  0.000013   2833.938     3.897302   6.074330   3.498559     521.520 1
149.721510 -19.705437   0.012085  0.000150   3622.992    44.968869   6.079698   3.501650    1304.545 1
154.137300 -29.216300   0.014026  0.000333   4204.889    99.830889   6.087911   3.506381    1881.996 1
150.967960 -31.413490   0.008809  0.000150   2640.872    44.968869   6.089660   3.507388     329.929 0
150.159160 -19.761154   0.012435  0.000150   3727.919    44.968869   6.102161   3.514588    1408.671 1
152.876850 -20.949903   0.013072  0.000150   3918.887    44.968869   6.108551   3.518268    1598.179 1
150.185030 -19.755129   0.011261  0.000040   3375.963    11.991698   6.113367   3.521042    1059.404 1
152.791140 -20.870623   0.013202  0.000103   3957.860    30.878623   6.122728   3.526434    1636.854 1
148.389240 -19.583162   0.011678  0.000023   3500.976     6.895227   6.123782   3.527041    1183.462 1
154.225110 -22.230661   0.012846  0.000077   3851.134    23.084019   6.129906   3.530568    1530.944 1
149.540420 -31.794445   0.009359  0.000024   2805.758     7.195019   6.147315   3.540595     493.555 1
152.107560 -30.995281   0.007338  0.000013   2199.877     3.897302   6.154976   3.545008    -107.696 0
149.187090 -31.866339   0.007308  0.000150   2190.883    44.968869   6.184112   3.561789    -116.621 0
150.768770 -19.827230   0.011741  0.000150   3519.863    44.968869   6.187215   3.563576    1202.204 1
150.138000 -19.661905   0.014103  0.000060   4227.973    17.987547   6.194611   3.567835    1904.903 1
150.158040 -31.758139   0.010030  0.000027   3006.918     8.094396   6.211456   3.577538     693.179 1
150.042880 -19.621836   0.013359  0.000103   4004.927    30.878623   6.215441   3.579833    1683.562 1
150.019910 -19.616100   0.012982  0.000150   3891.906    44.968869   6.216819   3.580626    1571.404 1
150.621000 -31.677397   0.008916  0.000057   2672.950    17.088170   6.240342   3.594175     361.762 0
149.411450 -19.502974   0.012329  0.000150   3696.141    44.968869   6.241433   3.594803    1377.135 1
155.118740 -23.479214   0.012068  0.000150   3617.895    44.968869   6.264643   3.608171    1299.487 1
150.104680 -19.583294   0.012258  0.000267   3674.856    80.044586   6.264820   3.608273    1356.013 1
146.132750 -31.555763   0.004180  0.000017   1253.132     5.096472   6.266482   3.609230   -1047.206 1
153.969590 -21.665586   0.011691  0.000150   3504.874    44.968869   6.288628   3.621985    1187.329 1
143.203890 -21.729057   0.015464  0.000150   4635.991    44.968869   6.293184   3.624609    2309.803 1
154.574170 -22.413673   0.013259  0.000140   3974.948    41.970944   6.294006   3.625083    1653.812 1
154.003100 -21.688826   0.012375  0.000150   3709.932    44.968869   6.296963   3.626786    1390.820 1
149.828030 -19.473137   0.012175  0.000150   3649.973    44.968869   6.324812   3.642826    1331.320 1
155.203720 -23.465868   0.012345  0.000150   3700.938    44.968869   6.340981   3.652138    1381.895 1
145.820220 -19.872044   0.007052  0.000150   2114.136    44.968869   6.353375   3.659277    -192.781 0
150.380160 -19.539537   0.011338  0.000183   3399.047    54.862020   6.364874   3.665900    1082.311 1
149.349690 -19.354977   0.011445  0.000080   3431.125    23.983397   6.382502   3.676053    1114.144 1
146.081250 -31.663334   0.007116  0.000032   2133.323     9.593359   6.383535   3.676648    -173.741 0
149.466200 -19.338581   0.011481  0.000267   3441.917    80.044586   6.410461   3.692156    1124.854 1
150.989260 -31.776566   0.008739  0.000150   2619.886    44.968869   6.437683   3.707835     309.104 0
150.287500 -19.441470   0.011608  0.000150   3479.991    44.968869   6.439891   3.709106    1162.637 1
155.760300 -26.080029   0.012102  0.000150   3628.088    44.968869   6.445587   3.712387    1309.602 1
150.243840 -19.419990   0.024193  0.000390   7252.879    99.990000   6.451739   3.715930    4906.695 1
146.141780 -31.790113   0.004170  0.000333   1250.135    99.830889   6.483079   3.733981   -1050.181 1
147.155900 -32.057377   0.008359  0.000057   2505.965    17.088170   6.489281   3.737553     196.054 0
146.198360 -31.825626   0.004190  0.000027   1256.130     8.094396   6.499144   3.743234   -1044.231 1
149.526580 -19.230421   0.013016  0.000150   3902.099    44.968869   6.524459   3.757814    1581.519 1
155.713520 -24.338200   0.007905  0.000013   2369.859     3.897302   6.536588   3.764800      60.988 0
153.670230 -21.011343   0.011992  0.000150   3595.111    44.968869   6.536838   3.764944    1276.877 1
143.631650 -20.920282   0.009877  0.000017   2961.050     5.096472   6.563097   3.780068     647.661 1
147.476140 -19.184088   0.013499  0.000030   4046.898     8.993774   6.600196   3.801436    1725.212 1
149.316900 -19.132706   0.013409  0.000267   4019.917    80.044586   6.600747   3.801753    1698.437 1
152.330580 -20.002567   0.016792  0.000083   5034.115    24.882774   6.609371   3.806720    2704.885 1
154.838270 -22.142696   0.012140  0.000330   3639.480    98.931511   6.639371   3.823999    1320.908 1
151.128830 -19.460878   0.012552  0.000100   3762.995    29.979246   6.639537   3.824094    1443.478 1
150.131450 -19.192032   0.011798  0.000083   3536.951    24.882774   6.652471   3.831544    1219.162 1
143.550580 -20.859121   0.011031  0.000027   3307.011     8.094396   6.657699   3.834555     990.978 1
141.218720 -25.788150   0.009420  0.000067   2824.045    20.086095   6.668667   3.840872     511.703 1
149.473903 -19.062659   0.013506  0.000333   4048.997    99.830889   6.685297   3.850450    1727.295 1
153.682040 -20.810320   0.012435  0.000013   3727.919     3.897302   6.689849   3.853072    1408.671 1
141.169430 -25.092693   0.008092  0.000077   2425.921    23.084019   6.740269   3.882112     116.621 0
146.491290 -32.202457   0.009450  0.000103   2833.039    30.878623   6.775925   3.902648     520.628 1
151.354230 -32.031754   0.006593  0.000021   1976.532     6.295642   6.791261   3.911481    -329.334 0
155.782900 -23.549047   0.023346  0.000150   6998.955    44.968869   6.804973   3.919378    4654.712 1
150.160100 -32.366997   0.008549  0.000010   2562.926     2.997925   6.806684   3.920364     252.579 0
156.164980 -24.764273   0.011645  0.000160   3491.083    47.966793   6.863770   3.953243    1173.644 1
151.206440 -32.177624   0.008773  0.000183   2630.079    54.862020   6.881140   3.963248     319.219 0
155.178040 -22.165546   0.010674  0.000150   3199.985    44.968869   6.887958   3.967174     884.770 1
151.630840 -32.043160   0.007932  0.000150   2377.954    44.968869   6.896110   3.971870      69.020 0
142.903820 -30.307394   0.008603  0.000017   2579.115     5.096472   6.907713   3.978552     268.644 0
154.304760 -21.066770   0.011601  0.000103   3477.892    30.878623   6.909736   3.979718    1160.554 1
140.948720 -25.637907   0.008509  0.000057   2550.934    17.088170   6.911723   3.980862     240.679 0
142.799740 -30.214317   0.008483  0.000023   2543.139     6.895227   6.916850   3.983815     232.944 0
153.903440 -20.647375   0.011892  0.000117   3565.132    35.075718   6.945157   4.000118    1247.127 1
140.909260 -25.276367   0.021932  0.000083   6575.048    24.882774   6.960083   4.008715    4234.044 1
150.520520 -18.955868   0.013036  0.000267   3908.094    80.044586   6.961682   4.009636    1587.469 1
153.886140 -20.583729   0.012122  0.000150   3634.084    44.968869   6.981021   4.020775    1315.552 1
142.229300 -29.672161   0.006971  0.000033   2089.853     9.893151   6.992858   4.027592    -216.879 0
154.945660 -21.632963   0.011078  0.000447   3321.101    99.990000   7.004640   4.034378    1004.961 1
155.036960 -21.721922   0.010487  0.000014   3143.924     4.197094   7.020924   4.043757     829.137 1
141.344040 -23.187353   0.008706  0.000150   2609.993    44.968869   7.021500   4.044089     299.287 0
142.778920 -30.358288   0.008603  0.000067   2579.115    20.086095   7.025632   4.046469     268.644 0
148.429900 -18.662815   0.007550  0.000026   2263.433     7.794604   7.042689   4.056293     -44.625 0
148.385160 -18.659039   0.007819  0.000183   2344.077    54.862020   7.047554   4.059095      35.403 0
140.902000 -26.881996   0.007889  0.000033   2365.063     9.893151   7.052680   4.062047      56.228 0
148.323530 -18.645084   0.007512  0.000020   2252.041     5.995849   7.063379   4.068209     -55.930 0
148.616550 -18.638758   0.012602  0.000007   3777.985     2.098547   7.064682   4.068960    1458.353 1
155.489270 -22.267767   0.012285  0.000030   3682.950     8.993774   7.079863   4.077703    1364.045 1
155.686250 -22.600931   0.012739  0.000090   3819.056    26.981321   7.083440   4.079764    1499.111 1
147.814380 -32.752594   0.009306  0.000009   2789.869     2.698132   7.086349   4.081439     477.788 1
152.926740 -31.642984   0.009460  0.000005   2836.037     1.498962   7.095309   4.086599     523.603 1
156.131070 -23.552961   0.012435  0.000053   3727.919    15.889000   7.102063   4.090490    1408.671 1
156.162600 -27.811700   0.012002  0.000333   3598.109    99.830889   7.116524   4.098818    1279.852 1
155.045490 -21.563390   0.010357  0.000217   3104.950    65.054963   7.118276   4.099828     790.462 1
155.010160 -21.518469   0.012345  0.000047   3700.938    14.090246   7.118720   4.100083    1381.895 1
154.208400 -20.635931   0.023233  0.000150   6965.078    44.968869   7.144460   4.114909    4621.094 1
140.799880 -26.940546   0.008049  0.000031   2413.029     9.293566   7.153311   4.120006     103.828 0
149.455290 -32.818886   0.014530  0.000183   4355.984    54.862020   7.155225   4.121109    2031.937 1
142.570970 -30.385046   0.007802  0.000103   2338.981    30.878623   7.184461   4.137947      30.345 0
149.503700 -32.868880   0.014840  0.000037   4448.920    11.092321   7.209635   4.152447    2124.162 1
156.531300 -24.555916   0.012949  0.000150   3882.013    44.968869   7.221048   4.159020    1561.586 1
145.183690 -32.229890   0.003419  0.000033   1024.990     9.893151   7.223337   4.160339   -1273.605 1
153.935530 -20.295605   0.012185  0.000073   3652.971    21.884849   7.224422   4.160964    1334.295 1
154.955350 -21.274889   0.011212  0.000037   3361.273    11.092321   7.225503   4.161586    1044.826 1
147.352510 -32.838837   0.009700  0.000026   2907.987     7.794604   7.226091   4.161925     595.003 1
151.796100 -19.067879   0.011595  0.000100   3476.094    29.979246   7.226709   4.162280    1158.769 1
155.918950 -22.682598   0.013469  0.000043   4037.905    12.891076   7.238050   4.168812    1716.287 1
147.503360 -32.882816   0.009570  0.000021   2869.014     6.295642   7.249425   4.175364     556.328 1
147.805360 -18.475863   0.012352  0.000017   3703.036     5.096472   7.264675   4.184147    1383.978 1
141.012340 -28.178896   0.008216  0.000147   2463.095    44.069491   7.287414   4.197244     153.511 0
156.655140 -24.853468   0.013746  0.000183   4120.947    54.862020   7.290589   4.199073    1798.695 1
146.931150 -32.837400   0.009346  0.000033   2801.860     9.893151   7.294288   4.201203     489.688 1
153.344270 -19.771570   0.011982  0.000150   3592.113    44.968869   7.301666   4.205453    1273.902 1
155.337630 -21.608042   0.011044  0.000150   3310.908    44.968869   7.308893   4.209615     994.846 1
153.717960 -20.012787   0.011108  0.000100   3330.095    29.979246   7.313778   4.212428    1013.886 1
142.568370 -30.611147   0.008312  0.000083   2491.875    24.882774   7.335541   4.224963     182.071 0
142.357540 -30.415218   0.003592  0.000073   1076.855    21.884849   7.350711   4.233700   -1222.137 1
140.920000 -23.246110   0.008706  0.000333   2609.993    99.830889   7.359652   4.238850     299.287 0
155.457600 -21.646330   0.012355  0.000150   3703.936    44.968869   7.377552   4.249160    1384.870 1
147.989260 -33.073467   0.009763  0.000005   2926.874     1.498962   7.391846   4.257392     613.746 1
156.831130 -25.548890   0.011571  0.000150   3468.899    44.968869   7.401062   4.262701    1151.629 1
148.596360 -33.116665   0.005080  0.000033   1522.946     9.893151   7.413253   4.269722    -779.454 1
140.875870 -23.161385   0.008763  0.000011   2627.081     3.297717   7.425721   4.276903     316.244 0
156.048870 -28.928747   0.012886  0.000103   3863.126    30.878623   7.431028   4.279960    1542.844 1
148.787370 -33.137024   0.010047  0.000017   3012.015     5.096472   7.435130   4.282322     698.236 1
156.734480 -24.089212   0.011928  0.000037   3575.924    11.092321   7.488416   4.313013    1257.837 1
148.789830 -33.210197   0.008724  0.000026   2615.389     7.794604   7.508333   4.324484     304.642 0
149.406710 -18.178646   0.012065  0.000007   3616.996     2.098547   7.558185   4.353197    1298.595 1
156.124310 -29.150558   0.012472  0.000127   3739.012    38.073642   7.590451   4.371781    1419.678 1
146.355100 -18.374020   0.013813  0.000014   4141.033     4.197094   7.608019   4.381899    1818.628 1
156.686450 -23.411083   0.012288  0.000173   3683.850    51.864095   7.621974   4.389937    1364.938 1
156.834408 -23.805431   0.012260  0.000333   3675.456    99.830889   7.641858   4.401389    1356.608 1
157.151120 -25.358550   0.015737  0.000074   4717.834    22.184642   7.695508   4.432289    2391.021 1
142.318220 -20.379265   0.015748  0.000200   4721.132    59.958492   7.783314   4.482862    2394.294 1
150.541240 -33.301666   0.007842  0.000034   2350.972    10.192944   7.793115   4.488507      42.245 0
148.480000 -17.905712   0.016505  0.000150   4948.075    44.968869   7.798735   4.491744    2619.502 1
145.119750 -32.843450   0.009346  0.000050   2801.860    14.989623   7.805241   4.495491     489.688 1
156.127660 -21.790940   0.011842  0.000013   3550.142     3.897302   7.815422   4.501354    1232.252 1
154.730440 -20.154543   0.023186  0.000360   6950.988    99.990000   7.817488   4.502545    4607.111 1
151.452990 -18.246687   0.016481  0.000020   4940.880     5.995849   7.881838   4.539608    2612.362 1
151.604340 -18.275350   0.016265  0.000033   4876.124     9.893151   7.900113   4.550133    2548.102 1
157.394650 -26.327326   0.013062  0.000150   3915.889    44.968869   7.931783   4.568374    1595.204 1
139.959780 -24.227837   0.011218  0.000150   3363.072    44.968869   7.940804   4.573570    1046.611 1
157.010310 -23.256280   0.012792  0.000010   3834.945     2.997925   7.947061   4.577173    1514.879 1
144.953770 -32.967846   0.009350  0.000031   2803.059     9.293566   7.979921   4.596099     490.878 1
156.590880 -29.199953   0.012339  0.000333   3699.139    99.830889   7.988784   4.601204    1380.110 1
156.155870 -21.493528   0.018593  0.000033   5574.041     9.893151   7.990063   4.601940    3240.686 1
153.809920 -19.214111   0.013042  0.000150   3909.893    44.968869   7.999215   4.607212    1589.254 1
148.211350 -33.741780   0.008506  0.000103   2550.035    30.878623   8.046732   4.634580     239.786 0
157.404600 -24.112543   0.012689  0.000007   3804.066     2.098547   8.074452   4.650545    1484.236 1
155.084230 -20.095201   0.011741  0.000150   3519.863    44.968869   8.086264   4.657348    1202.204 1
146.702060 -33.603690   0.008212  0.000007   2461.896     2.098547   8.086886   4.657706     152.321 0
152.072080 -33.168056   0.005486  0.000027   1644.661     8.094396   8.087069   4.657812    -658.669 1
156.326570 -29.854960   0.013323  0.000150   3994.135    44.968869   8.091079   4.660122    1672.852 1
154.955950 -19.955307   0.022939  0.000070   6876.939    20.985472   8.102039   4.666434    4533.628 1
154.953140 -19.939990   0.024033  0.000294   7204.912    88.138983   8.111131   4.671670    4859.095 1
156.473130 -21.712982   0.018136  0.000137   5437.036    41.071567   8.124400   4.679313    3104.728 1
156.263030 -21.392466   0.012876  0.000150   3860.128    44.968869   8.125454   4.679920    1539.869 1
156.683790 -21.863222   0.019003  0.000017   5696.956     5.096472   8.219004   4.733801    3362.662 1
147.784560 -17.500050   0.012195  0.000070   3655.969    20.985472   8.237783   4.744617    1337.270 1
151.358430 -17.799217   0.010237  0.000063   3068.975    18.886925   8.280645   4.769303     754.762 1
146.322330 -33.784084   0.008870  0.000333   2659.159    99.830889   8.341445   4.804322     348.077 0
146.460080 -17.589272   0.013383  0.000333   4012.122    99.830889   8.344117   4.805861    1690.702 1
157.660680 -27.592932   0.011882  0.000030   3562.134     8.993774   8.363158   4.816827    1244.152 1
139.413220 -24.504898   0.016358  0.000150   4904.005    44.968869   8.381118   4.827171    2575.770 1
152.044750 -33.517166   0.010227  0.000150   3065.977    44.968869   8.401303   4.838797     751.787 1
139.640240 -23.414997   0.007915  0.000100   2372.857    29.979246   8.407845   4.842565      63.963 0
156.622300 -21.316061   0.018369  0.000013   5506.888     3.897302   8.441071   4.861702    3174.046 1
157.951520 -26.565410   0.013956  0.000050   4183.904    14.989623   8.453040   4.868596    1861.171 1
150.708650 -33.953213   0.010124  0.000183   3035.099    54.862020   8.461892   4.873694     721.144 1
158.028050 -26.030916   0.010541  0.000150   3160.112    44.968869   8.484257   4.886575     845.202 1
150.875760 -33.949844   0.009103  0.000033   2729.011     9.893151   8.493393   4.891837     417.395 1
158.027280 -26.464802   0.015744  0.000103   4719.932    30.878623   8.511362   4.902187    2393.104 1
156.911000 -29.797241   0.012829  0.000333   3846.037    99.830889   8.519463   4.906853    1525.886 1
141.905640 -19.695448   0.015974  0.000067   4788.885    20.086095   8.525757   4.910478    2461.529 1
155.361740 -19.703384   0.022322  0.000150   6691.967    44.968869   8.538841   4.918013    4350.070 1
150.423340 -34.096943   0.009416  0.000025   2822.846     7.494811   8.549491   4.924148     510.513 1
150.374440 -34.112490   0.009336  0.000150   2798.862    44.968869   8.556501   4.928185     486.713 1
139.199890 -26.816317   0.008126  0.000020   2436.114     5.995849   8.559849   4.930113     126.736 0
158.122770 -26.198143   0.009920  0.000150   2973.941    44.968869   8.577560   4.940314     660.454 1
149.786090 -34.225230   0.008913  0.000070   2672.050    20.985472   8.586418   4.945416     360.870 0
142.072220 -19.434637   0.016698  0.000033   5005.934     9.893151   8.607965   4.957826    2676.920 1
150.022500 -34.228240   0.009413  0.000030   2821.946     8.993774   8.618076   4.963650     509.620 1
157.404250 -22.288660   0.011968  0.000237   3587.916    71.050813   8.620994   4.965330    1269.737 1
157.762740 -28.307251   0.013232  0.000113   3966.854    33.876548   8.640539   4.976587    1645.779 1
139.415100 -23.264996   0.011885  0.000150   3563.033    44.968869   8.644336   4.978774    1245.045 1
151.449980 -17.434580   0.016628  0.000026   4984.949     7.794604   8.653347   4.983964    2656.095 1
157.705960 -28.575508   0.012619  0.000183   3783.081    54.862020   8.676834   4.997492    1463.411 1
158.086760 -24.037464   0.012278  0.000053   3680.852    15.889000   8.691986   5.006219    1361.963 1
141.807830 -19.532518   0.016108  0.000047   4829.057    14.090246   8.703267   5.012716    2501.394 1
154.326100 -18.662674   0.013393  0.000030   4015.120     8.993774   8.718688   5.021598    1693.677 1
148.902540 -16.965416   0.010107  0.000150   3030.002    44.968869   8.741755   5.034884     716.087 1
155.450710 -19.494780   0.019887  0.000063   5961.973    18.886925   8.742947   5.035570    3625.653 1
158.116550 -27.529325   0.013433  0.000090   4027.112    26.981321   8.750297   5.039803    1705.577 1
141.205500 -31.363250   0.015390  0.000333   4613.806    99.830889   8.755364   5.042721    2287.788 1
141.857910 -32.009842   0.003624  0.000018   1086.448     5.396264   8.768434   5.050249   -1212.617 1
157.760010 -28.716675   0.012160  0.000070   3645.476    20.985472   8.770299   5.051324    1326.858 1
140.852070 -31.004840   0.015060  0.000113   4514.874    33.876548   8.779740   5.056761    2189.612 1
139.211670 -23.385555   0.002791  0.000052    836.721    15.589208   8.787778   5.061391   -1460.436 1
138.866780 -25.567467   0.009053  0.000150   2714.021    44.968869   8.788398   5.061748     402.520 1
139.241990 -23.280481   0.002764  0.000333    828.626    99.830889   8.789811   5.062562   -1468.468 1
158.292790 -24.542925   0.012569  0.000023   3768.091     6.895227   8.793395   5.064626    1448.536 1
155.719590 -19.669899   0.021512  0.000140   6449.135    41.970944   8.794127   5.065047    4109.093 1
157.808800 -28.665401   0.012622  0.000150   3783.980    44.968869   8.794196   5.065087    1464.303 1
158.172520 -27.527620   0.012665  0.000153   3796.871    45.868246   8.799272   5.068011    1477.096 1
155.738160 -19.679161   0.021905  0.000023   6566.954     6.895227   8.799965   5.068410    4226.012 1
149.728530 -34.446613   0.009120  0.000103   2734.107    30.878623   8.800134   5.068507     422.452 1
154.716370 -32.596554   0.004540  0.000029   1361.058     8.693981   8.814671   5.076880    -940.105 1
158.280580 -27.092278   0.014380  0.000333   4311.016    99.830889   8.815566   5.077395    1987.311 1
158.281340 -27.096033   0.014136  0.000093   4237.866    27.880699   8.816834   5.078126    1914.721 1
158.203350 -27.522390   0.014343  0.000033   4299.923     9.893151   8.825370   5.083042    1976.304 1
158.391270 -26.300812   0.009964  0.000103   2987.132    30.878623   8.825455   5.083091     673.544 1
139.082350 -23.633265   0.008489  0.000017   2544.938     5.096472   8.838954   5.090866     234.729 0
157.887590 -28.649347   0.011568  0.000150   3467.999    44.968869   8.855721   5.100523    1150.737 1
151.346010 -34.219960   0.009300  0.000005   2788.070     1.498962   8.863878   5.105221     476.003 1
148.162220 -34.565216   0.015257  0.000103   4573.934    30.878623   8.871333   5.109515    2248.220 1
158.375210 -26.897516   0.011741  0.000057   3519.863    17.088170   8.871470   5.109594    1202.204 1
158.345460 -27.196655   0.013272  0.000334   3978.846    99.990000   8.890235   5.120402    1657.679 1
158.245130 -27.670055   0.010397  0.000033   3116.942     9.893151   8.893693   5.122393     802.362 1
139.469960 -22.354480   0.002959  0.000002    887.086     0.599585   8.898124   5.124945   -1410.456 1
158.399520 -27.022780   0.009857  0.000150   2955.054    44.968869   8.910860   5.132281     641.711 1
155.314710 -32.272570   0.014136  0.000103   4237.866    30.878623   8.919164   5.137064    1914.721 1
158.420930 -26.966578   0.011908  0.000267   3569.929    80.044586   8.921809   5.138587    1251.887 1
157.977430 -28.627102   0.012002  0.000087   3598.109    26.081944   8.924790   5.140304    1279.852 1
144.585310 -33.862583   0.009256  0.000150   2774.879    44.968869   8.932097   5.144513     462.913 1
155.843950 -19.586987   0.021695  0.000150   6503.997    44.968869   8.932549   5.144773    4163.536 1
138.930000 -23.701588   0.011415  0.000047   3422.131    14.090246   8.956952   5.158828    1105.219 1
138.893500 -23.848297   0.011442  0.000033   3430.225     9.893151   8.957481   5.159132    1113.251 1
149.964100 -34.580010   0.015301  0.000103   4587.124    30.878623   8.958918   5.159960    2261.310 1
140.791100 -20.167510   0.002765  0.000010    828.926     2.997925   8.966464   5.164306   -1468.171 1
158.399540 -27.454441   0.011268  0.000033   3378.061     9.893151   8.984937   5.174946    1061.486 1
156.533970 -20.235281   0.018606  0.000037   5577.938    11.092321   8.986757   5.175994    3244.553 1
158.168470 -28.347730   0.012989  0.000150   3894.004    44.968869   9.001611   5.184550    1573.486 1
146.702990 -34.538845   0.008439  0.000150   2529.949    44.968869   9.002514   5.185070     219.854 0
138.948100 -23.440880   0.008729  0.000100   2616.888    29.979246   9.003013   5.185357     306.129 0
144.531560 -33.927742   0.008823  0.000013   2645.069     3.897302   9.011343   5.190155     334.094 0
158.417910 -27.507036   0.010961  0.000387   3286.025    99.990000   9.011551   5.190275     970.153 1
158.436570 -27.425236   0.011228  0.000267   3366.070    80.044586   9.012040   5.190556    1049.586 1
158.464700 -27.293705   0.012028  0.000267   3605.904    80.044586   9.012785   5.190985    1287.587 1
157.951700 -22.444366   0.012522  0.000100   3754.001    29.979246   9.018602   5.194336    1434.553 1
157.956020 -28.966501   0.012319  0.000150   3693.143    44.968869   9.023673   5.197256    1374.160 1
158.599140 -26.491484   0.014774  0.000090   4429.134    26.981321   9.026979   5.199161    2104.527 1
149.248030 -34.716520   0.008789  0.000183   2634.876    54.862020   9.030877   5.201406     323.979 0
158.585830 -26.791834   0.014430  0.000017   4326.005     5.096472   9.046236   5.210252    2002.186 1
147.254380 -16.728931   0.007565  0.000150   2267.930    44.968869   9.058364   5.217237     -40.163 0
158.589340 -26.903574   0.012846  0.000267   3851.134    80.044586   9.063494   5.220192    1530.944 1
158.491670 -27.452625   0.008866  0.000267   2657.960    80.044586   9.066023   5.221648     346.887 0
157.925260 -22.249292   0.003302  0.000010    989.915     2.997925   9.068884   5.223296   -1308.412 1
158.499040 -27.451708   0.011261  0.000143   3375.963    42.870321   9.072362   5.225299    1059.404 1
158.584500 -27.072390   0.013980  0.000267   4191.099    80.044586   9.083077   5.231471    1868.311 1
158.099960 -28.795187   0.012732  0.000150   3816.958    44.968869   9.084994   5.232575    1497.029 1
158.599040 -26.998780   0.011738  0.000267   3518.964    80.044586   9.085242   5.232718    1201.312 1
158.699660 -25.935413   0.010611  0.000103   3181.098    30.878623   9.086051   5.233183     866.027 1
156.695950 -31.149584   0.007098  0.000150   2127.927    44.968869   9.089807   5.235347    -179.096 0
157.295900 -30.342537   0.013880  0.000023   4161.119     6.895227   9.090981   5.236023    1838.560 1
158.185600 -28.610151   0.012088  0.000023   3623.891     6.895227   9.096789   5.239368    1305.437 1
154.453050 -18.272192   0.013419  0.000103   4022.915    30.878623   9.102533   5.242676    1701.412 1
158.665340 -26.679388   0.014447  0.000150   4331.102    44.968869   9.104624   5.243880    2007.244 1
157.998100 -22.281609   0.012085  0.000100   3622.992    29.979246   9.117426   5.251254    1304.545 1
158.588380 -27.328970   0.012185  0.000310   3652.971    92.935662   9.128714   5.257755    1334.295 1
158.474270 -27.828405   0.008986  0.000017   2693.935     5.096472   9.130712   5.258906     382.587 1
158.502850 -27.729374   0.010391  0.000097   3115.143    29.079868   9.133283   5.260387     800.577 1
158.668810 -26.909258   0.015040  0.000053   4508.879    15.889000   9.135224   5.261505    2183.662 1
145.620500 -16.976587   0.013922  0.000020   4173.711     5.995849   9.135548   5.261691    1851.056 1
158.697540 -26.784414   0.009950  0.000267   2982.935    80.044586   9.145290   5.267302     669.379 1
158.678020 -26.956585   0.009617  0.000267   2883.104    80.044586   9.149811   5.269907     570.311 1
158.452000 -28.004510   0.012045  0.000150   3611.000    44.968869   9.153872   5.272246    1292.645 1
158.722980 -26.707850   0.016785  0.000183   5032.016    54.862020   9.159340   5.275395    2702.803 1
158.691060 -26.955076   0.014337  0.000327   4298.124    98.032134   9.161244   5.276492    1974.519 1
158.702330 -26.891945   0.010070  0.000267   3018.910    80.044586   9.162902   5.277446     705.079 1
158.663420 -27.140972   0.014790  0.000267   4433.930    80.044586   9.163890   5.278015    2109.287 1
156.619900 -20.042458   0.010367  0.000017   3107.948     5.096472   9.166140   5.279311     793.437 1
158.676390 -27.081330   0.011885  0.000267   3563.033    80.044586   9.166277   5.279390    1245.045 1
158.560240 -27.659548   0.012569  0.000103   3768.091    30.878623   9.168562   5.280707    1448.536 1
158.631440 -27.352787   0.009553  0.000267   2863.917    80.044586   9.171149   5.282196     551.271 1
145.972660 -34.559270   0.008824  0.000026   2645.369     7.794604   9.171258   5.282259     334.392 0
158.793240 -25.977388   0.008016  0.000117   2403.136    35.075718   9.171502   5.282400      94.011 0
154.559170 -18.246390   0.013586  0.000040   4072.980    11.991698   9.179035   5.286738    1751.095 1
158.611450 -27.501114   0.011721  0.000267   3513.867    80.044586   9.181317   5.288053    1196.254 1
158.609590 -27.509640   0.016995  0.000267   5094.973    80.044586   9.181347   5.288070    2765.278 1
158.745290 -26.875042   0.012492  0.000267   3745.007    80.044586   9.199117   5.298305    1425.628 1
158.698910 -27.214413   0.014513  0.000110   4350.888    32.977170   9.207240   5.302983    2026.879 1
158.562090 -27.847454   0.011698  0.000274   3506.972    82.143133   9.212103   5.305784    1189.412 1
158.420650 -28.342598   0.011174  0.000183   3349.881    54.862020   9.217584   5.308941    1033.521 1
158.527420 -28.043388   0.011334  0.000090   3397.848    26.981321   9.229443   5.315771    1081.121 1
158.767010 -26.996090   0.011555  0.000267   3464.102    80.044586   9.234694   5.318795    1146.869 1
138.770030 -28.263144   0.007078  0.000012   2121.931     3.597509   9.236300   5.319721    -185.046 0
158.715360 -27.346033   0.011008  0.000267   3300.115    80.044586   9.244340   5.324351     984.136 1
158.653660 -27.652908   0.009847  0.000033   2952.056     9.893151   9.249416   5.327275     638.736 1
154.280960 -33.419680   0.009260  0.000333   2776.078    99.830889   9.250235   5.327746     464.103 1
158.618120 -27.852840   0.011038  0.000267   3309.109    80.044586   9.262458   5.334787     993.061 1
158.854320 -26.657124   0.012745  0.000043   3820.855    12.891076   9.271625   5.340066    1500.896 1
158.806020 -27.018076   0.013132  0.000267   3936.875    80.044586   9.272591   5.340622    1616.029 1
158.800640 -27.169682   0.014257  0.000150   4274.141    44.968869   9.290509   5.350943    1950.719 1
158.624500 -27.979874   0.017662  0.000267   5294.934    80.044586   9.298332   5.355449    2963.712 1
158.733080 -27.639996   0.010077  0.000033   3021.009     9.893151   9.316690   5.366022     707.162 1
158.863480 -24.383974   0.011872  0.000093   3559.136    27.880699   9.324527   5.370536    1241.177 1
158.958760 -26.221972   0.014760  0.000237   4424.937    71.050813   9.330971   5.374247    2100.362 1
158.881450 -26.967659   0.008993  0.000267   2696.034    80.044586   9.332912   5.375365     384.670 1
143.942980 -17.372913   0.013152  0.000150   3942.870    44.968869   9.335453   5.376829    1621.979 1
143.911100 -17.386253   0.014123  0.000070   4233.969    20.985472   9.336568   5.377470    1910.853 1
158.911770 -26.790504   0.011988  0.000364   3593.912    99.990000   9.337703   5.378125    1275.687 1
155.288760 -32.860870   0.010204  0.000150   3059.082    44.968869   9.345867   5.382827     744.944 1
157.597080 -30.393366   0.013710  0.000027   4110.155     8.094396   9.350785   5.385659    1787.985 1
158.835500 -27.362055   0.015334  0.000047   4597.018    14.090246   9.353717   5.387348    2271.128 1
158.840420 -27.390755   0.010497  0.000040   3146.921    11.991698   9.363209   5.392815     832.112 1
158.927600 -26.899172   0.014123  0.000267   4233.969    80.044586   9.365124   5.393918    1910.853 1
158.246060 -22.148520   0.012535  0.000100   3757.898    29.979246   9.374551   5.399347    1438.421 1
157.178900 -31.038137   0.014050  0.000047   4212.084    14.090246   9.377973   5.401318    1889.136 1
158.644840 -28.236860   0.012389  0.000267   3714.129    80.044586   9.382209   5.403758    1394.985 1
158.906130 -27.180536   0.012359  0.000267   3705.135    80.044586   9.386084   5.405990    1386.060 1
158.936140 -27.000214   0.008182  0.000127   2452.902    38.073642   9.386181   5.406046     143.396 0
158.878560 -27.380552   0.014760  0.000120   4424.937    35.975095   9.395188   5.411233    2100.362 1
158.806430 -27.712854   0.014653  0.000267   4392.859    80.044586   9.396659   5.412080    2068.529 1
159.053010 -25.472555   0.020603  0.000022   6176.624     6.595434   9.404310   5.416487    3838.664 1
158.569180 -28.568026   0.011975  0.000037   3590.015    11.092321   9.412035   5.420937    1271.820 1
138.584300 -23.051233   0.008336  0.000150   2499.070    44.968869   9.422829   5.427154     189.211 0
158.807270 -27.831383   0.011621  0.000267   3483.888    80.044586   9.423454   5.427513    1166.504 1
158.841300 -27.695774   0.009677  0.000020   2901.092     5.995849   9.423728   5.427671     588.161 1
158.951830 -27.172264   0.008326  0.000120   2496.072    35.975095   9.425459   5.428668     186.236 0
158.950520 -27.186176   0.012755  0.000267   3823.853    80.044586   9.426471   5.429251    1503.871 1
141.715420 -32.786945   0.003951  0.000022   1184.480     6.595434   9.427174   5.429656   -1115.334 1
158.748570 -28.078460   0.007869  0.000047   2359.067    14.090246   9.431106   5.431921      50.278 0
159.041720 -24.813196   0.003376  0.000333   1012.099    99.830889   9.433404   5.433244   -1286.397 1
141.708710 -32.796555   0.009934  0.000183   2978.138    54.862020   9.438385   5.436113     664.619 1
158.895460 -27.541250   0.014537  0.000454   4358.083    99.990000   9.440136   5.437121    2034.019 1
159.091260 -25.380648   0.013335  0.000019   3997.732     5.696057   9.441461   5.437884    1676.422 1
159.092160 -25.376493   0.013389  0.000037   4013.921    11.092321   9.442414   5.438434    1692.487 1
159.017350 -24.323100   0.011831  0.000100   3546.845    29.979246   9.470478   5.454597    1228.980 1
158.974610 -27.372267   0.013860  0.000067   4155.123    20.086095   9.478894   5.459445    1832.610 1
158.648600 -28.568190   0.011625  0.000087   3485.087    26.081944   9.480276   5.460241    1167.694 1
158.704280 -28.417524   0.009697  0.000150   2907.087    44.968869   9.483902   5.462329     594.111 1
158.991300 -27.319046   0.010717  0.000030   3212.876     8.993774   9.484488   5.462666     897.563 1
159.089390 -26.772840   0.010200  0.000100   3057.883    29.979246   9.494672   5.468532     743.754 1
158.661480 -28.583332   0.010641  0.000050   3190.092    14.989623   9.495921   5.469251     874.952 1
158.855600 -27.979292   0.011898  0.000267   3566.931    80.044586   9.500226   5.471731    1248.912 1
158.697740 -28.496353   0.010537  0.000057   3158.913    17.088170   9.501129   5.472251     844.012 1
158.945310 -27.646765   0.015834  0.000023   4746.914     6.895227   9.505208   5.474600    2419.879 1
159.049180 -27.162235   0.013099  0.000057   3926.981    17.088170   9.510571   5.477689    1606.212 1
159.036500 -27.253222   0.012102  0.000350   3628.088    99.990000   9.513678   5.479479    1309.602 1
158.835390 -28.122005   0.011151  0.000267   3342.986    80.044586   9.517807   5.481857    1026.678 1
158.711850 -28.512670   0.011171  0.000047   3348.982    14.090246   9.518085   5.482017    1032.628 1
153.689130 -34.058810   0.009964  0.000013   2987.132     3.897302   9.522710   5.484680     673.544 1
147.176710 -16.264840   0.017242  0.000150   5169.022    44.968869   9.527661   5.487532    2838.761 1
159.185900 -25.262403   0.012362  0.000150   3706.034    44.968869   9.531426   5.489701    1386.953 1
159.103320 -26.999575   0.013933  0.000047   4177.008    14.090246   9.535310   5.491938    1854.328 1
158.710600 -28.582998   0.011515  0.000012   3452.110     3.597509   9.538005   5.493490    1134.969 1
156.070630 -32.482730   0.010070  0.000013   3018.910     3.897302   9.541449   5.495473     705.079 1
159.087130 -27.166637   0.012118  0.000050   3632.885    14.989623   9.545036   5.497540    1314.362 1
146.398330 -35.045940   0.015828  0.000083   4745.115    24.882774   9.554394   5.502929    2418.094 1
159.211430 -26.155249   0.012295  0.000127   3685.948    38.073642   9.554908   5.503226    1367.020 1
159.045780 -27.454163   0.016311  0.000050   4889.915    14.989623   9.556690   5.504252    2561.787 1
158.980220 -27.754686   0.013503  0.000090   4048.098    26.981321   9.558578   5.505339    1726.402 1
158.922410 -28.007480   0.015631  0.000267   4686.056    80.044586   9.565433   5.509288    2359.486 1
159.007740 -27.685415   0.013573  0.000057   4069.083    17.088170   9.568211   5.510887    1747.227 1
159.176970 -26.774708   0.010017  0.000550   3003.021    99.990000   9.573297   5.513817     689.311 1
159.013460 -27.694170   0.011675  0.000267   3500.077    80.044586   9.575069   5.514837    1182.569 1
158.846950 -28.314056   0.011021  0.000017   3304.013     5.096472   9.578433   5.516775     988.003 1
159.236100 -26.194267   0.010941  0.000090   3280.029    26.981321   9.579032   5.517120     964.203 1
159.056380 -27.532055   0.014420  0.000387   4323.007    99.990000   9.580641   5.518047    1999.211 1
159.071490 -27.474817   0.012769  0.000404   3828.050    99.990000   9.583261   5.519556    1508.036 1
159.096080 -27.354220   0.009917  0.000050   2973.042    14.989623   9.583530   5.519710     659.561 1
157.074870 -31.517982   0.010471  0.000007   3139.127     2.098547   9.584317   5.520164     824.377 1
159.119580 -27.243444   0.013306  0.000267   3989.038    80.044586   9.585970   5.521116    1667.795 1
158.898440 -28.185320   0.013042  0.000267   3909.893    80.044586   9.588956   5.522836    1589.254 1
159.073060 -27.503680   0.010234  0.000267   3068.076    80.044586   9.590028   5.523453     753.869 1
159.071530 -27.529709   0.012612  0.000043   3780.982    12.891076   9.593595   5.525507    1461.328 1
159.115170 -27.319220   0.011241  0.000027   3369.967     8.094396   9.594518   5.526039    1053.454 1
153.736470 -17.289513   0.014106  0.000103   4228.872    30.878623   9.594556   5.526061    1905.796 1
159.093060 -27.438140   0.011855  0.000011   3554.040     3.297717   9.595665   5.526699    1236.120 1
159.148390 -27.149221   0.015527  0.000047   4654.877    14.090246   9.596947   5.527438    2328.546 1
159.251800 -26.318186   0.012669  0.000127   3798.071    38.073642   9.600298   5.529368    1478.286 1
158.890240 -28.259027   0.009793  0.000267   2935.868    80.044586   9.601175   5.529873     622.671 1
159.268660 -25.344660   0.012362  0.000150   3706.034    44.968869   9.602492   5.530632    1386.953 1
159.054370 -27.688580   0.013940  0.000047   4179.107    14.090246   9.609972   5.534940    1856.411 1
159.046770 -27.736881   0.014787  0.000284   4433.031    85.141058   9.613373   5.536899    2108.395 1
159.114640 -27.441864   0.012569  0.000287   3768.091    86.040435   9.615462   5.538102    1448.536 1
138.080960 -24.172610   0.002305  0.000117    691.022    35.075718   9.618017   5.539574   -1605.022 1
157.958940 -30.384453   0.011741  0.000037   3519.863    11.092321   9.629915   5.546426    1202.204 1
159.192410 -27.117916   0.011905  0.000500   3569.029    99.990000   9.631513   5.547347    1250.995 1
153.555600 -34.246597   0.009156  0.000017   2744.900     5.096472   9.631744   5.547480     433.162 1
159.103530 -27.581656   0.009276  0.000040   2780.875    11.991698   9.631897   5.547568     468.863 1
138.001980 -26.827827   0.008086  0.000027   2424.122     8.094396   9.632425   5.547872     114.836 0
159.081590 -27.707153   0.009697  0.000474   2907.087    99.990000   9.637816   5.550977     594.111 1
159.079000 -27.721428   0.011842  0.000040   3550.142    11.991698   9.638512   5.551377    1232.252 1
159.234400 -26.903166   0.010681  0.000217   3202.083    65.054963   9.639865   5.552157     886.853 1
159.221470 -27.052920   0.011785  0.000027   3533.054     8.094396   9.648109   5.556905    1215.294 1
159.145860 -27.479086   0.015617  0.000037   4681.859    11.092321   9.649910   5.557943    2355.321 1
159.147930 -27.470140   0.010521  0.000040   3154.116    11.991698   9.650102   5.558053     839.252 1
159.208190 -27.150084   0.012295  0.000127   3685.948    38.073642   9.650347   5.558194    1367.020 1
157.130400 -31.565092   0.010444  0.000150   3131.032    44.968869   9.652676   5.559536     816.345 1
158.725600 -28.908712   0.013976  0.000150   4189.899    44.968869   9.654089   5.560349    1867.121 1
159.148650 -27.518274   0.013593  0.000014   4075.079     4.197094   9.659667   5.563562    1753.177 1
154.608340 -33.720590   0.009680  0.000023   2901.991     6.895227   9.664264   5.566210     589.053 1
157.204940 -31.498154   0.010377  0.000150   3110.946    44.968869   9.665847   5.567121     796.412 1
159.286400 -26.787247   0.013089  0.000117   3923.983    35.075718   9.672683   5.571059    1603.237 1
159.302410 -26.670950   0.015271  0.000150   4578.131    44.968869   9.674697   5.572219    2252.385 1
158.992030 -28.205532   0.008519  0.000267   2553.932    80.044586   9.675644   5.572764     243.654 0
156.250000 -18.888784   0.021992  0.000150   6593.036    44.968869   9.680726   5.575691    4251.894 1
158.973370 -28.290821   0.011668  0.000150   3497.978    44.968869   9.681846   5.576336    1180.487 1
159.356000 -25.319132   0.012362  0.000007   3706.034     2.098547   9.682115   5.576491    1386.953 1
159.187240 -27.469501   0.009156  0.000040   2744.900    11.991698   9.684809   5.578043     433.162 1
159.344310 -25.060024   0.012000  0.000333   3597.509    99.830889   9.685347   5.578353    1279.257 1
159.204500 -27.388678   0.014884  0.000050   4462.111    14.989623   9.685712   5.578563    2137.252 1
159.246830 -27.178911   0.009713  0.000314   2911.884    94.134832   9.689120   5.580526     598.871 1
159.363140 -25.292656   0.012392  0.000010   3715.028     2.997925   9.689630   5.580820    1395.878 1
159.211670 -27.383972   0.014363  0.000447   4305.919    99.990000   9.691257   5.581756    1982.254 1
153.972990 -34.113823   0.008709  0.000333   2610.893    99.830889   9.695703   5.584318     300.179 0
155.761750 -32.956028   0.009316  0.000150   2792.867    44.968869   9.696423   5.584732     480.763 1
159.162160 -27.652136   0.008546  0.000180   2562.026    53.962642   9.697634   5.585429     251.686 0
159.156330 -27.716995   0.012469  0.000043   3738.112    12.891076   9.705736   5.590096    1418.786 1
159.371150 -26.316973   0.011168  0.000020   3348.082     5.995849   9.707544   5.591137    1031.736 1
159.387130 -25.349007   0.012098  0.000001   3626.889     0.299792   9.709006   5.591980    1308.412 1
159.309810 -26.922106   0.013876  0.000334   4159.920    99.990000   9.709647   5.592349    1837.370 1
159.292720 -27.066168   0.013453  0.000137   4033.108    41.071567   9.713531   5.594586    1711.527 1
156.605010 -19.176485   0.018793  0.000284   5634.000    85.141058   9.714900   5.595374    3300.186 1
159.229630 -27.446250   0.013813  0.000274   4141.033    82.143133   9.718170   5.597257    1818.628 1
159.126390 -27.901228   0.008479  0.000267   2541.940    80.044586   9.719343   5.597933     231.754 0
159.085920 -28.073416   0.015387  0.000267   4612.907    80.044586   9.724350   5.600817    2286.896 1
138.652130 -21.968304   0.009206  0.000013   2759.889     3.897302   9.726522   5.602068     448.038 1
140.284800 -31.890142   0.006164  0.000003   1847.921     0.899377   9.729848   5.603984    -456.963 1
159.408040 -26.277344   0.012722  0.000087   3813.960    26.081944   9.738301   5.608852    1494.054 1
158.746430 -22.286564   0.007675  0.000150   2300.907    44.968869   9.743967   5.612115      -7.438 0
159.270500 -27.399918   0.009166  0.000040   2747.898    11.991698   9.746230   5.613419     436.137 1
159.237670 -27.567870   0.014807  0.000060   4439.027    17.987547   9.747826   5.614338    2114.345 1
159.420880 -26.348606   0.012405  0.000073   3718.925    21.884849   9.754305   5.618070    1399.745 1
140.771450 -32.427020   0.005947  0.000183   1782.866    54.862020   9.757437   5.619873    -521.520 1
159.242370 -27.621529   0.019087  0.000297   5722.139    89.038360   9.762384   5.622723    3387.652 1
159.330110 -27.192022   0.012645  0.000033   3790.876     9.893151   9.765281   5.624391    1471.146 1
159.135500 -28.063654   0.014453  0.000093   4332.900    27.880699   9.765319   5.624413    2009.029 1
153.683750 -34.338590   0.008632  0.000021   2587.808     6.295642   9.766849   5.625294     277.272 0
159.260470 -27.564980   0.009627  0.000030   2886.102     8.993774   9.767441   5.625635     573.286 1
159.424220 -26.509693   0.011325  0.000150   3395.150    44.968869   9.769282   5.626696    1078.444 1
158.210360 -30.266900   0.011628  0.000020   3485.987     5.995849   9.773069   5.628877    1168.587 1
154.923550 -17.749886   0.003005  0.000017    900.876     5.096472   9.773867   5.629337   -1396.770 1
159.287670 -27.472140   0.008319  0.000350   2493.973    99.990000   9.774276   5.629572     184.154 0
159.289250 -27.480362   0.009173  0.000294   2749.996    88.138983   9.777167   5.631237     438.220 1
159.346530 -27.175306   0.022125  0.000347   6632.908    99.990000   9.777373   5.631356    4291.462 1
159.211560 -27.830217   0.013866  0.000137   4156.922    41.071567   9.778423   5.631961    1834.395 1
159.331100 -27.273405   0.014633  0.000040   4386.863    11.991698   9.778898   5.632234    2062.579 1
159.463670 -25.301748   0.013369  0.000043   4007.925    12.891076   9.779754   5.632727    1686.537 1
140.754090 -32.449688   0.005561  0.000009   1667.146     2.698132   9.784394   5.635400    -636.356 1
143.908800 -16.885406   0.014597  0.000150   4376.071    44.968869   9.786276   5.636484    2051.869 1
159.477190 -26.073828   0.015517  0.000150   4651.880    44.968869   9.790692   5.639027    2325.571 1
159.384340 -27.033667   0.009700  0.000470   2907.987    99.990000   9.790808   5.639094     595.003 1
157.225660 -31.682530   0.014443  0.000150   4329.902    44.968869   9.792273   5.639938    2006.054 1
159.228090 -27.845074   0.017182  0.000307   5151.034    92.036285   9.796199   5.642199    2820.911 1
159.210460 -27.919220   0.016108  0.000050   4829.057    14.989623   9.797201   5.642776    2501.394 1
159.321040 -27.468860   0.016088  0.000033   4823.061     9.893151   9.803258   5.646264    2495.444 1
159.224960 -27.916970   0.011788  0.000027   3533.953     8.094396   9.809420   5.649813    1216.187 1
159.144550 -28.214590   0.011541  0.000017   3459.905     5.096472   9.810776   5.650595    1142.704 1
159.290280 -27.657803   0.013723  0.000011   4114.052     3.297717   9.811876   5.651228    1791.853 1
138.001570 -23.518260   0.016885  0.000103   5061.996    30.878623   9.813330   5.652066    2732.553 1
159.162190 -28.207120   0.008983  0.000297   2693.036    89.038360   9.824236   5.658347     381.695 1
159.418950 -27.058012   0.014613  0.000080   4380.867    23.983397   9.825031   5.658805    2056.629 1
159.292400 -27.714993   0.009673  0.000267   2899.892    80.044586   9.825297   5.658958     586.971 1
159.422710 -27.044538   0.014547  0.000040   4361.081    11.991698   9.826539   5.659673    2036.994 1
159.303800 -27.683940   0.009537  0.000020   2859.121     5.995849   9.829048   5.661118     546.511 1
159.305220 -27.684960   0.015481  0.000020   4641.087     5.995849   9.830507   5.661959    2314.861 1
159.333280 -27.559470   0.013436  0.000047   4028.011    14.090246   9.830810   5.662133    1706.470 1
159.314990 -27.643675   0.011785  0.000267   3533.054    80.044586   9.830898   5.662184    1215.294 1
159.189040 -28.168000   0.011618  0.000150   3482.989    44.968869   9.837759   5.666136    1165.612 1
159.345110 -27.545753   0.009136  0.000033   2738.904     9.893151   9.838700   5.666678     427.212 1
159.503200 -26.502108   0.016098  0.000150   4826.059    44.968869   9.839587   5.667188    2498.419 1
159.135540 -28.365795   0.010941  0.000150   3280.029    44.968869   9.842747   5.669009     964.203 1
159.524220 -25.094149   0.013209  0.000150   3959.959    44.968869   9.844932   5.670267    1638.937 1
159.279950 -27.872530   0.013516  0.000047   4051.995    14.090246   9.847813   5.671926    1730.270 1
159.459820 -26.968166   0.010817  0.000070   3242.855    20.985472   9.849568   5.672937     927.313 1
152.692580 -34.844776   0.010037  0.000040   3009.017    11.991698   9.850680   5.673577     695.261 1
159.419950 -27.228722   0.009240  0.000267   2770.082    80.044586   9.850909   5.673709     458.153 1
159.434880 -27.140411   0.010287  0.000267   3083.965    80.044586   9.850930   5.673722     769.637 1
159.447250 -27.081220   0.007562  0.000040   2267.031    11.991698   9.853507   5.675206     -41.055 0
159.232030 -28.096647   0.013886  0.000267   4162.918    80.044586   9.857699   5.677620    1840.345 1
159.541960 -25.105827   0.013166  0.000027   3947.068     8.094396   9.860172   5.679044    1626.144 1
159.399050 -27.403917   0.016185  0.000314   4852.141    94.134832   9.861001   5.679522    2524.302 1
159.458070 -27.079275   0.010494  0.000267   3146.022    80.044586   9.862889   5.680609     831.220 1
159.403170 -27.407917   0.014113  0.000280   4230.971    83.941888   9.865348   5.682026    1907.878 1
159.271120 -27.986140   0.013286  0.000037   3983.043    11.092321   9.865718   5.682239    1661.844 1
159.266540 -28.041605   0.014427  0.000093   4325.106    27.880699   9.874690   5.687406    2001.294 1
159.250460 -28.117834   0.015281  0.000267   4581.129    80.044586   9.878966   5.689869    2255.360 1
159.372820 -27.630774   0.018843  0.000267   5648.989    80.044586   9.879461   5.690154    3315.061 1
159.368550 -27.655250   0.015000  0.000333   4496.887    99.830889   9.880494   5.690749    2171.762 1
159.520340 -26.794273   0.008546  0.000267   2562.026    80.044586   9.882949   5.692163     251.686 0
159.587650 -25.690231   0.011531  0.000150   3456.907    44.968869   9.883223   5.692321    1139.729 1
159.242170 -28.176416   0.009223  0.000040   2764.986    11.991698   9.886214   5.694044     453.095 1
159.426320 -27.415825   0.015467  0.000267   4636.890    80.044586   9.887261   5.694647    2310.696 1
159.470000 -27.196470   0.012372  0.000367   3709.032    99.990000   9.890545   5.696538    1389.928 1
159.377930 -27.668905   0.015497  0.000290   4645.884    86.939813   9.891483   5.697079    2319.621 1
159.598390 -25.524448   0.012729  0.000150   3816.058    44.968869   9.894510   5.698822    1496.136 1
159.489330 -27.108667   0.009010  0.000267   2701.130    80.044586   9.894912   5.699054     389.727 1
158.761840 -29.506573   0.012308  0.000107   3689.846    32.077793   9.898852   5.701323    1370.888 1
159.405520 -27.594114   0.013142  0.000027   3939.872     8.094396   9.901296   5.702730    1619.004 1
159.492190 -27.148022   0.007999  0.000267   2398.040    80.044586   9.903127   5.703785      88.953 0
159.368450 -27.779682   0.023136  0.000267   6935.998    80.044586   9.905737   5.705288    4592.236 1
153.156540 -34.728947   0.008362  0.000017   2506.865     5.096472   9.908342   5.706789     196.946 0
159.353210 -27.873920   0.013980  0.000040   4191.099    11.991698   9.912518   5.709194    1868.311 1
159.560440 -26.783100   0.016631  0.000267   4985.848    80.044586   9.917639   5.712143    2656.988 1
159.493710 -27.239609   0.010454  0.000267   3134.030    80.044586   9.918254   5.712498     819.320 1
159.510390 -27.167084   0.013162  0.000267   3945.868    80.044586   9.922145   5.714739    1624.954 1
159.573900 -26.778152   0.010037  0.000127   3009.017    38.073642   9.929158   5.718778     695.261 1
159.504930 -27.258722   0.012992  0.000267   3894.904    80.044586   9.931217   5.719964    1574.379 1
159.542900 -27.038284   0.009840  0.000267   2949.958    80.044586   9.932992   5.720986     636.654 1
159.433240 -27.633427   0.016238  0.000267   4868.030    80.044586   9.933378   5.721208    2540.069 1
151.926030 -35.183563   0.015130  0.000150   4535.860    44.968869   9.937372   5.723509    2210.438 1
145.706950 -16.115430   0.012055  0.000020   3613.998     5.995849   9.940590   5.725362    1295.620 1
159.576920 -26.881332   0.011415  0.000270   3422.131    80.943964   9.943557   5.727071    1105.219 1
151.603680 -16.126013   0.015494  0.000150   4644.984    44.968869   9.947822   5.729528    2318.728 1
159.426500 -27.765390   0.014023  0.000240   4203.990    71.950190   9.953917   5.733038    1881.103 1
158.496640 -30.167860   0.011665  0.000033   3497.079     9.893151   9.957101   5.734872    1179.594 1
159.399870 -27.921690   0.013433  0.000297   4027.112    89.038360   9.964071   5.738886    1705.577 1
159.612920 -26.916580   0.011535  0.000267   3458.106    80.044586   9.979991   5.748055    1140.919 1
159.332780 -28.238796   0.011531  0.000100   3456.907    29.979246   9.980947   5.748606    1139.729 1
159.338330 -28.233551   0.010327  0.000267   3095.957    80.044586   9.984454   5.750626     781.537 1
159.534730 -27.432299   0.011054  0.000267   3313.906    80.044586   9.986321   5.751701     997.821 1
159.638410 -26.794190   0.010584  0.000150   3173.003    44.968869   9.988684   5.753062     857.995 1
141.602810 -17.968939   0.006294  0.000150   1886.894    44.968869   9.989532   5.753550    -418.287 1
159.519170 -27.545805   0.008066  0.000854   2418.126    99.990000   9.992816   5.755442     108.886 0
158.820300 -29.623863   0.014050  0.000150   4212.084    44.968869   9.992936   5.755511    1889.136 1
151.978940 -35.229538   0.014687  0.000027   4403.052     8.094396   9.995577   5.757032    2078.644 1
142.088580 -17.619240   0.015971  0.000150   4787.985    44.968869   9.998988   5.758996    2460.637 1
159.627700 -26.991030   0.009126  0.000117   2735.906    35.075718  10.002520   5.761031     424.237 1
142.301380 -17.448750   0.014260  0.000103   4275.040    30.878623  10.027241   5.775269    1951.611 1
159.487870 -27.880417   0.017639  0.000267   5288.039    80.044586  10.032352   5.778213    2956.869 1
151.562440 -16.025223   0.016732  0.000017   5016.127     5.096472  10.035012   5.779745    2687.035 1
153.249250 -34.833897   0.014568  0.000019   4367.377     5.696057  10.038464   5.781733    2043.242 1
159.411240 -28.207178   0.015728  0.000030   4715.136     8.993774  10.041410   5.783430    2388.344 1
159.729700 -26.639889   0.009947  0.000150   2982.036    44.968869  10.054910   5.791206     668.486 1
159.622620 -27.417282   0.010451  0.000420   3133.131    99.990000  10.061759   5.795150     818.427 1
159.594210 -27.582396   0.012195  0.000150   3655.969    44.968869  10.066045   5.797619    1337.270 1
159.688430 -27.062462   0.013966  0.000277   4186.901    83.042511  10.066183   5.797698    1864.146 1
159.729720 -26.788532   0.011678  0.000267   3500.976    80.044586  10.069860   5.799816    1183.462 1
159.577820 -27.690199   0.011805  0.000317   3539.050    95.034209  10.072245   5.801190    1221.244 1
159.670140 -27.281195   0.008192  0.000390   2455.900    99.990000  10.081763   5.806672     146.371 0
159.551380 -27.871720   0.011621  0.000267   3483.888    80.044586  10.086349   5.809313    1166.504 1
159.668930 -27.344011   0.013619  0.000267   4082.873    80.044586  10.090708   5.811824    1760.913 1
159.549330 -27.937635   0.009580  0.000067   2872.012    20.086095  10.098922   5.816555     559.303 1
159.584960 -27.811852   0.013499  0.000267   4046.898    80.044586  10.103238   5.819040    1725.212 1
156.726700 -18.723518   0.018273  0.000233   5478.108    69.851643  10.103835   5.819384    3145.485 1
159.682620 -27.423359   0.010537  0.000267   3158.913    80.044586  10.116068   5.826430     844.012 1
159.523640 -28.114454   0.013566  0.000267   4066.984    80.044586  10.117024   5.826981    1745.145 1
159.485550 -28.257833   0.010511  0.000267   3151.119    80.044586  10.118935   5.828081     836.277 1
159.752640 -27.057451   0.009660  0.000267   2895.995    80.044586  10.122842   5.830331     583.103 1
159.744920 -27.112463   0.010601  0.000267   3178.100    80.044586  10.123458   5.830686     863.052 1
153.424910 -34.855206   0.014860  0.000150   4454.916    44.968869  10.124528   5.831302    2130.112 1
153.428700 -34.862530   0.014650  0.000150   4391.960    44.968869  10.132609   5.835957    2067.637 1
143.313700 -16.767870   0.007018  0.000010   2103.943     2.997925  10.133956   5.836733    -202.896 0
159.638610 -27.737572   0.014724  0.000012   4414.144     3.597509  10.135351   5.837536    2089.652 1
156.874920 -18.809532   0.021431  0.000127   6424.852    38.073642  10.142154   5.841454    4084.996 1
159.471020 -28.442910   0.014847  0.000183   4451.019    54.862020  10.154625   5.848637    2126.245 1
159.826030 -26.839947   0.010277  0.000012   3080.967     3.597509  10.161761   5.852747     766.662 1
159.427630 -28.604088   0.011708  0.000070   3509.970    20.985472  10.161812   5.852776    1192.387 1
159.691990 -27.652231   0.014457  0.000267   4334.100    80.044586  10.165771   5.855057    2010.219 1
137.606380 -23.491098   0.017028  0.000033   5104.866     9.893151  10.166661   5.855570    2775.096 1
159.608950 -28.015818   0.012929  0.000317   3876.017    95.034209  10.168812   5.856808    1555.636 1
143.896600 -16.464340   0.014680  0.000150   4400.953    44.968869  10.171916   5.858596    2076.562 1
143.869580 -16.474455   0.014387  0.000150   4313.114    44.968869  10.172948   5.859190    1989.394 1
146.633330 -15.688889   0.010555  0.000031   3164.309     9.293566  10.173140   5.859301     849.367 1
159.731770 -27.575787   0.012912  0.000267   3870.920    80.044586  10.186624   5.867067    1550.579 1
159.600140 -28.175190   0.014577  0.000150   4370.075    44.968869  10.198531   5.873925    2045.919 1
156.771470 -18.627163   0.022259  0.000360   6673.080    99.990000  10.199651   5.874570    4331.327 1
159.810530 -27.251276   0.015004  0.000057   4498.086    17.088170  10.202140   5.876004    2172.952 1
140.483340 -32.801666   0.003650  0.000023   1094.242     6.895227  10.204147   5.877160   -1204.882 1
159.618100 -28.158386   0.014844  0.000400   4450.119    99.990000  10.210179   5.880634    2125.352 1
143.813000 -16.425518   0.015197  0.000333   4555.946    99.830889  10.238823   5.897132    2230.370 1
159.872960 -27.137169   0.014984  0.000267   4492.090    80.044586  10.241148   5.898471    2167.002 1
159.865300 -27.280727   0.011128  0.000267   3336.090    80.044586  10.255410   5.906685    1019.836 1
143.795070 -16.398320   0.015294  0.000047   4585.026    14.090246  10.270302   5.915262    2259.228 1
159.196900 -29.548437   0.011898  0.000333   3566.931    99.830889  10.277471   5.919391    1248.912 1
159.672790 -28.263306   0.010731  0.000267   3217.073    80.044586  10.283633   5.922940     901.728 1
159.676600 -28.259980   0.011344  0.000267   3400.846    80.044586  10.286131   5.924379    1084.096 1
159.484160 -28.907436   0.013923  0.000087   4174.010    26.081944  10.300922   5.932898    1851.353 1
159.619420 -28.515360   0.014523  0.000333   4353.886    99.830889  10.302983   5.934085    2029.854 1
159.858460 -23.754759   0.013262  0.000017   3975.848     5.096472  10.313006   5.939858    1654.704 1
159.544710 -28.783380   0.013159  0.000037   3944.969    11.092321  10.315069   5.941046    1624.062 1
143.709320 -16.384415   0.014337  0.000077   4298.124    23.084019  10.315801   5.941468    1974.519 1
159.856770 -27.695023   0.017045  0.000267   5109.962    80.044586  10.319704   5.943716    2780.153 1
159.917820 -23.888054   0.012352  0.000183   3703.036    54.862020  10.341303   5.956156    1383.978 1
142.902560 -16.734737   0.006971  0.000030   2089.853     8.993774  10.342603   5.956904    -216.879 0
159.856310 -27.848509   0.014920  0.000267   4472.903    80.044586  10.350015   5.961174    2147.962 1
159.621300 -28.701826   0.012362  0.000150   3706.034    44.968869  10.357050   5.965225    1386.953 1
142.973720 -16.679407   0.007055  0.000183   2115.036    54.862020  10.358984   5.966339    -191.889 0
159.667650 -28.568743   0.011535  0.000033   3458.106     9.893151  10.359436   5.966600    1140.919 1
159.854220 -27.912650   0.010821  0.000033   3244.054     9.893151  10.361659   5.967880     928.503 1
159.574480 -28.885937   0.014640  0.000019   4388.962     5.696057  10.371681   5.973653    2064.662 1
160.009700 -27.524334   0.013122  0.000330   3933.877    98.931511  10.423777   6.003658    1613.054 1
159.912190 -28.096670   0.011491  0.000267   3444.915    80.044586  10.453287   6.020654    1127.829 1
160.001800 -27.792439   0.012265  0.000267   3676.954    80.044586  10.466964   6.028531    1358.095 1
138.323960 -30.622778   0.008386  0.000103   2514.060    30.878623  10.500119   6.047627     204.086 0
155.396220 -34.266838   0.009650  0.000009   2892.997     2.698132  10.517670   6.057736     580.128 1
160.070950 -27.777058   0.013343  0.000023   4000.131     6.895227  10.524984   6.061948    1678.802 1
159.820530 -28.713602   0.010294  0.000334   3086.064    99.990000  10.532366   6.066200     771.719 1
157.158940 -32.922510   0.009692  0.000017   2905.589     5.096472  10.551079   6.076978     592.623 1
157.161820 -32.922455   0.004308  0.000017   1291.506     5.096472  10.552934   6.078046   -1009.126 1
160.046040 -28.070345   0.010617  0.000367   3182.897    99.990000  10.564797   6.084879     867.812 1
160.246170 -27.083908   0.017489  0.000009   5243.070     2.698132  10.567133   6.086224    2912.244 1
160.110300 -27.814613   0.014443  0.000133   4329.902    39.872397  10.567187   6.086255    2006.054 1
160.106120 -27.881018   0.015060  0.000040   4514.874    11.991698  10.576968   6.091889    2189.612 1
160.135730 -27.861185   0.013316  0.000083   3992.036    24.882774  10.599022   6.104591    1670.770 1
140.252660 -33.191660   0.008102  0.000005   2428.918     1.498962  10.625625   6.119913     119.596 0
159.759750 -29.215690   0.010581  0.000183   3172.104    54.862020  10.634992   6.125308     857.102 1
141.324460 -34.098927   0.003836  0.000150   1150.004    44.968869  10.662391   6.141089   -1149.547 1
141.326750 -34.103245   0.003929  0.000003   1177.885     0.899377  10.664520   6.142315   -1121.879 1
