312.893040 -52.706753   0.046160  0.000140  13838.420    41.970944   0.020227   0.065467     127.289 0
312.830200 -52.678356   0.044040  0.000150  13202.860    44.968869   0.032040   0.103699    -480.486 0
312.913500 -52.660840   0.050740  0.000050  15211.469    14.989623   0.033673   0.108987    1440.312 0
312.929000 -52.661690   0.047580  0.000350  14264.125    99.990000   0.039387   0.127478     534.383 0
312.954530 -52.677140   0.044840  0.000410  13442.694    99.990000   0.046096   0.149194    -251.137 0
312.954280 -52.702160   0.045590  0.000270  13667.538    80.943964   0.046849   0.151632     -36.122 0
312.806730 -52.702960   0.045500  0.000110  13640.557    32.977170   0.047225   0.152848     -61.924 0
312.892330 -52.638280   0.050670  0.000110  15190.484    32.977170   0.050205   0.162492    1420.244 0
312.797000 -52.701000   0.043450  0.000150  13025.982    44.968869   0.052330   0.169370    -649.631 0
312.939420 -52.646800   0.046240  0.000680  13862.403    99.990000   0.054464   0.176277     150.224 0
312.800100 -52.657100   0.040320  0.000740  12087.632    99.990000   0.057754   0.186926   -1546.959 1
312.877900 -52.629726   0.042840  0.000097  12843.109    29.079868   0.058277   0.188619    -824.510 0
312.833040 -52.636223   0.043533  0.000103  13050.865    30.878623   0.059249   0.191764    -625.836 0
312.954380 -52.645570   0.042870  0.000960  12852.103    99.990000   0.061626   0.199459    -815.909 0
312.933500 -52.632750   0.048980  0.000130  14683.835    38.973020   0.063859   0.206684     935.744 0
312.988770 -52.684110   0.059020  0.000200  17693.751    59.958492   0.065672   0.212554    3814.075 1
312.938930 -52.632380   0.048220  0.000130  14455.992    38.973020   0.065885   0.213241     717.863 0
312.777333 -52.712583   0.041485  0.000040  12436.890    11.991698   0.067266   0.217713   -1212.970 0
312.780300 -52.726322   0.049500  0.000060  14839.727    17.987547   0.071886   0.232665    1084.821 0
312.957370 -52.745525   0.049690  0.000130  14896.687    38.973020   0.074000   0.239507    1139.291 0
312.763340 -52.664000   0.047373  0.000030  14202.068     8.993774   0.075023   0.242819     475.039 0
313.011780 -52.687600   0.042570  0.000330  12762.165    98.931511   0.079507   0.257330    -901.915 0
312.998870 -52.722725   0.041240  0.000230  12363.441    68.952265   0.079657   0.257817   -1283.208 0
312.837220 -52.763670   0.046800  0.000130  14030.287    38.973020   0.080131   0.259349     310.768 0
312.816000 -52.758910   0.049500  0.000410  14839.727    99.990000   0.081026   0.262246    1084.821 0
312.948900 -52.615040   0.040810  0.000090  12234.530    26.981321   0.083866   0.271438   -1406.483 0
312.993160 -52.635365   0.049090  0.000170  14716.812    50.964718   0.086152   0.278839     967.280 0
312.987340 -52.629720   0.055655  0.000133  16684.949    39.872397   0.087059   0.281772    2849.375 1
312.919530 -52.600418   0.048540  0.000027  14551.926     8.094396   0.090683   0.293505     809.602 0
312.771300 -52.750500   0.047936  0.000027  14370.851     8.094396   0.091101   0.294857     636.444 0
312.986970 -52.752983   0.043607  0.000030  13073.050     8.993774   0.091550   0.296309    -604.621 0
312.905270 -52.781460   0.042650  0.000200  12786.148    59.958492   0.094667   0.306398    -878.980 0
312.959560 -52.605720   0.044900  0.000550  13460.681    99.990000   0.095166   0.308013    -233.936 0
313.001600 -52.754898   0.043607  0.000030  13073.050     8.993774   0.099278   0.321321    -604.621 0
313.049650 -52.705900   0.042550  0.000290  12756.169    86.939813   0.104016   0.336657    -907.649 0
312.935400 -52.588590   0.047890  0.001020  14357.061    99.990000   0.104791   0.339164     623.256 0
312.709050 -52.712364   0.047390  0.000330  14207.165    98.931511   0.106816   0.345719     479.913 0
312.958160 -52.784000   0.049330  0.001300  14788.762    99.990000   0.106907   0.346015    1036.084 0
312.907070 -52.794580   0.049050  0.000180  14704.820    53.962642   0.107799   0.348902     955.812 0
312.780820 -52.597590   0.041560  0.001400  12459.375    99.990000   0.108764   0.352024   -1191.468 0
313.001700 -52.607536   0.045888  0.000090  13756.876    26.981321   0.108895   0.352449      49.310 0
312.970430 -52.590680   0.047990  0.000150  14387.040    44.968869   0.111495   0.360863     651.925 0
313.005920 -52.605070   0.048490  0.000330  14536.936    98.931511   0.112441   0.363926     795.268 0
313.029820 -52.615060   0.044490  0.000170  13337.766    50.964718   0.116176   0.376013    -351.477 0
312.767880 -52.592710   0.047480  0.000370  14234.146    99.990000   0.117244   0.379470     505.715 0
312.995820 -52.783440   0.043880  0.000990  13154.893    99.990000   0.118275   0.382808    -526.356 0
312.934020 -52.802820   0.046160  0.000730  13838.420    99.990000   0.119315   0.386174     127.289 0
312.800700 -52.797040   0.041400  0.001260  12411.408    99.990000   0.119334   0.386235   -1237.338 0
312.937470 -52.809757   0.042670  0.000700  12792.144    99.990000   0.126559   0.409620    -873.246 0
312.734220 -52.597380   0.044200  0.000660  13250.827    99.990000   0.126818   0.410459    -434.616 0
312.950320 -52.565994   0.047850  0.000120  14345.069    35.975095   0.129096   0.417830     611.789 0
312.924870 -52.553990   0.046260  0.000290  13868.399    86.939813   0.136649   0.442275     155.957 0
313.063870 -52.769920   0.044170  0.000230  13241.833    68.952265   0.138033   0.446754    -443.217 0
312.913640 -52.824950   0.044690  0.000340  13397.725    99.990000   0.138425   0.448024    -294.140 0
312.823330 -52.822720   0.047493  0.000150  14238.043    44.968869   0.139143   0.450347     509.442 0
312.742160 -52.573600   0.047400  0.000110  14210.163    32.977170   0.141867   0.459165     482.780 0
313.039900 -52.795910   0.046359  0.000083  13898.079    24.882774   0.144813   0.468701     184.339 0
313.107480 -52.640580   0.039560  0.000750  11859.790    99.990000   0.145455   0.470777   -1764.841 1
313.120850 -52.671190   0.048390  0.000430  14506.957    99.990000   0.146584   0.474431     766.599 0
313.114400 -52.735004   0.041290  0.000830  12378.431    99.990000   0.149308   0.483247   -1268.874 0
312.990940 -52.821860   0.047090  0.000250  14117.227    74.948115   0.149653   0.484363     393.907 0
313.085720 -52.774970   0.032370  0.000130   9704.282    38.973020   0.151736   0.491108   -3826.115 1
312.969100 -52.830900   0.045710  0.000140  13703.513    41.970944   0.152653   0.494073      -1.720 0
312.777300 -52.547660   0.049240  0.000080  14761.781    23.983397   0.153661   0.497336    1010.283 0
313.017200 -52.558320   0.050220  0.000150  15055.577    44.968869   0.153838   0.497909    1291.235 0
313.023200 -52.557800   0.048190  0.000640  14446.999    99.990000   0.156258   0.505743     709.262 0
313.117030 -52.625020   0.047170  0.000820  14141.210    99.990000   0.156524   0.506604     416.842 0
312.704250 -52.573025   0.046650  0.000140  13985.318    41.970944   0.156982   0.508086     267.765 0
312.774000 -52.833240   0.047020  0.001030  14096.241    99.990000   0.158987   0.514576     373.839 0
313.114620 -52.759840   0.048450  0.000200  14524.945    59.958492   0.159007   0.514640     783.800 0
313.119630 -52.622140   0.044980  0.000690  13484.665    99.990000   0.159138   0.515065    -211.001 0
313.117770 -52.758300   0.041610  0.000300  12474.364    89.937737   0.160030   0.517950   -1177.134 0
312.625100 -52.640380   0.048630  0.000110  14578.907    32.977170   0.162032   0.524430     835.404 0
313.055660 -52.812733   0.044750  0.000700  13415.712    99.990000   0.163772   0.530063    -276.939 0
312.610260 -52.683500   0.041910  0.000110  12564.302    32.977170   0.163939   0.530602   -1091.128 0
312.959050 -52.845030   0.048750  0.000090  14614.882    26.981321   0.164089   0.531087     869.806 0
312.983760 -52.839860   0.043370  0.000550  13001.999    99.990000   0.164245   0.531593    -672.566 0
312.777070 -52.839840   0.051350  0.000900  15394.343    99.990000   0.164320   0.531834    1615.191 1
313.087430 -52.795010   0.040930  0.000180  12270.505    53.962642   0.164836   0.533506   -1372.081 0
312.700900 -52.814950   0.047980  0.000450  14384.042    99.990000   0.167297   0.541472     649.058 0
313.032350 -52.829390   0.044950  0.000190  13475.671    56.960567   0.168689   0.545977    -219.602 0
312.617875 -52.749250   0.048230  0.000110  14458.990    32.977170   0.170641   0.552294     720.729 0
313.167450 -52.682926   0.048590  0.000530  14566.916    99.990000   0.173939   0.562969     823.936 0
313.011780 -52.532600   0.045860  0.000090  13748.482    26.981321   0.174540   0.564913      41.283 0
313.087250 -52.812690   0.052870  0.000870  15850.027    99.990000   0.176750   0.572068    2050.954 1
312.951400 -52.512670   0.043670  0.000470  13091.937    99.990000   0.180484   0.584152    -586.560 0
312.843400 -52.867523   0.040990  0.000140  12288.493    41.970944   0.180955   0.585675   -1354.879 0
312.723240 -52.842080   0.042060  0.000120  12609.271    35.975095   0.181237   0.586589   -1048.125 0
313.182680 -52.685154   0.048830  0.000150  14638.866    44.968869   0.183119   0.592682     892.741 0
312.746730 -52.857580   0.043800  0.000760  13130.910    99.990000   0.188017   0.608533    -549.291 0
313.178860 -52.630580   0.048160  0.000880  14438.005    99.990000   0.189676   0.613902     700.661 0
312.825900 -52.877830   0.046610  0.000190  13973.326    56.960567   0.192725   0.623772     256.298 0
313.061340 -52.861362   0.049660  0.000100  14887.693    29.979246   0.205090   0.663790    1130.691 0
313.088840 -52.854130   0.063090  0.000140  18913.906    41.970944   0.208654   0.675325    4980.888 1
312.712340 -52.870182   0.048090  0.000120  14417.019    35.975095   0.208811   0.675833     680.593 0
312.629300 -52.538570   0.045720  0.000090  13706.511    26.981321   0.213377   0.690613       1.147 0
312.660700 -52.514328   0.049067  0.000150  14709.917    44.968869   0.218917   0.708544     960.686 0
312.582900 -52.815250   0.045510  0.000110  13643.555    32.977170   0.220826   0.714723     -59.057 0
313.143160 -52.845860   0.043500  0.000083  13040.972    24.882774   0.224170   0.725547    -635.297 0
312.571930 -52.812470   0.042380  0.000450  12705.204    99.990000   0.224741   0.727393    -956.386 0
312.848850 -52.914190   0.044411  0.000107  13314.083    32.077793   0.227028   0.734795    -374.126 0
313.109400 -52.873035   0.049280  0.000080  14773.772    23.983397   0.231251   0.748464    1021.750 0
313.265320 -52.684190   0.038010  0.000110  11395.111    32.977170   0.233221   0.754840   -2209.205 1
313.144650 -52.516610   0.045770  0.000060  13721.501    17.987547   0.234483   0.758924      15.481 0
313.231350 -52.787060   0.044340  0.000220  13292.798    65.954341   0.234553   0.759152    -394.480 0
313.197360 -52.825260   0.045110  0.000330  13523.638    98.931511   0.236026   0.763918    -173.732 0
312.825200 -52.923527   0.040480  0.000070  12135.599    20.985472   0.237930   0.770081   -1501.090 1
312.696100 -52.899720   0.048750  0.000430  14614.882    99.990000   0.239464   0.775047     869.806 0
312.657680 -52.489380   0.050210  0.000410  15052.579    99.990000   0.240215   0.777475    1288.368 0
312.481170 -52.697840   0.043550  0.001150  13055.962    99.990000   0.242327   0.784312    -620.963 0
312.486020 -52.647800   0.057240  0.000390  17160.120    99.990000   0.242538   0.784994    3303.773 1
313.042180 -52.464900   0.048160  0.000130  14438.005    38.973020   0.243630   0.788529     700.661 0
312.502380 -52.770680   0.043040  0.000860  12903.067    99.990000   0.243729   0.788850    -767.173 0
313.037230 -52.463350   0.046780  0.000400  14024.291    99.990000   0.243866   0.789294     305.034 0
312.608060 -52.508530   0.041880  0.000300  12555.308    89.937737   0.243920   0.789468   -1099.729 0
312.496520 -52.608790   0.043590  0.000110  13067.953    32.977170   0.245921   0.795944    -609.495 0
312.618109 -52.880694   0.046920  0.000590  14066.262    99.990000   0.249916   0.808873     345.170 0
312.787700 -52.932790   0.043170  0.000270  12942.040    80.943964   0.251205   0.813047    -729.903 0
313.263180 -52.784840   0.041860  0.000220  12549.312    65.954341   0.251309   0.813383   -1105.462 0
312.653720 -52.477520   0.045280  0.000180  13574.602    53.962642   0.251414   0.813723    -124.995 0
313.121730 -52.481430   0.046730  0.000470  14009.302    99.990000   0.253029   0.818948     290.700 0
313.285520 -52.621380   0.048130  0.000110  14429.011    32.977170   0.254310   0.823097     692.061 0
313.176180 -52.869210   0.042010  0.000110  12594.281    32.977170   0.254837   0.824801   -1062.459 0
312.461640 -52.656540   0.047210  0.000170  14153.202    50.964718   0.255903   0.828252     428.309 0
312.451700 -52.690130   0.044760  0.000580  13418.710    99.990000   0.259999   0.841507    -274.072 0
312.883850 -52.949615   0.040214  0.000110  12055.854    32.977170   0.261642   0.846828   -1577.348 1
312.494260 -52.562553   0.048730  0.000110  14608.886    32.977170   0.265665   0.859846     864.073 0
312.455800 -52.611860   0.047130  0.000080  14129.219    23.983397   0.268520   0.869087     405.374 0
312.705570 -52.935085   0.042453  0.000033  12727.089     9.893151   0.268922   0.870390    -935.457 0
312.754270 -52.429950   0.032010  0.000130   9596.357    38.973020   0.269156   0.871145   -3929.323 1
312.590730 -52.893456   0.041600  0.001280  12471.366    99.990000   0.270364   0.875055   -1180.001 0
313.035130 -52.432865   0.048200  0.000080  14449.996    23.983397   0.271764   0.879588     712.129 0
312.711760 -52.435932   0.045560  0.000140  13658.544    41.970944   0.272037   0.880472     -44.723 0
313.274500 -52.819130   0.042810  0.000380  12834.115    99.990000   0.272404   0.881660    -833.110 0
312.899320 -52.415650   0.057000  0.000270  17088.170    80.943964   0.272566   0.882183    3234.968 1
313.313400 -52.764540   0.048160  0.000120  14438.005    35.975095   0.273278   0.884486     700.661 0
312.973700 -52.418514   0.047200  0.000100  14150.204    29.979246   0.275310   0.891064     425.442 0
312.635770 -52.455833   0.043870  0.000043  13151.895    12.891076   0.275534   0.891790    -529.223 0
312.793950 -52.414800   0.046100  0.000560  13820.432    99.990000   0.278185   0.900370     110.088 0
312.605680 -52.464400   0.045090  0.000120  13517.642    35.975095   0.278858   0.902546    -179.466 0
312.672880 -52.941370   0.048820  0.000130  14635.868    38.973020   0.282953   0.915801     889.874 0
312.647550 -52.440300   0.044530  0.000090  13349.758    26.981321   0.285138   0.922874    -340.010 0
312.419220 -52.746420   0.041640  0.000090  12483.358    26.981321   0.285718   0.924751   -1168.533 0
313.277560 -52.846810   0.045550  0.000270  13655.546    80.943964   0.288305   0.933125     -47.590 0
313.356630 -52.759525   0.048840  0.000140  14641.864    41.970944   0.297276   0.962159     895.608 0
313.000730 -52.391670   0.039260  0.000140  11769.852    41.970944   0.305124   0.987559   -1850.847 1
312.496520 -52.886830   0.045000  0.000150  13490.661    44.968869   0.306182   0.990983    -205.267 0
313.046880 -52.398690   0.050040  0.000150  15001.615    44.968869   0.306342   0.991503    1239.632 0
312.803800 -52.991270   0.042490  0.000760  12738.182    99.990000   0.306843   0.993125    -924.850 0
312.649780 -52.963500   0.044110  0.000200  13223.845    59.958492   0.309014   1.000149    -460.418 0
312.821260 -52.997578   0.048677  0.000150  14592.997    44.968869   0.311682   1.008784     848.878 0
313.114600 -52.406420   0.047520  0.000130  14246.138    38.973020   0.315265   1.020382     517.182 0
313.319030 -52.518070   0.050670  0.000070  15190.484    20.985472   0.315422   1.020889    1420.244 0
313.337400 -52.840710   0.043790  0.000890  13127.912    99.990000   0.316212   1.023447    -552.158 0
312.775630 -52.377710   0.046870  0.001120  14051.273    99.990000   0.316729   1.025120     330.836 0
312.624450 -52.964638   0.047119  0.000110  14125.921    32.977170   0.317254   1.026821     402.221 0
313.407900 -52.688180   0.049440  0.000140  14821.739    41.970944   0.319616   1.034464    1067.620 0
312.682560 -52.984670   0.050020  0.000230  14995.619    68.952265   0.320059   1.035897    1233.898 0
312.764400 -53.003350   0.045170  0.000090  13541.625    26.981321   0.323142   1.045876    -156.531 0
313.216830 -52.941930   0.062940  0.000090  18868.937    26.981321   0.325614   1.053876    4937.885 1
313.422030 -52.717540   0.048500  0.000033  14539.934     9.893151   0.329510   1.066485     798.135 0
312.978150 -53.012160   0.047970  0.000350  14381.044    99.990000   0.329527   1.066541     646.191 0
312.996030 -53.012840   0.049300  0.000090  14779.768    26.981321   0.332307   1.075541    1027.484 0
312.347080 -52.604950   0.043437  0.000213  13022.085    63.855794   0.333894   1.080676    -653.358 0
312.879900 -52.353363   0.044651  0.000133  13386.033    39.872397   0.334617   1.083017    -305.321 0
312.463070 -52.920000   0.041632  0.000033  12480.960     9.893151   0.343354   1.111293   -1170.827 0
312.339140 -52.798920   0.045070  0.000080  13511.646    23.983397   0.346461   1.121350    -185.199 0
312.386320 -52.868484   0.042590  0.000500  12768.161    99.990000   0.349791   1.132129    -896.181 0
313.404600 -52.540230   0.049510  0.000150  14842.725    44.968869   0.350300   1.133774    1087.688 0
312.820700 -53.037100   0.043240  0.000470  12963.026    99.990000   0.351004   1.136054    -709.835 0
313.292970 -52.441040   0.049670  0.000100  14890.691    29.979246   0.351361   1.137210    1133.558 0
313.321140 -52.457470   0.047360  0.001240  14198.171    99.990000   0.352757   1.141729     471.312 0
313.463014 -52.650465   0.046910  0.000200  14063.264    59.958492   0.355011   1.149024     342.303 0
313.107180 -53.016320   0.044110  0.000920  13223.845    99.990000   0.355904   1.151913    -460.418 0
312.612730 -52.370670   0.047383  0.000110  14205.066    32.977170   0.356445   1.153664     477.906 0
313.099120 -53.018970   0.041450  0.001040  12426.397    99.990000   0.356506   1.153862   -1223.004 0
312.698700 -53.028340   0.046300  0.000150  13880.391    44.968869   0.357777   1.157975     167.425 0
312.647500 -52.356160   0.041770  0.000130  12522.331    38.973020   0.360654   1.167288   -1131.264 0
312.784940 -53.044083   0.041896  0.000037  12560.105    11.092321   0.360795   1.167742   -1095.142 0
313.278350 -52.956630   0.048580  0.000100  14563.918    29.979246   0.360966   1.168297     821.070 0
313.366520 -52.897660   0.058020  0.000480  17393.958    99.990000   0.361546   1.170174    3527.388 1
312.596500 -52.369520   0.048380  0.000150  14503.959    44.968869   0.362044   1.171786     763.732 0
312.306760 -52.563680   0.043013  0.000133  12894.973    39.872397   0.369388   1.195554    -774.913 0
313.466980 -52.584190   0.046560  0.000240  13958.337    71.950190   0.370272   1.198416     241.963 0
312.715120 -53.048420   0.048040  0.000950  14402.030    99.990000   0.374139   1.210934     666.259 0
313.049100 -53.048347   0.048440  0.000130  14521.947    38.973020   0.374559   1.212292     780.933 0
312.271550 -52.752590   0.047000  0.000070  14090.246    20.985472   0.374799   1.213070     368.105 0
313.082800 -53.043580   0.047960  0.000130  14378.046    38.973020   0.376126   1.217365     643.324 0
312.371120 -52.907460   0.044340  0.000790  13292.798    99.990000   0.378880   1.226276    -394.480 0
312.355500 -52.480800   0.031500  0.000090   9443.462    26.981321   0.379789   1.229219   -4075.533 1
313.418900 -52.889877   0.047230  0.000220  14159.198    65.954341   0.383697   1.241868     434.043 0
312.506560 -52.999603   0.048941  0.000163  14672.143    48.866171   0.385380   1.247316     924.563 0
312.420560 -52.954370   0.042366  0.000180  12701.007    53.962642   0.385655   1.248204    -960.399 0
312.771200 -53.068260   0.046650  0.000350  13985.318    99.990000   0.386020   1.249387     267.765 0
312.628540 -52.332870   0.048570  0.000130  14560.920    38.973020   0.386588   1.251224     818.203 0
312.523470 -53.008280   0.045165  0.000150  13540.126    44.968869   0.386598   1.251258    -157.964 0
313.428530 -52.487400   0.048590  0.000110  14566.916    32.977170   0.387991   1.255764     823.936 0
313.233200 -52.355920   0.043050  0.000160  12906.065    47.966793   0.394893   1.278104    -764.306 0
313.510530 -52.794850   0.043770  0.002040  13121.916    99.990000   0.396500   1.283305    -557.892 0
312.265320 -52.826430   0.049200  0.000120  14749.789    35.975095   0.397833   1.287621     998.815 0
313.097140 -53.065400   0.044120  0.000420  13226.843    99.990000   0.399589   1.293305    -457.551 0
312.818020 -52.285520   0.049060  0.000410  14707.818    99.990000   0.404245   1.308372     958.679 0
312.298280 -52.888650   0.045050  0.000080  13505.650    23.983397   0.406039   1.314179    -190.933 0
313.205540 -52.331300   0.045390  0.000170  13607.580    50.964718   0.407445   1.318731     -93.460 0
312.609680 -53.061450   0.042430  0.000260  12720.194    77.946039   0.407984   1.320475    -942.051 0
312.238900 -52.561540   0.043960  0.000140  13178.876    41.970944   0.409014   1.323807    -503.421 0
312.396820 -52.973340   0.042106  0.000150  12623.061    44.968869   0.409181   1.324349   -1034.938 0
312.620200 -52.309860   0.047963  0.000150  14378.946    44.968869   0.409746   1.326179     644.184 0
313.048700 -53.090840   0.030620  0.000080   9179.645    23.983397   0.415544   1.344943   -4327.816 1
313.037350 -53.096660   0.045690  0.000100  13697.517    29.979246   0.419578   1.357998      -7.454 0
312.941860 -52.269115   0.044851  0.000083  13445.992    24.882774   0.420507   1.361006    -247.984 0
313.338350 -53.014880   0.042890  0.000950  12858.099    99.990000   0.428773   1.387761    -810.176 0
313.194030 -53.078182   0.043710  0.000033  13103.928     9.893151   0.433992   1.404652    -575.093 0
313.555450 -52.845940   0.042860  0.000620  12849.105    99.990000   0.438494   1.419222    -818.776 0
312.471700 -53.050330   0.039264  0.000150  11771.051    44.968869   0.439016   1.420914   -1849.700 1
312.733370 -53.119290   0.041950  0.000220  12576.294    65.954341   0.440448   1.425548   -1079.661 0
312.345100 -52.387650   0.030600  0.000080   9173.649    23.983397   0.442230   1.431314   -4333.550 1
313.570280 -52.832706   0.043887  0.000150  13156.992    44.968869   0.442387   1.431822    -524.349 0
312.749700 -53.123615   0.042192  0.000027  12648.843     8.094396   0.442804   1.433172   -1010.283 0
312.925380 -53.131980   0.047830  0.000230  14339.073    68.952265   0.444828   1.439725     606.055 0
313.593570 -52.797200   0.055950  0.000150  16773.388    44.968869   0.445749   1.442704    2933.948 1
313.548000 -52.880844   0.058160  0.000070  17435.929    20.985472   0.448160   1.450509    3567.524 1
312.822200 -53.135560   0.046090  0.000220  13817.434    65.954341   0.448978   1.453157     107.221 0
313.444500 -52.985657   0.049354  0.000033  14795.957     9.893151   0.453255   1.466997    1042.965 0
312.637820 -53.118523   0.044250  0.000060  13265.816    17.987547   0.455002   1.472653    -420.282 0
313.028125 -53.145278   0.047010  0.000110  14093.243    32.977170   0.465957   1.508110     370.972 0
313.423300 -52.357063   0.043990  0.000070  13187.870    20.985472   0.466599   1.510187    -494.821 0
313.382355 -53.045238   0.045390  0.000220  13607.580    65.954341   0.469179   1.518539     -93.460 0
313.604860 -52.510460   0.043634  0.000150  13081.144    44.968869   0.473538   1.532645    -596.881 0
312.293800 -52.375260   0.048890  0.000200  14656.853    59.958492   0.473622   1.532916     909.942 0
312.248400 -52.967860   0.029914  0.000150   8967.992    44.968869   0.474543   1.535899   -4530.217 1
312.798494 -53.159937   0.046680  0.000110  13994.312    32.977170   0.474575   1.536002     276.366 0
312.212830 -52.440230   0.048940  0.000070  14671.843    20.985472   0.474582   1.536026     924.277 0
312.128020 -52.551960   0.056999  0.000127  17087.870    38.073642   0.476037   1.540732    3234.682 1
312.145200 -52.863820   0.043700  0.001510  13100.930    99.990000   0.479204   1.550983    -577.960 0
312.977870 -52.208930   0.043690  0.000260  13097.932    77.946039   0.482664   1.562181    -580.826 0
312.938100 -52.205220   0.047240  0.000170  14162.196    50.964718   0.484016   1.566558     436.910 0
312.681950 -53.157726   0.042616  0.000027  12775.955     8.094396   0.484936   1.569536    -888.728 0
313.067260 -52.215378   0.048690  0.000070  14596.895    20.985472   0.485955   1.572834     852.605 0
312.381770 -52.306440   0.030440  0.000130   9125.682    38.973020   0.486832   1.575673   -4379.420 1
312.830080 -52.200905   0.048940  0.000150  14671.843    44.968869   0.488037   1.579574     924.277 0
312.667850 -53.159210   0.042340  0.000070  12693.213    20.985472   0.488560   1.581265    -967.853 0
313.159600 -52.229244   0.048597  0.000150  14569.014    44.968869   0.488913   1.582409     825.943 0
313.010130 -52.205350   0.041055  0.000300  12307.979    89.937737   0.488973   1.582603   -1336.245 0
313.664120 -52.805470   0.043450  0.000940  13025.982    99.990000   0.489242   1.583473    -649.631 0
312.401800 -53.083250   0.041662  0.000117  12489.953    35.075718   0.490383   1.587167   -1162.226 0
313.213930 -52.241130   0.050820  0.000080  15235.453    23.983397   0.490403   1.587231    1463.247 1
312.152800 -52.468980   0.030400  0.000130   9113.691    38.973020   0.492536   1.594134   -4390.887 1
313.308230 -53.116440   0.046790  0.000300  14027.289    89.937737   0.500762   1.620759     307.901 0
313.453500 -53.051950   0.048450  0.000080  14524.945    23.983397   0.503052   1.628170     783.800 0
313.430850 -52.309920   0.049840  0.000080  14941.656    23.983397   0.504153   1.631732    1182.294 0
312.097400 -52.510330   0.056790  0.000070  17025.214    20.985472   0.506900   1.640625    3174.764 1
312.198800 -52.392902   0.048734  0.000033  14610.086     9.893151   0.507816   1.643588     865.219 0
313.183900 -53.161550   0.047410  0.000090  14213.160    26.981321   0.508001   1.644187     485.647 0
312.934970 -53.195190   0.046530  0.000190  13949.343    56.960567   0.508279   1.645088     233.363 0
312.121300 -52.908580   0.048700  0.000240  14599.893    71.950190   0.510399   1.651948     855.472 0
313.267640 -52.234120   0.049644  0.000160  14882.897    47.966793   0.510906   1.653589    1126.104 0
312.285980 -53.050820   0.045650  0.000090  13685.526    26.981321   0.511440   1.655320     -18.921 0
313.376770 -53.101654   0.040210  0.000120  12054.655    35.975095   0.511444   1.655330   -1578.495 1
313.719670 -52.633120   0.042953  0.000150  12876.985    44.968869   0.511547   1.655666    -792.114 0
313.408900 -53.087570   0.042660  0.000210  12789.146    62.956416   0.512069   1.657354    -876.113 0
313.062400 -53.190570   0.047090  0.000060  14117.227    17.987547   0.514527   1.665311     393.907 0
312.241270 -53.028760   0.029770  0.000140   8924.821    41.970944   0.516063   1.670280   -4571.500 1
313.714970 -52.798140   0.057550  0.000720  17253.056    99.990000   0.517606   1.675277    3392.646 1
313.435880 -52.293870   0.049720  0.000190  14905.681    56.960567   0.518272   1.677432    1147.892 0
312.751300 -52.175262   0.049470  0.000070  14830.733    20.985472   0.518675   1.678736    1076.220 0
312.549040 -52.208020   0.049440  0.000130  14821.739    38.973020   0.520343   1.684135    1067.620 0
312.621640 -53.191180   0.042870  0.000150  12852.103    44.968869   0.527117   1.706060    -815.909 0
312.107850 -52.929790   0.049360  0.000090  14797.756    26.981321   0.527149   1.706161    1044.685 0
313.018800 -52.166360   0.045665  0.000087  13690.023    26.081944   0.528302   1.709895     -14.621 0
312.783000 -52.162090   0.049070  0.000160  14710.816    47.966793   0.529208   1.712827     961.546 0
313.287870 -52.217045   0.047590  0.000090  14267.123    26.981321   0.531713   1.720936     537.250 0
312.221560 -53.039590   0.030308  0.000150   9086.110    44.968869   0.532186   1.722465   -4417.263 1
312.164930 -52.371855   0.057530  0.000110  17247.060    32.977170   0.536779   1.737332    3386.912 1
312.311550 -52.276455   0.048560  0.000033  14557.922     9.893151   0.536971   1.737953     815.336 0
312.235230 -52.316990   0.048510  0.000450  14542.932    99.990000   0.539142   1.744979     801.002 0
312.113040 -52.415260   0.043950  0.001060  13175.879    99.990000   0.539307   1.745514    -506.288 0
313.727100 -52.855270   0.056850  0.000660  17043.201    99.990000   0.539684   1.746731    3191.965 1
313.043550 -52.154358   0.044440  0.000090  13322.777    26.981321   0.542685   1.756445    -365.812 0
312.043760 -52.492280   0.048620  0.000033  14575.909     9.893151   0.543706   1.759750     832.537 0
312.061340 -52.465910   0.057290  0.000240  17175.110    71.950190   0.543999   1.760699    3318.107 1
313.057000 -52.154064   0.047069  0.000100  14110.931    29.979246   0.544516   1.762371     387.887 0
312.048160 -52.481400   0.056342  0.000150  16890.907    44.968869   0.545247   1.764737    3046.329 1
312.031900 -52.868890   0.041860  0.000790  12549.312    99.990000   0.545336   1.765025   -1105.462 0
313.489000 -53.090930   0.039770  0.000080  11922.746    23.983397   0.546227   1.767910   -1704.637 1
313.421700 -52.250866   0.048100  0.000380  14420.017    99.990000   0.546480   1.768728     683.460 0
312.437740 -52.211160   0.044670  0.000730  13391.729    99.990000   0.547196   1.771046    -299.874 0
312.038670 -52.486540   0.048920  0.000090  14665.847    26.981321   0.548667   1.775806     918.543 0
313.562960 -52.321922   0.044510  0.000620  13343.762    99.990000   0.552330   1.787664    -345.744 0
313.305540 -52.198406   0.048230  0.000170  14458.990    50.964718   0.553195   1.790463     720.729 0
313.189800 -52.164425   0.048674  0.000030  14592.098     8.993774   0.556088   1.799825     848.018 0
313.167000 -53.219900   0.041090  0.000250  12318.472    74.948115   0.559530   1.810965   -1326.211 1
312.396180 -53.165790   0.046120  0.000170  13826.428    50.964718   0.560829   1.815170     115.821 0
313.440030 -52.237907   0.047830  0.000130  14339.073    38.973020   0.563515   1.823863     606.055 0
312.615020 -53.231308   0.046589  0.000150  13967.031    44.968869   0.566678   1.834101     250.277 0
312.077700 -52.982940   0.044480  0.000060  13334.769    17.987547   0.569096   1.841927    -354.344 0
312.211500 -53.088840   0.032460  0.000100   9731.263    29.979246   0.570255   1.845678   -3800.314 1
312.131740 -52.340560   0.046900  0.000270  14060.266    80.943964   0.571627   1.850120     339.437 0
313.311340 -52.172670   0.045550  0.000070  13655.546    20.985472   0.577676   1.869699     -47.590 0
312.092380 -53.013380   0.044770  0.000280  13421.708    83.941888   0.578076   1.870991    -271.205 0
312.612300 -53.243530   0.046440  0.001810  13922.362    99.990000   0.578868   1.873555     207.561 0
313.646100 -53.044650   0.045100  0.000080  13520.640    23.983397   0.585245   1.894194    -176.599 0
313.291840 -53.217710   0.046870  0.000150  14051.273    44.968869   0.585446   1.894846     330.836 0
312.282560 -53.151010   0.046170  0.000130  13841.418    38.973020   0.588059   1.903304     130.156 0
312.835500 -52.098553   0.052723  0.000440  15805.958    99.990000   0.590061   1.909783    2008.811 1
313.172150 -52.122963   0.047026  0.000264  14098.040    79.145209   0.592007   1.916081     375.559 0
313.185420 -53.252193   0.045355  0.000133  13597.087    39.872397   0.593694   1.921539    -103.494 0
312.011080 -52.968840   0.045150  0.000140  13535.629    41.970944   0.597235   1.933000    -162.264 0
312.696140 -52.099697   0.048287  0.000270  14476.078    80.943964   0.598816   1.938119     737.070 0
312.005040 -52.968983   0.045665  0.000033  13690.023     9.893151   0.600535   1.943682     -14.621 0
313.031430 -52.092250   0.048887  0.000480  14655.954    99.990000   0.602703   1.950700     909.082 0
313.581540 -53.116640   0.043660  0.000320  13088.939    95.933587   0.603542   1.953414    -589.427 0
313.851700 -52.844296   0.057176  0.000150  17140.934    44.968869   0.609030   1.971176    3285.425 1
313.205700 -53.265656   0.046669  0.000113  13991.014    33.876548   0.610360   1.975480     273.212 0
312.094600 -53.077720   0.030310  0.000150   9086.709    44.968869   0.615548   1.992274   -4416.689 1
313.380770 -52.152150   0.043960  0.000080  13178.876    23.983397   0.615651   1.992607    -503.421 0
313.397900 -52.157790   0.049220  0.000400  14755.785    99.990000   0.615969   1.993636    1004.549 0
312.497860 -52.113403   0.032012  0.000244   9596.956    73.149360   0.619651   2.005552   -3928.749 1
312.035430 -53.037780   0.045730  0.000230  13709.509    68.952265   0.620343   2.007793       4.014 0
312.018340 -53.024334   0.044680  0.000110  13394.727    32.977170   0.621547   2.011691    -297.007 0
313.665740 -53.088860   0.044780  0.000080  13424.706    23.983397   0.622248   2.013957    -268.338 0
313.056760 -53.302990   0.042650  0.000150  12786.148    44.968869   0.624209   2.020306    -878.980 0
313.889700 -52.826090   0.057303  0.000150  17179.007    44.968869   0.627060   2.029533    3321.834 1
313.261840 -52.104244   0.047319  0.000750  14185.879    99.990000   0.627811   2.031962     459.558 0
312.985470 -52.062656   0.047466  0.000130  14229.949    38.973020   0.628546   2.034341     501.701 0
311.884280 -52.504470   0.048080  0.000150  14414.021    44.968869   0.631199   2.042930     677.726 0
312.207240 -52.201960   0.049000  0.000060  14689.830    17.987547   0.634680   2.054195     941.478 0
313.642550 -52.248160   0.045290  0.000060  13577.600    17.987547   0.637767   2.064188    -122.128 0
312.306150 -53.227135   0.040371  0.000097  12102.921    29.079868   0.641827   2.077328   -1532.338 1
312.288420 -52.155110   0.031640  0.000120   9485.433    35.975095   0.642499   2.079502   -4035.396 1
312.608340 -52.061523   0.056693  0.000127  16996.134    38.073642   0.647833   2.096765    3146.956 1
311.815625 -52.753639   0.043477  0.000142  13034.077    42.570529   0.648880   2.100156    -641.891 0
312.457060 -52.087790   0.049047  0.000120  14703.921    35.975095   0.652797   2.112832     954.952 0
312.612200 -52.053402   0.048347  0.000027  14494.066     8.094396   0.655104   2.120299     754.272 0
313.148440 -52.052025   0.047766  0.000093  14319.887    27.880699   0.656349   2.124329     587.707 0
312.234440 -52.157630   0.046140  0.000110  13832.424    32.977170   0.659308   2.133905     121.555 0
313.499700 -52.137413   0.046983  0.000107  14085.149    32.077793   0.666292   2.156510     363.232 0
313.539100 -53.225483   0.043190  0.000150  12948.036    44.968869   0.669496   2.166881    -724.170 0
313.335200 -52.062550   0.048193  0.000140  14447.898    41.970944   0.683440   2.212010     710.122 0
313.185850 -52.027560   0.046762  0.000100  14018.895    29.979246   0.685847   2.219803     299.874 0
313.685580 -53.173410   0.044930  0.000120  13469.675    35.975095   0.688274   2.227657    -225.335 0
313.110570 -52.011623   0.052136  0.000150  15629.980    44.968869   0.690571   2.235090    1840.526 1
312.162720 -52.150030   0.047830  0.000090  14339.073    26.981321   0.691919   2.239453     606.055 0
313.140140 -52.008762   0.049030  0.000240  14698.824    71.950190   0.697197   2.256538     950.078 0
313.112700 -51.990970   0.050532  0.000150  15149.112    44.968869   0.711065   2.301422    1380.681 1
313.610780 -53.248390   0.050610  0.000160  15172.496    47.966793   0.714106   2.311265    1403.043 1
312.963960 -53.408096   0.042990  0.000150  12888.078    44.968869   0.721886   2.336445    -781.507 0
313.154100 -51.977490   0.050201  0.000107  15049.881    32.077793   0.729573   2.361325    1285.788 0
312.060640 -53.225480   0.045530  0.000110  13649.551    32.977170   0.732085   2.369454     -53.324 0
313.076600 -51.964466   0.049204  0.000033  14750.988     9.893151   0.733202   2.373070     999.962 0
311.952700 -52.211967   0.046125  0.000150  13827.927    44.968869   0.736852   2.384884     117.255 0
311.940860 -53.156017   0.048093  0.000150  14417.919    44.968869   0.737256   2.386191     681.453 0
313.675200 -52.127758   0.044524  0.000137  13347.959    41.071567   0.738801   2.391192    -341.730 0
313.245270 -51.982850   0.050335  0.000180  15090.053    53.962642   0.738963   2.391715    1324.204 0
312.447800 -51.985530   0.032066  0.000150   9613.145    44.968869   0.749844   2.426932   -3913.268 1
312.011800 -53.229150   0.042800  0.000130  12831.117    38.973020   0.755124   2.444022    -835.977 0
313.203370 -51.956974   0.051309  0.000130  15382.051    38.973020   0.756733   2.449229    1603.437 1
312.020480 -53.239414   0.048287  0.000150  14476.078    44.968869   0.758889   2.456208     737.070 0
312.344300 -52.001510   0.048277  0.000150  14473.080    44.968869   0.759556   2.458367     734.204 0
312.061220 -53.263950   0.047349  0.000150  14194.873    44.968869   0.760548   2.461579     468.159 0
313.341060 -51.973045   0.049858  0.000160  14947.052    47.966793   0.767482   2.484022    1187.455 0
312.992830 -51.922794   0.046472  0.000083  13931.955    24.882774   0.768203   2.486355     216.735 0
311.590970 -52.623028   0.048250  0.000103  14464.986    30.878623   0.784419   2.538840     726.463 0
312.435880 -51.949493   0.031982  0.000023   9587.962     6.895227   0.786153   2.544449   -3937.350 1
313.006000 -53.472076   0.044024  0.000133  13198.063    39.872397   0.787771   2.549687    -485.073 0
312.099500 -53.318016   0.042599  0.000150  12770.859    44.968869   0.788116   2.550803    -893.601 0
313.213650 -51.925293   0.047476  0.000100  14232.947    29.979246   0.788951   2.553505     504.568 0
312.983920 -53.478756   0.044384  0.000150  13305.988    44.968869   0.793251   2.567425    -381.866 0
312.632100 -51.906055   0.046045  0.000090  13803.944    26.981321   0.796303   2.577303      94.320 0
313.314760 -51.935287   0.062043  0.000700  18600.023    99.990000   0.797370   2.580756    4680.727 1
312.352230 -51.948370   0.049057  0.000143  14706.919    42.870321   0.805981   2.608624     957.819 0
311.546600 -52.652977   0.047696  0.000113  14298.901    33.876548   0.809378   2.619620     567.639 0
313.333770 -51.924736   0.047286  0.000090  14175.986    26.981321   0.811167   2.625410     450.098 0
312.528050 -51.900760   0.031262  0.000150   9372.112    44.968869   0.815713   2.640123   -4143.764 1
311.520780 -52.611580   0.047700  0.000330  14300.100    98.931511   0.827805   2.679260     568.786 0
313.114170 -51.868040   0.048684  0.000120  14595.096    35.975095   0.832072   2.693071     850.885 0
312.181060 -51.965763   0.047379  0.000150  14203.867    44.968869   0.837500   2.710641     476.759 0
313.751280 -52.037613   0.045598  0.000150  13669.936    44.968869   0.837559   2.710831     -33.829 0
312.996800 -51.853220   0.046909  0.000250  14062.964    74.948115   0.837726   2.711369     342.017 0
311.926375 -53.296500   0.042479  0.000130  12734.884    38.973020   0.839562   2.717313    -928.004 0
313.190550 -51.862247   0.049741  0.000120  14911.977    35.975095   0.846835   2.740853    1153.912 0
313.247860 -51.865530   0.052460  0.000030  15727.112     8.993774   0.852043   2.757710    1933.412 1
312.979600 -51.824510   0.049234  0.000023  14759.982     6.895227   0.865552   2.801432    1008.562 0
311.695600 -53.183620   0.048370  0.000150  14500.961    44.968869   0.872708   2.824593     760.865 0
311.437000 -52.761667   0.047259  0.000033  14167.892     9.893151   0.878152   2.842215     442.357 0
312.850220 -51.806480   0.047726  0.000120  14307.895    35.975095   0.881693   2.853672     576.239 0
312.814240 -51.793180   0.048240  0.000093  14461.988    27.880699   0.895704   2.899022     723.596 0
311.397770 -52.780075   0.045158  0.000150  13538.028    44.968869   0.903541   2.924386    -159.971 0
312.630460 -53.581930   0.041629  0.000150  12480.060    44.968869   0.906719   2.934673   -1171.687 0
311.384340 -52.716476   0.048790  0.000037  14626.874    11.092321   0.907423   2.936952     881.274 0
313.449740 -53.527275   0.044107  0.000150  13222.946    44.968869   0.907428   2.936967    -461.278 0
313.277650 -51.798244   0.049157  0.000033  14736.898     9.893151   0.921710   2.983193     986.488 0
312.698100 -51.764960   0.045038  0.000160  13502.053    47.966793   0.929627   3.008815    -194.373 0
311.473570 -52.317150   0.048390  0.000103  14506.957    30.878623   0.930018   3.010082     766.599 0
312.916800 -51.755043   0.046025  0.000107  13797.948    32.077793   0.933195   3.020364      88.586 0
314.131900 -52.142197   0.047740  0.000150  14312.092    44.968869   0.934430   3.024362     580.253 0
313.069150 -51.760270   0.051032  0.000033  15299.009     9.893151   0.934722   3.025308    1524.024 1
311.568970 -52.164090   0.045054  0.000150  13506.849    44.968869   0.952146   3.081703    -189.786 0
313.585080 -51.831370   0.047670  0.000150  14291.106    44.968869   0.957143   3.097873     560.185 0
311.646400 -53.318280   0.056569  0.000150  16958.960    44.968869   0.978249   3.166186    3111.406 1
313.636134 -53.567670   0.040191  0.000131  12048.959    39.272812   0.991758   3.209907   -1583.942 1
314.149350 -53.317990   0.039361  0.000150  11800.131    44.968869   0.994158   3.217676   -1821.891 1
314.242920 -52.132362   0.051190  0.000150  15346.376    44.968869   0.995291   3.221343    1569.321 1
314.265780 -52.106293   0.050125  0.000150  15027.097    44.968869   1.021435   3.305960    1264.000 0
313.978820 -51.909794   0.048140  0.000150  14432.009    44.968869   1.024064   3.314468     694.928 0
311.205380 -52.822933   0.043864  0.000150  13150.096    44.968869   1.024381   3.315497    -530.943 0
311.199250 -52.814804   0.045545  0.000120  13654.047    35.975095   1.027029   3.324068     -49.023 0
314.502600 -53.033443   0.038156  0.000150  11438.881    44.968869   1.042102   3.372850   -2167.348 1
311.161160 -52.760000   0.049320  0.000150  14785.764    44.968869   1.044743   3.381398    1033.217 0
311.812800 -53.522846   0.042449  0.000150  12725.890    44.968869   1.056385   3.419080    -936.604 0
311.316740 -53.176710   0.045181  0.000150  13544.923    44.968869   1.066522   3.451889    -153.377 0
311.134800 -52.884163   0.048944  0.000150  14673.042    44.968869   1.076267   3.483428     925.423 0
311.360500 -53.308258   0.047920  0.000150  14366.055    44.968869   1.110753   3.595045     631.857 0
312.315980 -53.754578   0.032866  0.000150   9852.979    44.968869   1.120166   3.625511   -3683.919 1
314.715330 -53.021620   0.038550  0.000150  11556.999    44.968869   1.161090   3.757966   -2054.394 1
311.095800 -53.135902   0.046589  0.000150  13967.031    44.968869   1.170935   3.789830     250.277 0
314.237550 -53.561710   0.041375  0.000150  12403.913    44.968869   1.199971   3.883809   -1244.505 0
312.050350 -53.779545   0.042836  0.000150  12841.910    44.968869   1.201996   3.890362    -825.657 0
312.513520 -51.490215   0.032229  0.000150   9662.011    44.968869   1.218259   3.942998   -3866.538 1
313.714840 -51.574800   0.045418  0.000150  13615.974    44.968869   1.222649   3.957208     -85.433 0
310.923800 -52.996063   0.047366  0.000150  14199.970    44.968869   1.225492   3.966407     473.032 0
311.304470 -53.510410   0.048310  0.000150  14482.974    44.968869   1.260619   4.080099     743.664 0
314.502320 -53.479794   0.039667  0.000117  11891.867    35.075718   1.262247   4.085369   -1734.165 1
312.340450 -51.445107   0.047480  0.000150  14234.146    44.968869   1.285278   4.159912     505.715 0
312.540680 -51.415962   0.031285  0.000150   9379.007    44.968869   1.288599   4.170660   -4137.170 1
311.195620 -53.490360   0.050070  0.000150  15010.608    44.968869   1.298849   4.203835    1248.232 0
314.812800 -52.119870   0.044151  0.000150  13236.137    44.968869   1.301717   4.213116    -448.664 0
311.195830 -53.514748   0.048720  0.000150  14605.889    44.968869   1.313956   4.252730     861.206 0
310.713260 -52.897720   0.047536  0.000150  14250.934    44.968869   1.330391   4.305924     521.769 0
314.803560 -52.005833   0.051015  0.000123  15293.912    36.874472   1.350538   4.371132    1519.151 1
310.644680 -52.852600   0.038860  0.000330  11649.935    98.931511   1.365285   4.418861   -1965.521 1
314.152220 -51.561070   0.048674  0.000100  14592.098    29.979246   1.365299   4.418907     848.018 0
313.844060 -51.451780   0.048500  0.000150  14539.934    44.968869   1.367202   4.425066     798.135 0
311.121200 -53.559110   0.048310  0.000150  14482.974    44.968869   1.377042   4.456914     743.664 0
313.615800 -51.379300   0.047936  0.000150  14370.851    44.968869   1.382474   4.474494     636.444 0
313.430330 -54.040554   0.049428  0.000150  14818.142    44.968869   1.393014   4.508606    1064.180 0
313.673650 -51.373230   0.056496  0.000150  16937.075    44.968869   1.399872   4.530804    3090.478 1
310.580840 -52.838913   0.048063  0.000153  14408.925    45.868246   1.402168   4.538236     672.853 0
314.899480 -51.988174   0.048754  0.000150  14616.081    44.968869   1.409709   4.562643     870.953 0
313.532700 -54.041313   0.057156  0.000150  17134.938    44.968869   1.409874   4.563176    3279.691 1
310.783600 -53.322975   0.049908  0.000150  14962.042    44.968869   1.420900   4.598864    1201.789 0
311.322880 -53.776592   0.033400  0.000150  10013.068    44.968869   1.441057   4.664104   -3530.829 1
311.090580 -51.737804   0.045288  0.000150  13577.001    44.968869   1.442271   4.668032    -122.702 0
310.523400 -52.912487   0.046806  0.000150  14032.086    44.968869   1.446369   4.681296     312.488 0
313.001300 -54.143330   0.048527  0.000150  14548.029    44.968869   1.457187   4.716310     805.875 0
315.294980 -52.639750   0.036188  0.000150  10848.889    44.968869   1.464274   4.739246   -2731.547 1
311.822850 -51.365944   0.049481  0.000150  14834.031    44.968869   1.469312   4.755554    1079.374 0
315.327360 -52.649136   0.037439  0.000150  11223.930    44.968869   1.483615   4.801846   -2372.903 1
310.791170 -53.465366   0.041585  0.000183  12466.869    54.862020   1.486077   4.809813   -1184.301 0
310.822480 -53.504150   0.043046  0.000150  12904.866    44.968869   1.490810   4.825132    -765.452 0
314.826700 -53.604134   0.041962  0.000150  12579.891    44.968869   1.493607   4.834186   -1076.220 0
315.228150 -52.224090   0.049744  0.000143  14912.876    42.870321   1.496676   4.844117    1154.772 0
315.433780 -52.504590   0.037873  0.000150  11354.040    44.968869   1.558442   5.044028   -2248.481 1
310.710850 -53.528060   0.056502  0.000150  16938.873    44.968869   1.560617   5.051068    3092.199 1
310.304380 -52.531788   0.031625  0.000103   9480.936    30.878623   1.569391   5.079466   -4039.697 1
315.475083 -52.724389   0.037346  0.000131  11196.049    39.272812   1.573071   5.091378   -2399.564 1
310.300200 -52.960487   0.048013  0.000087  14393.935    26.081944   1.587694   5.138705     658.518 0
313.957060 -54.136086   0.030658  0.000150   9191.037    44.968869   1.588319   5.140729   -4316.922 1
313.465700 -51.121056   0.048950  0.000150  14674.841    44.968869   1.606558   5.199761     927.144 0
313.565120 -51.135635   0.047860  0.000150  14348.067    44.968869   1.606839   5.200669     614.655 0
314.903840 -51.645720   0.049290  0.000150  14776.770    44.968869   1.609451   5.209125    1024.617 0
311.257000 -51.413937   0.048987  0.000103  14685.933    30.878623   1.609895   5.210562     937.751 0
313.990570 -51.196323   0.047276  0.000167  14172.988    50.065340   1.636370   5.296250     447.231 0
313.952850 -51.172962   0.046736  0.000150  14011.100    44.968869   1.648545   5.335657     292.420 0
314.940600 -51.603020   0.047409  0.000150  14212.861    44.968869   1.654181   5.353897     485.360 0
313.516480 -51.041042   0.048757  0.000230  14616.981    68.952265   1.691438   5.474482     871.813 0
314.084380 -54.230434   0.044801  0.000150  13431.002    44.968869   1.706335   5.522698    -262.318 0
314.942000 -53.872707   0.042990  0.000150  12888.078    44.968869   1.721881   5.573014    -781.507 0
314.524260 -54.093810   0.043130  0.000150  12930.049    44.968869   1.723072   5.576870    -741.371 0
310.082100 -53.008480   0.044024  0.000150  13198.063    44.968869   1.726347   5.587467    -485.073 0
310.101780 -52.291065   0.031859  0.000150   9551.088    44.968869   1.730539   5.601036   -3972.612 1
310.067870 -53.032990   0.044084  0.000127  13216.051    38.073642   1.739518   5.630097    -467.872 0
310.139400 -52.159080   0.047863  0.000103  14348.966    30.878623   1.743748   5.643789     615.516 0
310.053667 -53.043528   0.044030  0.000901  13199.862    99.990000   1.750068   5.664242    -483.353 0
310.152740 -53.264362   0.055660  0.000150  16686.448    44.968869   1.751095   5.667566    2850.809 1
313.669340 -50.997692   0.047910  0.000150  14363.057    44.968869   1.756600   5.685384     628.990 0
310.564083 -51.630806   0.042269  0.000158  12671.927    47.367208   1.757650   5.688784    -988.208 0
314.417100 -51.196125   0.044911  0.000150  13463.979    44.968869   1.758704   5.692195    -230.782 0
310.363250 -53.564003   0.045034  0.000150  13500.854    44.968869   1.759498   5.694763    -195.520 0
310.118200 -53.290650   0.044578  0.000150  13364.148    44.968869   1.779608   5.759851    -326.249 0
310.491042 -53.724472   0.041709  0.000107  12504.044    32.077793   1.781104   5.764693   -1148.752 1
314.930820 -53.981470   0.062643  0.000150  18779.899    44.968869   1.793746   5.805610    4852.739 1
311.467700 -51.107506   0.048497  0.000150  14539.035    44.968869   1.797609   5.818114     797.275 0
312.990360 -54.486732   0.049137  0.000150  14730.902    44.968869   1.799982   5.825793     980.754 0
310.396060 -53.677086   0.041759  0.000150  12519.033    44.968869   1.801790   5.831645   -1134.418 1
309.967320 -53.090515   0.043790  0.000073  13127.912    21.884849   1.811207   5.862125    -552.158 0
314.256960 -54.297787   0.049261  0.000150  14768.076    44.968869   1.813146   5.868400    1016.303 0
315.262450 -51.574600   0.048537  0.000150  14551.027    44.968869   1.823201   5.900944     808.742 0
314.726560 -54.139603   0.043573  0.000150  13062.857    44.968869   1.832815   5.932061    -614.369 0
309.900200 -53.016766   0.043317  0.000150  12986.110    44.968869   1.836269   5.943241    -687.760 0
311.214050 -54.242596   0.040318  0.000150  12087.032    44.968869   1.854004   6.000640   -1547.533 1
314.678340 -54.188050   0.044107  0.000150  13222.946    44.968869   1.854092   6.000924    -461.278 0
309.886900 -53.101086   0.048497  0.000150  14539.035    44.968869   1.861084   6.023557     797.275 0
310.918670 -51.226360   0.048857  0.000103  14646.960    30.878623   1.884313   6.098737     900.482 0
311.498750 -50.991280   0.048300  0.000150  14479.976    44.968869   1.892196   6.124254     740.797 0
310.077000 -53.532380   0.043080  0.000150  12915.059    44.968869   1.897646   6.141893    -755.705 0
313.801500 -54.523624   0.043280  0.000150  12975.018    44.968869   1.918639   6.209837    -698.368 0
312.802030 -50.751835   0.049267  0.000150  14769.875    44.968869   1.936731   6.268393    1018.023 0
311.922420 -50.830536   0.049524  0.000150  14846.922    44.968869   1.946136   6.298833    1091.701 1
312.292100 -50.756245   0.030138  0.000150   9035.145    44.968869   1.964398   6.357939   -4465.999 1
310.667450 -51.209923   0.054268  0.000150  16269.137    44.968869   1.996080   6.460481    2451.741 1
309.636960 -53.201780   0.048617  0.000150  14575.010    44.968869   2.032184   6.577336     831.677 0
314.813200 -51.026310   0.045605  0.000150  13672.035    44.968869   2.033085   6.580250     -31.822 0
309.560420 -53.036346   0.048957  0.000150  14676.939    44.968869   2.042482   6.610666     929.150 0
314.875700 -54.340740   0.043100  0.000150  12921.055    44.968869   2.047949   6.628361    -749.971 0
310.166100 -53.925602   0.033630  0.000150  10082.020    44.968869   2.058910   6.663835   -3464.891 1
314.852000 -54.382340   0.049508  0.000150  14842.125    44.968869   2.073354   6.710585    1087.114 1
315.993840 -51.827034   0.048847  0.000150  14643.962    44.968869   2.074214   6.713369     897.615 0
309.656620 -51.975960   0.048357  0.000150  14497.064    44.968869   2.079912   6.731812     757.139 0
315.901500 -51.692455   0.051702  0.000150  15499.870    44.968869   2.084248   6.745843    1716.104 1
311.176970 -50.875515   0.053717  0.000150  16103.951    44.968869   2.086012   6.751553    2293.777 1
316.321260 -52.424114   0.050368  0.000150  15099.947    44.968869   2.102190   6.803917    1333.665 1
310.065800 -51.429688   0.055408  0.000040  16610.901    11.991698   2.120017   6.861613    2778.564 1
309.830870 -53.726160   0.035691  0.000330  10699.893    98.931511   2.120191   6.862179   -2874.030 1
309.824550 -53.721330   0.048357  0.000150  14497.064    44.968869   2.121175   6.865363     757.139 0
315.833160 -51.547420   0.046806  0.000150  14032.086    44.968869   2.122240   6.868810     312.488 0
314.773680 -54.475090   0.042690  0.000150  12798.140    44.968869   2.123793   6.873836    -867.513 0
316.112850 -51.843070   0.047900  0.000150  14360.059    44.968869   2.133653   6.905750     626.123 0
314.788670 -54.482620   0.042966  0.000150  12880.883    44.968869   2.135042   6.910243    -788.387 0
313.837700 -54.757790   0.043997  0.000150  13189.969    44.968869   2.149576   6.957285    -492.814 0
313.857970 -54.761120   0.044964  0.000150  13479.868    44.968869   2.156126   6.978485    -215.588 0
316.400800 -52.378090   0.035825  0.000150  10740.065    44.968869   2.156163   6.978605   -2835.614 1
310.333950 -51.171185   0.044741  0.000103  13413.014    30.878623   2.164163   7.004495    -279.519 0
309.365230 -53.122555   0.043116  0.000150  12925.852    44.968869   2.174732   7.038705    -745.384 0
316.371520 -52.177555   0.048957  0.000150  14676.939    44.968869   2.176721   7.045143     929.150 1
315.923400 -51.507960   0.046876  0.000150  14053.071    44.968869   2.189579   7.086758     332.556 1
316.214000 -51.823360   0.049077  0.000087  14712.914    26.081944   2.197768   7.113261     963.553 1
314.592350 -54.644936   0.061493  0.000150  18435.138    44.968869   2.215004   7.169047    4523.050 1
316.283570 -51.835670   0.050578  0.000150  15162.903    44.968869   2.231869   7.223633    1393.869 1
314.466430 -50.667614   0.056226  0.000150  16856.131    44.968869   2.237382   7.241477    3013.073 1
315.125980 -54.463825   0.043050  0.000150  12906.065    44.968869   2.237421   7.241602    -764.306 0
310.344240 -51.046810   0.049634  0.000103  14879.899    30.878623   2.248812   7.278469    1123.237 1
314.480130 -50.642105   0.044698  0.000150  13400.123    44.968869   2.263987   7.327587    -291.847 0
316.591208 -52.405583   0.049668  0.000150  14890.092    44.968869   2.266854   7.336863    1132.984 1
310.121030 -54.218670   0.049101  0.000150  14720.109    44.968869   2.267391   7.338603     970.433 1
310.133640 -51.144480   0.049327  0.000147  14787.863    44.069491   2.270447   7.348494    1035.224 1
309.296750 -53.415230   0.032933  0.000150   9873.065    44.968869   2.290878   7.414622   -3664.711 1
310.522220 -50.887188   0.041098  0.000103  12320.870    30.878623   2.299234   7.441665   -1323.917 1
309.187960 -53.232640   0.048760  0.000150  14617.880    44.968869   2.303637   7.455916     872.673 1
309.083770 -52.808582   0.049154  0.000150  14735.998    44.968869   2.304636   7.459149     985.628 1
309.807300 -54.063923   0.048050  0.000150  14405.028    44.968869   2.315953   7.495779     669.126 1
309.532200 -51.572323   0.048977  0.000150  14682.935    44.968869   2.316076   7.496177     934.884 1
309.113500 -52.284462   0.044537  0.000150  13351.857    44.968869   2.318837   7.505111    -338.003 0
316.705470 -52.757282   0.049674  0.000150  14891.891    44.968869   2.319491   7.507228    1134.704 1
316.478100 -53.480904   0.039984  0.000150  11986.902    44.968869   2.320322   7.509917   -1643.286 1
315.546050 -51.002470   0.048547  0.000150  14554.024    44.968869   2.334807   7.556800     811.609 1
309.033870 -52.924755   0.048153  0.000150  14435.906    44.968869   2.343716   7.585635     698.655 0
315.343230 -54.512478   0.044201  0.000150  13251.126    44.968869   2.357334   7.629712    -434.330 0
316.435330 -51.709840   0.049758  0.000150  14917.073    44.968869   2.366332   7.658833    1158.786 1
315.903350 -51.182020   0.031632  0.000150   9483.035    44.968869   2.371717   7.676262   -4037.690 1
308.976750 -52.428978   0.044174  0.000150  13243.032    44.968869   2.380481   7.704627    -442.070 0
315.346470 -54.543198   0.043864  0.000150  13150.096    44.968869   2.382422   7.710909    -530.943 0
309.239560 -51.786163   0.053594  0.000150  16067.077    44.968869   2.384182   7.716606    2258.515 1
314.063400 -54.975384   0.052810  0.000150  15832.040    44.968869   2.397131   7.758516    2033.753 1
309.819900 -51.147570   0.050538  0.000183  15150.911    54.862020   2.411408   7.804724    1382.401 1
316.129580 -51.264515   0.032199  0.000150   9653.017    44.968869   2.429958   7.864765   -3875.139 1
309.060100 -51.945362   0.053577  0.000150  16061.981    44.968869   2.431981   7.871312    2253.641 1
309.897220 -51.048946   0.049154  0.000150  14735.998    44.968869   2.440645   7.899353     985.628 1
316.876070 -52.367496   0.043700  0.000834  13100.930    99.990000   2.442978   7.906905    -577.960 0
310.711520 -54.753082   0.039067  0.000150  11711.992    44.968869   2.448136   7.923598   -1906.177 1
316.880160 -52.336360   0.043390  0.000150  13007.995    44.968869   2.449711   7.928696    -666.832 0
315.186770 -50.664486   0.061056  0.000140  18304.128    41.970944   2.459394   7.960035    4397.768 1
310.006100 -50.936836   0.042363  0.000700  12700.108    99.990000   2.470318   7.995395    -961.259 1
309.798550 -54.325420   0.046829  0.000150  14038.981    44.968869   2.484234   8.040434     319.082 0
310.598200 -54.779350   0.039291  0.000150  11779.145    44.968869   2.507568   8.115955   -1841.960 1
315.590060 -54.588608   0.043400  0.000150  13010.993    44.968869   2.511908   8.130001    -663.965 0
309.521180 -54.160355   0.057576  0.000150  17260.851    44.968869   2.512880   8.133150    3400.100 1
309.287930 -53.942963   0.050311  0.000183  15082.858    54.862020   2.513458   8.135019    1317.324 1
308.727940 -52.622566   0.054238  0.000150  16260.143    44.968869   2.518016   8.149772    2443.141 1
312.371400 -55.204773   0.049858  0.000097  14947.052    29.079868   2.535650   8.206845    1187.455 1
308.781700 -53.307970   0.043517  0.000150  13046.068    44.968869   2.560766   8.288136    -630.423 0
317.026700 -53.308440   0.037736  0.000150  11312.968    44.968869   2.588628   8.378315   -2287.757 1
316.854640 -51.698630   0.049728  0.000150  14908.079    44.968869   2.604130   8.428488    1150.185 1
317.099600 -52.169410   0.051219  0.000150  15355.070    44.968869   2.609406   8.445564    1577.635 1
312.276640 -50.099350   0.053414  0.000183  16013.114    54.862020   2.614390   8.461695    2206.911 1
309.897900 -54.580250   0.048550  0.000150  14554.924    44.968869   2.617157   8.470649     812.469 1
309.656375 -54.463694   0.036660  0.000333  10990.392    99.830889   2.640607   8.546546   -2596.231 1
310.589700 -54.943070   0.037930  0.000183  11371.128    54.862020   2.648355   8.571623   -2232.140 1
316.287333 -54.357139   0.043030  0.000143  12900.069    42.870321   2.655243   8.593918    -770.039 1
308.508200 -52.514526   0.048830  0.000150  14638.866    44.968869   2.656033   8.596474     892.741 1
308.489900 -52.785183   0.048363  0.000150  14498.863    44.968869   2.663230   8.619769     758.859 0
311.649100 -50.119778   0.049938  0.000103  14971.036    30.878623   2.674492   8.656220    1210.390 1
317.191440 -52.080627   0.034134  0.000150  10233.116    44.968869   2.682684   8.682735   -3320.401 1
310.470060 -50.433483   0.044578  0.000103  13364.148    30.878623   2.686592   8.695383    -326.249 0
315.169650 -54.996353   0.035234  0.000150  10562.887    44.968869   2.693282   8.717036   -3005.046 1
308.530100 -52.137650   0.054268  0.000150  16269.137    44.968869   2.693900   8.719035    2451.741 1
313.633450 -55.350820   0.049668  0.000150  14890.092    44.968869   2.701658   8.744146    1132.984 1
317.334170 -52.953945   0.033777  0.000150  10126.090    44.968869   2.712615   8.779608   -3422.748 1
310.083800 -54.812780   0.049800  0.000150  14929.664    44.968869   2.718241   8.797816    1170.827 1
317.367220 -52.933243   0.034003  0.000110  10193.843    32.977170   2.730616   8.837868   -3357.957 1
309.693270 -54.620790   0.047940  0.000150  14372.050    44.968869   2.732852   8.845107     637.590 0
315.962700 -50.683773   0.056516  0.000150  16943.071    44.968869   2.739908   8.867944    3096.212 1
308.605930 -53.611000   0.048784  0.000150  14625.075    44.968869   2.750616   8.902600     879.554 1
310.368800 -54.978890   0.038180  0.000150  11446.076    44.968869   2.750714   8.902919   -2160.468 1
316.073030 -54.664097   0.042660  0.000150  12789.146    44.968869   2.765799   8.951743    -876.113 1
311.430450 -50.055560   0.029797  0.000150   8932.916    44.968869   2.775306   8.982511   -4563.759 1
316.046500 -54.701836   0.043127  0.000150  12929.149    44.968869   2.781770   9.003433    -742.231 0
317.458500 -52.959724   0.035134  0.000150  10532.908    44.968869   2.788182   9.024188   -3033.714 1
312.803130 -55.476433   0.053977  0.000150  16181.898    44.968869   2.788849   9.026344    2368.316 1
317.472900 -52.477158   0.049792  0.000333  14927.266    99.830889   2.791609   9.035279    1168.533 1
314.644560 -55.287567   0.035278  0.000150  10576.078    44.968869   2.810888   9.097677   -2992.432 1
309.445125 -54.594722   0.058817  0.000150  17632.893    44.968869   2.823513   9.138538    3755.877 1
313.813450 -55.472336   0.048227  0.000150  14458.091    44.968869   2.841190   9.195753     719.869 0
315.963458 -54.843306   0.042479  0.000131  12734.884    39.272812   2.852613   9.232722    -928.004 1
309.298625 -54.542389   0.046039  0.000281  13802.145    84.241681   2.855368   9.241640      92.600 0
309.710540 -54.806000   0.052290  0.000150  15676.148    44.968869   2.859789   9.255950    1884.676 1
309.331820 -54.594030   0.048760  0.000150  14617.880    44.968869   2.874082   9.302211     872.673 1
317.508640 -53.315690   0.037950  0.000150  11377.124    44.968869   2.874671   9.304116   -2226.406 1
308.508850 -51.571150   0.050255  0.000150  15066.070    44.968869   2.875699   9.307443    1301.269 1
308.632020 -53.973087   0.054147  0.000150  16232.862    44.968869   2.878144   9.315358    2417.052 1
316.350980 -50.717040   0.047830  0.000150  14339.073    44.968869   2.882646   9.329929     606.055 0
315.542940 -55.077600   0.046105  0.000150  13821.931    44.968869   2.883500   9.332693     111.521 0
316.287020 -50.674410   0.048637  0.000150  14581.006    44.968869   2.884078   9.334561     837.411 1
316.162480 -54.818455   0.043247  0.000150  12965.124    44.968869   2.914844   9.434138    -707.828 0
312.165770 -49.796734   0.048777  0.000150  14622.977    44.968869   2.923535   9.462269     877.547 1
309.301150 -54.651672   0.048457  0.000150  14527.043    44.968869   2.926386   9.471497     785.807 1
309.301120 -54.661545   0.048103  0.000103  14420.917    30.878623   2.933034   9.493012     684.320 0
308.179300 -53.389650   0.044007  0.000150  13192.967    44.968869   2.934840   9.498858    -489.947 0
308.058070 -52.402740   0.044728  0.000150  13409.117    44.968869   2.937095   9.506157    -283.246 0
317.685180 -52.300472   0.057560  0.000150  17256.054    44.968869   2.937979   9.509018    3395.513 1
308.048800 -52.921154   0.045028  0.000150  13499.055    44.968869   2.938098   9.509402    -197.240 0
308.510600 -53.963516   0.054835  0.000150  16439.119    44.968869   2.940018   9.515617    2614.292 1
314.365020 -55.505333   0.049844  0.000150  14942.855    44.968869   2.957546   9.572349    1183.441 1
309.186070 -54.626778   0.049554  0.000150  14855.915    44.968869   2.962120   9.587153    1100.302 1
315.923920 -50.367565   0.050812  0.000150  15233.054    44.968869   2.964338   9.594330    1460.953 1
310.230930 -50.196236   0.060549  0.000103  18152.134    30.878623   2.964526   9.594938    4252.418 1
309.778750 -50.378056   0.044851  0.000150  13445.992    44.968869   2.978414   9.639887    -247.984 0
307.965760 -52.582672   0.049988  0.000150  14986.025    44.968869   2.981026   9.648344    1224.724 1
315.005400 -49.965220   0.049050  0.000150  14704.820    44.968869   3.012015   9.748641     955.812 1
317.713130 -53.421250   0.039827  0.000113  11939.834    33.876548   3.019638   9.773313   -1688.296 1
313.235960 -49.673435   0.053467  0.000150  16029.003    44.968869   3.022230   9.781704    2222.106 1
316.536000 -54.749653   0.042259  0.000150  12668.929    44.968869   3.026542   9.795659    -991.075 1
317.574100 -53.746754   0.057220  0.000150  17154.124    44.968869   3.035608   9.825001    3298.039 1
316.563300 -54.746666   0.043400  0.000834  13010.993    99.990000   3.036652   9.828380    -663.965 0
317.852970 -53.074795   0.038430  0.000150  11521.024    44.968869   3.038739   9.835135   -2088.796 1
311.096860 -55.539400   0.052827  0.000150  15837.136    44.968869   3.049535   9.870076    2038.626 1
316.246580 -50.419533   0.050318  0.000150  15084.957    44.968869   3.051010   9.874852    1319.330 1
316.223200 -50.401283   0.050422  0.000150  15116.135    44.968869   3.055187   9.888370    1349.146 1
308.348200 -54.029224   0.047910  0.000150  14363.057    44.968869   3.057263   9.895089     628.990 0
308.192500 -53.837452   0.055128  0.000150  16526.959    44.968869   3.065403   9.921435    2698.292 1
308.475620 -51.180107   0.043363  0.000700  12999.900    99.990000   3.066460   9.924857    -674.573 0
315.076300 -49.921387   0.049357  0.000150  14796.856    44.968869   3.070081   9.936578    1043.825 1
309.499360 -50.392490   0.063087  0.000103  18913.007    30.878623   3.077336   9.960057    4980.028 1
316.768070 -54.674946   0.062143  0.000150  18630.003    44.968869   3.082314   9.976169    4709.396 1
311.884500 -55.717170   0.047079  0.000150  14113.929    44.968869   3.088781   9.997101     390.753 0
307.795780 -53.036053   0.048554  0.000150  14556.123    44.968869   3.101792  10.039211     813.616 1
311.938600 -49.635616   0.048480  0.000103  14533.938    30.878623   3.105314  10.050612     792.401 1
312.747530 -49.577057   0.030518  0.000150   9149.066    44.968869   3.111969  10.072150   -4357.058 1
312.676200 -55.798737   0.044704  0.000150  13401.922    44.968869   3.113224  10.076212    -290.127 0
317.964360 -52.228966   0.050418  0.000150  15114.936    44.968869   3.115537  10.083699    1347.999 1
315.456420 -49.972270   0.029687  0.000700   8899.939    99.990000   3.132548  10.138755   -4595.295 1
307.705300 -52.727550   0.046375  0.000150  13902.875    44.968869   3.137295  10.154119     188.926 0
317.897500 -51.894478   0.033593  0.000150  10070.928    44.968869   3.142832  10.172040   -3475.498 1
314.987100 -55.561850   0.032000  0.001000   9593.359    99.990000   3.144756  10.178269   -3932.189 1
313.092560 -49.530235   0.054067  0.000150  16208.879    44.968869   3.160357  10.228764    2394.117 1
316.809270 -54.785530   0.042713  0.000150  12805.035    44.968869   3.173430  10.271075    -860.919 1
315.193400 -55.547680   0.040988  0.000150  12287.893    44.968869   3.184843  10.308014   -1355.453 1
310.327600 -55.472507   0.053460  0.000150  16026.905    44.968869   3.185659  10.310654    2220.099 1
307.621520 -52.768375   0.051145  0.000150  15332.885    44.968869   3.188842  10.320957    1556.420 1
317.514950 -51.169968   0.049778  0.000150  14923.069    44.968869   3.193047  10.334566    1164.520 1
310.287300 -55.471973   0.037029  0.000150  11101.015    44.968869   3.197132  10.347787   -2490.444 1
308.845600 -54.751972   0.050625  0.000150  15176.993    44.968869   3.200348  10.358196    1407.343 1
307.592700 -52.716780   0.050425  0.000150  15117.035    44.968869   3.205427  10.374637    1350.006 1
309.533800 -55.176857   0.050058  0.000150  15007.011    44.968869   3.210933  10.392457    1244.792 1
316.524400 -55.020325   0.042256  0.000150  12668.030    44.968869   3.212193  10.396534    -991.935 1
316.660580 -54.940273   0.053077  0.000150  15912.084    44.968869   3.212885  10.398773    2110.298 1
308.268770 -54.272530   0.054828  0.000150  16437.021    44.968869   3.213345  10.400264    2612.286 1
317.410200 -51.008602   0.033590  0.000150  10070.029    44.968869   3.218509  10.416977   -3476.358 1
309.597170 -55.224133   0.051349  0.000150  15394.043    44.968869   3.223861  10.434298    1614.904 1
313.123020 -55.924335   0.047920  0.000150  14366.055    44.968869   3.239689  10.485527     631.857 0
307.797940 -53.694794   0.050188  0.000150  15045.984    44.968869   3.241228  10.490510    1282.061 1
307.884250 -53.865246   0.050265  0.000150  15069.068    44.968869   3.249340  10.516765    1304.136 1
307.557600 -52.242090   0.062570  0.000150  18758.014    44.968869   3.257238  10.542326    4831.811 1
316.710850 -54.996384   0.042539  0.000150  12752.871    44.968869   3.274003  10.596588    -910.802 1
318.256130 -53.113506   0.042860  0.000150  12849.105    44.968869   3.286064  10.635624    -818.776 1
312.069100 -55.942390   0.035948  0.000150  10776.939    44.968869   3.291376  10.652816   -2800.352 1
310.242130 -55.568680   0.060095  0.000150  18016.028    44.968869   3.294889  10.664188    4122.262 1
318.135500 -53.552742   0.051689  0.000150  15495.972    44.968869   3.300575  10.682589    1712.377 1
316.782700 -50.338116   0.047106  0.000150  14122.024    44.968869   3.334120  10.791162     398.494 0
318.377600 -52.951970   0.037960  0.000150  11380.122    44.968869   3.342467  10.818177   -2223.539 1
314.250370 -49.416210   0.053744  0.000150  16112.046    44.968869   3.375478  10.925019    2301.518 1
307.255700 -52.821167   0.047219  0.000150  14155.900    44.968869   3.412173  11.043785     430.890 0
311.928620 -49.319794   0.048767  0.000103  14619.979    30.878623   3.417261  11.060254     874.680 1
307.312800 -53.335320   0.049398  0.000150  14809.148    44.968869   3.436482  11.122465    1055.579 1
308.342680 -50.623570   0.049808  0.000150  14932.063    44.968869   3.439201  11.131265    1173.120 1
314.120100 -49.318750   0.052170  0.000150  15640.173    44.968869   3.451984  11.172637    1850.273 1
307.868130 -54.346764   0.040525  0.000150  12149.089    44.968869   3.461662  11.203961   -1488.189 1
307.863340 -54.347122   0.038874  0.000183  11654.132    54.862020   3.464382  11.212765   -1961.508 1
308.591430 -54.986687   0.040124  0.000150  12028.873    44.968869   3.470389  11.232207   -1603.150 1
307.157600 -53.067062   0.049871  0.000150  14950.950    44.968869   3.489687  11.294667    1191.182 1
307.936700 -54.491425   0.052159  0.000150  15636.875    44.968869   3.497586  11.320233    1847.120 1
318.486450 -51.855434   0.049321  0.000150  14786.064    44.968869   3.498510  11.323225    1033.504 1
317.333000 -50.442654   0.058007  0.000150  17390.061    44.968869   3.510727  11.362765    3523.661 1
318.517670 -51.877766   0.037966  0.000150  11381.920    44.968869   3.511674  11.365831   -2221.819 1
317.512420 -54.803540   0.062430  0.000150  18716.043    44.968869   3.515419  11.377950    4791.675 1
307.080750 -52.682907   0.053650  0.000150  16083.865    44.968869   3.515623  11.378611    2274.569 1
308.269870 -54.836025   0.032069  0.000150   9614.044    44.968869   3.524934  11.408747   -3912.408 1
317.822850 -50.828090   0.044744  0.000120  13413.914    35.975095   3.526156  11.412702    -278.659 0
308.266270 -54.873825   0.030935  0.000103   9274.080    30.878623   3.549815  11.489275   -4237.510 1
307.091000 -53.258698   0.044157  0.000150  13237.936    44.968869   3.555510  11.507708    -446.944 0
316.099950 -55.661410   0.029754  0.000150   8920.025    44.968869   3.556587  11.511195   -4576.087 1
318.567750 -51.789352   0.050485  0.000090  15135.022    26.981321   3.562487  11.530290    1367.207 1
307.834600 -54.528053   0.052219  0.000150  15654.862    44.968869   3.569499  11.552986    1864.321 1
308.770570 -55.282566   0.049121  0.000150  14726.105    44.968869   3.597024  11.642072     976.167 1
318.404330 -54.007080   0.035198  0.000150  10552.095    44.968869   3.598702  11.647504   -3015.367 1
307.100070 -51.844700   0.062256  0.000150  18663.879    44.968869   3.603955  11.664506    4741.792 1
317.013180 -55.293000   0.035141  0.000150  10535.007    44.968869   3.614005  11.697032   -3031.708 1
317.024870 -55.291904   0.034357  0.000150  10299.969    44.968869   3.618131  11.710387   -3256.470 1
315.379270 -49.394157   0.031689  0.000700   9500.123    99.990000   3.625355  11.733768   -4021.349 1
307.584560 -54.398660   0.054968  0.000150  16478.992    44.968869   3.637584  11.773348    2652.422 1
315.227800 -49.326355   0.031375  0.000150   9405.988    44.968869   3.650310  11.814537   -4111.368 1
310.795530 -56.116240   0.051045  0.000143  15302.906    42.870321   3.653816  11.825886    1527.751 1
308.782320 -49.967262   0.045615  0.000150  13675.033    44.968869   3.684233  11.924332     -28.955 1
310.779330 -56.148033   0.051599  0.000150  15468.991    44.968869   3.687044  11.933429    1686.576 1
318.810820 -51.816437   0.050028  0.000150  14998.017    44.968869   3.698772  11.971387    1236.191 1
307.514400 -54.454340   0.055572  0.000150  16660.066    44.968869   3.701415  11.979944    2825.580 1
317.042900 -55.399315   0.034711  0.000150  10406.096    44.968869   3.703622  11.987086   -3154.983 1
317.170300 -55.325512   0.034901  0.000150  10463.057    44.968869   3.703740  11.987468   -3100.512 1
306.760960 -52.857895   0.039998  0.000150  11991.099    44.968869   3.713351  12.018575   -1639.272 1
306.910250 -53.541810   0.049237  0.000150  14760.881    44.968869   3.718328  12.034682    1009.422 1
310.516708 -49.251556   0.043610  0.000103  13073.949    30.878623   3.723197  12.050443    -603.761 1
315.490630 -49.313150   0.029917  0.000147   8968.891    44.069491   3.727256  12.063578   -4529.357 1
306.899020 -51.807110   0.062320  0.000150  18683.066    44.968869   3.731244  12.076487    4760.139 1
306.734380 -52.902714   0.049898  0.000150  14959.044    44.968869   3.731756  12.078145    1198.922 1
313.272900 -56.418160   0.035858  0.000150  10749.958    44.968869   3.737751  12.097548   -2826.154 1
306.917500 -53.642510   0.049327  0.000150  14787.863    44.968869   3.738485  12.099924    1035.224 1
306.761600 -52.212130   0.050135  0.000150  15030.095    44.968869   3.739473  12.103122    1266.867 1
306.715420 -52.890686   0.049421  0.000150  14816.043    44.968869   3.742559  12.113110    1062.173 1
306.726400 -52.337080   0.062583  0.000150  18761.911    44.968869   3.746878  12.127086    4835.538 1
308.002620 -50.385635   0.040481  0.000150  12135.898    44.968869   3.747478  12.129031   -1500.803 1
318.653660 -51.315410   0.050265  0.000150  15069.068    44.968869   3.758919  12.166061    1304.136 1
318.432680 -54.387190   0.051129  0.000150  15328.089    44.968869   3.770055  12.202103    1551.833 1
312.503140 -48.916360   0.030818  0.000150   9239.004    44.968869   3.778554  12.229610   -4271.053 1
317.795070 -55.040490   0.051559  0.000150  15456.999    44.968869   3.795824  12.285505    1675.108 1
319.172970 -52.959114   0.048790  0.000150  14626.874    44.968869   3.823768  12.375949     881.274 1
312.972530 -56.516308   0.044347  0.000150  13294.896    44.968869   3.828733  12.392019    -392.474 1
306.981260 -51.316220   0.038970  0.000150  11682.912    44.968869   3.830009  12.396148   -1933.986 1
317.500980 -55.302950   0.035098  0.000150  10522.116    44.968869   3.831678  12.401548   -3044.035 1
306.797270 -53.740320   0.048907  0.000150  14661.950    44.968869   3.834674  12.411246     914.816 1
309.001560 -49.657170   0.043177  0.000150  12944.139    44.968869   3.835944  12.415358    -727.897 1
318.813660 -51.332893   0.049738  0.000150  14911.077    44.968869   3.843171  12.438748    1153.052 1
316.675000 -55.774994   0.042756  0.000150  12817.926    44.968869   3.849622  12.459627    -848.591 1
310.331480 -49.161232   0.043500  0.000103  13040.972    30.878623   3.850391  12.462115    -635.297 1
314.841280 -56.352490   0.051736  0.000150  15510.063    44.968869   3.852413  12.468661    1725.852 1
314.872070 -56.348766   0.051966  0.000150  15579.015    44.968869   3.854675  12.475981    1791.789 1
308.914250 -55.706690   0.035705  0.000150  10704.090    44.968869   3.859138  12.490428   -2870.017 1
315.435060 -49.150116   0.035104  0.000150  10523.914    44.968869   3.861864  12.499249   -3042.315 1
314.333300 -56.449640   0.061042  0.000150  18299.931    44.968869   3.863348  12.504052    4393.754 1
306.506130 -52.875534   0.050478  0.000183  15132.924    54.862020   3.868477  12.520654    1365.200 1
316.775700 -55.758877   0.061893  0.000120  18555.055    35.975095   3.873609  12.537265    4637.724 1
317.612060 -50.065777   0.032326  0.000080   9691.091    23.983397   3.886041  12.577500   -3838.730 1
307.221370 -54.520298   0.061966  0.000150  18576.939    44.968869   3.889075  12.587321    4658.652 1
319.246120 -52.184067   0.057120  0.000157  17124.145    47.067416   3.891250  12.594359    3269.371 1
309.007660 -49.579453   0.045355  0.000150  13597.087    44.968869   3.895411  12.607826    -103.494 1
319.105830 -51.659378   0.052019  0.000150  15594.904    44.968869   3.911127  12.658695    1806.984 1
314.440000 -56.485817   0.051045  0.000150  15302.906    44.968869   3.913697  12.667011    1527.751 1
310.418670 -49.062206   0.045181  0.000103  13544.923    30.878623   3.920875  12.690243    -153.377 1
306.719880 -53.945007   0.047656  0.000150  14286.909    44.968869   3.940251  12.752956     556.171 1
318.298770 -54.865040   0.050235  0.000183  15060.074    54.862020   3.940284  12.753063    1295.535 1
307.264950 -50.685062   0.040715  0.000150  12206.050    44.968869   3.949514  12.782936   -1433.718 1
310.661130 -48.971344   0.053417  0.000150  16014.014    44.968869   3.952639  12.793052    2207.771 1
310.434630 -49.016853   0.029714  0.000150   8908.033    44.968869   3.959219  12.814348   -4587.554 1
317.921080 -50.149113   0.046551  0.000297  13955.639    89.038360   3.972496  12.857320     239.383 1
319.377560 -52.142868   0.058374  0.000700  17500.085    99.990000   3.975704  12.867703    3628.875 1
308.514830 -49.708378   0.042159  0.000103  12638.950    30.878623   3.985118  12.898171   -1019.743 1
317.506600 -49.851910   0.060817  0.000213  18232.478    63.855794   3.988242  12.908281    4329.250 1
315.993260 -49.171722   0.053504  0.000150  16040.096    44.968869   3.990474  12.915505    2232.713 1
315.249850 -48.961765   0.031622  0.000150   9480.037    44.968869   3.993386  12.924930   -4040.557 1
306.349430 -53.352900   0.049351  0.000150  14795.058    44.968869   4.014363  12.992824    1042.105 1
318.250980 -55.046555   0.043393  0.000137  13008.894    41.071567   4.019911  13.010783    -665.972 1
306.331200 -53.344494   0.039717  0.000150  11906.857    44.968869   4.023881  13.023630   -1719.831 1
306.973180 -54.526460   0.061819  0.000150  18532.870    44.968869   4.025209  13.027928    4616.510 1
319.538900 -52.611538   0.058130  0.000150  17426.936    44.968869   4.036678  13.065048    3558.924 1
307.968800 -55.416344   0.060495  0.000150  18135.945    44.968869   4.038369  13.070522    4236.937 1
315.831360 -56.314520   0.031959  0.000150   9581.067    44.968869   4.043626  13.087539   -3943.944 1
310.472542 -48.892056   0.044914  0.000112  13464.878    33.576755   4.066899  13.162862    -229.922 1
308.248440 -55.634380   0.051569  0.000150  15459.997    44.968869   4.070026  13.172984    1677.975 1
311.601840 -56.711130   0.046029  0.000150  13799.147    44.968869   4.097142  13.260747      89.733 1
319.482900 -51.810085   0.049494  0.000183  14837.928    54.862020   4.097167  13.260827    1083.101 1
310.483830 -56.521996   0.060345  0.000183  18090.976    54.862020   4.100046  13.270146    4193.934 1
317.745480 -55.582996   0.042496  0.000150  12739.980    44.968869   4.132422  13.374932    -923.130 1
306.059840 -52.626870   0.048684  0.000150  14595.096    44.968869   4.134901  13.382956     850.885 1
319.517270 -51.727295   0.049878  0.000150  14953.048    44.968869   4.135962  13.386390    1193.188 1
306.054200 -52.932340   0.053500  0.001001  16038.897    99.990000   4.145077  13.415892    2231.566 1
315.146150 -48.764565   0.036512  0.000150  10946.022    44.968869   4.156807  13.453857   -2638.661 1
313.517300 -56.833120   0.047556  0.000103  14256.930    30.878623   4.163067  13.474118     527.503 1
312.131000 -56.840702   0.046576  0.000183  13963.134    54.862020   4.177507  13.520855     246.550 1
316.972140 -56.067410   0.051589  0.000150  15465.993    44.968869   4.191830  13.567211    1683.709 1
306.278700 -53.981174   0.048053  0.000150  14405.927    44.968869   4.205549  13.611615     669.986 1
311.518980 -56.815193   0.040875  0.000170  12254.017    50.964718   4.208932  13.622565   -1387.848 1
316.052000 -56.432780   0.060979  0.000150  18281.044    44.968869   4.209390  13.624045    4375.693 1
319.756840 -53.302155   0.060235  0.000150  18057.999    44.968869   4.213066  13.635946    4162.398 1
305.934800 -52.867363   0.049854  0.000150  14945.853    44.968869   4.214063  13.639170    1186.308 1
308.313400 -55.887653   0.060849  0.000150  18242.071    44.968869   4.231097  13.694302    4338.424 1
318.786100 -54.946884   0.043080  0.000150  12915.059    44.968869   4.232785  13.699767    -755.705 1
311.453460 -56.834446   0.041695  0.000330  12499.847    98.931511   4.235746  13.709349   -1152.766 1
305.869050 -52.748127   0.051516  0.000150  15444.108    44.968869   4.250523  13.757177    1662.781 1
305.863160 -52.531868   0.050065  0.000150  15009.109    44.968869   4.256532  13.776624    1246.799 1
316.831820 -56.211570   0.061012  0.000150  18290.937    44.968869   4.260507  13.789490    4385.154 1
305.854430 -52.860043   0.050095  0.000183  15018.103    54.862020   4.262434  13.795727    1255.399 1
318.044160 -49.791462   0.061000  0.000410  18287.340    99.990000   4.264522  13.802486    4381.714 1
305.825650 -52.907400   0.053083  0.000150  15913.883    44.968869   4.282030  13.859153    2112.018 1
305.965240 -53.590504   0.043020  0.000183  12897.072    54.862020   4.287851  13.877992    -772.906 1
305.808300 -52.485104   0.050879  0.000150  15253.140    44.968869   4.291719  13.890512    1480.161 1
305.845700 -53.453407   0.050372  0.000150  15101.146    44.968869   4.332403  14.022189    1334.811 1
