 13.749627 -35.321500   0.057113  0.000090  17122.047    26.981321   0.005427   0.021572      61.269 0
 13.764935 -35.328518   0.058200  0.000297  17447.921    89.038360   0.011716   0.046569     369.600 0
 13.747877 -35.300076   0.058500  0.000213  17537.859    63.855794   0.020452   0.081292     454.696 0
 13.731128 -35.360860   0.055325  0.000150  16586.018    44.968869   0.046018   0.182914    -445.903 0
 13.798933 -35.232680   0.055300  0.000297  16578.523    89.038360   0.093663   0.372296    -452.995 0
 13.881498 -35.260036   0.049100  0.000213  14719.810    63.855794   0.118543   0.471192   -2211.646 1
 13.785850 -35.167305   0.047600  0.000410  14270.121    99.990000   0.154137   0.612671   -2637.126 1
 13.747048 -35.151676   0.056929  0.000150  17066.885    44.968869   0.167955   0.667597       9.077 0
 13.592334 -35.444637   0.057800  0.000213  17328.004    63.855794   0.182905   0.727023     256.139 0
 13.765440 -35.502296   0.042713  0.000150  12805.035    44.968869   0.182986   0.727344   -4023.340 1
 13.693790 -35.132877   0.048100  0.000213  14420.017    63.855794   0.193340   0.768499   -2495.299 1
 13.746074 -35.512806   0.042626  0.000150  12778.953    44.968869   0.193490   0.769095   -4048.018 1
 13.972134 -35.400337   0.048400  0.000297  14509.955    89.038360   0.194154   0.771735   -2410.203 1
 13.736624 -35.108444   0.056900  0.000213  17058.191    63.855794   0.211614   0.841137       0.851 0
 13.952683 -35.468468   0.055400  0.000297  16608.502    89.038360   0.219099   0.870889    -424.629 0
 13.851000 -35.535835   0.043000  0.000297  12891.076    89.038360   0.229878   0.913731   -3941.932 1
 13.940632 -35.494930   0.040900  0.000297  12261.512    89.038360   0.231360   0.919622   -4537.604 1
 14.034990 -35.275246   0.047600  0.000213  14270.121    63.855794   0.232057   0.922395   -2637.126 1
 13.994577 -35.449463   0.058100  0.000297  17417.942    89.038360   0.234209   0.930947     341.235 0
 13.978541 -35.494640   0.057100  0.000213  17118.149    63.855794   0.252413   1.003304      57.582 0
 14.066426 -35.253880   0.048100  0.000213  14420.017    63.855794   0.261804   1.040634   -2495.299 1
 14.081441 -35.247810   0.047947  0.000150  14374.149    44.968869   0.275200   1.093881   -2538.698 1
 13.591086 -35.563103   0.057280  0.000100  17172.112    29.979246   0.278236   1.105948     108.639 0
 13.865791 -35.596863   0.058100  0.000213  17417.942    63.855794   0.291541   1.158835     341.235 0
 13.480503 -35.123547   0.068400  0.000213  20505.804    63.855794   0.298071   1.184789    3262.865 1
 13.787242 -35.021500   0.048700  0.000297  14599.893    89.038360   0.299081   1.188806   -2325.107 1
 14.117743 -35.270905   0.047700  0.000297  14300.100    89.038360   0.299292   1.189644   -2608.761 1
 13.388642 -35.312990   0.044694  0.000150  13398.924    44.968869   0.299650   1.191064   -3461.423 1
 14.032748 -35.517563   0.058000  0.000213  17387.963    63.855794   0.300502   1.194451     312.870 0
 14.068563 -35.122830   0.064000  0.000297  19186.717    89.038360   0.322174   1.280595    2014.790 1
 14.131336 -35.456570   0.057000  0.000213  17088.170    63.855794   0.335685   1.334299      29.216 0
 13.835987 -35.652992   0.042400  0.000213  12711.200    63.855794   0.339870   1.350936   -4112.124 1
 14.162393 -35.469830   0.057100  0.000213  17118.149    63.855794   0.364235   1.447784      57.582 0
 14.010068 -35.006607   0.068000  0.000213  20385.887    63.855794   0.375409   1.492196    3149.404 1
 14.186847 -35.459860   0.057166  0.000183  17137.936    54.862020   0.378690   1.505238      76.303 0
 13.298642 -35.186880   0.044764  0.000150  13419.910    44.968869   0.395881   1.573572   -3441.567 1
 14.243864 -35.427322   0.058400  0.000297  17507.880    89.038360   0.412575   1.639928     426.331 1
 13.960125 -35.732970   0.048800  0.000297  14629.872    89.038360   0.445836   1.772133   -2296.742 1
 13.784725 -35.769130   0.041742  0.000150  12513.937    44.968869   0.450270   1.789759   -4298.768 1
 14.312051 -35.175870   0.073800  0.000297  22124.683    89.038360   0.476046   1.892215    4794.594 1
 14.361898 -35.336340   0.056500  0.000213  16938.274    63.855794   0.494828   1.966869    -112.610 1
 13.231804 -35.032547   0.045158  0.000500  13538.028    99.990000   0.514907   2.046681   -3329.808 1
 13.652593 -35.851810   0.045635  0.000500  13681.029    99.990000   0.538951   2.142252   -3194.505 1
 13.213260 -34.972034   0.046142  0.000150  13833.024    44.968869   0.562747   2.236839   -3050.693 1
 13.095284 -35.000645   0.044728  0.000137  13409.117    41.071567   0.626190   2.489016   -3451.779 1
 14.182441 -34.795330   0.064200  0.000297  19246.676    89.038360   0.629218   2.501053    2071.521 1
 14.508695 -35.084595   0.057200  0.000213  17148.129    63.855794   0.657691   2.614227      85.947 1
 14.284661 -34.781982   0.065500  0.000213  19636.406    63.855794   0.689284   2.739805    2440.270 1
 14.169367 -34.712685   0.056900  0.000297  17058.191    89.038360   0.694312   2.759791       0.851 1
 14.573263 -35.099220   0.068400  0.000213  20505.804    63.855794   0.702428   2.792052    3262.865 1
 14.401064 -35.801918   0.048200  0.000213  14449.996    63.855794   0.714106   2.838469   -2466.934 1
 14.645540 -35.231390   0.067850  0.000150  20340.918    44.968869   0.731300   2.906814    3106.856 1
 14.415292 -35.869890   0.047400  0.000213  14210.163    63.855794   0.769747   3.059636   -2693.857 1
 14.440500 -34.782806   0.047680  0.000333  14294.104    99.830889   0.774684   3.079259   -2614.434 1
 14.182083 -34.554195   0.047800  0.000333  14330.079    99.830889   0.840619   3.341339   -2580.395 1
 14.654042 -34.902428   0.047900  0.000297  14360.059    89.038360   0.843263   3.351850   -2552.030 1
 14.495966 -35.910175   0.048757  0.000500  14616.981    99.990000   0.844781   3.357886   -2308.939 1
 14.490612 -35.920925   0.047967  0.000150  14380.145    44.968869   0.849243   3.375620   -2533.025 1
 14.194709 -34.531895   0.048000  0.000213  14390.038    63.855794   0.865183   3.438979   -2523.665 1
 13.441183 -36.153930   0.041215  0.000133  12355.946    39.872397   0.873045   3.470231   -4448.253 1
 13.758526 -34.421143   0.057300  0.000297  17178.108    89.038360   0.898339   3.570769     114.312 1
 14.690701 -35.798570   0.068900  0.000297  20655.700    89.038360   0.900793   3.580526    3404.692 1
 14.576923 -35.929030   0.047800  0.000297  14330.079    89.038360   0.905779   3.600344   -2580.395 1
 14.675725 -35.845776   0.068800  0.000213  20625.721    63.855794   0.916731   3.643876    3376.327 1
 12.856542 -34.723557   0.062550  0.000150  18752.018    44.968869   0.945251   3.757239    1603.493 1
 14.928301 -35.205093   0.068100  0.000297  20415.866    89.038360   0.963506   3.829798    3177.769 1
 14.956729 -35.418182   0.057100  0.000297  17118.149    89.038360   0.984846   3.914622      57.582 1
 13.822912 -34.326160   0.044700  0.000297  13400.723    89.038360   0.994827   3.954297   -3459.721 1
 14.926885 -35.015156   0.064800  0.000213  19426.551    63.855794   1.002827   3.986095    2241.713 1
 14.400675 -34.450634   0.066500  0.000297  19936.198    89.038360   1.015754   4.037479    2723.924 1
 14.789182 -34.733110   0.068400  0.000297  20505.804    89.038360   1.027024   4.082276    3262.865 1
 12.666812 -34.782050   0.061983  0.000150  18582.036    44.968869   1.038437   4.127639    1442.661 1
 13.554331 -34.290455   0.044500  0.000410  13340.764    99.990000   1.042072   4.142087   -3516.452 1
 13.812057 -34.266956   0.043800  0.000297  13130.910    89.038360   1.053523   4.187606   -3715.009 1
 12.457273 -35.334250   0.059625  0.000150  17875.125    44.968869   1.059624   4.211857     773.807 1
 13.970284 -34.268295   0.063500  0.000213  19036.821    63.855794   1.065652   4.235817    1872.964 1
 12.533417 -35.738530   0.059480  0.000333  17831.655    99.830889   1.081848   4.300193     732.677 1
 13.333445 -34.293900   0.044400  0.000297  13310.785    89.038360   1.081930   4.300519   -3544.817 1
 14.937750 -34.812946   0.048500  0.000297  14539.934    89.038360   1.089333   4.329943   -2381.838 1
 13.866417 -36.421360   0.040018  0.000103  11997.095    30.878623   1.105571   4.394489   -4787.786 1
 13.249788 -34.277610   0.044354  0.000150  13296.995    44.968869   1.120695   4.454604   -3557.865 1
 12.462731 -35.720512   0.059498  0.000150  17837.052    44.968869   1.128714   4.486479     737.783 1
 14.913792 -34.646890   0.048700  0.000297  14599.893    89.038360   1.159795   4.610019   -2325.107 1
 14.706073 -34.443283   0.047400  0.000213  14210.163    63.855794   1.170006   4.650606   -2693.857 1
 12.932466 -34.312190   0.052200  0.000297  15649.166    89.038360   1.210758   4.812592   -1332.320 1
 14.966853 -34.591213   0.068900  0.000213  20655.700    63.855794   1.227521   4.879221    3404.692 1
 15.076312 -34.729237   0.048100  0.000297  14420.017    89.038360   1.228538   4.883264   -2495.299 1
 13.297869 -34.144775   0.047900  0.000213  14360.059    63.855794   1.232696   4.899792   -2552.030 1
 15.198559 -34.906498   0.064900  0.000297  19456.531    89.038360   1.247545   4.958813    2270.078 1
 14.762453 -34.362274   0.066500  0.000297  19936.198    89.038360   1.261305   5.013507    2723.924 1
 12.417718 -34.596527   0.062453  0.000103  18722.938    30.878623   1.309457   5.204906    1575.978 1
 15.305284 -35.664722   0.048200  0.000213  14449.996    63.855794   1.310578   5.209363   -2466.934 1
 12.248504 -35.808437   0.059661  0.000150  17885.918    44.968869   1.323498   5.260717     784.018 1
 13.777322 -36.656937   0.039734  0.000150  11911.954    44.968869   1.337573   5.316664   -4868.344 1
 15.396933 -35.258343   0.047416  0.000150  14214.959    44.968869   1.340463   5.328149   -2689.318 1
 14.803594 -34.286680   0.051800  0.000410  15529.249    99.990000   1.340743   5.329265   -1445.782 1
 15.380553 -35.102306   0.047600  0.000213  14270.121    63.855794   1.343373   5.339718   -2637.126 1
 12.956243 -34.143494   0.052300  0.000213  15679.146    63.855794   1.344825   5.345490   -1303.955 1
 14.298348 -36.591705   0.056666  0.000500  16988.039    99.990000   1.347045   5.354314     -65.524 1
 12.842556 -34.196953   0.073100  0.000213  21914.829    63.855794   1.347337   5.355475    4596.037 1
 12.823187 -34.190212   0.059501  0.000150  17837.951    44.968869   1.361727   5.412671     738.634 1
 12.122601 -34.990616   0.062833  0.000103  18836.860    30.878623   1.372574   5.455785    1683.767 1
 14.632009 -34.120667   0.048500  0.000297  14539.934    89.038360   1.395809   5.548142   -2381.838 1
 14.929417 -34.278915   0.066000  0.000333  19786.302    99.830889   1.414134   5.620983    2582.097 1
 12.726042 -34.174168   0.057800  0.000410  17328.004    99.990000   1.420461   5.646132     256.139 1
 13.979750 -36.728500   0.048370  0.000333  14500.961    99.830889   1.420820   5.647559   -2418.713 1
 13.305252 -36.713990   0.061793  0.000150  18525.075    44.968869   1.442153   5.732354    1388.767 1
 12.079875 -34.860863   0.063050  0.000333  18901.914    99.830889   1.442312   5.732986    1745.320 1
 13.198503 -33.935123   0.059800  0.000297  17927.589    89.038360   1.457125   5.791865     823.446 1
 15.124882 -34.363956   0.065700  0.000213  19696.364    63.855794   1.470005   5.843061    2497.001 1
 15.134356 -34.365993   0.065800  0.000297  19726.344    89.038360   1.474570   5.861206    2525.366 1
 13.182305 -33.892876   0.059400  0.000297  17807.672    89.038360   1.501387   5.967799     709.985 1
 11.891666 -35.333890   0.063330  0.000333  18985.856    99.830889   1.521092   6.046124    1824.743 1
 12.963254 -33.932330   0.042400  0.000297  12711.200    89.038360   1.530479   6.083436   -4112.124 1
 12.972365 -33.922577   0.047400  0.000297  14210.163    89.038360   1.536216   6.106239   -2693.857 1
 12.951280 -33.923820   0.047900  0.000410  14360.059    99.990000   1.542329   6.130539   -2552.030 1
 12.614689 -34.073868   0.058300  0.000297  17477.900    89.038360   1.555138   6.181454     397.966 1
 13.969515 -33.773293   0.068800  0.000213  20625.721    63.855794   1.555988   6.184832    3376.327 1
 13.809132 -33.745125   0.069400  0.000410  20805.597    99.990000   1.574955   6.260224    3546.519 1
 12.961100 -33.879475   0.059300  0.000297  17777.693    89.038360   1.579263   6.277345     681.619 1
 12.948964 -33.865887   0.044500  0.000410  13340.764    99.990000   1.595722   6.342769   -3516.452 1
 14.423978 -36.867752   0.045595  0.000150  13669.037    44.968869   1.641458   6.524564   -3205.851 1
 13.809035 -33.673720   0.063200  0.000213  18946.883    63.855794   1.646332   6.543936    1787.868 1
 15.013516 -34.008250   0.068400  0.000297  20505.804    89.038360   1.665069   6.618411    3262.865 1
 12.280684 -34.147705   0.048017  0.000500  14395.134    99.990000   1.679799   6.676964   -2518.842 1
 12.661061 -33.857300   0.073000  0.000213  21884.849    63.855794   1.713432   6.810649    4567.671 1
 15.472491 -34.321298   0.048300  0.000333  14479.976    99.830889   1.719994   6.836730   -2438.569 1
 15.771456 -35.895214   0.048257  0.000150  14467.085    44.968869   1.742517   6.926258   -2450.766 1
 15.744333 -34.600903   0.051500  0.000410  15439.312    99.990000   1.774526   7.053487   -1530.878 1
 13.350842 -33.560493   0.069500  0.000213  20835.576    63.855794   1.789751   7.114008    3574.884 1
 11.933583 -34.303165   0.062500  0.000213  18737.029    63.855794   1.800981   7.158644    1589.310 1
 13.610857 -37.126950   0.057667  0.000103  17288.132    30.878623   1.811336   7.199803     218.413 1
 12.794082 -33.682144   0.059400  0.000297  17807.672    89.038360   1.815662   7.216998     709.985 1
 12.436245 -33.851520   0.059300  0.000297  17777.693    89.038360   1.820478   7.236143     681.619 1
 14.138700 -33.519688   0.063800  0.000297  19126.759    89.038360   1.826706   7.260898    1958.060 1
 16.015917 -35.289555   0.048900  0.000333  14659.851    99.830889   1.844365   7.331089   -2268.376 1
 12.332082 -33.873600   0.073200  0.000297  21944.808    89.038360   1.854735   7.372310    4624.402 1
 14.303037 -33.493540   0.058400  0.000297  17507.880    89.038360   1.879741   7.471704     426.331 1
 11.833834 -34.248250   0.046000  0.000213  13790.453    63.855794   1.899162   7.548900   -3090.971 1
 12.439775 -33.726640   0.057400  0.000297  17208.087    89.038360   1.920984   7.635639     142.678 1
 12.085385 -33.941647   0.061200  0.000297  18347.298    89.038360   1.938061   7.703518    1220.561 1
 16.100876 -35.632862   0.056250  0.000333  16863.326    99.830889   1.938937   7.706999    -183.524 1
 12.215815 -33.837980   0.047600  0.000213  14270.121    63.855794   1.942608   7.721590   -2637.126 1
 13.889866 -37.264996   0.056899  0.000147  17057.891    44.069491   1.948590   7.745368       0.567 1
 12.007092 -33.989060   0.072300  0.000297  21674.995    89.038360   1.950870   7.754432    4369.114 1
 16.128746 -35.640846   0.057250  0.000150  17163.118    44.968869   1.962673   7.801347     100.130 1
 12.195838 -33.819214   0.047800  0.000297  14330.079    89.038360   1.967463   7.820385   -2580.395 1
 13.943822 -37.291150   0.054881  0.000103  16452.910    30.878623   1.977631   7.860801    -571.845 1
 11.586500 -34.433582   0.047870  0.000333  14351.065    99.830889   1.979340   7.867596   -2560.540 1
 14.370762 -33.400238   0.068500  0.000213  20535.783    63.855794   1.983749   7.885122    3291.231 1
 11.617512 -34.372437   0.046300  0.000213  13880.391    63.855794   1.985177   7.890795   -3005.875 1
 14.017050 -37.307050   0.057720  0.000150  17304.021    44.968869   1.998969   7.945618     233.447 1
 13.627580 -37.317590   0.054801  0.000150  16428.926    44.968869   2.000848   7.953087    -594.538 1
 11.824689 -34.079870   0.062700  0.000297  18796.987    89.038360   2.004838   7.968946    1646.041 1
 13.940361 -37.318830   0.056259  0.000147  16866.024    44.069491   2.005014   7.969647    -180.971 1
 12.284983 -36.935665   0.062083  0.000150  18612.015    44.968869   2.013032   8.001516    1471.027 1
 11.752112 -34.142864   0.045700  0.000297  13700.515    89.038360   2.014272   8.006446   -3176.067 1
 13.500917 -33.314472   0.059300  0.000213  17777.693    63.855794   2.015764   8.012375     681.619 1
 13.509223 -33.305767   0.059100  0.000297  17717.734    89.038360   2.023738   8.044070     624.889 1
 11.550959 -34.382500   0.064930  0.000333  19465.524    99.830889   2.028399   8.062599    2278.588 1
 13.427258 -37.331260   0.048574  0.000150  14562.119    44.968869   2.029563   8.067223   -2360.847 1
 14.346254 -33.336956   0.058000  0.000213  17387.963    63.855794   2.040222   8.109592     312.870 1
 11.513028 -34.404030   0.046100  0.000213  13820.432    63.855794   2.046176   8.133259   -3062.606 1
 13.715733 -37.367844   0.056616  0.000150  16973.050    44.968869   2.048626   8.142997     -79.707 1
 12.700317 -33.451740   0.044900  0.000213  13460.681    63.855794   2.056729   8.175206   -3402.990 1
 13.919378 -37.374897   0.053023  0.000150  15895.896    44.968869   2.059747   8.187201   -1098.873 1
 13.947085 -37.388668   0.058154  0.000150  17434.131    44.968869   2.075067   8.248097     356.552 1
 12.831121 -33.379925   0.057800  0.000213  17328.004    63.855794   2.081133   8.272209     256.139 1
 13.883283 -37.406677   0.055588  0.000150  16664.863    44.968869   2.089788   8.306612    -371.302 1
 12.362185 -33.563610   0.057000  0.000297  17088.170    89.038360   2.091911   8.315047      29.216 1
 13.656559 -37.410023   0.055125  0.000183  16526.059    54.862020   2.092112   8.315847    -502.634 1
 13.943740 -37.407750   0.054824  0.000133  16435.822    39.872397   2.093894   8.322931    -588.014 1
 11.557077 -34.221375   0.064700  0.000213  19396.572    63.855794   2.103419   8.360791    2213.348 1
 13.220307 -37.390840   0.047910  0.000500  14363.057    99.990000   2.116942   8.414545   -2549.193 1
 12.037533 -33.726190   0.061500  0.000213  18437.236    63.855794   2.122307   8.435869    1305.657 1
 13.532079 -37.434746   0.054584  0.000150  16363.872    44.968869   2.123129   8.439136    -656.090 1
 11.409534 -34.366447   0.040600  0.000297  12171.574    89.038360   2.138517   8.500300   -4622.700 1
 12.302193 -33.534626   0.045400  0.000213  13610.578    63.855794   2.142996   8.518106   -3261.163 1
 12.714398 -33.344418   0.059300  0.000297  17777.693    89.038360   2.150092   8.546309     681.619 1
 13.922630 -37.496690   0.055762  0.000183  16717.027    54.862020   2.181462   8.671002    -321.947 1
 11.610451 -33.990807   0.070600  0.000213  21165.348    63.855794   2.197622   8.735236    3886.903 1
 16.293543 -34.532448   0.049724  0.000150  14906.880    44.968869   2.215176   8.805009   -2034.646 1
 14.799592 -37.382946   0.068164  0.000150  20435.053    44.968869   2.232318   8.873146    3195.923 1
 11.470682 -34.070137   0.061600  0.000297  18467.215    89.038360   2.244392   8.921140    1334.022 1
 11.313833 -34.285280   0.046800  0.000410  14030.287    99.990000   2.244912   8.923205   -2864.049 1
 15.979800 -33.994510   0.065400  0.000410  19606.427    99.990000   2.246889   8.931063    2411.905 1
 14.400291 -33.134167   0.064800  0.000297  19426.551    89.038360   2.247693   8.934261    2241.713 1
 16.455084 -34.855167   0.057420  0.000333  17214.083    99.830889   2.250867   8.946876     148.351 1
 15.048341 -33.329777   0.065600  0.000213  19666.385    63.855794   2.251927   8.951089    2468.636 1
 11.579373 -33.925080   0.047600  0.000297  14270.121    89.038360   2.257862   8.974682   -2637.126 1
 12.741612 -33.208813   0.043100  0.000213  12921.055    63.855794   2.267090   9.011360   -3913.566 1
 14.024385 -33.062687   0.058800  0.000213  17627.797    63.855794   2.267407   9.012623     539.792 1
 12.588738 -37.393185   0.040401  0.000150  12111.915    44.968869   2.281895   9.070208   -4679.147 1
 14.971349 -37.399796   0.070979  0.000183  21278.969    54.862020   2.304651   9.160662    3994.408 1
 14.431869 -37.561985   0.056606  0.000133  16970.052    39.872397   2.309357   9.179368     -82.543 1
 15.414607 -33.443745   0.065000  0.000213  19486.510    63.855794   2.313074   9.194139    2298.444 1
 13.323861 -33.027447   0.063200  0.000297  18946.883    89.038360   2.318970   9.217577    1787.868 1
 16.431597 -34.519050   0.057086  0.000150  17113.952    44.968869   2.325393   9.243108      53.610 1
 15.555882 -33.511833   0.057276  0.000150  17170.913    44.968869   2.329129   9.257957     107.505 1
 15.566604 -33.501667   0.057200  0.000213  17148.129    63.855794   2.342536   9.311247      85.947 1
 12.346706 -33.247654   0.045300  0.000410  13580.598    99.990000   2.369463   9.418279   -3289.529 1
 15.813533 -33.641120   0.064800  0.000297  19426.551    89.038360   2.374003   9.436327    2241.713 1
 15.763239 -33.597942   0.065609  0.000150  19669.083    44.968869   2.376253   9.445266    2471.189 1
 11.612806 -33.707447   0.064400  0.000213  19306.634    63.855794   2.378255   9.453227    2128.252 1
 15.030614 -33.150280   0.064900  0.000297  19456.531    89.038360   2.405698   9.562309    2270.078 1
 16.658958 -35.747640   0.065950  0.000333  19771.313    99.830889   2.407190   9.568238    2567.914 1
 14.512912 -32.977524   0.063600  0.000297  19066.800    89.038360   2.422061   9.627348    1901.329 1
 14.473057 -32.964350   0.042706  0.000183  12802.937    54.862020   2.426755   9.646005   -4025.326 1
 15.035976 -33.121696   0.067500  0.000297  20235.991    89.038360   2.433379   9.672334    3007.577 1
 14.303123 -32.913610   0.064100  0.000213  19216.697    63.855794   2.446966   9.726342    2043.156 1
 15.661798 -33.394810   0.049500  0.000213  14839.727    63.855794   2.474458   9.835619   -2098.184 1
 16.480276 -34.217762   0.057600  0.000297  17268.046    89.038360   2.481041   9.861784     199.408 1
 15.348389 -33.203556   0.060100  0.000297  18017.527    89.038360   2.483087   9.869920     908.542 1
 12.385345 -33.101395   0.044711  0.000150  13404.021    44.968869   2.484007   9.873575   -3456.601 1
 11.170616 -36.632095   0.068617  0.000123  20570.859    36.874472   2.484422   9.875223    3324.418 1
 11.623709 -33.536057   0.061020  0.000333  18293.336    99.830889   2.491388   9.902913    1169.503 1
 16.500458 -34.218807   0.057520  0.000333  17244.062    99.830889   2.495345   9.918641     176.716 1
 16.508793 -34.231304   0.057000  0.000213  17088.170    63.855794   2.495977   9.921152      29.216 1
 15.592715 -33.316055   0.049400  0.000213  14809.747    63.855794   2.502030   9.945212   -2126.550 1
 13.015910 -32.886566   0.059300  0.000213  17777.693    63.855794   2.506697   9.963763     681.619 1
 14.257058 -32.845360   0.065900  0.000213  19756.323    63.855794   2.507697   9.967739    2553.732 1
 16.482070 -34.152260   0.055900  0.000297  16758.398    89.038360   2.512109   9.985277    -282.802 1
 13.878121 -37.831596   0.058087  0.000150  17414.045    44.968869   2.514099   9.993186     337.548 1
 16.374863 -33.994057   0.065500  0.000297  19636.406    89.038360   2.514660   9.995418    2440.270 1
 11.199484 -33.894886   0.072400  0.000213  21704.974    63.855794   2.525874  10.039991    4397.479 1
 16.194416 -33.759945   0.049470  0.000333  14830.733    99.830889   2.528106  10.048861   -2106.694 1
 13.448937 -32.802700   0.067400  0.000213  20206.012    63.855794   2.529203  10.053223    2979.212 1
 10.828667 -36.154305   0.061060  0.000333  18305.327    99.830889   2.530066  10.056655    1180.849 1
 16.628002 -34.338467   0.057900  0.000297  17357.983    89.038360   2.540590  10.098486     284.504 1
 11.625729 -33.463554   0.062363  0.000150  18695.957    44.968869   2.542665  10.106732    1550.450 1
 15.224645 -33.074886   0.066700  0.000297  19996.157    89.038360   2.544519  10.114103    2780.655 1
 11.123458 -36.694500   0.069080  0.000333  20709.663    99.830889   2.550271  10.136965    3455.750 1
 11.224787 -33.817795   0.047400  0.000297  14210.163    89.038360   2.553415  10.149463   -2693.857 1
 14.725212 -32.878025   0.057100  0.000213  17118.149    63.855794   2.566389  10.201031      57.582 1
 11.168625 -33.845554   0.047300  0.000213  14180.183    63.855794   2.574626  10.233774   -2722.222 1
 12.176746 -33.085304   0.051300  0.000297  15379.353    89.038360   2.579060  10.251398   -1587.608 1
 16.206667 -36.956833   0.048043  0.000150  14402.929    44.968869   2.584566  10.273282   -2511.467 1
 15.170284 -33.002735   0.066500  0.000297  19936.198    89.038360   2.588307  10.288152    2723.924 1
 15.475345 -37.508514   0.048684  0.000133  14595.096    39.872397   2.600080  10.334949   -2329.646 1
 16.641758 -34.202065   0.058000  0.000297  17387.963    89.038360   2.606447  10.360255     312.870 1
 15.362819 -33.055206   0.064000  0.000297  19186.717    89.038360   2.616537  10.400361    2014.790 1
 14.529501 -32.776966   0.058000  0.000297  17387.963    89.038360   2.619715  10.412994     312.870 1
 14.547700 -32.779266   0.059900  0.000297  17957.568    89.038360   2.621104  10.418514     851.811 1
 14.508250 -32.765360   0.070200  0.000410  21045.431    99.990000   2.626874  10.441449    3773.442 1
 14.555959 -32.772610   0.056600  0.000213  16968.253    63.855794   2.629220  10.450776     -84.245 1
 14.090365 -32.687035   0.063600  0.000297  19066.800    89.038360   2.646560  10.519702    1901.329 1
 11.091795 -33.794080   0.061200  0.000213  18347.298    63.855794   2.655501  10.555241    1220.561 1
 14.580137 -32.742912   0.056800  0.000297  17028.212    89.038360   2.662912  10.584698     -27.514 1
 12.703443 -32.798780   0.063400  0.000213  19006.842    63.855794   2.662935  10.584788    1844.598 1
 16.290000 -37.003887   0.041389  0.000434  12408.110    99.990000   2.666993  10.600919   -4398.897 1
 14.679234 -32.721195   0.067500  0.000297  20235.991    89.038360   2.705327  10.753290    3007.577 1
 13.614770 -38.022793   0.055852  0.000150  16744.008    44.968869   2.705762  10.755020    -296.418 1
 12.299345 -32.888250   0.058000  0.000297  17387.963    89.038360   2.706127  10.756472     312.870 1
 10.888608 -33.957546   0.047500  0.000213  14240.142    63.855794   2.707016  10.760002   -2665.491 1
 11.625933 -33.237778   0.061900  0.000297  18557.153    89.038360   2.711750  10.778821    1419.118 1
 13.152574 -32.652737   0.063900  0.000213  19156.738    63.855794   2.711784  10.778955    1986.425 1
 15.997607 -33.311010   0.060800  0.000297  18227.381    89.038360   2.716589  10.798056    1107.099 1
 12.329220 -32.862526   0.058300  0.000297  17477.900    89.038360   2.718736  10.806590     397.966 1
 16.008710 -33.291267   0.051500  0.000410  15439.312    99.990000   2.737294  10.880354   -1530.878 1
 16.732374 -34.048386   0.065800  0.000297  19726.344    89.038360   2.741223  10.895973    2525.366 1
 16.053625 -33.318110   0.050050  0.000333  15004.613    99.830889   2.742388  10.900601   -1942.175 1
 12.065333 -32.948917   0.064200  0.000333  19246.676    99.830889   2.742643  10.901617    2071.521 1
 15.770375 -33.114807   0.049800  0.000297  14929.664    89.038360   2.750013  10.930912   -2013.088 1
 13.984506 -38.067207   0.059181  0.000183  17742.017    54.862020   2.754057  10.946987     647.864 1
 12.365493 -32.805730   0.044300  0.000213  13280.806    63.855794   2.757865  10.962120   -3573.182 1
 13.486338 -32.567530   0.067200  0.000213  20146.053    63.855794   2.760718  10.973462    2922.481 1
 16.152294 -33.365814   0.060600  0.000297  18167.423    89.038360   2.764125  10.987005    1050.369 1
 12.354108 -32.799896   0.044341  0.000150  13293.097    44.968869   2.767010  10.998471   -3561.552 1
 13.229536 -38.072357   0.056199  0.000190  16848.036    56.960567   2.786166  11.074615    -197.990 1
 11.868979 -32.982920   0.047500  0.000297  14240.142    89.038360   2.798156  11.122271   -2665.491 1
 16.515667 -36.980534   0.054211  0.000330  16252.049    98.931511   2.798233  11.122578    -761.893 1
 14.258078 -38.100758   0.057873  0.000183  17349.889    54.862020   2.811312  11.174564     276.846 1
 16.795296 -33.973907   0.066200  0.000297  19846.261    89.038360   2.821562  11.215307    2638.828 1
 16.852034 -34.059704   0.066500  0.000297  19936.198    89.038360   2.823021  11.221109    2723.924 1
 16.841005 -34.032430   0.065699  0.000150  19696.065    44.968869   2.827282  11.238044    2496.717 1
 10.937268 -33.672573   0.061100  0.000297  18317.319    89.038360   2.828635  11.243423    1192.195 1
 13.783025 -32.487587   0.059700  0.000297  17897.610    89.038360   2.831979  11.256715     795.081 1
 15.971637 -33.133710   0.049400  0.000297  14809.747    89.038360   2.836622  11.275168   -2126.550 1
 16.883183 -34.067253   0.066266  0.000150  19866.047    44.968869   2.842455  11.298355    2657.549 1
 13.976054 -32.482610   0.058000  0.000410  17387.963    99.990000   2.842556  11.298755     312.870 1
 16.825106 -36.668620   0.048523  0.000097  14546.829    29.079868   2.844655  11.307101   -2375.314 1
 16.844217 -36.640510   0.047693  0.000163  14298.002    48.866171   2.845233  11.309399   -2610.746 1
 16.830242 -33.971046   0.064700  0.000213  19396.572    63.855794   2.848010  11.320436    2213.348 1
 13.855673 -38.173107   0.056953  0.000150  17074.080    44.968869   2.854791  11.347390      15.885 1
 15.651521 -32.917282   0.050100  0.000213  15019.602    63.855794   2.857119  11.356643   -1927.992 1
 13.749015 -32.457653   0.059300  0.000213  17777.693    63.855794   2.861831  11.375373     681.619 1
 14.796435 -32.584522   0.066300  0.000297  19876.240    89.038360   2.863731  11.382924    2667.193 1
 16.454441 -37.158825   0.057026  0.000090  17095.965    26.981321   2.869094  11.404240      36.591 1
 16.853708 -36.694130   0.047723  0.000173  14306.995    51.864095   2.877323  11.436948   -2602.237 1
 11.360935 -33.200250   0.060700  0.000297  18197.402    89.038360   2.882623  11.458017    1078.734 1
 12.964616 -32.503357   0.069800  0.000213  20925.514    63.855794   2.889168  11.484031    3659.980 1
 10.981777 -33.520850   0.059700  0.000297  17897.610    89.038360   2.891059  11.491550     795.081 1
 12.959533 -32.499850   0.071000  0.000213  21285.265    63.855794   2.893515  11.501310    4000.364 1
 13.161034 -32.463000   0.070300  0.000297  21075.410    89.038360   2.897410  11.516792    3801.807 1
 14.592563 -32.495872   0.058800  0.000410  17627.797    99.990000   2.904979  11.546879     539.792 1
 17.040909 -36.486786   0.058777  0.000133  17620.901    39.872397   2.923602  11.620901     533.268 1
 15.731286 -37.776726   0.044604  0.000150  13371.943    44.968869   2.938745  11.681093   -3486.952 1
 13.042302 -38.233610   0.056999  0.000103  17087.870    30.878623   2.971714  11.812141      28.933 1
 15.291458 -32.612614   0.060900  0.000297  18257.361    89.038360   2.982808  11.856238    1135.465 1
 17.185112 -34.279465   0.066700  0.000297  19996.157    89.038360   2.985144  11.865524    2780.655 1
 14.501977 -32.376957   0.057500  0.000297  17238.066    89.038360   3.004849  11.943848     171.043 1
 17.226387 -36.324776   0.058564  0.000193  17557.046    57.859944   3.004943  11.944221     472.850 1
 13.778509 -32.309030   0.058400  0.000213  17507.880    63.855794   3.010506  11.966334     426.331 1
 11.267849 -33.086990   0.072600  0.000213  21764.932    63.855794   3.017448  11.993928    4454.210 1
 13.740149 -32.298157   0.058400  0.000297  17507.880    89.038360   3.021349  12.009433     426.331 1
 14.227650 -38.319473   0.056526  0.000153  16946.068    45.868246   3.024598  12.022346    -105.235 1
 17.118845 -34.044840   0.065300  0.000410  19576.448    99.990000   3.025640  12.026488    2383.540 1
 13.822708 -32.292778   0.067770  0.000333  20316.935    99.830889   3.027193  12.032663    3084.164 1
 13.991398 -32.297596   0.063700  0.000297  19096.780    89.038360   3.027991  12.035835    1929.694 1
 14.238664 -32.316837   0.067600  0.000297  20265.970    89.038360   3.028380  12.037381    3035.943 1
 16.196617 -33.032740   0.064000  0.000297  19186.717    89.038360   3.032408  12.053391    2014.790 1
 16.850860 -37.009766   0.046485  0.000454  13935.852    99.990000   3.038856  12.079022   -2953.400 1
 11.270326 -33.053032   0.060800  0.000297  18227.381    89.038360   3.041310  12.088776    1107.099 1
 11.252220 -33.053516   0.061100  0.000297  18317.319    89.038360   3.050822  12.126583    1192.195 1
 14.634804 -32.351837   0.058000  0.000297  17387.963    89.038360   3.053080  12.135559     312.870 1
 11.600703 -32.823450   0.060600  0.000213  18167.423    63.855794   3.053235  12.136176    1050.369 1
 10.388485 -33.969030   0.061700  0.000213  18497.195    63.855794   3.061476  12.168933    1362.387 1
 17.132635 -33.980675   0.066000  0.000297  19786.302    89.038360   3.063342  12.176350    2582.097 1
 15.915333 -32.809914   0.049300  0.000213  14779.768    63.855794   3.066389  12.188461   -2154.915 1
 11.705239 -32.726450   0.059700  0.000297  17897.610    89.038360   3.085966  12.266277     795.081 1
 11.772875 -32.685780   0.051340  0.000333  15391.345    99.830889   3.090976  12.286190   -1576.262 1
 12.112416 -32.530420   0.044600  0.000213  13370.744    63.855794   3.094653  12.300805   -3488.086 1
 14.027375 -32.230915   0.059600  0.000213  17867.630    63.855794   3.096503  12.308159     766.715 1
 15.240784 -38.176320   0.065449  0.000130  19621.117    38.973020   3.103169  12.334657    2425.804 1
 10.898791 -33.259983   0.074200  0.000297  22244.600    89.038360   3.110593  12.364165    4908.055 1
 17.248276 -34.062190   0.065600  0.000297  19666.385    89.038360   3.114692  12.380459    2468.636 1
 17.463041 -36.067000   0.048980  0.000333  14683.835    99.830889   3.115886  12.385206   -2245.684 1
 13.834179 -32.202710   0.059400  0.000213  17807.672    63.855794   3.117425  12.391322     709.985 1
 11.497995 -32.801510   0.062200  0.000213  18647.091    63.855794   3.119936  12.401302    1504.214 1
 14.828314 -38.317040   0.055859  0.000170  16746.107    50.964718   3.122689  12.412245    -294.432 1
 15.151398 -32.400578   0.049900  0.000213  14959.644    63.855794   3.133158  12.453858   -1984.723 1
 13.466944 -38.444460   0.064238  0.000230  19258.068    68.952265   3.133856  12.456634    2082.300 1
 16.526466 -33.145600   0.064400  0.000297  19306.634    89.038360   3.136322  12.466434    2128.252 1
 12.198968 -32.449383   0.044200  0.000297  13250.827    89.038360   3.138641  12.475654   -3601.548 1
 17.309422 -36.531544   0.053323  0.000110  15985.833    32.977170   3.142685  12.491727   -1013.777 1
 12.851340 -38.376133   0.059098  0.000377  17717.135    99.990000   3.144480  12.498863     624.321 1
 13.724353 -32.175087   0.059600  0.000213  17867.630    63.855794   3.144497  12.498928     766.715 1
 15.623022 -38.084330   0.056542  0.000183  16950.865    54.862020   3.156831  12.547956    -100.697 1
 16.197855 -32.865510   0.064100  0.000297  19216.697    89.038360   3.161062  12.564771    2043.156 1
 14.999962 -32.323450   0.064124  0.000150  19223.892    44.968869   3.163344  12.573843    2049.963 1
 10.030162 -36.205204   0.043917  0.000150  13165.985    44.968869   3.166308  12.585625   -3681.822 1
 17.318476 -36.587173   0.053560  0.000290  16056.884    86.939813   3.171326  12.605572    -946.551 1
 10.886310 -33.168530   0.060900  0.000213  18257.361    63.855794   3.179376  12.637567    1135.465 1
 14.923250 -38.374310   0.055952  0.000203  16773.988    60.857869   3.199904  12.719162    -268.052 1
 15.890789 -38.006912   0.060765  0.000150  18216.889    44.968869   3.202647  12.730067    1097.171 1
 16.689953 -33.189140   0.065000  0.000297  19486.510    89.038360   3.204690  12.738189    2298.444 1
 14.906637 -32.254356   0.058200  0.000297  17447.921    89.038360   3.205734  12.742336     369.600 1
 14.378865 -38.485184   0.064535  0.000500  19347.106    99.990000   3.206266  12.744453    2166.545 1
 14.075089 -32.116222   0.067500  0.000297  20235.991    89.038360   3.213834  12.774532    3007.577 1
 11.448117 -32.685870   0.062500  0.000297  18737.029    89.038360   3.237489  12.868558    1589.310 1
 16.648250 -37.536724   0.063100  0.000333  18916.904    99.830889   3.238225  12.871484    1759.502 1
 11.436072 -32.675343   0.062200  0.000213  18647.091    63.855794   3.251769  12.925319    1504.214 1
 13.768706 -32.067400   0.067000  0.000213  20086.095    63.855794   3.252096  12.926620    2865.751 1
 10.443863 -33.508938   0.049000  0.000410  14689.830    99.990000   3.252803  12.929431   -2240.011 1
 12.829362 -32.151190   0.072400  0.000297  21704.974    89.038360   3.257218  12.946978    4397.479 1
 15.852642 -38.097480   0.060492  0.000284  18135.045    85.141058   3.262586  12.968315    1019.734 1
 16.778511 -37.479942   0.048590  0.000150  14566.916    44.968869   3.278796  13.032748   -2356.309 1
 14.544587 -32.100147   0.057400  0.000213  17208.087    63.855794   3.283036  13.049601     142.678 1
 15.883660 -32.529670   0.050700  0.000297  15199.478    89.038360   3.285948  13.061176   -1757.800 1
 10.417246 -33.481834   0.055200  0.000410  16548.544    99.990000   3.285949  13.061180    -481.360 1
 17.505459 -34.115696   0.056289  0.000183  16875.018    54.862020   3.287801  13.068544    -172.461 1
 14.218267 -32.040440   0.067600  0.000297  20265.970    89.038360   3.300680  13.119733    3035.943 1
 11.528892 -32.559290   0.050300  0.000297  15079.561    89.038360   3.304576  13.135222   -1871.262 1
 10.389413 -33.468197   0.048800  0.000213  14629.872    63.855794   3.312402  13.166329   -2296.742 1
 11.051239 -32.843780   0.073700  0.000297  22094.704    89.038360   3.316457  13.182445    4766.229 1
 12.755458 -32.100850   0.071100  0.000297  21315.244    89.038360   3.320510  13.198556    4028.730 1
 10.269792 -33.600445   0.048200  0.000213  14449.996    63.855794   3.323486  13.210385   -2466.934 1
 13.510139 -31.988932   0.069600  0.000297  20865.555    89.038360   3.336573  13.262405    3603.250 1
 11.028697 -32.829647   0.073900  0.000410  22154.663    99.990000   3.339248  13.273038    4822.959 1
 15.863951 -38.185840   0.060822  0.000357  18233.977    99.990000   3.342882  13.287482    1113.340 1
 15.830127 -38.202435   0.060479  0.000120  18131.148    35.975095   3.343066  13.288211    1016.047 1
 16.232286 -32.642390   0.065800  0.000297  19726.344    89.038360   3.354087  13.332019    2525.366 1
 13.911037 -31.963593   0.073400  0.000213  22004.766    63.855794   3.358276  13.348668    4681.133 1
 12.746471 -32.059948   0.070500  0.000297  21135.368    89.038360   3.361961  13.363317    3858.538 1
 15.342440 -32.194412   0.050100  0.000213  15019.602    63.855794   3.382609  13.445391   -1927.992 1
 16.557594 -32.816093   0.063300  0.000213  18976.863    63.855794   3.390161  13.475407    1816.233 1
 16.558792 -32.810028   0.062100  0.000297  18617.112    89.038360   3.395300  13.495835    1475.849 1
 16.383007 -32.680710   0.063100  0.000297  18916.904    89.038360   3.399753  13.513535    1759.502 1
 13.739500 -31.918667   0.067500  0.000213  20235.991    63.855794   3.400838  13.517848    3007.577 1
 14.230221 -38.700886   0.057687  0.000233  17294.128    69.851643   3.403492  13.528398     224.086 1
 13.460386 -38.718407   0.057957  0.000217  17375.071    65.054963   3.407464  13.544186     300.673 1
 17.257996 -37.185448   0.047750  0.000213  14315.090    63.855794   3.412863  13.565647   -2594.578 1
 13.182722 -38.702232   0.057426  0.000227  17215.882    68.052888   3.414918  13.573814     150.053 1
 14.332726 -38.705067   0.056469  0.000130  16928.980    38.973020   3.418157  13.586690    -121.404 1
 15.488157 -38.435790   0.060392  0.000160  18105.066    47.966793   3.421897  13.601555     991.369 1
 13.425408 -38.731087   0.057860  0.000150  17345.992    44.968869   3.422242  13.602927     273.158 1
 13.395323 -38.732555   0.055879  0.000153  16752.103    45.868246   3.425726  13.616774    -288.759 1
 14.924268 -32.022247   0.062900  0.000297  18856.946    89.038360   3.432304  13.642922    1702.772 1
 10.588802 -33.058216   0.073200  0.000297  21944.808    89.038360   3.433773  13.648761    4624.402 1
 12.643480 -32.005337   0.070600  0.000297  21165.348    89.038360   3.436168  13.658281    3886.903 1
 11.322144 -32.512096   0.040490  0.000213  12138.597    63.855794   3.438675  13.668243   -4653.902 1
 12.812641 -38.674770   0.070692  0.000187  21192.928    56.061190   3.442412  13.683101    3912.999 1
 13.955298 -31.867530   0.073700  0.000213  22094.704    63.855794   3.455785  13.736254    4766.229 1
 13.169824 -38.745464   0.057853  0.000150  17343.893    44.968869   3.459187  13.749776     271.173 1
 17.436626 -33.598118   0.067300  0.000410  20176.032    99.990000   3.461664  13.759623    2950.847 1
 10.974242 -32.702750   0.060700  0.000213  18197.402    63.855794   3.463856  13.768335    1078.734 1
 17.426924 -37.064150   0.046212  0.000414  13854.009    99.990000   3.466471  13.778731   -3030.837 1
 16.703470 -32.820797   0.063800  0.000297  19126.759    89.038360   3.468146  13.785389    1958.060 1
 11.228330 -32.524826   0.055800  0.000297  16728.419    89.038360   3.473187  13.805425    -311.168 1
 10.878451 -32.740875   0.055702  0.000297  16699.039    89.038360   3.487279  13.861439    -338.966 1
 12.747774 -38.714275   0.056723  0.000147  17005.128    44.069491   3.493012  13.884225     -49.356 1
 11.261167 -32.470722   0.040700  0.000213  12201.553    63.855794   3.501224  13.916868   -4594.335 1
 13.277929 -38.800680   0.056976  0.000143  17080.975    42.870321   3.502969  13.923805      22.409 1
 10.086731 -33.500286   0.047800  0.000410  14330.079    99.990000   3.503137  13.924471   -2580.395 1
 14.058160 -31.821808   0.059400  0.000297  17807.672    89.038360   3.506361  13.937287     709.985 1
 15.503737 -38.524055   0.055155  0.000087  16535.053    26.081944   3.507619  13.942288    -494.124 1
 16.802760 -32.835690   0.064300  0.000297  19276.655    89.038360   3.514271  13.968727    2099.886 1
 16.817791 -32.842610   0.063800  0.000297  19126.759    89.038360   3.518082  13.983878    1958.060 1
 10.436991 -37.571840   0.066229  0.000150  19854.955    44.968869   3.522235  14.000383    2647.054 1
 15.990304 -32.298973   0.049800  0.000213  14929.664    63.855794   3.528116  14.023759   -2013.088 1
 13.077493 -38.812332   0.064078  0.000187  19210.101    56.061190   3.536430  14.056808    2036.915 1
 15.325541 -38.617218   0.055235  0.000150  16559.036    44.968869   3.537736  14.061996    -471.432 1
 12.156031 -32.021988   0.058800  0.000297  17627.797    89.038360   3.546449  14.096631     539.792 1
 12.234298 -31.992365   0.063900  0.000297  19156.738    89.038360   3.551183  14.115448    1986.425 1
 13.334393 -38.860416   0.064251  0.000167  19261.965    50.065340   3.557592  14.140924    2085.987 1
 13.832768 -31.757520   0.059400  0.000297  17807.672    89.038360   3.562513  14.160481     709.985 1
 14.020475 -31.752836   0.058100  0.000297  17417.942    89.038360   3.573175  14.202864     341.235 1
 16.808500 -32.755585   0.063770  0.000333  19117.765    99.830889   3.574598  14.208521    1949.550 1
 11.731247 -38.498250   0.042900  0.000150  12861.096    44.968869   3.582375  14.239432   -3970.297 1
