 48.590492 -45.420326   0.072437  0.000140  21716.066    41.970944   0.006800   0.034033    -157.300 0
 48.589684 -45.402820   0.069104  0.000163  20716.858    48.866171   0.021937   0.109793   -1088.529 0
 48.543625 -45.444260   0.071266  0.000143  21365.009    42.870321   0.033883   0.169579    -484.474 0
 48.726580 -45.404835   0.070660  0.000333  21183.335    99.830889   0.102955   0.515273    -653.788 0
 48.409397 -45.441933   0.063701  0.000284  19097.079    85.141058   0.122784   0.614518   -2598.108 1
 48.400585 -45.410630   0.071266  0.000123  21365.009    36.874472   0.128393   0.642590    -484.474 0
 48.405140 -45.465363   0.062690  0.000120  18793.989    35.975095   0.131119   0.656233   -2880.578 1
 48.410240 -45.479805   0.062913  0.000290  18860.843    86.939813   0.133088   0.666084   -2818.273 1
 48.446976 -45.311190   0.071693  0.000407  21493.021    99.990000   0.147688   0.739159    -365.171 0
 48.374290 -45.394330   0.072884  0.000130  21850.074    38.973020   0.149148   0.746465     -32.410 0
 48.728890 -45.555230   0.082210  0.000233  24645.938    69.851643   0.166533   0.833471    2573.242 1
 48.752335 -45.306330   0.074355  0.000117  22291.068    35.075718   0.167615   0.838887     378.582 0
 48.261970 -45.417824   0.075105  0.000150  22515.913    44.968869   0.225054   1.126363     588.130 0
 48.892094 -45.337560   0.081730  0.000347  24502.038    99.990000   0.233914   1.170707    2439.132 1
 48.291430 -45.279694   0.073918  0.000130  22160.059    38.973020   0.250214   1.252283     256.486 0
 48.216480 -45.454388   0.072884  0.000217  21850.074    65.054963   0.258663   1.294571     -32.410 0
 48.973736 -45.427450   0.083257  0.000067  24959.821    20.086095   0.274610   1.374380    2865.770 1
 48.550747 -45.150356   0.073144  0.000334  21928.020    99.990000   0.274719   1.374930      40.233 0
 48.221870 -45.534920   0.067864  0.000137  20345.115    41.071567   0.276278   1.382732   -1434.980 1
 48.983196 -45.390556   0.073151  0.000217  21930.118    65.054963   0.283231   1.417530      42.189 0
 49.004284 -45.412205   0.069281  0.000173  20769.921    51.864095   0.296272   1.482797   -1039.076 1
 48.378250 -45.719730   0.061743  0.000090  18510.086    26.981321   0.328490   1.644045   -3145.167 1
 48.422320 -45.736523   0.072940  0.000150  21866.862    44.968869   0.331969   1.661454     -16.764 0
 49.023060 -45.239230   0.073591  0.000150  22062.027    44.968869   0.360295   1.803223     165.123 0
 49.077255 -45.254665   0.074051  0.000130  22199.931    38.973020   0.386408   1.933914     293.646 0
 48.898968 -45.100925   0.074705  0.000190  22395.996    56.960567   0.392201   1.962909     476.371 0
 49.115790 -45.556618   0.071616  0.000197  21469.937    59.059114   0.397034   1.987097    -386.685 0
 49.174170 -45.418583   0.075239  0.000150  22556.085    44.968869   0.415303   2.078528     625.569 0
 48.857250 -45.794544   0.069084  0.000167  20710.862    50.065340   0.417567   2.089858   -1094.117 1
 49.101173 -45.633373   0.083121  0.000160  24919.049    47.966793   0.419863   2.101353    2827.772 1
 48.025646 -45.270660   0.072360  0.000150  21692.982    44.968869   0.419896   2.101518    -178.814 0
 49.110764 -45.645184   0.078454  0.000130  23519.917    38.973020   0.431640   2.160292    1523.829 1
 49.022270 -45.111973   0.071469  0.000093  21425.867    27.880699   0.439015   2.197204    -427.756 0
 49.058980 -45.115047   0.075292  0.000120  22571.974    35.975095   0.455404   2.279229     640.377 1
 49.089027 -45.129930   0.073117  0.000130  21919.925    38.973020   0.461479   2.309632      32.689 0
 48.506947 -45.882946   0.083814  0.000190  25126.805    56.960567   0.461830   2.311392    3021.394 1
 49.085632 -45.121033   0.074431  0.000150  22313.852    44.968869   0.465391   2.329213     399.816 0
 49.078530 -45.114086   0.073381  0.000120  21999.070    35.975095   0.466212   2.333321     106.450 0
 49.181095 -45.643480   0.079378  0.000230  23796.926    68.952265   0.473922   2.371910    1781.991 1
 49.237953 -45.540690   0.074054  0.000157  22200.831    47.067416   0.474559   2.375094     294.484 0
 48.951664 -45.822807   0.080299  0.000223  24073.035    66.853718   0.475440   2.379508    2039.315 1
 49.245037 -45.525963   0.074365  0.000133  22294.066    39.872397   0.476015   2.382382     381.376 0
 48.935780 -45.833363   0.078037  0.000227  23394.904    68.052888   0.478454   2.394591    1407.320 1
 49.049870 -45.070175   0.077530  0.000167  23242.909    50.065340   0.482610   2.415393    1265.666 1
 49.284320 -45.519596   0.088481  0.000133  26525.936    39.872397   0.501732   2.511096    4325.337 1
 49.206535 -45.172962   0.078541  0.000197  23545.999    59.059114   0.504908   2.526991    1548.136 1
 49.038830 -45.027160   0.072844  0.000467  21838.082    99.990000   0.510092   2.552934     -43.586 0
 49.263805 -45.624290   0.077100  0.000270  23113.999    80.943964   0.518363   2.594328    1145.526 1
 49.281100 -45.608270   0.076650  0.000210  22979.092    62.956416   0.523737   2.621227    1019.797 1
 49.227272 -45.144260   0.056115  0.000220  16822.854    65.954341   0.532107   2.663114   -4717.610 1
 47.807083 -45.335220   0.087160  0.000333  26129.911    99.830889   0.551450   2.759923    3956.255 1
 49.201885 -45.064220   0.074521  0.000370  22340.834    99.990000   0.564396   2.824718     424.962 0
 47.867798 -45.155960   0.073014  0.000150  21889.047    44.968869   0.568819   2.846852       3.912 0
 49.345207 -45.618440   0.076640  0.000210  22976.094    62.956416   0.569469   2.850109    1017.003 1
 49.294758 -45.132740   0.077650  0.000517  23278.884    99.990000   0.578646   2.896038    1299.194 1
 49.396503 -45.529630   0.076353  0.000123  22890.054    36.874472   0.580962   2.907629     936.817 1
 49.215652 -45.048042   0.073908  0.000157  22157.061    47.067416   0.582190   2.913774     253.692 0
 49.317180 -45.699720   0.075869  0.000210  22744.954    62.956416   0.584645   2.926059     801.589 1
 49.402180 -45.549190   0.074538  0.000190  22345.930    56.960567   0.588722   2.946466     429.712 0
 49.344032 -45.678955   0.081283  0.000103  24368.030    30.878623   0.592104   2.963394    2314.241 1
 49.360165 -45.709885   0.083658  0.000210  25080.037    62.956416   0.616066   3.083319    2977.808 1
 49.176704 -44.960186   0.080135  0.000113  24023.869    33.876548   0.623864   3.122347    1993.494 1
 49.361473 -45.733390   0.083461  0.000180  25020.978    53.962642   0.628112   3.143605    2922.767 1
 49.467180 -45.524914   0.079215  0.000197  23748.060    59.059114   0.629035   3.148225    1736.449 1
 49.084007 -44.895535   0.074231  0.000284  22253.894    85.141058   0.635097   3.178563     343.937 0
 49.375584 -45.736427   0.078497  0.000197  23532.809    59.059114   0.638231   3.194252    1535.843 1
 47.801792 -45.752580   0.071203  0.000150  21346.122    44.968869   0.638822   3.197208    -502.076 0
 49.445385 -45.633380   0.076870  0.000200  23045.046    59.958492   0.640736   3.206786    1081.265 1
 47.680626 -45.524273   0.087727  0.000260  26299.893    77.946039   0.640849   3.207354    4114.672 1
 49.380817 -45.756280   0.078918  0.000130  23659.021    38.973020   0.651333   3.259822    1653.469 1
 49.364777 -45.785920   0.077333  0.000133  23183.850    39.872397   0.657504   3.290709    1210.625 1
 49.370087 -45.794075   0.077821  0.000240  23330.149    71.950190   0.665120   3.328825    1346.971 1
 49.324050 -45.839360   0.077080  0.000220  23108.003    65.954341   0.665778   3.332118    1139.938 1
 49.454030 -45.706100   0.064078  0.000133  19210.101    39.872397   0.673531   3.370921   -2492.776 1
 49.547730 -45.512978   0.076980  0.000230  23078.023    68.952265   0.683245   3.419541    1111.998 1
 48.631520 -44.740276   0.074925  0.000087  22461.950    26.081944   0.684759   3.427116     537.838 0
 49.437650 -45.755410   0.076610  0.000240  22967.100    71.950190   0.685527   3.430959    1008.621 1
 49.464718 -45.728004   0.082080  0.000200  24606.965    59.958492   0.689716   3.451923    2536.920 1
 49.476750 -45.720090   0.081550  0.000190  24448.075    56.960567   0.693895   3.472840    2388.840 1
 49.536026 -45.627815   0.077240  0.000133  23155.969    39.872397   0.699533   3.501058    1184.641 1
 49.385940 -45.846756   0.078281  0.000130  23468.053    38.973020   0.704669   3.526762    1475.493 1
 49.591084 -45.464700   0.081233  0.000227  24353.041    68.052888   0.709037   3.548622    2300.271 1
 49.438820 -45.802483   0.076680  0.000220  22988.086    65.954341   0.710165   3.554269    1028.179 1
 49.528070 -45.679512   0.074441  0.000140  22316.850    41.970944   0.711078   3.558839     402.610 0
 49.519215 -45.698822   0.063661  0.000150  19085.088    44.968869   0.712500   3.565954   -2609.284 1
 49.559498 -45.222540   0.063671  0.000530  19088.086    99.990000   0.714738   3.577159   -2606.490 1
 49.615437 -45.513832   0.075929  0.000230  22762.942    68.952265   0.730493   3.656008     818.352 1
 49.617348 -45.344906   0.076459  0.000150  22921.832    44.968869   0.730623   3.656659     966.433 1
 49.377968 -44.937057   0.074111  0.000120  22217.919    35.975095   0.740931   3.708251     310.410 0
 49.405617 -45.901230   0.063731  0.000220  19106.073    65.954341   0.749221   3.749737   -2589.726 1
 49.647800 -45.484790   0.064945  0.000217  19470.021    65.054963   0.750137   3.754323   -2250.539 1
 49.278145 -44.830578   0.062336  0.000147  18687.863    44.069491   0.768590   3.846676   -2979.484 1
 47.928417 -44.806890   0.063510  0.000333  19039.819    99.830889   0.769272   3.850092   -2651.473 1
 49.501633 -44.990158   0.078324  0.000113  23480.944    33.876548   0.777506   3.891300    1487.507 1
 49.545345 -45.822610   0.077260  0.000240  23161.965    71.950190   0.784491   3.926262    1190.229 1
 49.691480 -45.539627   0.081456  0.000347  24419.894    99.990000   0.786857   3.938103    2362.577 1
 47.703180 -44.919570   0.066379  0.000130  19899.924    38.973020   0.797182   3.989776   -1849.884 1
 49.671585 -45.143497   0.077867  0.000197  23343.939    59.059114   0.814279   4.075343    1359.823 1
 49.668560 -45.710724   0.075492  0.000180  22631.932    53.962642   0.814337   4.075634     696.256 1
 49.227383 -44.743090   0.077327  0.000100  23182.051    29.979246   0.817758   4.092757    1208.949 1
 49.360035 -44.813420   0.077247  0.000113  23158.068    33.876548   0.819036   4.099154    1186.597 1
 48.262478 -46.212390   0.066920  0.000150  20062.111    44.968869   0.819597   4.101962   -1698.731 1
 49.185345 -44.714558   0.073514  0.000160  22038.943    47.966793   0.826178   4.134896     143.610 1
 49.416750 -44.837566   0.080686  0.000180  24189.054    53.962642   0.828818   4.148108    2147.442 1
 48.897890 -44.617542   0.086383  0.000143  25896.972    42.870321   0.836450   4.186305    3739.164 1
 49.630250 -45.824000   0.073270  0.000333  21965.793    99.830889   0.837035   4.189234      75.437 1
 49.535816 -45.939850   0.080539  0.000240  24144.985    71.950190   0.844751   4.227851    2106.370 1
 49.430256 -44.811320   0.079642  0.000173  23876.071    51.864095   0.854172   4.275003    1855.752 1
 49.652460 -45.015976   0.065065  0.000080  19505.996    23.983397   0.854725   4.277770   -2217.011 1
 49.673126 -45.015575   0.065452  0.000160  19622.016    47.966793   0.867685   4.342632   -2108.885 1
 49.780453 -45.644787   0.078214  0.000207  23447.967    62.057039   0.869249   4.350461    1456.773 1
 49.245476 -44.683310   0.077520  0.000324  23239.911    97.132756   0.874865   4.378567    1262.872 1
 49.460000 -44.800667   0.076170  0.000333  22835.192    99.830889   0.876390   4.386199     885.687 1
 49.440690 -44.781498   0.075352  0.000130  22589.961    38.973020   0.880807   4.408305     657.141 1
 49.211680 -44.653126   0.085966  0.000260  25771.958    77.946039   0.888545   4.447034    3622.655 1
 49.518710 -44.791310   0.079522  0.000090  23840.096    26.981321   0.912287   4.565860    1822.224 1
 47.791790 -44.695110   0.079700  0.000333  23893.459    99.830889   0.916248   4.585686    1871.957 1
 49.383846 -44.698660   0.076720  0.000107  23000.077    32.077793   0.917981   4.594356    1039.355 1
 49.503784 -44.767956   0.072547  0.000107  21749.043    32.077793   0.921258   4.610756    -126.567 1
 49.773056 -45.021263   0.072847  0.000594  21838.981    99.990000   0.927660   4.642799     -42.748 1
 48.909990 -44.496400   0.075352  0.000123  22589.961    36.874472   0.955818   4.783726     657.141 1
 49.899227 -45.083640   0.077290  0.000193  23170.959    57.859944   0.984891   4.929233    1198.611 1
 49.458565 -44.651627   0.077887  0.000177  23349.935    53.063265   0.987363   4.941605    1365.411 1
 49.549940 -44.703613   0.066769  0.000093  20016.843    27.880699   0.990073   4.955165   -1740.920 1
 48.694347 -46.415500   0.080626  0.000247  24171.067    74.048737   0.994433   4.976989    2130.678 1
 49.347317 -44.575474   0.075836  0.000090  22735.061    26.981321   1.004205   5.025894     792.369 1
 49.498295 -44.650440   0.077577  0.000077  23257.000    23.084019   1.005878   5.034267    1278.798 1
 49.839980 -45.922215   0.066032  0.000150  19795.896    44.968869   1.013396   5.071894   -1946.835 1
 49.962100 -45.735570   0.073294  0.000133  21972.988    39.872397   1.017118   5.090521      82.143 1
 49.579838 -44.678467   0.074085  0.000173  22210.124    51.864095   1.022766   5.118792     303.145 1
 49.546234 -44.649967   0.067603  0.000334  20266.870    99.990000   1.028059   5.145284   -1507.903 1
 49.985390 -45.091360   0.070352  0.000200  21090.999    59.958492   1.039347   5.201778    -739.842 1
 49.735855 -44.752760   0.077614  0.000060  23268.092    17.987547   1.051693   5.263565    1289.136 1
 50.069817 -45.253407   0.063534  0.000093  19047.014    27.880699   1.057752   5.293892   -2644.767 1
 48.861977 -46.464897   0.077497  0.000150  23233.016    44.968869   1.059051   5.300390    1256.446 1
 49.097977 -44.425762   0.062250  0.000083  18662.081    24.882774   1.061937   5.314835   -3003.513 1
 49.717793 -44.712720   0.072767  0.000083  21814.998    24.882774   1.068206   5.346213     -65.099 1
 49.639366 -44.651012   0.073087  0.000147  21910.931    44.069491   1.071442   5.362405      24.307 1
 49.337753 -44.492527   0.076960  0.000100  23072.028    29.979246   1.071886   5.364629    1106.410 1
 50.108790 -45.341473   0.070860  0.000333  21243.294    99.830889   1.074418   5.377301    -597.909 1
 49.902527 -45.974945   0.076489  0.000147  22930.825    44.069491   1.077817   5.394312     974.814 1
 49.143963 -44.418476   0.075009  0.000220  22487.132    65.954341   1.080142   5.405950     561.308 1
 49.251190 -44.440773   0.074995  0.000083  22482.935    24.882774   1.089648   5.453525     557.396 1
 49.605760 -44.602932   0.074918  0.000130  22459.851    38.973020   1.090968   5.460131     535.883 1
 49.066690 -46.462376   0.068170  0.000150  20436.852    44.968869   1.092408   5.467341   -1349.485 1
 50.098034 -45.174393   0.062430  0.000167  18716.043    50.065340   1.092615   5.468373   -2953.221 1
 49.166970 -44.410336   0.068257  0.000280  20462.934    83.941888   1.093679   5.473698   -1325.178 1
 48.964306 -46.485752   0.078951  0.000150  23668.914    44.968869   1.094881   5.479717    1662.689 1
 49.755300 -44.700340   0.073667  0.000143  22084.811    42.870321   1.096119   5.485913     186.357 1
 49.306656 -44.452446   0.078621  0.000217  23569.983    65.054963   1.096616   5.488398    1570.488 1
 49.517178 -44.542683   0.079358  0.000087  23790.930    26.081944   1.098801   5.499334    1776.403 1
 49.187950 -44.408577   0.077617  0.000113  23268.991    33.876548   1.100909   5.509884    1289.974 1
 50.153137 -45.526222   0.063070  0.000133  18907.910    39.872397   1.107069   5.540717   -2774.407 1
 48.918890 -44.341656   0.077077  0.000093  23107.103    27.880699   1.107961   5.545180    1139.100 1
 50.128433 -45.195312   0.061943  0.000160  18570.044    47.966793   1.108890   5.549831   -3089.287 1
 47.010845 -45.547955   0.074261  0.000113  22262.888    33.876548   1.109994   5.555353     352.319 1
 49.150543 -44.386740   0.075959  0.000197  22771.935    59.059114   1.111399   5.562388     826.734 1
 47.965015 -46.450104   0.072550  0.000110  21749.943    32.977170   1.113715   5.573978    -125.728 1
 49.436710 -44.482693   0.075409  0.000280  22607.049    83.941888   1.116161   5.586217     673.066 1
 49.699043 -44.627453   0.089979  0.000113  26975.026    33.876548   1.117525   5.593048    4743.873 1
 49.366936 -46.398216   0.077704  0.000097  23295.073    29.079868   1.118875   5.599800    1314.281 1
 48.939034 -44.332640   0.078598  0.000227  23563.088    68.052888   1.119846   5.604661    1564.062 1
 48.723900 -46.539734   0.077777  0.000103  23316.958    30.878623   1.119970   5.605280    1334.677 1
 49.364590 -46.404290   0.080405  0.000180  24104.813    53.962642   1.123361   5.622253    2068.931 1
 50.190937 -45.528540   0.072300  0.000140  21674.995    41.970944   1.133700   5.674000    -195.578 1
 49.441715 -44.457380   0.068901  0.000160  20656.000    47.966793   1.139449   5.702769   -1145.246 1
 50.176945 -45.650570   0.075189  0.000140  22541.095    41.970944   1.141737   5.714225     611.599 1
 49.728954 -44.604008   0.089792  0.000073  26918.964    21.884849   1.148962   5.750384    4691.626 1
 49.633785 -44.536346   0.072590  0.000220  21761.935    65.954341   1.154405   5.777622    -114.553 1
 49.528780 -44.479645   0.075085  0.000173  22509.917    51.864095   1.154652   5.778861     582.542 1
 49.259865 -44.361954   0.073801  0.000183  22124.983    54.862020   1.163752   5.824403     223.797 1
 49.257282 -44.351536   0.090569  0.000280  27151.903    83.941888   1.172535   5.868362    4908.717 1
 46.971733 -45.739845   0.062810  0.000083  18829.964    24.882774   1.173767   5.874527   -2847.050 1
 47.255993 -44.705013   0.064745  0.000087  19410.063    26.081944   1.176423   5.887821   -2306.418 1
 49.324585 -44.356167   0.075439  0.000270  22616.043    80.943964   1.188233   5.946931     681.448 1
 50.249546 -45.148815   0.061329  0.000183  18385.972    54.862020   1.201985   6.015756   -3260.837 1
 49.272038 -46.524464   0.082057  0.000150  24600.070    44.968869   1.202023   6.015943    2530.494 1
 49.239090 -44.312600   0.075982  0.000070  22778.831    20.985472   1.203309   6.022379     833.160 1
 49.451332 -44.386190   0.075982  0.000097  22778.831    29.079868   1.203847   6.025076     833.160 1
 49.611360 -46.393787   0.079738  0.000150  23904.851    44.968869   1.208965   6.050691    1882.574 1
 47.272167 -46.217750   0.062013  0.000110  18591.030    32.977170   1.214720   6.079492   -3069.729 1
 49.815186 -44.560253   0.064945  0.000354  19470.021    99.990000   1.222645   6.119156   -2250.539 1
 47.076960 -46.041267   0.087014  0.000083  26086.141    24.882774   1.223664   6.124256    3915.463 1
 49.580273 -46.428577   0.063120  0.000280  18922.900    83.941888   1.224434   6.128109   -2760.438 1
 49.636322 -44.442380   0.073387  0.000133  22000.869    39.872397   1.229211   6.152019     108.126 1
 49.705315 -44.470478   0.075412  0.000073  22607.949    21.884849   1.237155   6.191775     673.904 1
 50.337803 -45.306213   0.069291  0.000150  20772.919    44.968869   1.237598   6.193993   -1036.282 1
 49.382717 -44.313446   0.072490  0.000113  21731.955    33.876548   1.244645   6.229262    -142.492 1
 49.284790 -44.281116   0.075175  0.000110  22536.898    32.977170   1.244800   6.230037     607.687 1
 49.248600 -44.269196   0.074421  0.000160  22310.855    47.966793   1.246004   6.236061     397.022 1
 49.833990 -44.539295   0.077307  0.000093  23176.056    27.880699   1.246805   6.240072    1203.361 1
 49.576378 -44.379555   0.074895  0.000093  22452.956    27.880699   1.256107   6.286627     529.456 1
 47.917423 -46.591656   0.061976  0.000150  18579.937    44.968869   1.257344   6.292816   -3080.067 1
 49.232864 -44.250763   0.074952  0.000297  22470.044    89.038360   1.259063   6.301421     545.382 1
 47.481457 -44.415234   0.071850  0.000130  21540.088    38.973020   1.270876   6.360543    -321.306 1
 49.546047 -44.339867   0.074895  0.000067  22452.956    20.086095   1.277909   6.395743     529.456 1
 49.156420 -46.639675   0.078367  0.000073  23493.836    21.884849   1.280510   6.408761    1499.521 1
 49.181805 -44.204758   0.073951  0.000217  22169.952    65.054963   1.289919   6.455849     265.706 1
 49.522144 -44.315384   0.074538  0.000190  22345.930    56.960567   1.290091   6.456714     429.712 1
 49.308460 -44.238740   0.081740  0.000180  24505.036    53.962642   1.290291   6.457715    2441.926 1
 49.755486 -44.427094   0.076976  0.000110  23076.824    32.977170   1.293029   6.471415    1110.881 1
 49.476290 -44.287464   0.073387  0.000080  22000.869    23.983397   1.298313   6.497863     108.126 1
 49.406376 -44.254000   0.071940  0.000333  21567.069    99.830889   1.305243   6.532545    -296.160 1
 49.449047 -44.261585   0.069395  0.000107  20804.098    32.077793   1.312058   6.566655   -1007.224 1
 50.447180 -45.535698   0.071700  0.000333  21495.119    99.830889   1.313474   6.573741    -363.215 1
 49.781500 -44.411964   0.072837  0.000200  21835.983    59.958492   1.316328   6.588024     -45.542 1
 49.842365 -44.448277   0.077323  0.000203  23180.852    60.857869   1.316908   6.590927    1207.831 1
 49.615086 -44.324196   0.075993  0.000133  22782.128    39.872397   1.317257   6.592675     836.234 1
 50.457405 -45.528420   0.067000  0.000333  20086.095    99.830889   1.320030   6.606553   -1676.379 1
 49.851406 -44.447914   0.090209  0.000230  27043.978    68.952265   1.321445   6.613635    4808.135 1
 49.161964 -44.165430   0.081923  0.000137  24559.898    41.071567   1.322811   6.620473    2493.055 1
 50.359750 -45.866962   0.071166  0.000150  21335.030    44.968869   1.323628   6.624559    -512.413 1
 49.420967 -46.617947   0.078855  0.000334  23640.134    99.990000   1.330944   6.661177    1635.867 1
 49.584435 -44.286564   0.075215  0.000207  22548.890    62.057039   1.337405   6.693513     618.863 1
 48.836708 -44.097237   0.074702  0.000333  22395.096    99.830889   1.338874   6.700864     475.533 1
 50.492256 -45.456352   0.071773  0.000150  21517.004    44.968869   1.340754   6.710271    -342.820 1
 49.436176 -46.624683   0.079201  0.000150  23743.862    44.968869   1.341722   6.715118    1732.538 1
 49.565240 -44.273100   0.073451  0.000217  22020.056    65.054963   1.341902   6.716020     126.008 1
 50.493130 -45.507652   0.069600  0.000333  20865.555    99.830889   1.343577   6.724400    -949.948 1
 49.490345 -44.238113   0.076106  0.000170  22816.005    50.964718   1.346373   6.738397     867.806 1
 48.973220 -44.105156   0.061079  0.000190  18311.024    56.960567   1.347219   6.742629   -3330.686 1
 49.659763 -44.307180   0.076056  0.000087  22801.015    26.081944   1.348823   6.750657     853.836 1
 50.496270 -45.555960   0.069985  0.000150  20980.975    44.968869   1.349634   6.754718    -842.380 1
 49.412086 -44.203724   0.075252  0.000173  22559.982    51.864095   1.352220   6.767661     629.201 1
 49.787777 -44.359478   0.068708  0.000193  20598.140    57.859944   1.359839   6.805789   -1199.170 1
 49.517730 -44.230210   0.070729  0.000197  21204.021    59.059114   1.362495   6.819084    -634.509 1
 50.517513 -45.266315   0.072577  0.000150  21758.037    44.968869   1.367237   6.842817    -118.185 1
 49.026806 -44.077045   0.068337  0.000190  20486.917    56.960567   1.382747   6.920440   -1302.826 1
 47.491272 -44.267600   0.088294  0.000304  26469.875    91.136907   1.387166   6.942556    4273.090 1
 49.590664 -44.224720   0.073297  0.000210  21973.888    62.956416   1.392607   6.969788      82.981 1
 49.320045 -44.131317   0.072750  0.000173  21809.901    51.864095   1.392634   6.969922     -69.849 1
 49.597824 -44.218662   0.075679  0.000240  22687.993    71.950190   1.400378   7.008684     748.503 1
 49.817790 -44.323570   0.081870  0.000260  24544.009    77.946039   1.401069   7.012141    2478.247 1
 49.402466 -44.137520   0.079188  0.000217  23739.965    65.054963   1.409490   7.054288    1728.906 1
 49.132507 -44.053474   0.062680  0.000160  18790.991    47.966793   1.424016   7.126988   -2883.372 1
 49.624110 -44.194443   0.073207  0.000123  21946.906    36.874472   1.430620   7.160037      57.835 1
 49.272728 -46.772480   0.079722  0.000103  23900.054    30.878623   1.432697   7.170433    1878.103 1
 49.695720 -44.221848   0.079522  0.000217  23840.096    65.054963   1.433888   7.176392    1822.224 1
 49.497105 -44.141500   0.080839  0.000220  24234.923    65.954341   1.434329   7.178604    2190.189 1
 49.993073 -44.386100   0.089909  0.000280  26954.040    83.941888   1.434475   7.179331    4724.316 1
 49.908104 -44.328670   0.081710  0.000190  24496.042    56.960567   1.437263   7.193286    2433.544 1
 49.535725 -44.147087   0.066569  0.000220  19956.884    65.954341   1.441712   7.215553   -1796.799 1
 49.390175 -44.093360   0.066960  0.000250  20074.103    74.948115   1.446511   7.239573   -1687.555 1
 49.682480 -44.196518   0.073828  0.000210  22133.078    62.956416   1.450224   7.258155     231.340 1
 49.661380 -44.182953   0.074758  0.000210  22411.885    62.956416   1.453958   7.276842     491.179 1
 49.505040 -44.122086   0.075359  0.000240  22592.060    71.950190   1.454188   7.277992     659.096 1
 49.764343 -44.220947   0.075309  0.000270  22577.070    80.943964   1.461431   7.314246     645.127 1
 49.129550 -44.008650   0.074668  0.000220  22384.903    65.954341   1.466667   7.340451     466.033 1
 50.579525 -44.989300   0.070919  0.000150  21260.981    44.968869   1.467529   7.344765    -581.424 1
 49.687030 -44.177803   0.074905  0.000133  22455.954    39.872397   1.467785   7.346044     532.250 1
 49.517048 -44.110300   0.075305  0.000267  22575.871    80.044586   1.468495   7.349600     644.009 1
 49.043640 -43.987133   0.062670  0.000170  18787.993    50.964718   1.473033   7.372310   -2886.166 1
 50.165250 -46.397600   0.071736  0.000187  21505.912    56.061190   1.477014   7.392233    -353.157 1
 49.517113 -44.099270   0.078521  0.000173  23540.004    51.864095   1.478392   7.399133    1542.548 1
 49.878075 -44.252300   0.078711  0.000193  23596.964    57.859944   1.483277   7.423579    1595.633 1
 50.639168 -45.072212   0.076930  0.000150  23063.034    44.968869   1.485767   7.436040    1098.028 1
 50.159320 -44.427110   0.062370  0.000150  18698.056    44.968869   1.489598   7.455216   -2969.985 1
 49.407170 -44.041622   0.080939  0.000200  24264.902    59.958492   1.498814   7.501342    2218.129 1
 49.472656 -44.041664   0.079899  0.000230  23953.118    68.952265   1.517118   7.592946    1927.557 1
 49.218002 -43.971360   0.076323  0.000133  22881.060    39.872397   1.519736   7.606053     928.435 1
 49.499630 -44.039825   0.072867  0.000210  21844.977    62.956416   1.526679   7.640799     -37.160 1
 46.520626 -45.933525   0.072947  0.000097  21868.960    29.079868   1.534155   7.678218     -14.808 1
 49.055300 -43.921020   0.065108  0.000267  19518.887    80.044586   1.539342   7.704178   -2204.997 1
 49.072628 -43.903526   0.082174  0.000150  24635.145    44.968869   1.559068   7.802901    2563.184 1
 49.829037 -44.132935   0.077143  0.000133  23126.890    39.872397   1.559715   7.806142    1157.540 1
 49.756725 -44.094840   0.077290  0.000240  23170.959    71.950190   1.564069   7.827933    1198.611 1
 49.484188 -43.977207   0.078898  0.000300  23653.025    89.937737   1.579305   7.904184    1647.881 1
 46.518730 -44.766033   0.065208  0.000123  19548.867    36.874472   1.590971   7.962570   -2177.058 1
 49.155334 -43.884170   0.064858  0.000200  19443.939    59.958492   1.591616   7.965798   -2274.846 1
 47.543964 -44.008460   0.084472  0.000150  25324.069    44.968869   1.592334   7.969395    3205.237 1
 49.672200 -44.011444   0.072997  0.000190  21883.950    56.960567   1.606464   8.040113      -0.838 1
 46.295925 -45.551144   0.081520  0.000150  24439.081    44.968869   1.609854   8.057078    2380.458 1
 49.167896 -43.863920   0.058987  0.000180  17683.858    53.962642   1.613440   8.075024   -3915.183 1
 49.163776 -43.854733   0.062023  0.000133  18594.028    39.872397   1.621596   8.115843   -3066.936 1
 46.266710 -45.387924   0.062587  0.000073  18763.111    21.884849   1.625747   8.136622   -2909.356 1
 49.815025 -44.047420   0.073037  0.000230  21895.942    68.952265   1.625962   8.137698      10.338 1
 49.678844 -43.991737   0.073307  0.000210  21976.886    62.956416   1.626023   8.138002      85.775 1
 49.377570 -43.896280   0.070369  0.000200  21096.095    59.958492   1.626603   8.140903    -735.092 1
 49.179990 -43.830673   0.062497  0.000150  18736.129    44.968869   1.647752   8.246753   -2934.502 1
 49.900610 -44.052975   0.064725  0.000133  19404.067    39.872397   1.654092   8.278483   -2312.006 1
 49.689310 -43.963688   0.074928  0.000320  22462.849    95.933587   1.654223   8.279137     538.676 1
 47.207500 -44.057777   0.086560  0.000333  25950.035    99.830889   1.672826   8.372243    3788.617 1
 49.136590 -43.794640   0.062190  0.000240  18644.093    71.950190   1.675292   8.384585   -3020.276 1
 48.005000 -43.790000   0.056080  0.000333  16812.361    99.830889   1.683685   8.426592   -4727.389 1
 47.769024 -47.008385   0.063080  0.000150  18910.908    44.968869   1.683957   8.427951   -2771.613 1
 48.887627 -43.752304   0.068140  0.000333  20427.858    99.830889   1.685526   8.435805   -1357.867 1
 49.560660 -43.824780   0.072417  0.000150  21710.070    44.968869   1.740507   8.710976    -162.888 1
 46.075560 -45.272984   0.062366  0.000207  18696.856    62.057039   1.765986   8.838495   -2971.103 1
 47.037106 -44.027660   0.070739  0.000150  21207.019    44.968869   1.768242   8.849789    -631.716 1
 46.289337 -46.169292   0.084158  0.000660  25229.934    99.990000   1.773577   8.876488    3117.506 1
 48.068333 -43.678170   0.055228  0.000103  16556.938    30.878623   1.782903   8.923162   -4965.435 1
 47.835590 -47.130947   0.080979  0.000090  24276.893    26.981321   1.785468   8.935999    2229.305 1
 46.308224 -44.616590   0.080823  0.000260  24230.126    77.946039   1.788871   8.953033    2185.719 1
 46.734436 -46.657010   0.083158  0.000150  24930.141    44.968869   1.789492   8.956139    2838.110 1
 48.202774 -43.652588   0.075686  0.000150  22690.092    44.968869   1.791516   8.966272     750.459 1
 48.205425 -47.210420   0.075279  0.000150  22568.076    44.968869   1.805749   9.037503     636.745 1
 45.970875 -45.242332   0.065290  0.000333  19573.450    99.830889   1.841973   9.218800   -2154.147 1
 49.673443 -47.113630   0.066106  0.000150  19818.080    44.968869   1.854870   9.283347   -1926.160 1
 46.536064 -44.248543   0.066746  0.000260  20009.947    77.946039   1.856084   9.289421   -1747.346 1
 50.589184 -44.193874   0.062346  0.000103  18690.861    30.878623   1.870083   9.359483   -2976.690 1
 47.869255 -47.226562   0.082640  0.000133  24774.849    39.872397   1.870618   9.362161    2693.382 1
 47.782627 -47.213570   0.082240  0.000210  24654.932    62.956416   1.875397   9.386082    2581.624 1
 48.022583 -47.268208   0.080833  0.000190  24233.124    56.960567   1.885447   9.436378    2188.513 1
 47.654380 -47.196762   0.064131  0.000190  19225.990    56.960567   1.888494   9.451629   -2477.968 1
 49.041115 -43.559357   0.063274  0.000150  18969.068    44.968869   1.892389   9.471121   -2717.410 1
 48.554085 -47.320435   0.062166  0.000150  18636.898    44.968869   1.896370   9.491047   -3026.982 1
 50.900257 -44.437695   0.074211  0.000150  22247.898    44.968869   1.902462   9.521540     338.349 1
 45.998295 -44.843920   0.066679  0.000247  19989.861    74.048737   1.904287   9.530673   -1766.065 1
 48.603590 -47.350647   0.062039  0.000107  18598.824    32.077793   1.926534   9.642014   -3062.465 1
 47.750580 -47.286003   0.063741  0.000170  19109.071    50.964718   1.951242   9.765672   -2586.932 1
 48.238537 -47.360930   0.082267  0.000150  24663.026    44.968869   1.951748   9.768205    2589.167 1
 48.716250 -47.389280   0.063780  0.000333  19120.763    99.830889   1.967351   9.846297   -2576.036 1
 49.314800 -43.511555   0.075549  0.000150  22649.020    44.968869   1.980469   9.911951     712.182 1
 47.915360 -47.364010   0.063170  0.000290  18937.890    86.939813   1.995551   9.987432   -2746.468 1
 48.047707 -47.389725   0.082741  0.000180  24805.128    53.962642   2.001072  10.015068    2721.601 1
 46.379707 -44.142776   0.070530  0.000333  21144.362    99.830889   2.008033  10.049906    -690.109 1
 49.535637 -47.319553   0.068671  0.000183  20587.048    54.862020   2.009972  10.059608   -1209.508 1
 48.557228 -47.435448   0.062660  0.000250  18784.995    74.948115   2.011356  10.066537   -2888.960 1
 47.745083 -47.349125   0.083671  0.000190  25083.935    56.960567   2.012683  10.073178    2981.440 1
 46.552273 -46.848520   0.065499  0.000103  19636.106    30.878623   2.014738  10.083463   -2095.753 1
 45.999767 -44.542812   0.070349  0.000250  21090.100    74.948115   2.015606  10.087804    -740.680 1
 47.737510 -47.360085   0.085142  0.000160  25524.929    47.966793   2.024719  10.133413    3392.432 1
 48.167603 -47.437260   0.082387  0.000150  24699.001    44.968869   2.034042  10.180076    2622.695 1
 48.807133 -47.452800   0.082140  0.000170  24624.953    50.964718   2.034747  10.183605    2553.684 1
 47.166584 -47.210907   0.063800  0.000333  19126.759    99.830889   2.044504  10.232437   -2570.448 1
 48.169390 -47.450306   0.081310  0.000150  24376.125    44.968869   2.046776  10.243809    2321.785 1
 47.620277 -47.359016   0.081650  0.000190  24478.054    56.960567   2.049320  10.256539    2416.780 1
 47.488630 -47.329567   0.082250  0.000170  24657.930    50.964718   2.054253  10.281229    2584.418 1
 48.719406 -47.476265   0.082300  0.000270  24672.919    80.943964   2.054343  10.281681    2598.388 1
 47.751797 -47.395386   0.084152  0.000160  25228.135    47.966793   2.055631  10.288124    3115.830 1
 47.727560 -47.396990   0.082667  0.000150  24782.943    44.968869   2.062055  10.320274    2700.926 1
 47.814037 -47.415850   0.084839  0.000160  25434.092    47.966793   2.063416  10.327088    3307.775 1
 49.471650 -43.447560   0.075335  0.000150  22584.865    44.968869   2.072783  10.373967     652.391 1
 46.354404 -46.792717   0.064224  0.000107  19253.871    32.077793   2.078070  10.400430   -2451.984 1
 47.879597 -47.444786   0.083871  0.000180  25143.893    53.962642   2.079968  10.409930    3037.319 1
 47.736885 -47.420288   0.079962  0.000260  23972.005    77.946039   2.082481  10.422504    1945.159 1
 47.162490 -47.256020   0.062600  0.000333  18767.008    99.830889   2.085416  10.437196   -2905.724 1
 47.576904 -43.460520   0.078534  0.000090  23543.901    26.981321   2.086635  10.443297    1546.180 1
 47.968420 -47.465958   0.083138  0.000137  24924.145    41.071567   2.086781  10.444025    2832.522 1
 47.749123 -47.434658   0.081053  0.000190  24299.078    56.960567   2.093843  10.479372    2249.980 1
 51.334710 -44.583610   0.077150  0.000333  23128.988    99.830889   2.106608  10.543257    1159.496 1
 48.576168 -47.532340   0.063100  0.000160  18916.904    47.966793   2.108175  10.551099   -2766.025 1
 47.694195 -47.438274   0.084041  0.000200  25194.858    59.958492   2.108392  10.552186    3084.817 1
 45.972126 -44.376320   0.062380  0.000170  18701.054    50.964718   2.110586  10.563165   -2967.191 1
 47.553967 -47.411090   0.083231  0.000170  24952.026    50.964718   2.113991  10.580211    2858.506 1
 45.924595 -44.417070   0.064425  0.000260  19314.129    77.946039   2.119949  10.610026   -2395.825 1
 47.326270 -47.352634   0.059738  0.000150  17909.002    44.968869   2.120459  10.612581   -3705.357 1
 46.524580 -46.995000   0.065669  0.000167  19687.071    50.065340   2.133934  10.680018   -2048.256 1
 45.845104 -44.453087   0.070966  0.000240  21275.072    71.950190   2.152719  10.774035    -568.293 1
 46.248375 -46.822666   0.086840  0.000333  26033.977    99.830889   2.153957  10.780230    3866.848 1
 50.281452 -47.231160   0.066689  0.000150  19992.859    44.968869   2.164963  10.835315   -1763.271 1
 45.942215 -44.298900   0.062537  0.000143  18748.121    42.870321   2.167990  10.850463   -2923.326 1
 47.894210 -47.537704   0.082157  0.000133  24630.049    39.872397   2.168038  10.850708    2558.434 1
 48.780003 -43.255870   0.075572  0.000167  22655.916    50.065340   2.172726  10.874170     718.608 1
 47.705463 -47.510277   0.083548  0.000133  25047.060    39.872397   2.175028  10.885688    2947.074 1
 47.651913 -47.500942   0.082610  0.000290  24765.855    86.939813   2.177055  10.895833    2685.000 1
 48.815230 -47.601360   0.082083  0.000150  24607.864    44.968869   2.183309  10.927133    2537.759 1
 50.893635 -43.962627   0.075129  0.000150  22523.108    44.968869   2.183401  10.927594     594.835 1
 46.636543 -43.720333   0.064690  0.000333  19393.574    99.830889   2.183667  10.928927   -2321.785 1
 47.670956 -47.512530   0.067410  0.000170  20209.010    50.964718   2.184159  10.931391   -1561.827 1
 48.843647 -47.608006   0.081820  0.000240  24529.019    71.950190   2.191514  10.968200    2464.277 1
 45.478333 -45.183666   0.064930  0.000333  19465.524    99.830889   2.191902  10.970142   -2254.730 1
 47.403820 -47.466427   0.063421  0.000137  19013.137    41.071567   2.203446  11.027915   -2676.339 1
 51.548443 -44.698383   0.055462  0.000150  16627.089    44.968869   2.204553  11.033457   -4900.056 1
 48.795334 -47.624973   0.081433  0.000210  24412.999    62.956416   2.205867  11.040032    2356.151 1
 45.838615 -44.348150   0.065479  0.000150  19630.110    44.968869   2.206023  11.040813   -2101.341 1
 48.531918 -47.647675   0.062950  0.000150  18871.935    44.968869   2.223788  11.129728   -2807.935 1
 45.884960 -44.252940   0.070749  0.000150  21210.017    44.968869   2.226269  11.142141    -628.922 1
 47.473763 -47.518310   0.085703  0.000210  25693.113    62.956416   2.234048  11.181076    3549.174 1
 45.709583 -46.394024   0.064528  0.000150  19345.008    44.968869   2.237486  11.198280   -2367.047 1
 48.501305 -43.186360   0.065719  0.000110  19702.061    32.977170   2.238535  11.203535   -2034.286 1
 45.873356 -44.229637   0.071119  0.000150  21320.940    44.968869   2.245508  11.238431    -525.545 1
 48.436470 -43.163030   0.062033  0.000137  18597.026    41.071567   2.263462  11.328287   -3064.142 1
 49.506714 -43.246445   0.080162  0.000210  24031.963    62.956416   2.272278  11.372413    2001.038 1
 47.537796 -47.576866   0.085973  0.000180  25774.057    53.962642   2.274142  11.381742    3624.611 1
 45.829727 -44.221170   0.065145  0.000127  19529.980    38.073642   2.275959  11.390836   -2194.660 1
 45.807125 -44.187700   0.064601  0.000217  19366.893    65.054963   2.307204  11.547209   -2346.651 1
 48.937035 -47.727676   0.061719  0.000150  18502.891    44.968869   2.316907  11.595771   -3151.872 1
 48.403870 -43.109850   0.061359  0.000103  18394.965    30.878623   2.317713  11.599808   -3252.455 1
 48.510124 -47.746334   0.061660  0.000333  18485.203    99.830889   2.322720  11.624864   -3168.356 1
 48.091810 -43.127037   0.064528  0.000150  19345.008    44.968869   2.322806  11.625294   -2367.047 1
 45.462677 -46.210590   0.064985  0.000150  19482.013    44.968869   2.326596  11.644265   -2239.363 1
 50.162140 -43.375626   0.090669  0.000150  27181.882    44.968869   2.329311  11.657855    4936.657 1
 45.673770 -44.297825   0.064051  0.000150  19202.007    44.968869   2.331603  11.669326   -2500.319 1
 49.383076 -43.159480   0.078858  0.000314  23641.034    94.134832   2.333353  11.678083    1636.705 1
 50.521168 -43.518776   0.062220  0.000333  18653.087    99.830889   2.341350  11.718106   -3011.894 1
 49.759010 -43.232770   0.065549  0.000150  19651.096    44.968869   2.341810  11.720409   -2081.783 1
 45.321243 -46.029434   0.064598  0.000150  19365.993    44.968869   2.367595  11.849460   -2347.489 1
 48.550663 -47.800163   0.060262  0.000210  18066.093    62.956416   2.376098  11.892015   -3558.953 1
 48.307500 -43.043827   0.060735  0.000073  18207.895    21.884849   2.388155  11.952359   -3426.798 1
 49.611275 -43.136180   0.062450  0.000150  18722.039    44.968869   2.399219  12.007732   -2947.633 1
 45.697810 -46.743360   0.084188  0.000120  25238.927    35.975095   2.416480  12.094123    3125.888 1
 48.574158 -47.848152   0.063571  0.000103  19058.106    30.878623   2.423989  12.131702   -2634.430 1
 48.360466 -42.999638   0.075966  0.000090  22774.034    26.981321   2.429535  12.159459     828.690 1
 45.985325 -43.808907   0.065465  0.000150  19625.913    44.968869   2.435528  12.189455   -2105.253 1
 50.180958 -43.256977   0.063150  0.000150  18931.894    44.968869   2.440357  12.213624   -2752.056 1
 45.980793 -43.788418   0.066010  0.000333  19789.300    99.830889   2.451533  12.269556   -1952.982 1
 48.432335 -47.883778   0.063570  0.000333  19057.807    99.830889   2.461865  12.321266   -2634.709 1
 48.942430 -42.970314   0.076706  0.000097  22995.880    29.079868   2.466825  12.346089    1035.443 1
 52.097290 -45.320396   0.070252  0.000150  21061.020    44.968869   2.469046  12.357207    -767.782 1
 50.891550 -47.301160   0.057823  0.000150  17334.899    44.968869   2.479814  12.411098   -4240.401 1
 51.885017 -44.518658   0.071133  0.000150  21325.137    44.968869   2.488478  12.454458    -521.633 1
 45.660830 -44.004000   0.064480  0.000333  19330.618    99.830889   2.494347  12.483835   -2380.458 1
 47.167080 -47.721710   0.058264  0.000150  17467.108    44.968869   2.503111  12.527697   -4117.187 1
 45.474873 -44.189457   0.069928  0.000534  20963.887    99.990000   2.506331  12.543813    -858.306 1
 51.601814 -44.084030   0.062503  0.000150  18737.928    44.968869   2.507313  12.548725   -2932.825 1
 50.823624 -43.461388   0.063280  0.000333  18970.867    99.830889   2.515283  12.588616   -2715.734 1
 45.012154 -45.205482   0.072110  0.000277  21618.034    83.042511   2.515381  12.589106    -248.663 1
 49.477505 -47.872837   0.079145  0.000183  23727.074    54.862020   2.527955  12.652037    1716.892 1
 49.024540 -42.914253   0.065075  0.000127  19508.994    38.073642   2.529019  12.657361   -2214.217 1
 48.472057 -42.894444   0.055695  0.000103  16696.941    30.878623   2.530913  12.666842   -4834.957 1
 44.982346 -45.273420   0.071213  0.000257  21349.120    77.046662   2.531270  12.668630    -499.282 1
 45.434708 -46.687332   0.083300  0.000333  24972.712    99.830889   2.544901  12.736850    2877.784 1
 48.981820 -42.894566   0.068014  0.000137  20390.084    41.071567   2.545082  12.737756   -1393.071 1
 52.139565 -45.938133   0.068177  0.000150  20438.950    44.968869   2.548891  12.756819   -1347.529 1
 49.190105 -42.908985   0.076723  0.000127  23000.977    38.073642   2.551081  12.767779    1040.193 1
 51.039543 -43.544110   0.055250  0.000333  16563.533    99.830889   2.551169  12.768220   -4959.288 1
 49.015583 -42.874756   0.067633  0.000103  20275.863    30.878623   2.567470  12.849804   -1499.521 1
 51.644787 -44.016155   0.063030  0.000150  18895.919    44.968869   2.569413  12.859530   -2785.583 1
 49.119310 -42.880623   0.076416  0.000103  22908.940    30.878623   2.571299  12.868969     954.418 1
 52.184750 -45.930748   0.069762  0.000150  20914.121    44.968869   2.578500  12.905006    -904.686 1
 52.189156 -44.897835   0.060032  0.000150  17997.141    44.968869   2.585482  12.939949   -3623.214 1
 45.754726 -47.088180   0.086590  0.000150  25959.029    44.968869   2.589959  12.962356    3796.999 1
 48.659620 -48.023640   0.064328  0.000150  19285.049    44.968869   2.600033  13.012778   -2422.927 1
 47.517990 -42.927456   0.066699  0.000150  19995.857    44.968869   2.606105  13.043165   -1760.477 1
 52.193626 -46.034958   0.066509  0.000150  19938.897    44.968869   2.607037  13.047830   -1813.563 1
 46.842125 -43.119610   0.068530  0.000333  20544.777    99.830889   2.608261  13.053957   -1248.902 1
 52.297060 -45.211586   0.062650  0.000150  18781.997    44.968869   2.615726  13.091319   -2891.754 1
 49.060240 -42.827650   0.064274  0.000160  19268.860    47.966793   2.618080  13.103100   -2438.014 1
 52.245010 -45.933254   0.073364  0.000510  21993.974    99.990000   2.620468  13.115051     101.700 1
 48.316017 -42.810380   0.064318  0.000237  19282.051    71.050813   2.620473  13.115075   -2425.721 1
 49.750523 -42.933178   0.079985  0.000150  23978.900    44.968869   2.622419  13.124814    1951.585 1
 47.882650 -48.003162   0.062380  0.000093  18701.054    27.880699   2.625351  13.139490   -2967.191 1
 45.841090 -47.225246   0.088341  0.000150  26483.966    44.968869   2.635508  13.190324    4286.222 1
 45.366558 -44.062210   0.070919  0.000130  21260.981    38.973020   2.636193  13.193751    -581.424 1
 48.815530 -42.787415   0.065709  0.000190  19699.063    56.960567   2.641823  13.221926   -2037.080 1
 44.846836 -45.814873   0.072630  0.000150  21773.926    44.968869   2.650836  13.267038    -103.377 1
 52.153850 -46.291454   0.069908  0.000103  20957.891    30.878623   2.652363  13.274681    -863.894 1
 48.866207 -42.777370   0.065188  0.000117  19542.871    35.075718   2.654279  13.284271   -2182.646 1
 52.283890 -45.973507   0.069284  0.000811  20770.821    99.990000   2.655276  13.289261   -1038.237 1
 48.893005 -42.770920   0.063701  0.000193  19097.079    57.859944   2.662185  13.323837   -2598.108 1
 48.852585 -42.767807   0.065080  0.000333  19510.493    99.830889   2.663118  13.328507   -2212.820 1
 47.474987 -42.874252   0.067136  0.000150  20126.866    44.968869   2.665763  13.341746   -1638.381 1
 49.848267 -42.898983   0.062800  0.000150  18826.966    44.968869   2.676900  13.397482   -2849.844 1
 49.474140 -42.821440   0.078601  0.000180  23563.987    53.962642   2.676907  13.397517    1564.900 1
 49.036335 -42.764720   0.065052  0.000077  19502.099    23.084019   2.678457  13.405277   -2220.643 1
 49.442240 -42.813680   0.079188  0.000150  23739.965    44.968869   2.679321  13.409602    1728.906 1
 50.722980 -47.650060   0.067030  0.000150  20095.088    44.968869   2.685423  13.440139   -1667.997 1
 49.026024 -42.753080   0.066553  0.000150  19952.087    44.968869   2.689168  13.458881   -1801.269 1
 48.783840 -42.738396   0.056913  0.000183  17062.088    54.862020   2.689489  13.460490   -4494.652 1
 44.947468 -44.565140   0.081813  0.000177  24526.920    53.063265   2.691996  13.473038    2462.321 1
 52.319603 -46.080265   0.071726  0.000911  21502.914    99.990000   2.703709  13.531658    -355.951 1
 48.524250 -42.691550   0.064121  0.000123  19222.992    36.874472   2.732926  13.677885   -2480.762 1
 50.241430 -42.948680   0.063771  0.000150  19118.065    44.968869   2.735636  13.691446   -2578.550 1
 50.187485 -42.926086   0.062467  0.000150  18727.135    44.968869   2.740318  13.714881   -2942.883 1
 52.391710 -44.791500   0.064640  0.000333  19378.584    99.830889   2.747343  13.750042   -2335.755 1
 52.428104 -45.968224   0.069942  0.000150  20968.084    44.968869   2.753334  13.780027    -854.395 1
 52.439453 -45.970913   0.072000  0.000333  21585.057    99.830889   2.761674  13.821766    -279.397 1
 46.197040 -43.227722   0.065110  0.000333  19519.487    99.830889   2.761787  13.822331   -2204.438 1
 48.985680 -42.675790   0.063567  0.000264  19056.907    79.145209   2.762909  13.827946   -2635.547 1
 47.354355 -42.792374   0.063968  0.000150  19177.124    44.968869   2.769360  13.860232   -2523.509 1
 52.357986 -44.614840   0.078631  0.000103  23572.981    30.878623   2.770675  13.866813    1573.282 1
 48.529747 -42.645622   0.065935  0.000123  19766.816    36.874472   2.778795  13.907451   -1973.936 1
 48.986748 -42.653442   0.062039  0.000113  18598.824    33.876548   2.785217  13.939593   -3062.465 1
 52.468327 -46.038834   0.071029  0.000080  21293.958    23.983397   2.795685  13.991986    -550.691 1
 44.619340 -45.131077   0.065502  0.000133  19637.006    39.872397   2.796953  13.998332   -2094.915 1
 44.729794 -46.140920   0.066693  0.000123  19994.058    36.874472   2.797413  14.000632   -1762.154 1
 48.964170 -42.639270   0.064301  0.000140  19276.955    41.970944   2.797754  14.002338   -2430.470 1
 48.724842 -48.227850   0.080002  0.000103  23983.996    30.878623   2.805459  14.040904    1956.334 1
 52.459213 -44.723736   0.064605  0.000150  19368.092    44.968869   2.809591  14.061583   -2345.534 1
 48.389652 -42.602543   0.067397  0.000143  20205.112    42.870321   2.824871  14.138059   -1565.459 1
 48.959010 -42.603590   0.077574  0.000333  23256.100    99.830889   2.832932  14.178399    1277.960 1
