 67.842700 -61.435020   0.057280  0.000190  17172.112    56.960567   0.013142   0.055244    -709.462 0
 67.816650 -61.440426   0.068624  0.000103  20572.958    30.878623   0.014484   0.060888    2499.525 0
 67.855650 -61.432133   0.063414  0.000110  19011.039    32.977170   0.017255   0.072537    1025.722 0
 67.801125 -61.444878   0.057326  0.000093  17185.902    27.880699   0.019939   0.083818    -696.450 0
 67.800690 -61.454033   0.058881  0.000100  17652.080    29.979246   0.020724   0.087120    -256.572 0
 67.802895 -61.457973   0.059424  0.000090  17814.867    26.981321   0.021225   0.089226    -102.968 0
 67.889900 -61.440830   0.058500  0.000250  17537.859    74.948115   0.023915   0.100531    -364.349 0
 67.791040 -61.444798   0.060632  0.000267  18177.016    80.044586   0.024717   0.103903     238.750 0
 67.795340 -61.460003   0.061542  0.000160  18449.827    47.966793   0.025366   0.106633     496.171 0
 67.841130 -61.421540   0.063190  0.000110  18943.885    32.977170   0.026626   0.111927     962.357 0
 67.894580 -61.427930   0.051260  0.000190  15367.361    56.960567   0.032160   0.135193   -2412.398 0
 67.790810 -61.426643   0.061809  0.000290  18529.872    86.939813   0.032680   0.137379     571.700 0
 67.826260 -61.416020   0.062110  0.000140  18620.110    41.970944   0.033039   0.138886     656.847 0
 67.868470 -61.480040   0.060510  0.000160  18140.442    47.966793   0.034251   0.143981     204.239 0
 67.906204 -61.431377   0.051115  0.000073  15323.891    21.884849   0.034862   0.146550   -2453.415 0
 67.769620 -61.456947   0.054908  0.000123  16461.004    36.874472   0.035819   0.150575   -1380.453 0
 67.843704 -61.485336   0.055528  0.000100  16646.876    29.979246   0.037182   0.156305   -1205.067 0
 67.906740 -61.425770   0.070940  0.000250  21267.277    74.948115   0.038088   0.160113    3154.674 0
 67.920790 -61.441340   0.057260  0.000110  17166.116    32.977170   0.038142   0.160340    -715.120 0
 67.787080 -61.419720   0.064181  0.000020  19240.980     5.995849   0.038791   0.163066    1242.690 0
 67.769350 -61.467410   0.061496  0.000100  18436.037    29.979246   0.039816   0.167378     483.158 0
 67.855910 -61.408660   0.060610  0.000210  18170.421    62.956416   0.040034   0.168293     232.527 0
 67.909100 -61.421143   0.059164  0.000067  17736.921    20.086095   0.041834   0.175860    -176.517 0
 67.922490 -61.431150   0.055080  0.000220  16512.569    65.954341   0.041944   0.176322   -1331.797 0
 67.908180 -61.415290   0.058270  0.000250  17468.907    74.948115   0.045527   0.191384    -429.411 0
 67.748340 -61.461110   0.053437  0.000173  16020.010    51.864095   0.046726   0.196424   -1796.569 0
 67.922880 -61.418613   0.068460  0.000110  20523.792    32.977170   0.048552   0.204101    2453.132 0
 67.735460 -61.460663   0.062020  0.000170  18593.128    50.964718   0.052560   0.220951     631.387 0
 67.820860 -61.396090   0.064460  0.000210  19324.622    62.956416   0.053066   0.223077    1321.614 0
 67.748400 -61.418810   0.069922  0.000173  20962.088    51.864095   0.053614   0.225380    2866.702 0
 67.735760 -61.467460   0.051610  0.000160  15472.289    47.966793   0.054444   0.228868   -2313.390 0
 67.819170 -61.502224   0.052766  0.000100  15818.849    29.979246   0.055180   0.231963   -1986.381 0
 67.834910 -61.391960   0.058360  0.000180  17495.888    53.962642   0.056310   0.236713    -403.952 0
 67.775380 -61.494580   0.062473  0.000110  18728.934    32.977170   0.056365   0.236944     759.532 0
 67.748760 -61.483410   0.057877  0.000153  17351.088    45.868246   0.056923   0.239289    -540.583 0
 67.912200 -61.401913   0.058440  0.000210  17519.871    62.956416   0.057060   0.239864    -381.322 0
 67.856900 -61.390530   0.055680  0.000360  16692.444    99.990000   0.058052   0.244038   -1162.070 0
 67.914520 -61.495460   0.054980  0.000260  16482.589    77.946039   0.058563   0.246185   -1360.085 0
 67.735210 -61.476757   0.055308  0.000267  16580.921    80.044586   0.058620   0.246423   -1267.301 0
 67.947000 -61.414860   0.068320  0.000140  20481.821    41.970944   0.060120   0.252727    2413.529 0
 67.880220 -61.390510   0.060240  0.000170  18059.498    50.964718   0.060436   0.254056     127.862 0
 67.714339 -61.442627   0.056850  0.000140  17043.201    41.970944   0.061396   0.258095    -831.100 0
 67.936580 -61.405940   0.064780  0.000440  19420.555    99.990000   0.061759   0.259621    1412.135 0
 67.973690 -61.441020   0.055040  0.000210  16500.577    62.956416   0.063216   0.265743   -1343.113 0
 67.973300 -61.460680   0.058320  0.000160  17483.896    47.966793   0.063864   0.268468    -415.267 0
 67.753940 -61.499370   0.067000  0.000070  20086.095    20.985472   0.066370   0.279001    2040.128 0
 67.710910 -61.470050   0.061900  0.000160  18557.153    47.966793   0.066492   0.279515     597.442 0
 67.702580 -61.446470   0.065760  0.000240  19714.352    71.950190   0.066788   0.280760    1689.357 0
 67.980354 -61.476475   0.064260  0.000150  19264.663    44.968869   0.071814   0.301888    1265.038 0
 67.965530 -61.489600   0.054670  0.000310  16389.654    92.935662   0.072026   0.302780   -1447.778 0
 67.893720 -61.378610   0.060460  0.000080  18125.452    23.983397   0.073769   0.310105     190.095 0
 67.701130 -61.417530   0.056120  0.000200  16824.353    59.958492   0.074088   0.311447   -1037.603 0
 67.992470 -61.428160   0.049994  0.000200  14987.824    59.958492   0.074521   0.313268   -2770.523 0
 67.709230 -61.487150   0.060859  0.000073  18245.069    21.884849   0.074590   0.313558     302.964 0
 67.977100 -61.486073   0.065145  0.000083  19529.980    24.882774   0.074767   0.314300    1515.386 0
 67.724030 -61.501590   0.065265  0.000070  19565.955    20.985472   0.077773   0.326939    1549.332 0
 67.716190 -61.390080   0.057303  0.000200  17179.007    59.958492   0.083695   0.351830    -702.956 0
 67.948395 -61.379750   0.048800  0.000030  14629.872     8.993774   0.085162   0.358000   -3108.282 0
 67.959470 -61.512810   0.057173  0.000113  17140.034    33.876548   0.085541   0.359593    -739.730 0
 67.992220 -61.495720   0.063330  0.000290  18985.856    86.939813   0.086013   0.361576    1001.960 0
 67.737720 -61.518760   0.055850  0.000180  16743.409    53.962642   0.086496   0.363606   -1113.980 0
 67.740110 -61.520523   0.056130  0.000170  16827.351    50.964718   0.087297   0.366973   -1034.774 0
 67.665560 -61.472540   0.061372  0.000127  18398.863    38.073642   0.087909   0.369547     448.081 0
 67.946130 -61.520830   0.063730  0.000400  19105.773    99.990000   0.088005   0.369952    1115.112 0
 68.020330 -61.480526   0.062556  0.000053  18753.817    15.889000   0.091050   0.382750     783.011 0
 67.859890 -61.357030   0.061730  0.000230  18506.188    68.952265   0.091518   0.384719     549.352 0
 67.980064 -61.511750   0.057973  0.000030  17379.868     8.993774   0.091547   0.384842    -513.427 0
 67.914230 -61.361630   0.067783  0.000040  20320.832    11.991698   0.093114   0.391428    2261.623 0
 67.664150 -61.488060   0.061170  0.000440  18338.305    99.990000   0.094021   0.395239     390.940 0
 67.651410 -61.488090   0.066550  0.000210  19951.188    62.956416   0.099580   0.418609    1912.832 0
 67.630710 -61.461060   0.050560  0.000110  15157.507    32.977170   0.101937   0.428517   -2610.413 0
 67.735020 -61.541847   0.067213  0.000067  20149.950    20.086095   0.106794   0.448936    2100.381 0
 67.966350 -61.537450   0.063270  0.000170  18967.869    50.964718   0.107189   0.450597     984.987 0
 67.620790 -61.466200   0.061209  0.000090  18349.997    26.981321   0.107385   0.451418     401.972 0
 67.642780 -61.499740   0.053060  0.000170  15906.988    50.964718   0.108406   0.455710   -1903.214 0
 67.647640 -61.392110   0.057870  0.000580  17348.990    99.990000   0.108606   0.456554    -542.563 0
 68.068954 -61.456030   0.059960  0.000170  17975.556    50.964718   0.108628   0.456646      48.655 0
 67.773490 -61.343887   0.056850  0.000150  17043.201    44.968869   0.109333   0.459607    -831.100 0
 67.613430 -61.455880   0.063020  0.000260  18892.921    77.946039   0.109648   0.460934     914.267 0
 67.634410 -61.496230   0.052560  0.000290  15757.092    86.939813   0.110367   0.463956   -2044.654 0
 68.034340 -61.381600   0.058840  0.000380  17639.788    99.990000   0.113390   0.476663    -268.170 0
 67.997890 -61.362300   0.056700  0.000190  16998.232    56.960567   0.113596   0.477527    -873.532 0
 67.601760 -61.450195   0.060485  0.000113  18132.947    33.876548   0.114972   0.483313     197.167 0
 67.648700 -61.517980   0.058410  0.000220  17510.877    65.954341   0.115908   0.487246    -389.808 0
 68.086040 -61.440662   0.060680  0.000180  18191.406    53.962642   0.116750   0.490789     252.329 0
 67.855960 -61.330930   0.071240  0.000100  21357.215    29.979246   0.117412   0.493572    3239.538 1
 67.956085 -61.342920   0.065720  0.000250  19702.360    74.948115   0.118467   0.498006    1678.042 0
 67.921360 -61.335520   0.068690  0.000240  20592.744    71.950190   0.118813   0.499461    2518.195 0
 68.021250 -61.535280   0.059970  0.000220  17978.554    65.954341   0.122096   0.513261      51.484 0
 67.605290 -61.496580   0.057300  0.000210  17178.108    62.956416   0.123182   0.517827    -703.805 0
 67.680280 -61.352013   0.062506  0.000030  18738.827     8.993774   0.123446   0.518935     768.867 0
 67.766556 -61.330030   0.070042  0.000123  20998.063    36.874472   0.123549   0.519369    2900.648 0
 67.599560 -61.394560   0.059120  0.000180  17723.730    53.962642   0.127790   0.537196    -188.964 0
 68.046970 -61.530770   0.054890  0.000220  16455.608    65.954341   0.128048   0.538280   -1385.545 0
 67.597180 -61.389890   0.061180  0.000160  18341.303    47.966793   0.130835   0.549999     393.768 0
 68.004234 -61.342660   0.061179  0.000100  18341.003    29.979246   0.130853   0.550073     393.486 0
 68.068600 -61.522896   0.057800  0.000180  17328.004    53.962642   0.131480   0.552709    -562.365 0
 68.115520 -61.426480   0.051070  0.000170  15310.401    50.964718   0.132387   0.556520   -2466.145 0
 67.572810 -61.490890   0.060510  0.000200  18140.442    59.958492   0.135694   0.570424     204.239 0
 67.567810 -61.412480   0.056680  0.000100  16992.237    29.979246   0.135946   0.571484    -879.190 0
 68.060850 -61.358456   0.069860  0.000120  20943.501    35.975095   0.137698   0.578847    2849.164 0
 67.567540 -61.492615   0.053640  0.000140  16080.867    41.970944   0.138631   0.582768   -1739.144 0
 67.761960 -61.582950   0.064700  0.000600  19396.572    99.990000   0.140149   0.589152    1389.505 0
 67.547360 -61.450520   0.059560  0.000240  17855.639    71.950190   0.140975   0.592621     -64.497 0
 67.638520 -61.550170   0.065310  0.000090  19579.445    26.981321   0.141031   0.592859    1562.061 0
 68.139690 -61.446250   0.055550  0.000250  16653.471    74.948115   0.142164   0.597623   -1198.844 0
 67.701930 -61.322270   0.064680  0.000330  19390.576    98.931511   0.142645   0.599644    1383.847 0
 68.104576 -61.379135   0.056712  0.000093  17001.830    27.880699   0.143114   0.601617    -870.138 0
 68.119300 -61.393370   0.063060  0.000160  18904.912    47.966793   0.143294   0.602374     925.582 0
 68.010605 -61.329540   0.053130  0.000083  15927.973    24.882774   0.143331   0.602526   -1883.413 0
 67.824500 -61.593834   0.066886  0.000280  20051.918    83.941888   0.145921   0.613417    2007.880 0
 68.096950 -61.528973   0.063104  0.000267  18918.103    80.044586   0.146108   0.614199     938.029 0
 67.915710 -61.306040   0.055920  0.000200  16764.394    59.958492   0.146390   0.615387   -1094.178 0
 67.689390 -61.321087   0.068167  0.000233  20435.952    69.851643   0.146584   0.616202    2370.249 0
 68.133520 -61.495740   0.055400  0.000190  16608.502    56.960567   0.147110   0.618411   -1241.276 0
 68.123520 -61.384000   0.058390  0.000480  17504.882    99.990000   0.148950   0.626147    -395.466 0
 67.699360 -61.580670   0.065090  0.000300  19513.491    89.937737   0.149079   0.626691    1499.828 0
 67.626945 -61.339725   0.058113  0.000030  17421.839     8.993774   0.149499   0.628457    -473.823 0
 67.684970 -61.317890   0.062270  0.000380  18668.076    99.990000   0.150409   0.632281     702.107 0
 67.955280 -61.306860   0.051190  0.000220  15346.376    65.954341   0.151271   0.635906   -2432.199 0
 67.711910 -61.586610   0.061410  0.000190  18410.255    56.960567   0.151824   0.638231     458.831 0
 68.159360 -61.463900   0.058220  0.000130  17453.917    38.973020   0.152368   0.640517    -443.555 0
 67.929860 -61.301320   0.066990  0.000110  20083.097    32.977170   0.152691   0.641873    2037.299 0
 67.987060 -61.307780   0.058811  0.000107  17631.094    32.077793   0.156510   0.657928    -276.373 0
 67.561470 -61.529260   0.055325  0.000100  16586.018    29.979246   0.156811   0.659194   -1262.492 0
 67.947820 -61.298542   0.070182  0.000033  21040.034     9.893151   0.157894   0.663745    2940.251 0
 68.175120 -61.447670   0.051650  0.000210  15484.280    62.956416   0.159086   0.668758   -2302.075 0
 67.584180 -61.549050   0.068420  0.000340  20511.800    99.990000   0.159360   0.669909    2441.817 0
 68.163040 -61.401350   0.054510  0.000110  16341.687    32.977170   0.160299   0.673855   -1493.039 0
 67.514640 -61.402180   0.054120  0.000300  16224.768    89.937737   0.163204   0.686069   -1603.362 0
 67.990810 -61.296200   0.054690  0.000350  16395.650    99.990000   0.167726   0.705077   -1442.120 0
 67.515840 -61.385760   0.055020  0.000190  16494.581    56.960567   0.168036   0.706379   -1348.770 0
 67.495930 -61.415737   0.053073  0.000037  15910.885    11.092321   0.168681   0.709093   -1899.537 0
 67.554910 -61.546600   0.058030  0.000150  17396.956    44.968869   0.168981   0.710351    -497.302 0
 67.510090 -61.507690   0.062310  0.000150  18680.068    44.968869   0.169562   0.712794     713.422 0
 68.173390 -61.384323   0.057710  0.000090  17301.023    26.981321   0.170649   0.717363    -587.824 0
 67.507190 -61.516170   0.059510  0.000350  17840.649    99.990000   0.173996   0.731436     -78.641 0
 67.518140 -61.527680   0.052530  0.000200  15748.098    59.958492   0.174137   0.732029   -2053.140 0
 67.478226 -61.439827   0.057660  0.000077  17286.033    23.084019   0.174197   0.732280    -601.968 0
 67.612220 -61.584180   0.063220  0.000160  18952.879    47.966793   0.174904   0.735253     970.843 0
 67.489430 -61.497100   0.050960  0.000070  15277.424    20.985472   0.175600   0.738179   -2497.262 0
 68.205790 -61.421060   0.063550  0.000410  19051.811    99.990000   0.175845   0.739208    1064.193 0
 68.021164 -61.293095   0.047723  0.000277  14306.995    83.042511   0.177075   0.744380   -3412.943 1
 68.212850 -61.429920   0.060470  0.000130  18128.450    38.973020   0.178055   0.748499     192.924 0
 67.494310 -61.518215   0.051530  0.000130  15448.305    38.973020   0.180463   0.758619   -2336.020 0
 68.143950 -61.557980   0.065430  0.000180  19615.421    53.962642   0.181247   0.761917    1596.007 0
 68.220760 -61.493504   0.059685  0.000043  17893.113    12.891076   0.186496   0.783980     -29.137 0
 67.884530 -61.261505   0.056252  0.000267  16863.925    80.044586   0.187745   0.789230   -1000.262 0
 67.571070 -61.312180   0.056506  0.000020  16940.073     5.995849   0.187863   0.789729    -928.411 0
 67.549340 -61.574290   0.060880  0.000180  18251.365    53.962642   0.188444   0.792170     308.905 0
 67.994870 -61.273440   0.061956  0.000093  18573.942    27.880699   0.189332   0.795902     613.283 0
 67.939320 -61.631920   0.064640  0.000150  19378.584    44.968869   0.189524   0.796709    1372.532 0
 68.157150 -61.332726   0.059167  0.000107  17737.820    32.077793   0.189669   0.797319    -175.668 0
 67.718780 -61.630040   0.050660  0.001330  15187.486    99.990000   0.191218   0.803830   -2582.125 0
 67.991290 -61.270640   0.066250  0.000190  19861.250    56.960567   0.191275   0.804071    1827.968 0
 67.486910 -61.536190   0.059190  0.000270  17744.716    80.943964   0.191304   0.804194    -169.162 0
 68.241135 -61.429787   0.058884  0.000067  17652.979    20.086095   0.191521   0.805105    -255.723 0
 68.093320 -61.597470   0.058720  0.000120  17603.813    35.975095   0.191548   0.805221    -302.115 0
 67.469000 -61.521780   0.055790  0.000200  16725.421    59.958492   0.193000   0.811323   -1130.953 0
 67.443340 -61.480610   0.064980  0.000190  19480.514    56.960567   0.193413   0.813059    1468.711 0
 68.196175 -61.353040   0.059520  0.000240  17843.647    71.950190   0.194060   0.815777     -75.812 0
 68.196335 -61.352000   0.067677  0.000203  20289.054    60.857869   0.194638   0.818208    2231.638 0
 68.191270 -61.548946   0.057990  0.000120  17384.965    35.975095   0.194888   0.819262    -508.618 0
 67.618260 -61.284454   0.058530  0.000183  17546.853    54.862020   0.195610   0.822294    -355.863 0
 68.222110 -61.373040   0.063730  0.000250  19105.773    74.948115   0.196472   0.825920    1115.112 0
 67.458980 -61.375100   0.054310  0.000090  16281.728    26.981321   0.197227   0.829094   -1549.615 0
 67.499410 -61.558670   0.054320  0.000210  16284.726    62.956416   0.197653   0.830883   -1546.786 0
 67.967880 -61.639020   0.061830  0.000190  18536.168    56.960567   0.200079   0.841082     577.640 0
 68.150480 -61.586452   0.054388  0.000103  16305.112    30.878623   0.202051   0.849370   -1527.550 0
 67.490750 -61.334550   0.064100  0.000160  19216.697    47.966793   0.202818   0.852595    1219.777 0
 67.470505 -61.551205   0.056380  0.000190  16902.299    56.960567   0.205405   0.863471    -964.054 0
 68.201920 -61.329870   0.062773  0.000110  18818.872    32.977170   0.208663   0.877166     844.396 0
 67.419660 -61.503370   0.055560  0.000240  16656.469    71.950190   0.209399   0.880259   -1196.015 0
 68.213646 -61.334640   0.060468  0.000257  18127.850    77.046662   0.210696   0.885711     192.358 0
 68.243730 -61.360394   0.070482  0.000070  21129.972    20.985472   0.210998   0.886980    3025.115 0
 67.528984 -61.597650   0.059478  0.000163  17831.056    48.866171   0.211586   0.889453     -87.693 0
 68.003470 -61.250935   0.056762  0.000223  17016.820    66.853718   0.211739   0.890099    -855.994 0
 67.917540 -61.238693   0.058917  0.000370  17662.872    99.990000   0.212534   0.893437    -246.388 0
 67.774320 -61.237736   0.054950  0.000050  16473.596    14.989623   0.212916   0.895043   -1368.572 0
 67.980960 -61.244120   0.068700  0.000270  20595.742    80.943964   0.214537   0.901859    2521.023 0
 67.390526 -61.443787   0.057580  0.000160  17262.050    47.966793   0.215958   0.907834    -624.598 0
 68.163055 -61.295254   0.048900  0.000143  14659.851    42.870321   0.216534   0.910253   -3079.994 0
 68.270930 -61.376366   0.053710  0.000113  16101.853    33.876548   0.217093   0.912604   -1719.343 0
 67.913830 -61.664300   0.057580  0.000200  17262.050    59.958492   0.218829   0.919902    -624.598 0
 67.579800 -61.630190   0.055632  0.000173  16678.054    51.864095   0.221071   0.929328   -1175.648 0
 68.287560 -61.386690   0.054374  0.000153  16300.915    45.868246   0.221526   0.931238   -1531.510 0
 67.712790 -61.235172   0.064620  0.000160  19372.589    47.966793   0.221797   0.932378    1366.874 0
 67.709860 -61.235010   0.057043  0.000210  17101.061    62.956416   0.222347   0.934690    -776.505 0
 67.435250 -61.556410   0.054860  0.000250  16446.614    74.948115   0.222628   0.935871   -1394.031 0
 67.383790 -61.489690   0.073960  0.000790  22172.650    99.990000   0.223034   0.937579    4008.970 1
 67.475980 -61.309800   0.059070  0.000340  17708.740    99.990000   0.223144   0.938042    -203.108 0
 67.511280 -61.605770   0.062810  0.000110  18829.964    32.977170   0.223311   0.938744     854.862 0
 67.659996 -61.654540   0.043016  0.000033  12895.872     9.893151   0.224015   0.941701   -4744.457 1
 68.261100 -61.550580   0.054970  0.000250  16479.591    74.948115   0.224860   0.945253   -1362.914 0
 67.428980 -61.339350   0.064955  0.000267  19473.019    80.044586   0.225521   0.948032    1461.639 0
 68.231090 -61.319527   0.053730  0.000333  16107.849    99.830889   0.226013   0.950099   -1713.685 0
 67.376010 -61.486160   0.073780  0.000090  22118.688    26.981321   0.226069   0.950335    3958.052 1
 67.991260 -61.663070   0.052126  0.000183  15626.982    54.862020   0.226400   0.951728   -2167.424 0
 67.737110 -61.225890   0.055820  0.000230  16734.415    68.952265   0.227882   0.957959   -1122.466 0
 67.464420 -61.307850   0.058920  0.000200  17663.772    59.958492   0.228696   0.961380    -245.540 0
 68.229095 -61.310510   0.063420  0.000220  19012.838    65.954341   0.230498   0.968954    1027.419 0
 67.389280 -61.360535   0.056250  0.000170  16863.326    50.964718   0.233569   0.981865   -1000.828 0
 68.117360 -61.643810   0.057700  0.000390  17298.025    99.990000   0.235724   0.990922    -590.653 0
 67.500070 -61.277620   0.066690  0.000110  19993.159    32.977170   0.236294   0.993320    1952.435 0
 67.830620 -61.684658   0.058587  0.000100  17563.941    29.979246   0.236564   0.994453    -339.738 0
 68.307130 -61.366074   0.076549  0.000290  22948.813    86.939813   0.236859   0.995694    4741.346 1
 67.393600 -61.554090   0.066150  0.000110  19831.271    32.977170   0.239181   1.005458    1799.680 0
 67.515480 -61.265240   0.060912  0.000240  18260.958    71.950190   0.240532   1.011135     317.957 0
 67.522670 -61.638710   0.074138  0.000063  22226.013    18.886925   0.244220   1.026640    4059.323 1
 67.496690 -61.267720   0.059710  0.000210  17900.608    62.956416   0.244623   1.028334     -22.065 0
 68.156990 -61.641570   0.058100  0.000330  17417.942    98.931511   0.245018   1.029992    -477.501 0
 67.856710 -61.203030   0.058400  0.000160  17507.880    47.966793   0.245227   1.030872    -392.637 0
 68.239610 -61.603550   0.053160  0.000390  15936.967    99.990000   0.245380   1.031515   -1874.926 0
 68.144990 -61.248756   0.063374  0.000093  18999.047    27.880699   0.246365   1.035655    1014.406 0
 67.334360 -61.404290   0.061430  0.000700  18416.251    99.990000   0.246691   1.037026     464.488 0
 67.463480 -61.273050   0.055640  0.000280  16680.452    83.941888   0.251875   1.058818   -1173.385 0
 67.484630 -61.262410   0.065900  0.000280  19756.323    83.941888   0.252433   1.061164    1728.960 0
 67.879500 -61.702410   0.053520  0.000110  16044.892    32.977170   0.254872   1.071416   -1773.090 0
 67.950710 -61.198040   0.066000  0.000630  19786.302    99.990000   0.255433   1.073776    1757.248 0
 67.702290 -61.201320   0.063210  0.000090  18949.881    26.981321   0.255747   1.075093     968.014 0
 67.373380 -61.574833   0.066262  0.000093  19864.848    27.880699   0.257431   1.082176    1831.363 0
 67.432930 -61.616264   0.059031  0.000087  17697.049    26.081944   0.257947   1.084344    -214.140 0
 68.141910 -61.233025   0.057239  0.000050  17159.821    14.989623   0.258443   1.086430    -721.060 0
 67.713670 -61.196476   0.056612  0.000333  16971.851    99.830889   0.259081   1.089110    -898.426 0
 67.535730 -61.233120   0.054390  0.000200  16305.712    59.958492   0.260208   1.093849   -1526.984 0
 67.876910 -61.187760   0.061960  0.000150  18575.141    44.968869   0.260926   1.096865     614.415 0
 68.268760 -61.611870   0.051090  0.000120  15316.397    35.975095   0.261442   1.099037   -2460.487 0
 68.228516 -61.634820   0.062463  0.000050  18725.936    14.989623   0.262529   1.103605     756.703 0
 67.295950 -61.488144   0.064600  0.000100  19366.593    29.979246   0.264161   1.110464    1361.217 0
 68.112800 -61.214580   0.060472  0.000100  18129.050    29.979246   0.266979   1.122313     193.490 0
 67.367580 -61.591800   0.058060  0.000400  17405.950    99.990000   0.268529   1.128825    -488.816 0
 68.348320 -61.569260   0.058800  0.000150  17627.797    44.968869   0.270490   1.137071    -279.485 0
 67.305290 -61.534970   0.059730  0.000330  17906.604    98.931511   0.270937   1.138949     -16.407 0
 67.633670 -61.700090   0.056510  0.000030  16941.272     8.993774   0.270942   1.138969    -927.279 0
 68.062906 -61.697765   0.063840  0.000160  19138.751    47.966793   0.270967   1.139074    1146.228 0
 68.072270 -61.198746   0.057870  0.000150  17348.990    44.968869   0.272565   1.145792    -542.563 0
 67.425270 -61.634780   0.061780  0.000220  18521.178    65.954341   0.273040   1.147790     563.496 0
 67.687035 -61.184600   0.058771  0.000213  17619.103    63.855794   0.273805   1.151005    -287.689 0
 67.327750 -61.324940   0.058123  0.000100  17424.837    29.979246   0.275062   1.156289    -470.995 0
 67.320620 -61.331295   0.061049  0.000040  18302.030    11.991698   0.275356   1.157526     356.711 0
 67.737140 -61.719010   0.073990  0.000130  22181.644    38.973020   0.275472   1.158013    4017.457 1
 68.416540 -61.418820   0.058840  0.000070  17639.788    20.985472   0.276037   1.160388    -268.170 0
 67.426190 -61.256310   0.068110  0.000060  20418.864    17.987547   0.276324   1.161597    2354.124 0
 67.386310 -61.278200   0.060080  0.000300  18011.531    89.937737   0.276368   1.161783      82.601 0
 67.259560 -61.444860   0.071440  0.000300  21417.173    89.937737   0.278529   1.170866    3296.114 1
 67.401190 -61.265900   0.055920  0.000160  16764.394    47.966793   0.278680   1.171500   -1094.178 0
 68.227900 -61.234010   0.065320  0.000250  19582.443    74.948115   0.282544   1.187743    1564.890 0
 67.363530 -61.281036   0.057079  0.000173  17111.854    51.864095   0.283351   1.191134    -766.321 0
 67.744150 -61.165276   0.059815  0.000150  17932.086    44.968869   0.286745   1.205404       7.638 0
 67.939980 -61.731300   0.054690  0.000230  16395.650    68.952265   0.286965   1.206329   -1442.120 0
 67.408410 -61.245950   0.061095  0.000073  18315.820    21.884849   0.289637   1.217561     369.724 0
 68.448360 -61.434113   0.055168  0.000100  16538.950    29.979246   0.290022   1.219178   -1306.904 0
 67.550120 -61.193730   0.060160  0.000190  18035.514    56.960567   0.290229   1.220048     105.231 0
 68.414340 -61.350460   0.065790  0.000200  19723.346    59.958492   0.290353   1.220568    1697.844 0
 67.740480 -61.160870   0.060388  0.000267  18103.867    80.044586   0.291380   1.224889     169.728 0
 67.523964 -61.198574   0.066102  0.000123  19816.881    36.874472   0.292299   1.228751    1786.102 0
 67.682434 -61.163696   0.061000  0.000230  18287.340    68.952265   0.294544   1.238187     342.850 0
 67.633630 -61.727090   0.062880  0.001050  18850.950    99.990000   0.296220   1.245234     874.664 0
 67.389940 -61.239010   0.067120  0.000570  20122.070    99.990000   0.300805   1.264508    2074.074 0
 68.118800 -61.177530   0.062260  0.000200  18665.078    59.958492   0.301179   1.266079     699.278 0
 67.960495 -61.152237   0.060040  0.000210  17999.539    62.956416   0.301269   1.266459      71.286 0
 68.409670 -61.579500   0.069220  0.000040  20751.634    11.991698   0.301320   1.266674    2668.121 0
 68.376980 -61.610070   0.062830  0.000340  18835.960    99.990000   0.302537   1.271787     860.520 0
 67.575230 -61.173370   0.055150  0.000420  16533.554    99.990000   0.302985   1.273673   -1311.996 0
 67.532450 -61.183610   0.066610  0.001290  19969.176    99.990000   0.303174   1.274468    1929.805 0
 67.528970 -61.712060   0.063980  0.000190  19180.721    56.960567   0.303425   1.275520    1185.831 0
 68.281815 -61.227160   0.054107  0.000093  16220.871    27.880699   0.304918   1.281797   -1607.039 0
 67.411830 -61.677820   0.060340  0.000180  18089.477    53.962642   0.308333   1.296154     156.150 0
 67.823750 -61.756670   0.053977  0.000267  16181.898    80.044586   0.308637   1.297431   -1643.814 0
 68.298960 -61.229790   0.069220  0.000190  20751.634    56.960567   0.308755   1.297927    2668.121 0
 67.890850 -61.138947   0.059090  0.000190  17714.736    56.960567   0.310083   1.303512    -197.450 0
 68.297167 -61.669333   0.064354  0.000023  19292.844     6.895227   0.310142   1.303759    1291.628 0
 67.433320 -61.204067   0.066566  0.000300  19955.985    89.937737   0.312708   1.314544    1917.358 0
 67.975020 -61.140366   0.062170  0.000267  18638.097    80.044586   0.314265   1.321091     673.819 0
 68.323680 -61.233330   0.068600  0.000190  20565.763    56.960567   0.314791   1.323302    2492.735 0
 67.384120 -61.220200   0.056240  0.000090  16860.328    26.981321   0.316095   1.328784   -1003.657 0
 67.553940 -61.161545   0.065128  0.000047  19524.883    14.090246   0.318025   1.336895    1510.577 0
 68.447150 -61.589382   0.057750  0.000260  17313.014    77.946039   0.321752   1.352563    -576.509 0
 67.328950 -61.238644   0.054011  0.000080  16192.090    23.983397   0.322631   1.356260   -1634.196 0
 67.184395 -61.375480   0.062460  0.000170  18725.037    50.964718   0.322726   1.356657     755.854 0
 67.304184 -61.252323   0.063837  0.000597  19137.851    99.990000   0.323256   1.358886    1145.380 0
 68.094850 -61.148270   0.065700  0.000130  19696.364    38.973020   0.323276   1.358970    1672.384 0
 67.186060 -61.369610   0.061000  0.000220  18287.340    65.954341   0.323326   1.359181     342.850 0
 68.399826 -61.263836   0.064410  0.000070  19309.632    20.985472   0.324021   1.362100    1307.470 0
 67.257060 -61.280960   0.068160  0.000140  20433.854    41.970944   0.325869   1.369870    2368.268 0
 67.694080 -61.769520   0.056660  0.000180  16986.241    53.962642   0.329073   1.383339    -884.848 0
 67.267580 -61.264370   0.059241  0.000133  17760.005    39.872397   0.330494   1.389311    -154.735 0
 68.359760 -61.228363   0.056960  0.000210  17076.178    62.956416   0.330886   1.390958    -799.984 0
 67.424190 -61.713870   0.058434  0.000067  17518.072    20.086095   0.332463   1.397589    -383.019 0
 67.841300 -61.114010   0.057220  0.000200  17154.124    59.958492   0.334150   1.404683    -726.435 0
 67.798550 -61.114110   0.060969  0.000267  18278.046    80.044586   0.334703   1.407006     334.081 0
 67.620000 -61.766820   0.063170  0.000320  18937.890    95.933587   0.335902   1.412047     956.699 0
 67.556984 -61.140087   0.065220  0.000200  19552.464    59.958492   0.336900   1.416242    1536.602 0
 68.330950 -61.695020   0.067680  0.000053  20289.954    15.889000   0.339842   1.428608    2232.486 0
 67.896600 -61.787480   0.062890  0.000220  18853.948    65.954341   0.340312   1.430585     877.493 0
 68.292490 -61.712420   0.054940  0.000180  16470.598    53.962642   0.340789   1.432589   -1371.401 0
 68.039795 -61.119396   0.061090  0.000180  18314.321    53.962642   0.342050   1.437892     368.309 0
 68.332275 -61.697483   0.056582  0.000150  16962.857    44.968869   0.342068   1.437968    -906.912 0
 67.275180 -61.238850   0.054740  0.000100  16410.639    29.979246   0.342455   1.439595   -1427.976 0
 67.235830 -61.631660   0.054831  0.000410  16437.920    99.990000   0.343054   1.442113   -1402.234 0
 67.306340 -61.219880   0.061240  0.000160  18359.290    47.966793   0.343111   1.442351     410.741 0
 68.175120 -61.143710   0.057730  0.000310  17307.019    92.935662   0.343508   1.444022    -582.166 0
 68.495380 -61.301540   0.059330  0.000350  17786.687    99.990000   0.344874   1.449763    -129.559 0
 68.367380 -61.686080   0.056400  0.000230  16908.295    68.952265   0.345826   1.453762    -958.396 0
 67.512290 -61.140320   0.059271  0.000140  17768.999    41.970944   0.345890   1.454034    -146.249 0
 67.778620 -61.103325   0.065505  0.000267  19637.905    80.044586   0.346174   1.455229    1617.223 0
 67.272710 -61.663720   0.062130  0.000210  18626.105    62.956416   0.347235   1.459689     662.504 0
 67.195990 -61.608120   0.057310  0.000420  17181.106    99.990000   0.347854   1.462289    -700.976 0
 67.657120 -61.111042   0.062630  0.000170  18776.002    50.964718   0.348540   1.465172     803.944 0
 67.607620 -61.117300   0.063200  0.000230  18946.883    68.952265   0.349352   1.468586     965.185 0
 67.109470 -61.487700   0.059670  0.000200  17888.616    59.958492   0.352471   1.481697     -33.380 0
 67.258550 -61.231820   0.060230  0.000200  18056.500    59.958492   0.353044   1.484106     125.033 0
 67.566160 -61.776200   0.071440  0.000260  21417.173    77.946039   0.353590   1.486404    3296.114 1
 67.272270 -61.222607   0.053987  0.000040  16184.895    11.991698   0.353688   1.486813   -1640.985 0
 67.916850 -61.095040   0.063930  0.000360  19165.732    99.990000   0.354914   1.491970    1171.688 0
 68.514090 -61.294760   0.060930  0.000170  18266.354    50.964718   0.355858   1.495937     323.049 0
 67.615370 -61.787266   0.063444  0.000123  19020.033    36.874472   0.356025   1.496640    1034.208 0
 67.431625 -61.747463   0.065675  0.000130  19688.870    38.973020   0.357917   1.504591    1665.312 0
 67.896614 -61.091010   0.062156  0.000240  18633.900    71.950190   0.358093   1.505332     669.859 0
 68.569100 -61.537254   0.055872  0.000140  16750.004    41.970944   0.358633   1.507600   -1107.757 0
 67.500260 -61.128820   0.049450  0.000320  14824.737    95.933587   0.358747   1.508080   -2924.410 0
 68.559630 -61.568127   0.056376  0.000140  16901.100    41.970944   0.363246   1.526992    -965.185 0
 68.483680 -61.253010   0.060930  0.000260  18266.354    77.946039   0.363407   1.527668     323.049 0
 68.513500 -61.274130   0.067550  0.000230  20250.981    68.952265   0.364978   1.534275    2195.712 0
 67.536420 -61.113110   0.054720  0.000140  16404.643    41.970944   0.365552   1.536687   -1433.634 0
 68.110410 -61.102080   0.064140  0.000210  19228.688    62.956416   0.369047   1.551379    1231.092 0
 68.616200 -61.436280   0.057810  0.000780  17331.002    99.990000   0.370092   1.555772    -559.536 0
 67.512344 -61.784320   0.059960  0.000150  17975.556    44.968869   0.371308   1.560886      48.655 0
 67.884800 -61.818980   0.055220  0.000100  16554.540    29.979246   0.371377   1.561173   -1292.194 0
 67.167460 -61.255993   0.057420  0.000130  17214.083    38.973020   0.375438   1.578244    -669.859 0
 68.585160 -61.580630   0.058143  0.000123  17430.833    36.874472   0.378972   1.593102    -465.337 0
 67.118020 -61.292040   0.059680  0.000110  17891.614    32.977170   0.379736   1.596315     -30.551 0
 67.104220 -61.306760   0.052240  0.000240  15661.158    71.950190   0.380040   1.597590   -2135.176 0
 68.647740 -61.452700   0.058820  0.000760  17633.792    99.990000   0.385003   1.618453    -273.828 0
 68.561270 -61.272682   0.058744  0.000110  17611.008    32.977170   0.385857   1.622046    -295.326 0
 67.116670 -61.272220   0.065930  0.000200  19765.317    59.958492   0.388881   1.634756    1737.447 0
 67.472750 -61.101560   0.057330  0.000240  17187.102    71.950190   0.389004   1.635275    -695.318 0
 68.079880 -61.076027   0.066110  0.000240  19819.279    71.950190   0.389076   1.635576    1788.365 0
 68.240790 -61.787680   0.056460  0.000130  16926.282    38.973020   0.389299   1.636514    -941.423 0
 67.790380 -61.059395   0.058931  0.000267  17667.069    80.044586   0.389555   1.637591    -242.428 0
 68.565170 -61.265682   0.067140  0.000267  20128.066    80.044586   0.390738   1.642563    2079.731 0
 68.201170 -61.096050   0.066990  0.000080  20083.097    23.983397   0.391671   1.646485    2037.299 0
 68.429090 -61.721886   0.056050  0.000170  16803.367    50.964718   0.391906   1.647472   -1057.404 0
 67.173140 -61.676850   0.054150  0.000220  16233.762    65.954341   0.393167   1.652775   -1594.875 0
 68.408330 -61.161380   0.067140  0.000260  20128.066    77.946039   0.394258   1.657361    2079.731 0
 67.515170 -61.810300   0.058490  0.000190  17534.861    56.960567   0.394446   1.658150    -367.178 0
 68.018710 -61.834580   0.059160  0.000430  17735.722    99.990000   0.395515   1.662642    -177.648 0
 68.670790 -61.419480   0.057810  0.000220  17331.002    65.954341   0.397030   1.669013    -559.536 0
 67.058240 -61.303590   0.055450  0.000110  16623.492    32.977170   0.401652   1.688442   -1227.132 0
 67.655556 -61.055088   0.057560  0.000190  17256.054    56.960567   0.403075   1.694426    -630.256 0
 67.572770 -61.831440   0.058230  0.000090  17456.915    26.981321   0.404346   1.699767    -440.726 0
 67.747420 -61.045662   0.056560  0.000160  16956.261    47.966793   0.405043   1.702698    -913.136 0
 67.460090 -61.084400   0.065490  0.000240  19633.408    71.950190   0.407048   1.711126    1612.980 0
 67.960330 -61.042630   0.058010  0.000080  17390.960    23.983397   0.409437   1.721168    -502.960 0
 66.983730 -61.461610   0.057290  0.000270  17175.110    80.943964   0.410564   1.725907    -706.633 0
 68.432076 -61.144110   0.067490  0.000200  20232.993    59.958492   0.414624   1.742974    2178.739 0
 67.264130 -61.757770   0.060280  0.000530  18071.489    99.990000   0.414987   1.744499     139.177 0
 67.376680 -61.799200   0.061910  0.000730  18560.151    99.990000   0.415631   1.747209     600.271 0
 68.708380 -61.487885   0.059790  0.000220  17924.591    65.954341   0.415861   1.748173       0.566 0
 68.717350 -61.447010   0.051020  0.000230  15295.411    68.952265   0.418248   1.758207   -2480.289 0
 68.566765 -61.212160   0.058670  0.000190  17588.824    56.960567   0.419048   1.761572    -316.259 0
 68.613800 -61.650192   0.056810  0.000210  17031.210    62.956416   0.420472   1.767556    -842.416 0
 67.873795 -61.868813   0.061360  0.000180  18395.265    53.962642   0.420923   1.769452     444.687 0
 67.864250 -61.026924   0.064208  0.000267  19249.074    80.044586   0.421367   1.771319    1250.328 0
 66.980060 -61.543324   0.057320  0.000090  17184.104    26.981321   0.422943   1.777945    -698.147 0
 67.096810 -61.215813   0.055840  0.000050  16740.411    14.989623   0.425362   1.788112   -1116.809 0
 67.843796 -61.875435   0.063610  0.000170  19069.798    50.964718   0.427276   1.796158    1081.166 0
 68.721890 -61.369480   0.057810  0.000180  17331.002    53.962642   0.427715   1.798006    -559.536 0
 68.000830 -61.869278   0.056055  0.000110  16804.866    32.977170   0.427882   1.798709   -1055.990 0
 68.722640 -61.362965   0.057927  0.000267  17366.078    80.044586   0.429313   1.804722    -526.439 0
 67.114570 -61.189440   0.059010  0.000170  17690.753    50.964718   0.433482   1.822248    -220.080 0
 67.321450 -61.089180   0.063300  0.000730  18976.863    99.990000   0.436844   1.836380     993.473 0
 67.676860 -61.884880   0.057540  0.000150  17250.058    44.968869   0.443818   1.865700    -635.913 0
 67.166725 -61.141068   0.057820  0.000150  17334.000    44.968869   0.445598   1.873180    -556.707 0
 67.988580 -61.006890   0.060650  0.000100  18182.413    29.979246   0.446776   1.878134     243.842 0
 66.906000 -61.433480   0.058130  0.000160  17426.936    47.966793   0.447736   1.882167    -469.014 0
 67.058610 -61.202740   0.076120  0.000250  22820.202    74.948115   0.447797   1.882424    4619.990 1
 68.018570 -61.888890   0.059290  0.000110  17774.695    32.977170   0.448713   1.886273    -140.874 0
 66.939980 -61.315426   0.056966  0.000077  17077.977    23.084019   0.451219   1.896809    -798.286 0
 67.373200 -61.047200   0.055760  0.000250  16716.427    74.948115   0.459383   1.931127   -1139.439 0
 68.800780 -61.487040   0.053850  0.000070  16143.824    20.985472   0.459769   1.932751   -1679.739 0
 67.147960 -61.124510   0.062450  0.000210  18722.039    62.956416   0.463544   1.948622     753.026 0
 67.064964 -61.169780   0.066010  0.000080  19789.300    23.983397   0.464242   1.951556    1760.077 0
 66.978546 -61.233150   0.055080  0.000250  16512.569    74.948115   0.465458   1.956666   -1331.797 0
 68.755050 -61.282490   0.058170  0.000310  17438.927    92.935662   0.466662   1.961730    -457.699 0
 67.139380 -61.773840   0.061490  0.000230  18434.238    68.952265   0.467900   1.966931     481.461 0
 67.823070 -60.978954   0.059331  0.000143  17786.986    42.870321   0.469296   1.972800    -129.276 0
 67.032480 -61.180640   0.053250  0.000060  15963.948    17.987547   0.470499   1.977859   -1849.467 0
 67.134290 -61.780334   0.061040  0.000333  18299.332    99.830889   0.474176   1.993314     354.165 0
 68.833110 -61.524130   0.055430  0.000250  16617.496    74.948115   0.479629   2.016238   -1232.790 0
 67.298230 -61.042995   0.053427  0.000267  16017.012    80.044586   0.481428   2.023801   -1799.397 0
 66.879400 -61.303810   0.055520  0.000790  16644.477    99.990000   0.482316   2.027535   -1207.330 0
 68.038480 -60.974930   0.057560  0.000080  17256.054    23.983397   0.482432   2.028022    -630.256 0
 67.731070 -61.928030   0.056280  0.000240  16872.320    71.950190   0.482804   2.029587    -992.342 0
 68.577430 -61.781560   0.053680  0.000130  16092.859    38.973020   0.484373   2.036180   -1727.829 0
 67.417350 -61.007330   0.063960  0.000120  19174.726    35.975095   0.485364   2.040346    1180.174 0
 66.946600 -61.219013   0.059965  0.000100  17977.055    29.979246   0.485561   2.041175      50.070 0
 67.229416 -61.835520   0.064860  0.000090  19444.539    26.981321   0.485642   2.041516    1434.766 0
 67.051320 -61.143300   0.065730  0.000230  19705.358    68.952265   0.485647   2.041536    1680.871 0
 68.237292 -61.895778   0.059970  0.000170  17978.554    50.964718   0.485806   2.042205      51.484 0
 68.027930 -60.970350   0.059020  0.000150  17693.751    44.968869   0.485980   2.042935    -217.252 0
 67.604164 -61.922810   0.059680  0.000080  17891.614    23.983397   0.488103   2.051859     -30.551 0
 68.501076 -61.827248   0.053960  0.000210  16176.801    62.956416   0.492804   2.071621   -1648.623 0
 68.619320 -61.773540   0.054930  0.000280  16467.600    83.941888   0.493766   2.075665   -1374.229 0
 67.276490 -61.033787   0.064890  0.000130  19453.533    38.973020   0.494804   2.080030    1443.252 0
 66.808290 -61.493660   0.058260  0.000060  17465.909    17.987547   0.496286   2.086260    -432.240 0
 66.926530 -61.210970   0.059538  0.000150  17849.043    44.968869   0.497821   2.092711     -70.720 0
 68.858760 -61.557228   0.054560  0.000190  16356.677    56.960567   0.497926   2.093154   -1478.895 0
 68.632430 -61.776360   0.056200  0.000240  16848.336    71.950190   0.500341   2.103306   -1014.972 0
 67.596610 -60.961120   0.057580  0.000210  17262.050    62.956416   0.500993   2.106048    -624.598 0
 67.356830 -61.001770   0.060590  0.000280  18164.425    83.941888   0.503087   2.114851     226.869 0
 66.789670 -61.487938   0.061600  0.000170  18467.215    50.964718   0.504666   2.121485     512.578 0
 68.682860 -61.757970   0.056249  0.000100  16863.026    29.979246   0.507341   2.132731   -1001.111 0
 67.331970 -61.894060   0.062780  0.000050  18820.971    14.989623   0.508247   2.136539     846.376 0
 68.349530 -60.998875   0.057000  0.000200  17088.170    59.958492   0.510526   2.146121    -788.668 0
 66.789390 -61.551860   0.056920  0.000270  17064.187    80.943964   0.513803   2.159896    -811.299 0
 68.121150 -60.951530   0.059510  0.000260  17840.649    77.946039   0.514206   2.161590     -78.641 0
 67.246540 -61.017548   0.057320  0.000070  17184.104    20.985472   0.516236   2.170124    -698.147 0
 67.605550 -61.952274   0.060110  0.000190  18020.525    56.960567   0.516655   2.171885      91.087 0
 66.855780 -61.236530   0.076530  0.000340  22943.117    99.990000   0.516815   2.172558    4735.971 1
 67.942830 -60.933290   0.057420  0.000170  17214.083    50.964718   0.517108   2.173792    -669.859 0
 68.630260 -61.093440   0.060620  0.000280  18173.419    83.941888   0.517368   2.174884     235.356 0
 66.844574 -61.235428   0.058644  0.000100  17581.029    29.979246   0.522154   2.195001    -323.614 0
 68.189540 -61.946030   0.057720  0.000220  17304.021    65.954341   0.524808   2.206158    -584.995 0
 66.954620 -61.137745   0.055939  0.000133  16770.090    39.872397   0.525691   2.209873   -1088.804 0
 68.668480 -61.796400   0.062220  0.000170  18653.087    50.964718   0.526506   2.213295     687.963 0
 66.751170 -61.375340   0.056680  0.000180  16992.237    53.962642   0.526556   2.213509    -879.190 0
 66.774890 -61.314730   0.071960  0.000140  21573.065    41.970944   0.527320   2.216719    3443.211 1
 68.612335 -61.069813   0.059800  0.000230  17927.589    68.952265   0.527835   2.218885       3.395 0
 68.389530 -61.909210   0.056730  0.000080  17007.226    23.983397   0.530078   2.228312    -865.046 0
 66.732704 -61.443367   0.056880  0.000170  17052.195    50.964718   0.530344   2.229432    -822.614 0
 66.952550 -61.127480   0.058550  0.000180  17552.848    53.962642   0.532607   2.238944    -350.205 0
 66.781460 -61.278282   0.076243  0.000267  22857.076    80.044586   0.534722   2.247834    4654.785 1
 68.267670 -60.951610   0.061280  0.000190  18371.282    56.960567   0.536564   2.255578     422.056 0
 67.626630 -61.976860   0.064180  0.000140  19240.680    41.970944   0.538653   2.264358    1242.407 0
 68.157130 -60.929950   0.057590  0.000130  17265.048    38.973020   0.539618   2.268418    -621.769 0
 68.513100 -61.011600   0.058690  0.000230  17594.819    68.952265   0.541650   2.276958    -310.602 0
 68.401024 -60.975540   0.060710  0.000130  18200.400    38.973020   0.542853   2.282015     260.815 0
 68.664430 -61.824700   0.059450  0.000960  17822.662    99.990000   0.544237   2.287836     -95.613 0
 67.716000 -60.905727   0.062980  0.000100  18880.929    29.979246   0.545780   2.294321     902.952 0
 67.557990 -61.977970   0.057360  0.001100  17196.095    99.990000   0.546956   2.299262    -686.832 0
 68.522790 -61.887980   0.067850  0.000080  20340.918    23.983397   0.547022   2.299540    2280.576 0
 67.317510 -60.958160   0.061150  0.000100  18332.309    29.979246   0.550461   2.313996     385.282 0
 68.807090 -61.749410   0.067810  0.000100  20328.927    29.979246   0.550817   2.315495    2269.261 0
 67.804054 -60.894450   0.061623  0.000267  18474.111    80.044586   0.554011   2.328922     519.084 0
 66.981660 -61.072140   0.062970  0.000230  18877.931    68.952265   0.557302   2.342757     900.123 0
 68.252750 -61.970580   0.057130  0.000140  17127.143    41.970944   0.558044   2.345874    -751.894 0
 67.662810 -60.896717   0.061926  0.000163  18564.948    48.866171   0.558074   2.346001     604.797 0
 68.759160 -61.797600   0.056620  0.000200  16974.249    59.958492   0.560494   2.356174    -896.163 0
 68.826290 -61.140960   0.060960  0.000200  18275.348    59.958492   0.561754   2.361471     331.535 0
 67.462930 -60.910920   0.061300  0.000120  18377.278    35.975095   0.567009   2.383563     427.714 0
 67.281360 -60.946160   0.061670  0.000120  18488.201    35.975095   0.569101   2.392358     532.380 0
 68.817280 -61.111023   0.061070  0.000210  18308.325    62.956416   0.575174   2.417884     362.652 0
 68.236600 -61.994995   0.056119  0.000267  16824.053    80.044586   0.578403   2.431457   -1037.885 0
 66.745110 -61.202530   0.065590  0.000140  19663.387    41.970944   0.579070   2.434263    1641.268 0
 68.661150 -61.020775   0.059470  0.000250  17828.657    74.948115   0.579517   2.436143     -89.956 0
 67.197230 -60.956085   0.061670  0.000260  18488.201    77.946039   0.580678   2.441023     532.380 0
 67.361920 -60.913204   0.073250  0.000220  21959.798    65.954341   0.582141   2.447171    3808.126 1
 68.813130 -61.096070   0.061629  0.000123  18475.909    36.874472   0.582483   2.448609     520.781 0
 67.357810 -60.913210   0.073830  0.000150  22133.677    44.968869   0.582913   2.450417    3972.196 1
 66.816560 -61.769680   0.069380  0.000080  20799.601    23.983397   0.586271   2.464534    2713.382 1
 68.799930 -61.078980   0.059800  0.000790  17927.589    99.990000   0.588046   2.471993       3.395 0
 67.014516 -61.883337   0.062720  0.000070  18802.983    20.985472   0.588134   2.472366     829.403 0
 66.948260 -61.853430   0.069520  0.000130  20841.572    38.973020   0.588920   2.475668    2752.985 1
 66.656040 -61.278010   0.057006  0.000267  17089.969    80.044586   0.591946   2.488389    -786.971 0
 66.949000 -61.031360   0.070550  0.000210  21150.358    62.956416   0.596660   2.508205    3044.351 1
 66.602500 -61.351940   0.057263  0.000140  17167.016    41.970944   0.600315   2.523573    -714.271 0
 67.360000 -60.892750   0.063450  0.000140  19021.831    41.970944   0.601342   2.527889    1035.905 0
 67.376960 -60.889390   0.064000  0.000040  19186.717    11.991698   0.601402   2.528142    1191.489 0
 68.413760 -61.984210   0.060050  0.000060  18002.537    17.987547   0.601629   2.529095      74.114 0
 68.680010 -61.897470   0.058670  0.000220  17588.824    65.954341   0.601830   2.529939    -316.259 0
 68.556770 -60.951770   0.065570  0.000040  19657.391    11.991698   0.602514   2.532814    1635.610 0
 67.002090 -61.900670   0.059070  0.000190  17708.740    56.960567   0.604998   2.543257    -203.108 0
 66.953800 -61.880680   0.069250  0.000260  20760.628    77.946039   0.606136   2.548039    2676.607 1
 68.560580 -60.948190   0.065680  0.000110  19690.369    32.977170   0.606496   2.549553    1666.727 0
 66.902880 -61.035020   0.059400  0.000210  17807.672    62.956416   0.610142   2.564882    -109.757 0
 69.124146 -61.446117   0.059584  0.000183  17862.834    54.862020   0.612679   2.575548     -57.707 0
 66.664750 -61.204514   0.056586  0.000200  16964.056    59.958492   0.613277   2.578061    -905.781 0
 66.853100 -61.057130   0.061270  0.000280  18368.284    83.941888   0.613534   2.579142     419.228 0
 67.135360 -60.931602   0.060900  0.000100  18257.361    29.979246   0.617243   2.594734     314.562 0
 66.940550 -61.891010   0.069010  0.000080  20688.678    23.983397   0.617949   2.597702    2608.716 1
 67.293700 -60.885640   0.059951  0.000183  17972.858    54.862020   0.620624   2.608943      46.109 0
 68.739470 -61.897610   0.053820  0.000060  16134.830    17.987547   0.621201   2.611371   -1688.226 1
 68.687460 -61.922180   0.057807  0.000170  17330.103    50.964718   0.622799   2.618089    -560.385 0
 67.164750 -60.912308   0.058020  0.000220  17393.958    65.954341   0.626099   2.631960    -500.131 0
 66.830810 -61.848000   0.056950  0.000210  17073.180    62.956416   0.627359   2.637256    -802.812 0
 67.112310 -61.969880   0.058870  0.000220  17648.782    65.954341   0.627626   2.638382    -259.684 0
 67.048744 -61.948690   0.059530  0.000220  17846.645    65.954341   0.627994   2.639925     -72.983 0
 66.808540 -61.060340   0.062180  0.000170  18641.095    50.964718   0.628105   2.640393     676.648 0
 67.298200 -62.026073   0.056296  0.000210  16877.116    62.956416   0.633723   2.664011    -987.816 0
 67.075000 -61.965660   0.059730  0.000190  17906.604    56.960567   0.634264   2.666283     -16.407 0
 67.374280 -60.852993   0.057243  0.000190  17161.020    56.960567   0.635811   2.672789    -719.929 0
 68.453890 -60.875866   0.058744  0.000133  17611.008    39.872397   0.642631   2.701455    -295.326 0
 68.468544 -60.879230   0.076109  0.000267  22816.904    80.044586   0.642868   2.702452    4616.879 1
 66.949000 -60.966260   0.075120  0.000150  22520.409    44.968869   0.643823   2.706468    4337.111 1
 68.488716 -60.883007   0.058257  0.000230  17465.009    68.952265   0.644096   2.707617    -433.089 0
 67.021830 -61.963290   0.056330  0.000440  16887.309    99.990000   0.647401   2.721508    -978.198 0
 69.165146 -61.621876   0.055792  0.000267  16726.021    80.044586   0.655702   2.756404   -1130.387 0
 67.303215 -60.838642   0.063861  0.000187  19145.046    56.061190   0.661735   2.781765    1152.169 0
 66.866200 -60.973630   0.060850  0.000120  18242.371    35.975095   0.665445   2.797362     300.418 0
 67.318810 -60.830850   0.060008  0.000240  17989.946    71.950190   0.666083   2.800045      62.234 0
 68.818700 -61.923650   0.057390  0.000160  17205.089    47.966793   0.666249   2.800740    -678.345 0
 67.405980 -62.081490   0.057830  0.000267  17336.998    80.044586   0.666776   2.802958    -553.878 0
 67.013350 -61.988000   0.056010  0.000230  16791.376    68.952265   0.669620   2.814913   -1068.719 0
 67.014640 -61.990050   0.056152  0.000267  16833.946    80.044586   0.670910   2.820336   -1028.550 0
 67.718414 -60.778137   0.061580  0.000333  18461.220    99.830889   0.672633   2.827578     506.920 0
 66.723890 -61.858250   0.056330  0.000070  16887.309    20.985472   0.673722   2.832157    -978.198 0
 68.516080 -60.853450   0.059644  0.000267  17880.821    80.044586   0.676310   2.843035     -40.735 0
 69.004700 -61.840897   0.059077  0.000093  17710.839    27.880699   0.680381   2.860149    -201.127 0
 67.264040 -62.070805   0.055889  0.000143  16755.101    42.870321   0.681224   2.863693   -1102.948 0
 66.969090 -60.903150   0.058520  0.000310  17543.855    92.935662   0.686447   2.885648    -358.691 0
 68.832530 -60.942880   0.070250  0.000130  21060.420    38.973020   0.692328   2.910370    2959.487 1
 67.244660 -60.817204   0.061609  0.000133  18469.914    39.872397   0.692597   2.911502     515.124 0
 67.139305 -60.838570   0.071032  0.000163  21294.858    48.866171   0.696051   2.926020    3180.699 1
 67.368600 -62.108273   0.056289  0.000267  16875.018    80.044586   0.697856   2.933610    -989.796 0
 68.476820 -60.818096   0.059091  0.000233  17715.036    69.851643   0.699258   2.939503    -197.167 0
 66.382770 -61.390705   0.076199  0.000267  22843.886    80.044586   0.699937   2.942356    4642.338 1
 68.965810 -61.897860   0.067810  0.000267  20328.927    80.044586   0.700427   2.944416    2269.261 1
 69.244880 -61.237656   0.057546  0.000133  17251.857    39.872397   0.702654   2.953779    -634.216 0
 66.675130 -61.017986   0.058614  0.000267  17572.035    80.044586   0.704440   2.961285    -332.101 0
 66.919670 -60.897026   0.076020  0.000170  22790.223    50.964718   0.705830   2.967129    4591.702 1
 68.153260 -60.756240   0.076226  0.000150  22851.980    44.968869   0.707705   2.975011    4649.976 1
 68.641624 -62.045464   0.058330  0.000267  17486.894    80.044586   0.709039   2.980619    -412.439 0
 67.597970 -60.747210   0.061362  0.000267  18395.865    80.044586   0.710609   2.987219     445.253 0
 67.217804 -60.802230   0.064214  0.000267  19250.873    80.044586   0.711553   2.991189    1252.025 0
 66.486350 -61.150960   0.057256  0.000170  17164.917    50.964718   0.712966   2.997127    -716.251 0
 69.185960 -61.137170   0.057780  0.000267  17322.008    80.044586   0.713556   2.999606    -568.022 0
 69.333950 -61.483530   0.059294  0.000267  17775.894    80.044586   0.713829   3.000757    -139.743 0
 68.675410 -62.044693   0.061763  0.000090  18516.082    26.981321   0.717228   3.015042     558.687 0
 67.306330 -60.769585   0.064575  0.000170  19359.098    50.964718   0.725314   3.049034    1354.145 1
 68.245700 -60.746086   0.061389  0.000267  18403.959    80.044586   0.728071   3.060624     452.890 0
 69.138470 -61.062730   0.070262  0.000267  21064.018    80.044586   0.729633   3.067190    2962.881 1
 66.392586 -61.203000   0.057120  0.000333  17124.145    99.830889   0.734977   3.089654    -754.723 0
 69.349320 -61.295837   0.067016  0.000183  20090.891    54.862020   0.736229   3.094917    2044.654 1
 66.353165 -61.216984   0.058334  0.000120  17488.093    35.975095   0.748328   3.145779    -411.307 0
 67.762940 -60.700350   0.061449  0.000180  18421.947    53.962642   0.748771   3.147641     469.863 0
 66.839775 -60.865130   0.060365  0.000180  18096.972    53.962642   0.754656   3.172384     163.222 0
 67.525370 -62.188150   0.057663  0.000267  17286.933    80.044586   0.755332   3.175224    -601.119 0
 66.255585 -61.465595   0.076423  0.000267  22911.039    80.044586   0.758564   3.188809    4705.703 1
 66.992455 -62.094097   0.061359  0.000103  18394.965    30.878623   0.763028   3.207575     444.404 0
 66.298420 -61.192413   0.057550  0.000100  17253.056    29.979246   0.780954   3.282930    -633.085 0
 69.381210 -61.105340   0.066449  0.000233  19920.909    69.851643   0.811508   3.411374    1884.261 1
 66.182930 -61.658040   0.057773  0.000667  17319.910    99.990000   0.820390   3.448711    -570.002 0
 69.029045 -62.042294   0.058837  0.000103  17638.889    30.878623   0.821423   3.453054    -269.019 0
 69.570620 -61.548374   0.057696  0.000123  17296.826    36.874472   0.832126   3.498047    -591.784 0
 66.087460 -61.401146   0.058530  0.000203  17546.853    60.857869   0.840036   3.531297    -355.863 0
 66.415240 -60.945330   0.061322  0.000170  18383.873    50.964718   0.847371   3.562133     433.937 0
 66.182710 -61.087444   0.057950  0.000213  17372.973    63.855794   0.871363   3.662987    -519.933 0
 67.293950 -60.616856   0.060342  0.000133  18090.077    39.872397   0.871636   3.664134     156.715 0
 66.819710 -62.175198   0.058687  0.000113  17593.920    33.876548   0.876042   3.682655    -311.450 0
 67.006500 -62.237885   0.055472  0.000123  16630.087    36.874472   0.885005   3.720337   -1220.909 1
 67.133354 -62.266890   0.059548  0.000180  17852.041    53.962642   0.886073   3.724824     -67.891 0
 67.219765 -60.607340   0.064695  0.000130  19395.073    38.973020   0.891909   3.749360    1388.090 1
 69.355700 -61.971640   0.057466  0.000120  17227.873    35.975095   0.892896   3.753508    -656.847 0
 67.157600 -60.615040   0.059017  0.000150  17692.851    44.968869   0.895084   3.762707    -218.100 0
 69.497260 -61.023460   0.057326  0.000160  17185.902    47.966793   0.897810   3.774163    -696.450 0
 67.773300 -62.348730   0.061526  0.000133  18445.031    39.872397   0.901173   3.788302     491.645 0
 69.621635 -61.799710   0.069000  0.000333  20685.680    99.830889   0.920248   3.868490    2605.887 1
 66.044716 -61.053017   0.057106  0.000150  17119.948    44.968869   0.945661   3.975318    -758.683 1
 68.694200 -60.589455   0.058684  0.000133  17593.021    39.872397   0.950353   3.995043    -312.299 0
 66.270500 -62.047070   0.049811  0.000267  14932.962    80.044586   0.960753   4.038762   -2822.290 1
 69.143370 -62.186600   0.059167  0.000230  17737.820    68.952265   0.965406   4.058320    -175.668 0
 66.919075 -62.335102   0.061309  0.000117  18379.976    35.075718   0.990638   4.164390     430.260 0
 66.296210 -60.782080   0.061040  0.000333  18299.332    99.830889   0.994839   4.182049     354.165 0
 65.907250 -61.077610   0.059570  0.000150  17858.637    44.968869   0.996322   4.188283     -61.668 0
 69.422646 -62.102226   0.058150  0.000143  17432.931    42.870321   0.999174   4.200272    -463.357 0
 68.696250 -62.360580   0.062453  0.000133  18722.938    39.872397   0.999553   4.201866     753.874 0
 66.216400 -60.794548   0.061519  0.000193  18442.932    57.859944   1.015421   4.268573     489.665 0
 68.870094 -62.355038   0.062026  0.000120  18594.927    35.975095   1.031385   4.335680     633.085 0
 66.102840 -60.835000   0.073780  0.000333  22118.688    99.830889   1.033024   4.342570    3958.052 1
 65.818210 -61.962082   0.057980  0.000333  17381.967    99.830889   1.095443   4.604962    -511.446 0
 67.033540 -60.395000   0.058500  0.000333  17537.859    99.830889   1.121854   4.715989    -364.349 0
 69.207350 -60.482235   0.060068  0.000150  18007.933    44.968869   1.165630   4.900012      79.206 0
 65.989870 -60.681670   0.061839  0.000180  18538.866    53.962642   1.171057   4.922825     580.186 0
 65.333300 -61.489820   0.067937  0.000150  20367.000    44.968869   1.199896   5.044058    2305.186 1
 65.409690 -61.067814   0.056649  0.000150  16982.943    44.968869   1.223293   5.142412    -887.959 1
 70.013214 -62.113180   0.058894  0.000150  17655.977    44.968869   1.232430   5.180823    -252.894 0
 67.604860 -60.200417   0.072800  0.000103  21824.891    30.878623   1.252892   5.266839    3680.830 1
 66.935840 -60.234470   0.059770  0.000333  17918.595    99.830889   1.288695   5.417344      -5.092 0
 66.294876 -60.391876   0.071833  0.000103  21534.992    30.878623   1.289465   5.420583    3407.285 1
 67.016920 -60.209263   0.057573  0.000150  17259.951    44.968869   1.300185   5.465646    -626.578 0
 70.379980 -62.128740   0.053991  0.000127  16186.095    38.073642   1.390802   5.846578   -1639.853 1
 65.156910 -62.001915   0.061950  0.000333  18572.143    99.830889   1.397842   5.876173     611.586 1
 66.823050 -60.122646   0.065268  0.000103  19566.854    30.878623   1.412195   5.936507    1550.180 1
 66.612366 -60.145260   0.058027  0.000150  17396.057    44.968869   1.429371   6.008713    -498.151 1
 70.882350 -61.397360   0.060700  0.000333  18197.402    99.830889   1.453904   6.111841     257.986 1
 66.863670 -60.026470   0.061809  0.000150  18529.872    44.968869   1.496653   6.291549     571.700 1
 65.116380 -62.189450   0.055709  0.000150  16701.138    44.968869   1.498976   6.301315   -1153.866 1
 66.146930 -60.179256   0.058500  0.000150  17537.859    44.968869   1.505555   6.328970    -364.349 1
 65.584460 -60.392360   0.071920  0.000333  21561.074    99.830889   1.509714   6.346451    3431.896 1
 66.783210 -60.000587   0.059845  0.000133  17941.080    39.872397   1.533522   6.446534      16.124 1
 65.119460 -60.526860   0.058880  0.000103  17651.780    30.878623   1.594484   6.702805    -256.855 1
 70.023674 -60.229267   0.061529  0.000123  18445.930    36.874472   1.603974   6.742698     492.493 1
 66.748440 -59.841400   0.061769  0.000150  18517.880    44.968869   1.689674   7.102960     560.385 1
 69.055140 -59.860435   0.059348  0.000150  17792.083    44.968869   1.690241   7.105344    -124.467 1
 64.603167 -62.348222   0.057286  0.000280  17173.911    83.941888   1.790770   7.527941    -707.765 1
 66.668686 -59.713490   0.072667  0.000150  21785.019    44.968869   1.823105   7.663868    3643.207 1
 66.809700 -59.610550   0.059581  0.000150  17861.934    44.968869   1.902728   7.998584     -58.556 1
 65.413760 -63.027126   0.055248  0.000150  16562.934    44.968869   1.959693   8.238050   -1284.274 1
 63.793490 -61.840282   0.054628  0.000150  16377.062    44.968869   1.974460   8.300125   -1459.659 1
 63.756760 -60.996105   0.055889  0.000223  16755.101    66.853718   2.004329   8.425690   -1102.948 1
 64.543310 -60.183697   0.063754  0.000260  19112.968    77.946039   2.021141   8.496363    1121.901 1
 63.634068 -61.237385   0.056559  0.000150  16955.962    44.968869   2.022341   8.501406    -913.418 1
 69.216330 -59.525890   0.060558  0.000160  18154.832    47.966793   2.031360   8.539320     217.817 1
 68.803050 -59.462460   0.058721  0.000207  17604.113    62.057039   2.038106   8.567678    -301.833 1
 69.996000 -59.681590   0.059861  0.000053  17945.876    15.889000   2.044602   8.594985      20.650 1
 64.968490 -63.010723   0.062637  0.000150  18778.100    44.968869   2.080433   8.745611     805.924 1
 69.693130 -59.552433   0.059361  0.000150  17795.980    44.968869   2.091970   8.794111    -120.790 1
 63.418500 -61.544758   0.056579  0.000150  16961.957    44.968869   2.116564   8.897496    -907.761 1
 63.496210 -61.907112   0.061860  0.000333  18545.161    99.830889   2.127314   8.942687     586.127 1
 63.458206 -60.953590   0.056369  0.000150  16899.001    44.968869   2.152956   9.050479    -967.166 1
 69.627970 -59.454075   0.058847  0.000150  17641.887    44.968869   2.169056   9.118159    -266.190 1
 63.304234 -61.231390   0.054508  0.000150  16341.087    44.968869   2.179778   9.163230   -1493.605 1
 63.289510 -61.240050   0.055125  0.000133  16526.059    39.872397   2.185939   9.189130   -1319.068 1
 68.050010 -59.256203   0.058030  0.000150  17396.956    44.968869   2.194205   9.223877    -497.302 1
 63.511500 -60.698140   0.059890  0.000333  17954.570    99.830889   2.201602   9.254975      28.854 1
 63.860043 -62.564110   0.059400  0.000333  17807.672    99.830889   2.206349   9.274930    -109.757 1
 66.963680 -63.666100   0.057500  0.000300  17238.066    89.937737   2.257343   9.489294    -647.229 1
 63.212390 -62.028040   0.058530  0.000150  17546.853    44.968869   2.287587   9.616431    -355.863 1
 63.009710 -61.601444   0.060120  0.000333  18023.523    99.830889   2.314822   9.730921      93.916 1
 64.564630 -59.705418   0.060620  0.000333  18173.419    99.830889   2.343345   9.850824     235.356 1
 63.652880 -62.706550   0.059548  0.000150  17852.041    44.968869   2.364930   9.941563     -67.891 1
 63.178375 -60.589333   0.059830  0.000333  17936.583    99.830889   2.388847  10.042106      11.881 1
 63.399967 -60.320970   0.059668  0.000143  17888.016    42.870321   2.403873  10.105269     -33.946 1
 63.718918 -62.837444   0.044331  0.000333  13290.099    99.830889   2.411235  10.136218   -4372.471 1
 63.337482 -62.544178   0.061706  0.000150  18498.993    44.968869   2.415992  10.156213     542.563 1
 63.220250 -60.358807   0.059140  0.000333  17729.726    99.830889   2.463102  10.354251    -183.306 1
 64.224200 -63.203980   0.060352  0.000150  18093.074    44.968869   2.464403  10.359723     159.544 1
 62.599290 -61.322453   0.058440  0.000150  17519.871    44.968869   2.509054  10.547424    -381.322 1
 62.781250 -60.751770   0.059868  0.000150  17947.975    44.968869   2.517182  10.581590      22.630 1
 66.483710 -58.950417   0.073110  0.000333  21917.827    99.830889   2.580765  10.848880    3768.523 1
 63.379543 -59.953724   0.067570  0.000333  20256.976    99.830889   2.604407  10.948263    2201.369 1
 62.404167 -61.096054   0.061210  0.000333  18350.296    99.830889   2.622904  11.026020     402.255 1
 64.596375 -59.325974   0.059680  0.000333  17891.614    99.830889   2.628779  11.050718     -30.551 1
 62.322006 -61.604270   0.061763  0.000150  18516.082    44.968869   2.643046  11.110693     558.687 1
 63.720684 -59.643436   0.056753  0.000150  17014.121    44.968869   2.671638  11.230884    -858.540 1
 62.286625 -61.832474   0.059680  0.000333  17891.614    99.830889   2.683010  11.278688     -30.551 1
 63.422290 -59.792694   0.063170  0.000333  18937.890    99.830889   2.683919  11.282513     956.699 1
 62.329166 -60.917923   0.053674  0.000150  16091.060    44.968869   2.687830  11.298950   -1729.526 1
 63.578830 -59.692226   0.071000  0.003000  21285.265    99.990000   2.689915  11.307715    3171.647 1
 62.263626 -60.930220   0.054940  0.000333  16470.598    99.830889   2.716174  11.418105   -1371.401 1
 73.362410 -60.732464   0.062673  0.000150  18788.893    44.968869   2.733718  11.491855     816.108 1
 62.370605 -62.272526   0.052149  0.000150  15633.877    44.968869   2.742056  11.526904   -2160.918 1
 62.090820 -61.269210   0.061919  0.000050  18562.849    14.989623   2.754747  11.580253     602.817 1
 62.079890 -61.268276   0.048180  0.000050  14444.001    14.989623   2.760020  11.602422   -3283.667 1
 70.599130 -59.018260   0.064971  0.000210  19477.816    62.956416   2.764166  11.619851    1466.165 1
 62.019043 -61.500526   0.048210  0.000333  14452.994    99.830889   2.783727  11.702078   -3275.181 1
 63.429344 -59.630493   0.059955  0.000170  17974.057    50.964718   2.784337  11.704645      47.241 1
 63.218315 -59.730488   0.059798  0.000150  17926.989    44.968869   2.799047  11.766480       2.829 1
 62.124207 -60.823944   0.048467  0.000150  14530.041    44.968869   2.803351  11.784571   -3202.481 1
 62.029835 -61.833830   0.062510  0.000333  18740.027    99.830889   2.804719  11.790323     769.998 1
 63.350480 -59.628130   0.061456  0.000150  18424.045    44.968869   2.814526  11.831549     471.843 1
 63.253550 -63.251545   0.059491  0.000150  17834.953    44.968869   2.839421  11.936201     -84.015 1
 62.429947 -60.272243   0.049181  0.000180  14744.093    53.962642   2.841571  11.945242   -3000.504 1
 63.996860 -63.620300   0.048010  0.000150  14393.036    44.968869   2.845378  11.961244   -3331.757 1
 61.868210 -61.338860   0.063440  0.000333  19018.834    99.830889   2.857417  12.011851    1033.076 1
 61.921050 -61.920050   0.059531  0.000107  17846.945    32.077793   2.869142  12.061143     -72.700 1
 63.468422 -63.427406   0.054831  0.000150  16437.920    44.968869   2.878819  12.101820   -1402.234 1
 63.069828 -59.674816   0.055842  0.000023  16741.010     6.895227   2.889246  12.145655   -1116.243 1
 69.747940 -58.649563   0.065829  0.000150  19735.038    44.968869   2.943083  12.371972    1708.876 1
 61.843693 -60.724750   0.053947  0.000150  16172.904    44.968869   2.956900  12.430055   -1652.300 1
 63.908108 -59.165030   0.065198  0.000150  19545.869    44.968869   2.957768  12.433704    1530.379 1
 62.539303 -63.020813   0.048133  0.000187  14429.910    56.061190   2.982835  12.539077   -3296.962 1
 67.656890 -58.461185   0.052099  0.000137  15618.887    41.071567   2.988289  12.562005   -2175.062 1
 62.084564 -60.244890   0.048924  0.000150  14667.046    44.968869   3.003483  12.625879   -3073.205 1
 62.867123 -59.607200   0.056616  0.000150  16973.050    44.968869   3.007241  12.641676    -897.294 1
 64.736010 -58.816890   0.066142  0.000150  19828.873    44.968869   3.021219  12.700436    1797.417 1
 63.290970 -59.328000   0.063681  0.000150  19091.084    44.968869   3.037608  12.769329    1101.250 1
 62.333786 -59.924026   0.059118  0.000150  17723.131    44.968869   3.042142  12.788390    -189.529 1
 61.699512 -62.253640   0.059324  0.000150  17784.888    44.968869   3.044443  12.798061    -131.256 1
 61.857876 -60.373750   0.071600  0.000333  21465.140    99.830889   3.055400  12.844123    3341.374 1
 61.866055 -60.358715   0.071016  0.000150  21290.061    44.968869   3.057067  12.851129    3176.173 1
 73.290520 -59.839540   0.058904  0.000150  17658.975    44.968869   3.060805  12.866842    -250.066 1
 62.652300 -59.629444   0.054251  0.000170  16264.041    50.964718   3.075864  12.930148   -1566.305 1
 62.597300 -59.655415   0.059141  0.000150  17730.026    44.968869   3.081923  12.955621    -183.023 1
 62.109245 -60.034590   0.061636  0.000150  18478.008    44.968869   3.083253  12.961209     522.762 1
 65.740250 -58.531250   0.057670  0.000333  17289.031    99.830889   3.085081  12.968894    -599.139 1
 73.598130 -62.867027   0.062253  0.000150  18662.980    44.968869   3.095378  13.012181     697.298 1
 62.641640 -59.600803   0.056542  0.000100  16950.865    29.979246   3.096973  13.018885    -918.227 1
 62.561752 -59.652700   0.048914  0.000170  14664.048    50.964718   3.097332  13.020395   -3076.033 1
 62.609337 -59.619510   0.048490  0.000190  14536.936    56.960567   3.098301  13.024466   -3195.974 1
 64.341370 -58.837227   0.066199  0.000150  19845.961    44.968869   3.101097  13.036221    1813.541 1
 62.537020 -59.652280   0.059041  0.000130  17700.047    38.973020   3.107215  13.061938    -211.311 1
 61.993490 -60.071830   0.061696  0.000093  18495.995    27.880699   3.115896  13.098434     539.734 1
 62.705510 -59.471540   0.060966  0.000183  18277.147    54.862020   3.151938  13.249944     333.232 1
 62.467556 -59.612408   0.055031  0.000200  16497.879    59.958492   3.157381  13.272826   -1345.658 1
 62.362840 -59.671207   0.075239  0.000310  22556.085    92.935662   3.164850  13.304225    4370.773 1
 62.320736 -59.699280   0.053647  0.000330  16082.966    98.931511   3.165929  13.308759   -1737.164 1
 62.444668 -59.610985   0.056376  0.000110  16901.100    32.977170   3.167113  13.313737    -965.185 1
 62.462380 -59.597164   0.048323  0.000110  14486.871    32.977170   3.168276  13.318625   -3243.215 1
 62.422447 -59.617348   0.058040  0.000150  17399.954    44.968869   3.172094  13.334673    -494.474 1
 62.424316 -59.606976   0.056562  0.000120  16956.861    35.975095   3.177363  13.356825    -912.570 1
 62.262493 -59.718300   0.053627  0.000300  16076.970    89.937737   3.178780  13.362783   -1742.822 1
 62.361920 -63.252274   0.065519  0.000150  19642.102    44.968869   3.180542  13.370188    1621.183 1
 61.899080 -60.000930   0.061646  0.000150  18481.006    44.968869   3.187996  13.401522     525.590 1
 62.322300 -59.650680   0.052683  0.000170  15793.966    50.964718   3.192415  13.420100   -2009.860 1
 62.403700 -59.591675   0.058751  0.000310  17613.107    92.935662   3.194267  13.427886    -293.346 1
 62.492370 -59.528442   0.052703  0.000130  15799.962    38.973020   3.197436  13.441205   -2004.202 1
 62.325600 -59.635470   0.048330  0.000130  14488.969    38.973020   3.199704  13.450741   -3241.235 1
 62.302193 -59.644142   0.053013  0.000140  15892.898    41.970944   3.204039  13.468962   -1916.510 1
 62.366680 -59.598145   0.056275  0.000110  16870.821    32.977170   3.204943  13.472765    -993.756 1
 63.608740 -58.962135   0.057183  0.000150  17143.032    44.968869   3.205402  13.474692    -736.901 1
 62.322420 -59.623810   0.050722  0.000160  15206.073    47.966793   3.207574  13.483824   -2564.587 1
 68.115010 -58.242855   0.057760  0.000150  17316.012    44.968869   3.207955  13.485424    -573.680 1
 62.456860 -59.506474   0.056416  0.000100  16913.091    29.979246   3.224206  13.553742    -953.870 1
 62.389038 -59.547768   0.054698  0.001370  16398.048    99.990000   3.225644  13.559784   -1439.857 1
 62.273907 -59.622480   0.051162  0.000130  15337.982    38.973020   3.227425  13.567270   -2440.120 1
 62.310520 -59.593330   0.048217  0.000170  14455.093    50.964718   3.229662  13.576676   -3273.200 1
 62.225860 -59.639317   0.058844  0.000130  17640.987    38.973020   3.236949  13.607307    -267.038 1
 74.243126 -60.387140   0.061813  0.000150  18531.071    44.968869   3.238078  13.612054     572.831 1
 62.183144 -59.666150   0.055298  0.000120  16577.923    35.975095   3.239060  13.616183   -1270.130 1
 61.470123 -60.339417   0.060970  0.000333  18278.346    99.830889   3.241133  13.624898     334.364 1
 69.719730 -58.332733   0.057643  0.000150  17280.937    44.968869   3.242083  13.628889    -606.777 1
 62.509537 -59.444400   0.047626  0.000260  14277.916    77.946039   3.242135  13.629109   -3440.382 1
 62.258870 -59.604763   0.058604  0.000140  17569.037    41.970944   3.243390  13.634386    -334.930 1
 62.250095 -59.605290   0.057843  0.000120  17340.895    35.975095   3.246543  13.647639    -550.201 1
 62.169610 -59.652130   0.054077  0.000170  16211.877    50.964718   3.252185  13.671358   -1615.526 1
 62.371162 -59.512085   0.059291  0.000110  17774.995    32.977170   3.253657  13.677546    -140.591 1
 62.147053 -59.661457   0.058374  0.000180  17500.085    53.962642   3.256051  13.687610    -399.992 1
 62.352350 -59.519760   0.058634  0.000150  17578.031    44.968869   3.256337  13.688810    -326.443 1
 62.981570 -59.165580   0.047803  0.000150  14330.979    44.968869   3.256898  13.691171   -3390.313 1
 74.125910 -62.711884   0.071933  0.000150  21564.971    44.968869   3.258333  13.697201    3435.573 1
 72.847530 -59.233070   0.053921  0.000210  16165.109    62.956416   3.260312  13.705519   -1659.655 1
 61.071540 -61.006084   0.063860  0.000333  19144.746    99.830889   3.266153  13.730073    1151.886 1
 62.362133 -59.494106   0.055211  0.000180  16551.841    53.962642   3.267845  13.737189   -1294.740 1
 62.218200 -59.580050   0.055235  0.000150  16559.036    44.968869   3.273443  13.760719   -1287.951 1
 62.139896 -59.631140   0.049791  0.000200  14926.966    59.958492   3.275631  13.769919   -2827.948 1
 62.347160 -59.487473   0.060055  0.000130  18004.036    38.973020   3.277548  13.777976      75.529 1
 64.704544 -58.527702   0.047900  0.000150  14360.059    44.968869   3.283008  13.800929   -3362.873 1
 72.971860 -63.633255   0.064435  0.000150  19317.127    44.968869   3.284128  13.805637    1314.542 1
 61.834595 -63.084580   0.066643  0.000150  19979.069    44.968869   3.304960  13.893210    1939.140 1
 67.784090 -58.141040   0.065812  0.000150  19729.941    44.968869   3.307237  13.902781    1704.067 1
 61.103966 -60.684433   0.050628  0.000150  15177.893    44.968869   3.309915  13.914037   -2591.178 1
 62.310550 -59.455063   0.057987  0.000150  17384.065    44.968869   3.310994  13.918575    -509.466 1
 62.283638 -59.463670   0.057643  0.000170  17280.937    50.964718   3.316116  13.940108    -606.777 1
 61.318380 -60.287470   0.061256  0.000150  18364.087    44.968869   3.327141  13.986451     415.267 1
 62.270570 -59.452984   0.060121  0.000150  18023.822    44.968869   3.327519  13.988041      94.199 1
 62.289738 -59.437458   0.057193  0.000180  17146.030    53.962642   3.329544  13.996556    -734.073 1
 62.330822 -59.393784   0.060679  0.000150  18191.107    44.968869   3.340594  14.043005     252.046 1
 62.209877 -59.453860   0.055955  0.000050  16774.887    14.989623   3.350258  14.083630   -1084.278 1
 61.201153 -60.364660   0.060655  0.000183  18183.912    54.862020   3.353981  14.099280     245.257 1
 60.922886 -60.819550   0.050328  0.000150  15087.955    44.968869   3.366358  14.151312   -2676.041 1
 61.945700 -59.580730   0.052993  0.000150  15886.902    44.968869   3.380835  14.212169   -1922.167 1
 74.128746 -63.012306   0.063034  0.000150  18897.118    44.968869   3.387393  14.239737     918.227 1
