 62.366680 -59.598145   0.056275  0.000110  16870.821    32.977170   0.006526   0.025375     368.283 0
 62.403700 -59.591675   0.058751  0.000310  17613.107    92.935662   0.020920   0.081340    1071.886 0
 62.424316 -59.606976   0.056562  0.000120  16956.861    35.975095   0.027216   0.105819     449.840 0
 62.422447 -59.617348   0.058040  0.000150  17399.954    44.968869   0.029203   0.113542     869.842 0
 62.322420 -59.623810   0.050722  0.000160  15206.073    47.966793   0.031274   0.121596   -1209.708 0
 62.310520 -59.593330   0.048217  0.000170  14455.093    50.964718   0.032414   0.126030   -1921.552 1
 62.444668 -59.610985   0.056376  0.000110  16901.100    32.977170   0.037972   0.147639     396.984 0
 62.325600 -59.635470   0.048330  0.000130  14488.969    38.973020   0.038627   0.150187   -1889.441 0
 62.462380 -59.597164   0.048323  0.000110  14486.871    32.977170   0.046898   0.182343   -1891.430 0
 62.467556 -59.612408   0.055031  0.000200  16497.879    59.958492   0.049627   0.192954      14.777 0
 62.273907 -59.622480   0.051162  0.000130  15337.982    38.973020   0.052266   0.203216   -1084.674 0
 62.322300 -59.650680   0.052683  0.000170  15793.966    50.964718   0.052438   0.203883    -652.452 0
 62.302193 -59.644142   0.053013  0.000140  15892.898    41.970944   0.052811   0.205336    -558.676 0
 62.258870 -59.604763   0.058604  0.000140  17569.037    41.970944   0.056625   0.220161    1030.113 0
 62.389038 -59.547768   0.054698  0.001370  16398.048    99.990000   0.057314   0.222844     -79.852 0
 62.250095 -59.605290   0.057843  0.000120  17340.895    35.975095   0.061070   0.237447     813.860 0
 62.218200 -59.580050   0.055235  0.000150  16559.036    44.968869   0.080930   0.314662      72.747 0
 62.225860 -59.639317   0.058844  0.000130  17640.987    38.973020   0.081243   0.315880    1098.314 0
 62.352350 -59.519760   0.058634  0.000150  17578.031    44.968869   0.085086   0.330820    1038.638 0
 62.371162 -59.512085   0.059291  0.000110  17774.995    32.977170   0.092248   0.358669    1225.337 0
 62.537020 -59.652280   0.059041  0.000130  17700.047    38.973020   0.096818   0.376438    1154.295 0
 62.492370 -59.528442   0.052703  0.000130  15799.962    38.973020   0.097695   0.379846    -646.769 0
 62.320736 -59.699280   0.053647  0.000330  16082.966    98.931511   0.098265   0.382064    -378.513 0
 62.456860 -59.506474   0.056416  0.000100  16913.091    29.979246   0.107114   0.416467     408.351 0
 62.561752 -59.652700   0.048914  0.000170  14664.048    50.964718   0.108055   0.420128   -1723.486 0
 62.362133 -59.494106   0.055211  0.000180  16551.841    53.962642   0.110314   0.428910      65.927 0
 62.169610 -59.652130   0.054077  0.000170  16211.877    50.964718   0.112449   0.437214    -256.321 0
 62.183144 -59.666150   0.055298  0.000120  16577.923    35.975095   0.113290   0.440480      90.650 0
 62.347160 -59.487473   0.060055  0.000130  18004.036    38.973020   0.117470   0.456732    1442.442 0
 62.139896 -59.631140   0.049791  0.000200  14926.966    59.958492   0.119856   0.466012   -1474.269 0
 62.609337 -59.619510   0.048490  0.000190  14536.936    56.960567   0.121653   0.472997   -1843.973 0
 62.597300 -59.655415   0.059141  0.000150  17730.026    44.968869   0.125480   0.487878    1182.712 0
 62.262493 -59.718300   0.053627  0.000300  16076.970    89.937737   0.126453   0.491661    -384.197 0
 62.147053 -59.661457   0.058374  0.000180  17500.085    53.962642   0.126796   0.492993     964.754 0
 62.641640 -59.600803   0.056542  0.000100  16950.865    29.979246   0.137092   0.533026     444.156 0
 62.652300 -59.629444   0.054251  0.000170  16264.041    50.964718   0.144637   0.562361    -206.875 0
 62.283638 -59.463670   0.057643  0.000170  17280.937    50.964718   0.147411   0.573149     757.027 0
 62.310550 -59.455063   0.057987  0.000150  17384.065    44.968869   0.152349   0.592347     854.781 0
 62.270570 -59.452984   0.060121  0.000150  18023.822    44.968869   0.159616   0.620602    1461.198 0
 62.209877 -59.453860   0.055955  0.000050  16774.887    14.989623   0.171085   0.665193     277.349 0
 62.289738 -59.437458   0.057193  0.000180  17146.030    53.962642   0.171839   0.668126     629.150 0
 62.509537 -59.444400   0.047626  0.000260  14277.916    77.946039   0.174664   0.679110   -2089.496 1
 62.330822 -59.393784   0.060679  0.000150  18191.107    44.968869   0.211517   0.822399    1619.764 0
 62.705510 -59.471540   0.060966  0.000183  18277.147    54.862020   0.215216   0.836778    1701.321 0
 61.945700 -59.580730   0.052993  0.000150  15886.902    44.968869   0.216368   0.841260    -564.360 0
 62.867123 -59.607200   0.056616  0.000150  16973.050    44.968869   0.251150   0.976495     465.185 0
 62.333786 -59.924026   0.059118  0.000150  17723.131    44.968869   0.320240   1.245124    1176.176 0
 62.171276 -59.293230   0.048737  0.000133  14610.985    39.872397   0.327070   1.271676   -1773.784 0
 63.069828 -59.674816   0.055842  0.000023  16741.010     6.895227   0.360651   1.402242     245.238 0
 63.218315 -59.730488   0.059798  0.000150  17926.989    44.968869   0.446998   1.737967    1369.411 0
 62.109245 -60.034590   0.061636  0.000150  18478.008    44.968869   0.450147   1.750210    1891.714 1
 61.899080 -60.000930   0.061646  0.000150  18481.006    44.968869   0.462872   1.799687    1894.556 1
 63.350480 -59.628130   0.061456  0.000150  18424.045    44.968869   0.496268   1.929536    1840.563 0
 61.993490 -60.071830   0.061696  0.000093  18495.995    27.880699   0.504970   1.963370    1908.764 1
 63.429344 -59.630493   0.059955  0.000170  17974.057    50.964718   0.536239   2.084944    1414.026 0
 62.981570 -59.165580   0.047803  0.000150  14330.979    44.968869   0.536666   2.086605   -2039.198 1
 63.290970 -59.328000   0.063681  0.000150  19091.084    44.968869   0.541416   2.105074    2472.840 1
 63.422290 -59.792694   0.063170  0.000333  18937.890    99.830889   0.564391   2.194402    2327.629 1
 63.578830 -59.692226   0.071000  0.003000  21285.265    99.990000   0.617522   2.400982    4552.674 1
 63.379543 -59.953724   0.067570  0.000333  20256.976    99.830889   0.618534   2.404917    3577.973 1
 62.084564 -60.244890   0.048924  0.000150  14667.046    44.968869   0.656723   2.553398   -1720.644 1
 62.429947 -60.272243   0.049181  0.000180  14744.093    53.962642   0.668581   2.599502   -1647.613 1
 63.720684 -59.643436   0.056753  0.000150  17014.121    44.968869   0.684127   2.659949     504.116 1
 61.219880 -59.093903   0.060315  0.000150  18081.982    44.968869   0.774361   3.010784    1516.326 1
 61.866055 -60.358715   0.071016  0.000150  21290.061    44.968869   0.796435   3.096611    4557.220 1
 61.857876 -60.373750   0.071600  0.000333  21465.140    99.830889   0.812003   3.157143    4723.175 1
 61.258500 -58.982807   0.055522  0.000150  16645.077    44.968869   0.838460   3.260006     154.304 1
 61.470123 -60.339417   0.060970  0.000333  18278.346    99.830889   0.864878   3.362725    1702.457 1
 61.318380 -60.287470   0.061256  0.000150  18364.087    44.968869   0.866148   3.367662    1783.730 1
 60.847170 -59.207470   0.055999  0.000150  16788.078    44.968869   0.867055   3.371190     289.853 1
 63.220250 -60.358807   0.059140  0.000333  17729.726    99.830889   0.868311   3.376070    1182.428 1
 60.645360 -59.539820   0.059885  0.000150  17953.071    44.968869   0.875389   3.403590    1394.134 1
 63.399967 -60.320970   0.059668  0.000143  17888.016    42.870321   0.885853   3.444275    1332.469 1
 63.908108 -59.165030   0.065198  0.000150  19545.869    44.968869   0.893320   3.473311    2903.924 1
 63.608740 -58.962135   0.057183  0.000150  17143.032    44.968869   0.897082   3.487936     626.309 1
 62.076233 -58.672760   0.058797  0.000150  17626.897    44.968869   0.943419   3.668097    1084.958 1
 62.671830 -58.661137   0.057370  0.000110  17199.093    32.977170   0.955416   3.714745     679.448 1
 61.201153 -60.364660   0.060655  0.000183  18183.912    54.862020   0.963492   3.746146    1612.944 1
 60.742000 -60.119804   0.052810  0.000333  15832.040    99.830889   0.972044   3.779396    -616.363 1
 60.538765 -59.230110   0.058627  0.000150  17575.932    44.968869   0.999632   3.886659    1036.649 1
 60.528477 -60.015526   0.062110  0.000017  18620.110     5.096472   1.018812   3.961234    2026.410 1
 63.178375 -60.589333   0.059830  0.000333  17936.583    99.830889   1.066393   4.146231    1378.504 1
 60.279450 -59.840862   0.061296  0.000150  18376.079    44.968869   1.084261   4.215704    1795.096 1
 60.414430 -59.149918   0.058987  0.000103  17683.858    30.878623   1.089174   4.234805    1138.950 1
 64.564630 -59.705418   0.060620  0.000333  18173.419    99.830889   1.114612   4.333713    1602.998 1
 60.347202 -59.086550   0.063600  0.000410  19066.800    99.990000   1.147346   4.460984    2449.822 1
 61.843693 -60.724750   0.053947  0.000150  16172.904    44.968869   1.151719   4.477989    -293.263 1
 64.596375 -59.325974   0.059680  0.000333  17891.614    99.830889   1.159975   4.510088    1335.879 1
 62.597054 -58.448654   0.057153  0.000150  17134.038    44.968869   1.161336   4.515379     617.784 1
 62.781250 -60.751770   0.059868  0.000150  17947.975    44.968869   1.166081   4.533828    1389.303 1
 60.035940 -59.647926   0.059858  0.000150  17944.977    44.968869   1.182160   4.596343    1386.461 1
 60.029510 -59.634010   0.060615  0.000150  18171.920    44.968869   1.184981   4.607311    1601.577 1
 60.019690 -59.641340   0.059895  0.000150  17956.069    44.968869   1.190153   4.627422    1396.975 1
 62.124207 -60.823944   0.048467  0.000150  14530.041    44.968869   1.225975   4.766703   -1850.509 1
 63.511500 -60.698140   0.059890  0.000333  17954.570    99.830889   1.236745   4.808574    1395.555 1
 64.543310 -60.183697   0.063754  0.000260  19112.968    77.946039   1.242567   4.831213    2493.584 1
 60.021250 -59.202774   0.059100  0.000297  17717.734    89.038360   1.254778   4.878689    1171.061 1
 61.103966 -60.684433   0.050628  0.000150  15177.893    44.968869   1.255968   4.883317   -1236.420 1
 64.341370 -58.837227   0.066199  0.000150  19845.961    44.968869   1.258004   4.891232    3188.378 1
 62.329166 -60.917923   0.053674  0.000150  16091.060    44.968869   1.313759   5.108013    -370.841 1
 62.263626 -60.930220   0.054940  0.000333  16470.598    99.830889   1.326995   5.159476     -11.083 1
 60.816303 -60.705124   0.062737  0.000150  18808.079    44.968869   1.352904   5.260212    2204.584 1
 59.667970 -59.580868   0.062523  0.000113  18743.924    33.876548   1.367738   5.317889    2143.772 1
 59.648193 -59.584503   0.062473  0.000150  18728.934    44.968869   1.377686   5.356568    2129.563 1
 60.193176 -60.437183   0.071119  0.000150  21320.940    44.968869   1.381159   5.370071    4586.490 1
 60.922886 -60.819550   0.050328  0.000150  15087.955    44.968869   1.418957   5.517032   -1321.671 1
 59.577705 -59.404808   0.061800  0.000297  18527.174    89.038360   1.427224   5.549174    1938.318 1
 64.736010 -58.816890   0.066142  0.000150  19828.873    44.968869   1.432562   5.569930    3172.180 1
 61.511875 -58.230415   0.056160  0.000333  16836.344    99.830889   1.441010   5.602776     335.604 1
 63.458206 -60.953590   0.056369  0.000150  16899.001    44.968869   1.457127   5.665440     394.995 1
 59.746372 -58.966200   0.054700  0.000297  16398.647    89.038360   1.473244   5.728104     -79.283 1
 59.475460 -59.377420   0.062260  0.000333  18665.078    99.830889   1.482411   5.763746    2069.035 1
 59.793550 -58.897835   0.059900  0.000410  17957.568    99.990000   1.483087   5.766378    1398.396 1
 62.404167 -61.096054   0.061210  0.000333  18350.296    99.830889   1.491817   5.800318    1770.658 1
 59.408726 -59.218857   0.062100  0.000297  18617.112    89.038360   1.547486   6.016764    2023.568 1
 61.071540 -61.006084   0.063860  0.000333  19144.746    99.830889   1.548240   6.019697    2523.706 1
 59.613895 -58.912235   0.059200  0.000297  17747.714    89.038360   1.557157   6.054366    1199.478 1
 63.756760 -60.996105   0.055889  0.000223  16755.101    66.853718   1.558460   6.059434     258.594 1
 60.397343 -60.817986   0.059504  0.000150  17838.850    44.968869   1.571607   6.110551    1285.865 1
 59.906864 -58.615830   0.059000  0.000297  17687.755    89.038360   1.591009   6.185986    1142.644 1
 64.704544 -58.527702   0.047900  0.000150  14360.059    44.968869   1.597952   6.212980   -2011.633 1
 62.843723 -58.021442   0.068681  0.000150  20590.046    44.968869   1.600877   6.224352    3893.685 1
 59.359104 -59.063150   0.056019  0.000150  16794.074    44.968869   1.617061   6.287278     295.536 1
 65.119460 -60.526860   0.058880  0.000333  17651.780    99.830889   1.668901   6.488836    1108.544 1
 62.079890 -61.268276   0.048180  0.000050  14444.001    14.989623   1.670440   6.494820   -1932.066 1
 62.090820 -61.269210   0.061919  0.000050  18562.849    14.989623   1.670892   6.496579    1972.134 1
 63.304234 -61.231390   0.054508  0.000150  16341.087    44.968869   1.694220   6.587279    -133.844 1
 63.289510 -61.240050   0.055125  0.000133  16526.059    39.872397   1.700486   6.611645      41.489 1
 59.759250 -60.674960   0.048223  0.000050  14456.892    14.989623   1.700651   6.612284   -1919.847 1
 61.781710 -57.912838   0.063908  0.000150  19159.136    44.968869   1.717553   6.678003    2537.346 1
 62.599290 -61.322453   0.058440  0.000150  17519.871    44.968869   1.722006   6.695314     983.509 1
 60.006520 -60.858110   0.047323  0.000150  14187.078    44.968869   1.732902   6.737680   -2175.599 1
 60.212270 -58.245120   0.054300  0.000297  16278.730    89.038360   1.743624   6.779368    -192.951 1
 61.868210 -61.338860   0.063440  0.000333  19018.834    99.830889   1.753067   6.816083    2404.355 1
 63.634068 -61.237385   0.056559  0.000150  16955.962    44.968869   1.753686   6.818490     448.987 1
 59.859253 -58.361595   0.060100  0.000297  18017.527    89.038360   1.777417   6.910759    1455.230 1
 59.452446 -58.576828   0.056200  0.000297  16848.336    89.038360   1.798908   6.994317     346.971 1
 59.010406 -58.996340   0.063800  0.000297  19126.759    89.038360   1.805681   7.020650    2506.656 1
 65.584460 -60.392360   0.071920  0.000333  21561.074    99.830889   1.806912   7.025436    4814.109 1
 60.185406 -58.157562   0.063700  0.000297  19096.780    89.038360   1.820930   7.079940    2478.239 1
 59.285510 -58.627453   0.059100  0.000297  17717.734    89.038360   1.841513   7.159969    1171.061 1
 59.055084 -58.826220   0.059050  0.000333  17702.745    99.830889   1.849305   7.190264    1156.853 1
 59.315580 -58.587290   0.056400  0.000297  16908.295    89.038360   1.850401   7.194524     403.804 1
 59.216446 -58.638203   0.059201  0.000150  17748.013    44.968869   1.865637   7.253767    1199.762 1
 59.155025 -58.677383   0.059500  0.000297  17837.651    89.038360   1.872591   7.280801    1284.729 1
 62.019043 -61.500526   0.048210  0.000333  14452.994    99.830889   1.904526   7.404970   -1923.541 1
 58.723667 -59.013905   0.059400  0.000297  17807.672    89.038360   1.937480   7.533095    1256.312 1
 60.254807 -61.222450   0.048033  0.000150  14399.931    44.968869   1.940237   7.543818   -1973.839 1
 58.446747 -59.513670   0.041529  0.000150  12450.081    44.968869   1.987506   7.727603   -3822.075 1
 59.060783 -58.521187   0.058600  0.000213  17567.838    63.855794   1.994494   7.754773    1028.976 1
 66.146930 -60.179256   0.058500  0.000150  17537.859    44.968869   1.995239   7.757669    1000.559 1
 62.322006 -61.604270   0.061763  0.000150  18516.082    44.968869   2.000089   7.776528    1927.803 1
 63.418500 -61.544758   0.056579  0.000150  16961.957    44.968869   2.011534   7.821026     454.671 1
 65.740250 -58.531250   0.057670  0.000333  17289.031    99.830889   2.014449   7.832361     764.699 1
 63.009710 -61.601444   0.060120  0.000333  18023.523    99.830889   2.023107   7.866022    1460.913 1
 58.588448 -58.838852   0.059500  0.000297  17837.651    89.038360   2.061156   8.013962    1284.729 1
 62.516926 -57.541020   0.056673  0.000150  16990.138    44.968869   2.064638   8.027497     481.382 1
 60.514626 -57.746387   0.050160  0.000333  15037.590    99.830889   2.081820   8.094306   -1369.411 1
 59.852356 -57.947742   0.048500  0.000297  14539.934    89.038360   2.089974   8.126006   -1841.132 1
 58.400536 -58.938152   0.042200  0.000410  12651.242    99.990000   2.116400   8.228754   -3631.397 1
 63.984566 -57.647390   0.045742  0.000097  13713.107    29.079868   2.120457   8.244529   -2624.870 1
 58.793884 -58.495620   0.056300  0.000297  16878.315    89.038360   2.122406   8.252107     375.387 1
 65.409690 -61.067814   0.056649  0.000150  16982.943    44.968869   2.122727   8.253353     474.562 1
 65.989870 -60.681670   0.061839  0.000180  18538.866    53.962642   2.124559   8.260475    1949.400 1
 66.294876 -60.391876   0.071833  0.000103  21534.992    30.878623   2.135957   8.304793    4789.386 1
 58.684177 -58.557606   0.059600  0.000213  17867.630    63.855794   2.138925   8.316334    1313.146 1
 63.230080 -57.503470   0.067350  0.000150  20191.022    44.968869   2.145381   8.341433    3515.456 1
 58.665154 -58.515385   0.063500  0.000410  19036.821    99.990000   2.168218   8.430228    2421.405 1
 60.568005 -57.620693   0.057987  0.000183  17384.065    54.862020   2.183310   8.488904     854.781 1
 58.231094 -58.962543   0.069000  0.000297  20685.680    89.038360   2.190671   8.517525    3984.335 1
 59.451023 -57.985930   0.069600  0.000297  20865.555    89.038360   2.191269   8.519851    4154.837 1
 58.473984 -58.628610   0.069845  0.000150  20939.004    44.968869   2.199878   8.553324    4224.458 1
 58.895710 -58.274750   0.058740  0.000333  17609.809    99.830889   2.204388   8.570859    1068.760 1
 66.612366 -60.145260   0.058027  0.000150  17396.057    44.968869   2.213230   8.605237     866.147 1
 58.976080 -58.201008   0.060400  0.000297  18107.464    89.038360   2.217997   8.623772    1540.481 1
 66.748440 -59.841400   0.061769  0.000150  18517.880    44.968869   2.227609   8.661143    1929.508 1
 62.286625 -61.832474   0.059680  0.000333  17891.614    99.830889   2.228548   8.664795    1335.879 1
 58.847622 -58.262188   0.059400  0.000297  17807.672    89.038360   2.231376   8.675793    1256.312 1
 62.029835 -61.833830   0.062510  0.000333  18740.027    99.830889   2.236161   8.694395    2140.078 1
 66.809700 -59.610550   0.059581  0.000150  17861.934    44.968869   2.245962   8.732504    1307.746 1
 58.338040 -58.642050   0.068800  0.000297  20625.721    89.038360   2.255966   8.771399    3927.501 1
 58.191654 -58.808064   0.068000  0.000297  20385.887    89.038360   2.259465   8.785003    3700.166 1
 66.783210 -60.000587   0.059845  0.000133  17941.080    39.872397   2.267443   8.816025    1382.767 1
 66.216400 -60.794548   0.061519  0.000193  18442.932    57.859944   2.280922   8.868430    1858.466 1
 59.576897 -61.402030   0.047580  0.000120  14264.125    35.975095   2.286925   8.891772   -2102.567 1
 58.480938 -58.437523   0.056300  0.000297  16878.315    89.038360   2.288015   8.896007     375.387 1
 58.230186 -58.649560   0.069298  0.000150  20775.018    44.968869   2.302316   8.951613    4069.018 1
 58.199596 -58.681114   0.069400  0.000297  20805.597    89.038360   2.303582   8.956536    4098.003 1
 66.296210 -60.782080   0.061040  0.000333  18299.332    99.830889   2.309081   8.977916    1722.349 1
 66.823050 -60.122646   0.065268  0.000103  19566.854    30.878623   2.311567   8.987582    2923.816 1
 66.863670 -60.026470   0.061809  0.000150  18529.872    44.968869   2.312123   8.989744    1940.875 1
 58.301086 -58.550200   0.056400  0.000297  16908.295    89.038360   2.313275   8.994222     403.804 1
 65.907250 -61.077610   0.059570  0.000333  17858.637    99.830889   2.317820   9.011895    1304.620 1
 61.921050 -61.920050   0.059531  0.000107  17846.945    32.077793   2.326870   9.047080    1293.538 1
 57.988255 -58.852303   0.063300  0.000297  18976.863    89.038360   2.341474   9.103861    2364.571 1
 63.793490 -61.840282   0.054628  0.000150  16377.062    44.968869   2.348967   9.132996     -99.743 1
 66.044716 -61.053017   0.057106  0.000150  17119.948    44.968869   2.356731   9.163181     604.428 1
 58.043705 -58.704697   0.069900  0.000297  20955.493    89.038360   2.366994   9.203084    4240.087 1
 63.496210 -61.907112   0.061860  0.000333  18545.161    99.830889   2.372139   9.223091    1955.368 1
 57.952133 -58.749510   0.069200  0.000410  20745.638    99.990000   2.393545   9.306321    4041.169 1
 66.935840 -60.234470   0.059770  0.000333  17918.595    99.830889   2.394189   9.308823    1361.454 1
 65.333300 -61.489820   0.067937  0.000150  20367.000    44.968869   2.408711   9.365285    3682.264 1
 57.808807 -60.294678   0.065565  0.000150  19655.893    44.968869   2.409239   9.367338    3008.214 1
 58.136265 -58.475895   0.056400  0.000410  16908.295    99.990000   2.421531   9.415131     403.804 1
 67.016920 -60.209263   0.057573  0.000150  17259.951    44.968869   2.427386   9.437896     737.135 1
 66.182710 -61.087444   0.057950  0.000213  17372.973    63.855794   2.433016   9.459785     844.266 1
 61.674767 -57.184353   0.059398  0.000150  17807.072    44.968869   2.445469   9.508206    1255.743 1
 66.415240 -60.945330   0.061322  0.000170  18383.873    50.964718   2.446610   9.512641    1802.485 1
 57.806030 -58.771564   0.071900  0.000410  21555.078    99.990000   2.455168   9.545913    4808.426 1
 63.212390 -62.028040   0.058530  0.000150  17546.853    44.968869   2.460830   9.567930    1009.085 1
 57.860767 -58.675457   0.063500  0.000297  19036.821    89.038360   2.463735   9.579224    2421.405 1
 58.060223 -58.455803   0.056600  0.000297  16968.253    89.038360   2.464936   9.583893     460.638 1
 58.035020 -58.458347   0.056429  0.000150  16916.989    44.968869   2.475047   9.623207     412.045 1
 57.670753 -58.915577   0.068900  0.000297  20655.700    89.038360   2.475799   9.626130    3955.918 1
 59.164352 -57.727060   0.069200  0.000297  20745.638    89.038360   2.481165   9.646993    4041.169 1
 67.033540 -60.395000   0.058500  0.000333  17537.859    99.830889   2.488177   9.674257    1000.559 1
 59.344826 -57.637775   0.069700  0.000297  20895.534    89.038360   2.492273   9.690183    4183.254 1
 58.389305 -58.114500   0.064500  0.000297  19336.614    89.038360   2.505557   9.741832    2705.574 1
 65.969734 -57.879450   0.047613  0.000150  14274.018    44.968869   2.508208   9.752139   -2093.190 1
 58.780357 -61.337810   0.059428  0.000150  17816.066    44.968869   2.511001   9.762999    1264.268 1
 57.470720 -59.176000   0.069200  0.000297  20745.638    89.038360   2.516005   9.782453    4041.169 1
 57.428173 -59.242847   0.068900  0.000213  20655.700    63.855794   2.526794   9.824405    3955.918 1
 59.162872 -57.659298   0.068400  0.000297  20505.804    89.038360   2.533301   9.849705    3813.834 1
 66.298420 -61.192413   0.057550  0.000100  17253.056    29.979246   2.543857   9.890746     730.599 1
 60.126873 -57.313126   0.071773  0.000150  21517.004    44.968869   2.557077   9.942145    4772.336 1
 66.353165 -61.216984   0.058334  0.000120  17488.093    35.975095   2.580836  10.034522     953.387 1
 66.392586 -61.203000   0.057120  0.000333  17124.145    99.830889   2.587776  10.061506     608.406 1
 66.839775 -60.865130   0.060365  0.000180  18096.972    53.962642   2.588919  10.065951    1530.535 1
 66.486350 -61.150960   0.057256  0.000170  17164.917    50.964718   2.593884  10.085253     647.053 1
 66.675130 -61.017986   0.058614  0.000267  17572.035    80.044586   2.596442  10.095202    1032.955 1
 66.087460 -61.401146   0.058530  0.000203  17546.853    60.857869   2.600943  10.112701    1009.085 1
 58.441372 -57.923195   0.061900  0.000297  18557.153    89.038360   2.603650  10.123225    1966.735 1
 57.974228 -58.229267   0.057897  0.000150  17357.084    44.968869   2.615202  10.168142     829.206 1
 67.157600 -60.615040   0.059017  0.000150  17692.851    44.968869   2.624408  10.203935    1147.475 1
 59.139500 -61.660890   0.058851  0.000150  17643.086    44.968869   2.627244  10.214961    1100.303 1
 58.182350 -58.032284   0.058400  0.000297  17507.880    89.038360   2.638637  10.259258     972.143 1
 67.219765 -60.607340   0.064695  0.000130  19395.073    38.973020   2.650540  10.305537    2760.987 1
 58.736800 -57.694996   0.046886  0.000150  14056.069    44.968869   2.650719  10.306234   -2299.781 1
 59.976370 -57.242023   0.069048  0.000150  20700.070    44.968869   2.654851  10.322298    3997.975 1
 66.866200 -60.973630   0.060850  0.000120  18242.371    35.975095   2.654903  10.322503    1668.357 1
 57.944560 -58.165710   0.057800  0.000297  17328.004    89.038360   2.661789  10.349276     801.641 1
 57.968952 -58.142265   0.058200  0.000297  17447.921    89.038360   2.664208  10.358679     915.309 1
 66.969090 -60.903150   0.058520  0.000310  17543.855    92.935662   2.664581  10.360133    1006.243 1
 62.370605 -62.272526   0.052149  0.000150  15633.877    44.968869   2.668193  10.374175    -804.199 1
 61.699165 -62.254080   0.059330  0.000333  17786.687    99.830889   2.671448  10.386831    1236.420 1
 66.808540 -61.060340   0.062180  0.000170  18641.095    50.964718   2.676122  10.405004    2046.302 1
 57.977173 -58.113285   0.057900  0.000410  17357.983    99.990000   2.676765  10.407505     830.058 1
 67.293950 -60.616856   0.060342  0.000133  18090.077    39.872397   2.688890  10.454647    1523.999 1
 66.853100 -61.057130   0.061270  0.000280  18368.284    83.941888   2.693334  10.471925    1787.708 1
 66.664750 -61.204514   0.056586  0.000200  16964.056    59.958492   2.698301  10.491238     456.660 1
 66.902880 -61.035020   0.059400  0.000210  17807.672    62.956416   2.702808  10.508762    1256.312 1
 57.653263 -58.336018   0.064700  0.000297  19396.572    89.038360   2.702959  10.509348    2762.408 1
 64.649230 -57.158720   0.069742  0.000150  20908.126    44.968869   2.703706  10.512253    4195.189 1
 57.461445 -58.533510   0.072400  0.000297  21704.974    89.038360   2.704952  10.517096    4950.510 1
 58.042960 -58.011837   0.059100  0.000297  17717.734    89.038360   2.707583  10.527328    1171.061 1
 67.139305 -60.838570   0.071032  0.000163  21294.858    48.866171   2.710088  10.537066    4561.767 1
 66.949000 -61.031360   0.070550  0.000210  21150.358    62.956416   2.720713  10.578377    4424.797 1
 57.252990 -58.757984   0.046686  0.000150  13996.111    44.968869   2.724245  10.592109   -2356.615 1
 67.217804 -60.802230   0.064214  0.000267  19250.873    80.044586   2.729364  10.612013    2624.302 1
 66.745110 -61.202530   0.065590  0.000140  19663.387    41.970944   2.729984  10.614424    3015.319 1
 61.743250 -56.885193   0.059040  0.000333  17699.747    99.830889   2.737615  10.644094    1154.011 1
 57.899345 -58.061910   0.046300  0.000297  13880.391    89.038360   2.738165  10.646232   -2466.304 1
 66.656040 -61.278010   0.057006  0.000267  17089.969    80.044586   2.739035  10.649617     576.011 1
 57.866710 -58.079000   0.057967  0.000183  17378.069    54.862020   2.742281  10.662237     849.097 1
 57.249810 -58.695850   0.046435  0.000150  13920.863    44.968869   2.745702  10.675537   -2427.941 1
 58.983960 -61.751194   0.068110  0.000333  20418.864    99.830889   2.746911  10.680238    3731.425 1
 67.244660 -60.817204   0.061609  0.000133  18469.914    39.872397   2.748156  10.685077    1884.041 1
 57.194120 -58.763195   0.054100  0.000410  16218.772    99.990000   2.750975  10.696039    -249.785 1
 67.135360 -60.931602   0.060900  0.000100  18257.361    29.979246   2.751954  10.699845    1682.565 1
 67.306330 -60.769585   0.064575  0.000170  19359.098    50.964718   2.755718  10.714482    2726.887 1
 67.164750 -60.912308   0.058020  0.000220  17393.958    65.954341   2.755780  10.714721     864.158 1
 66.981660 -61.072140   0.062970  0.000230  18877.931    68.952265   2.756295  10.716722    2270.795 1
 66.602500 -61.351940   0.057263  0.000140  17167.016    41.970944   2.763786  10.745849     649.042 1
 66.952550 -61.127480   0.058550  0.000180  17552.848    53.962642   2.773837  10.784930    1014.768 1
 57.446396 -58.381603   0.064600  0.000297  19366.593    89.038360   2.775438  10.791153    2733.991 1
 66.954620 -61.137745   0.055939  0.000133  16770.090    39.872397   2.780361  10.810294     272.802 1
 65.156910 -62.001915   0.061950  0.000333  18572.143    99.830889   2.781301  10.813950    1980.943 1
 67.303215 -60.838642   0.063861  0.000187  19145.046    56.061190   2.784209  10.825257    2523.990 1
 67.318810 -60.830850   0.060008  0.000240  17989.946    71.950190   2.787847  10.839402    1429.087 1
 66.844574 -61.235428   0.058644  0.000100  17581.029    29.979246   2.790045  10.847947    1041.480 1
 67.197230 -60.956085   0.061670  0.000260  18488.201    77.946039   2.791192  10.852406    1901.376 1
 67.293700 -60.885640   0.059951  0.000183  17972.858    54.862020   2.801079  10.890848    1412.889 1
 60.363552 -56.990620   0.069228  0.000150  20754.032    44.968869   2.804091  10.902559    4049.126 1
 57.175250 -58.625650   0.047500  0.000410  14240.142    99.990000   2.805045  10.906267   -2125.301 1
 57.426937 -58.334015   0.056900  0.000410  17058.191    99.990000   2.805504  10.908054     545.889 1
 66.774890 -61.314730   0.071960  0.000140  21573.065    41.970944   2.809086  10.921978    4825.476 1
 66.926530 -61.210970   0.059538  0.000150  17849.043    44.968869   2.809735  10.924504    1295.527 1
 58.036083 -57.837580   0.061000  0.000410  18287.340    99.990000   2.816315  10.950087    1710.982 1
 66.182930 -61.658040   0.057773  0.000667  17319.910    99.990000   2.817462  10.954545     793.969 1
 66.946600 -61.219013   0.059965  0.000100  17977.055    29.979246   2.822665  10.974777    1416.867 1
 67.374280 -60.852993   0.057243  0.000190  17161.020    56.960567   2.822803  10.975314     643.359 1
 67.281360 -60.946160   0.061670  0.000120  18488.201    35.975095   2.823780  10.979110    1901.376 1
 67.051320 -61.143300   0.065730  0.000230  19705.358    68.952265   2.824326  10.981235    3055.102 1
 67.360000 -60.892750   0.063450  0.000140  19021.831    41.970944   2.834176  11.019532    2407.197 1
 60.358220 -56.959393   0.048987  0.000150  14685.933    44.968869   2.834189  11.019582   -1702.741 1
 67.032480 -61.180640   0.053250  0.000060  15963.948    17.987547   2.836915  11.030180    -491.328 1
 66.751170 -61.375340   0.056680  0.000180  16992.237    53.962642   2.837010  11.030551     483.372 1
 67.376960 -60.889390   0.064000  0.000040  19186.717    11.991698   2.840300  11.043344    2563.490 1
 67.246540 -61.017548   0.057320  0.000070  17184.104    20.985472   2.843092  11.054198     665.240 1
 66.978546 -61.233150   0.055080  0.000250  16512.569    74.948115   2.844011  11.057771      28.701 1
 67.064964 -61.169780   0.066010  0.000080  19789.300    23.983397   2.844603  11.060075    3134.670 1
 66.879400 -61.303810   0.055520  0.000790  16644.477    99.990000   2.844677  11.060360     153.735 1
 67.317510 -60.958160   0.061150  0.000100  18332.309    29.979246   2.845576  11.063857    1753.608 1
 58.158030 -57.707210   0.060900  0.000297  18257.361    89.038360   2.853498  11.094656    1682.565 1
 67.147960 -61.124510   0.062450  0.000210  18722.039    62.956416   2.855402  11.102063    2123.028 1
 67.276490 -61.033787   0.064890  0.000130  19453.533    38.973020   2.864320  11.136737    2816.400 1
 67.166725 -61.141068   0.057820  0.000150  17334.000    44.968869   2.872269  11.167640     807.324 1
 66.732704 -61.443367   0.056880  0.000170  17052.195    50.964718   2.872782  11.169637     540.206 1
 66.939980 -61.315426   0.056966  0.000077  17077.977    23.084019   2.876211  11.182967     564.644 1
 67.114570 -61.189440   0.059010  0.000170  17690.753    50.964718   2.876380  11.183627    1145.486 1
 67.298230 -61.042995   0.053427  0.000267  16017.012    80.044586   2.878449  11.191669    -441.030 1
 67.597970 -60.747210   0.061362  0.000267  18395.865    80.044586   2.881163  11.202222    1813.852 1
 57.207253 -58.387764   0.065700  0.000297  19696.364    89.038360   2.881948  11.205275    3046.577 1
 67.096810 -61.215813   0.055840  0.000050  16740.411    14.989623   2.883542  11.211470     244.670 1
 67.356830 -61.001770   0.060590  0.000280  18164.425    83.941888   2.883968  11.213127    1594.473 1
 57.368176 -58.217810   0.058900  0.000410  17657.776    99.990000   2.886038  11.221178    1114.227 1
 67.462930 -60.910920   0.061300  0.000120  18377.278    35.975095   2.888833  11.232042    1796.233 1
 68.050010 -59.256203   0.058030  0.000150  17396.956    44.968869   2.894523  11.254166     867.000 1
 67.656890 -58.461185   0.052099  0.000137  15618.887    41.071567   2.908660  11.309131    -818.407 1
 67.321450 -61.089180   0.063300  0.000730  18976.863    99.990000   2.911908  11.321762    2364.571 1
 67.373200 -61.047200   0.055760  0.000250  16716.427    74.948115   2.913446  11.327739     221.936 1
 67.417350 -61.007330   0.063960  0.000120  19174.726    35.975095   2.913465  11.327816    2552.123 1
 67.058240 -61.303590   0.055450  0.000110  16623.492    32.977170   2.917614  11.343945     133.844 1
 66.978775 -57.843860   0.056733  0.000150  17008.126    44.968869   2.921499  11.359054     498.433 1
 66.789670 -61.487938   0.061600  0.000170  18467.215    50.964718   2.923501  11.366834    1881.484 1
 67.117250 -61.271980   0.065930  0.000200  19765.317    59.958492   2.923792  11.367966    3111.936 1
 65.818210 -61.962082   0.057980  0.000333  17381.967    99.830889   2.932837  11.403134     852.792 1
 66.808290 -61.493660   0.058260  0.000060  17465.909    17.987547   2.934393  11.409184     932.359 1
 66.906000 -61.433480   0.058130  0.000160  17426.936    47.966793   2.934506  11.409626     895.417 1
 65.116380 -62.189450   0.055709  0.000150  16701.138    44.968869   2.934735  11.410515     207.443 1
 67.118020 -61.292040   0.059680  0.000110  17891.614    32.977170   2.935598  11.413871    1335.879 1
 67.167460 -61.255993   0.057420  0.000130  17214.083    38.973020   2.935670  11.414151     693.657 1
 67.104220 -61.306760   0.052240  0.000240  15661.158    71.950190   2.938392  11.424733    -778.339 1
 67.762940 -60.700350   0.061449  0.000180  18421.947    53.962642   2.940183  11.431695    1838.574 1
 57.544930 -57.960970   0.057476  0.000150  17230.871    44.968869   2.943243  11.443594     709.570 1
 67.718414 -60.778137   0.061580  0.000333  18461.220    99.830889   2.949375  11.467437    1875.800 1
 67.258550 -61.231820   0.060230  0.000200  18056.500    59.958492   2.960528  11.510802    1492.172 1
 67.272270 -61.222607   0.053987  0.000040  16184.895    11.991698   2.961285  11.513743    -281.896 1
 66.789390 -61.551860   0.056920  0.000270  17064.187    80.943964   2.964982  11.528116     551.572 1
 64.603410 -62.348812   0.057286  0.000150  17173.911    44.968869   2.967870  11.539347     655.578 1
 67.460090 -61.084400   0.065490  0.000240  19633.408    71.950190   2.970081  11.547943    2986.902 1
 67.275180 -61.238850   0.054740  0.000100  16410.639    29.979246   2.971422  11.553157     -67.916 1
 67.596610 -60.961120   0.057580  0.000210  17262.050    62.956416   2.971896  11.554999     739.124 1
 67.662810 -60.896717   0.061926  0.000163  18564.948    48.866171   2.973180  11.559993    1974.123 1
 67.306340 -61.219880   0.061240  0.000160  18359.290    47.966793   2.974254  11.564170    1779.183 1
 63.337482 -62.544178   0.061706  0.000150  18498.993    44.968869   2.980256  11.587506    1911.606 1
 67.267580 -61.264370   0.059241  0.000133  17760.005    39.872397   2.982341  11.595610    1211.129 1
 66.983730 -61.461610   0.057290  0.000270  17175.110    80.943964   2.982795  11.597378     656.715 1
 67.472750 -61.101560   0.057330  0.000240  17187.102    71.950190   2.984209  11.602873     668.082 1
 59.658413 -56.952720   0.049194  0.000150  14747.990    44.968869   2.985709  11.608705   -1643.918 1
 67.257060 -61.280960   0.068160  0.000140  20433.854    41.970944   2.987200  11.614503    3745.633 1
 56.841324 -58.554350   0.058600  0.000297  17567.838    89.038360   2.988271  11.618666    1028.976 1
 67.304184 -61.252323   0.063837  0.000597  19137.851    99.990000   2.991090  11.629629    2517.170 1
 67.328950 -61.238644   0.054011  0.000080  16192.090    23.983397   2.994067  11.641203    -275.076 1
 60.977543 -62.519714   0.065949  0.000150  19771.013    44.968869   2.999396  11.661924    3117.335 1
 67.716000 -60.905727   0.062980  0.000100  18880.929    29.979246   3.001336  11.669465    2273.637 1
 67.384120 -61.220200   0.056240  0.000090  16860.328    26.981321   3.007545  11.693606     358.337 1
 67.186060 -61.369610   0.061000  0.000220  18287.340    65.954341   3.008679  11.698016    1710.982 1
 67.500260 -61.128820   0.049450  0.000320  14824.737    95.933587   3.009972  11.703042   -1571.171 1
 67.184395 -61.375480   0.062460  0.000170  18725.037    50.964718   3.011446  11.708773    2125.869 1
 67.536420 -61.113110   0.054720  0.000140  16404.643    41.970944   3.017877  11.733777     -73.600 1
 67.433320 -61.204067   0.066566  0.000300  19955.985    89.937737   3.019993  11.742006    3292.668 1
 67.389940 -61.239010   0.067120  0.000570  20122.070    99.990000   3.020168  11.742687    3450.097 1
 67.512290 -61.140320   0.059271  0.000140  17768.999    41.970944   3.021052  11.746124    1219.654 1
 67.408410 -61.245950   0.061095  0.000073  18315.820    21.884849   3.031783  11.787845    1737.978 1
 67.363530 -61.281036   0.057079  0.000173  17111.854    51.864095   3.031978  11.788603     596.755 1
 66.980060 -61.543324   0.057320  0.000090  17184.104    26.981321   3.032921  11.792272     665.240 1
 67.804054 -60.894450   0.061623  0.000267  18474.111    80.044586   3.036736  11.807102    1888.020 1
 67.401190 -61.265900   0.055920  0.000160  16764.394    47.966793   3.039572  11.818129     267.403 1
 67.386310 -61.278200   0.060080  0.000300  18011.531    89.937737   3.040025  11.819892    1449.547 1
 67.556984 -61.140087   0.065220  0.000200  19552.464    59.958492   3.040429  11.821463    2910.176 1
 67.327750 -61.324940   0.058123  0.000100  17424.837    29.979246   3.041530  11.825745     893.428 1
 67.655556 -61.055088   0.057560  0.000190  17256.054    56.960567   3.042136  11.828100     733.441 1
 67.320620 -61.331295   0.061049  0.000040  18302.030    11.991698   3.042159  11.828190    1724.907 1
 67.426190 -61.256310   0.068110  0.000060  20418.864    17.987547   3.044958  11.839071    3731.425 1
 67.109470 -61.487700   0.059670  0.000200  17888.616    59.958492   3.048884  11.854334    1333.037 1
 67.553940 -61.161545   0.065128  0.000047  19524.883    14.090246   3.050000  11.858674    2884.032 1
 67.607620 -61.117300   0.063200  0.000230  18946.883    68.952265   3.051205  11.863361    2336.154 1
 67.532450 -61.183610   0.066610  0.001290  19969.176    99.990000   3.052014  11.866508    3305.171 1
 63.860043 -62.564110   0.059400  0.000333  17807.672    99.830889   3.054189  11.874964    1256.312 1
 67.523964 -61.198574   0.066102  0.000123  19816.881    36.874472   3.056120  11.882472    3160.813 1
 67.550120 -61.193730   0.060160  0.000190  18035.514    56.960567   3.064904  11.916624    1472.280 1
 67.575230 -61.173370   0.055150  0.000420  16533.554    99.990000   3.065303  11.918174      48.593 1
 67.463480 -61.273050   0.055640  0.000280  16680.452    83.941888   3.069892  11.936016     187.836 1
 67.657120 -61.111042   0.062630  0.000170  18776.002    50.964718   3.069904  11.936062    2174.178 1
 67.484630 -61.262410   0.065900  0.000280  19756.323    83.941888   3.073126  11.948590    3103.411 1
 57.849550 -57.550865   0.062627  0.000150  18775.102    44.968869   3.074060  11.952223    2173.325 1
 67.747420 -61.045662   0.056560  0.000160  16956.261    47.966793   3.078646  11.970054     449.271 1
 67.535730 -61.233120   0.054390  0.000200  16305.712    59.958492   3.079333  11.972726    -167.376 1
 67.496690 -61.267720   0.059710  0.000210  17900.608    62.956416   3.081129  11.979706    1344.404 1
 67.823070 -60.978954   0.059331  0.000143  17786.986    42.870321   3.082197  11.983859    1236.704 1
 67.259560 -61.444860   0.071440  0.000300  21417.173    89.937737   3.083193  11.987734    4677.708 1
 67.389280 -61.360535   0.056250  0.000170  16863.326    50.964718   3.087361  12.003938     361.179 1
 67.515480 -61.265240   0.060912  0.000240  18260.958    71.950190   3.087801  12.005648    1685.975 1
 67.500070 -61.277620   0.066690  0.000110  19993.159    32.977170   3.087922  12.006118    3327.905 1
 67.464420 -61.307850   0.058920  0.000200  17663.772    59.958492   3.089343  12.011645    1119.911 1
 67.334360 -61.404290   0.061430  0.000700  18416.251    99.990000   3.089830  12.013539    1833.175 1
 67.428980 -61.339350   0.064955  0.000267  19473.019    80.044586   3.091965  12.021840    2834.871 1
 67.475980 -61.309800   0.059070  0.000340  17708.740    99.990000   3.095298  12.034798    1162.536 1
 67.790380 -61.059395   0.058931  0.000267  17667.069    80.044586   3.104283  12.069734    1123.036 1
 67.784090 -58.141040   0.065812  0.000150  19729.941    44.968869   3.105343  12.073852    3078.404 1
 67.682434 -61.163696   0.061000  0.000230  18287.340    68.952265   3.107158  12.080909    1710.982 1
 67.490750 -61.334550   0.064100  0.000160  19216.697    47.966793   3.115215  12.112239    2591.907 1
 67.942830 -60.933290   0.057420  0.000170  17214.083    50.964718   3.116806  12.118421     693.657 1
 67.687035 -61.184600   0.058771  0.000213  17619.103    63.855794   3.119708  12.129706    1077.569 1
 67.778620 -61.103325   0.065505  0.000267  19637.905    80.044586   3.119896  12.130436    2991.164 1
 60.890755 -56.574690   0.060042  0.000150  18000.139    44.968869   3.120818  12.134023    1438.748 1
 66.816560 -61.769680   0.069380  0.000080  20799.601    23.983397   3.122281  12.139711    4092.320 1
 67.864250 -61.026924   0.064208  0.000267  19249.074    80.044586   3.122421  12.140254    2622.597 1
 67.295950 -61.488144   0.064600  0.000100  19366.593    29.979246   3.123894  12.145981    2733.991 1
 67.458980 -61.375100   0.054310  0.000090  16281.728    26.981321   3.124661  12.148964    -190.109 1
 67.740480 -61.160870   0.060388  0.000267  18103.867    80.044586   3.131190  12.174348    1537.071 1
 67.798550 -61.114110   0.060969  0.000267  18278.046    80.044586   3.133925  12.184982    1702.173 1
 67.702290 -61.201320   0.063210  0.000090  18949.881    26.981321   3.134850  12.188580    2338.996 1
 67.744150 -61.165276   0.059815  0.000150  17932.086    44.968869   3.134992  12.189133    1374.242 1
 56.691340 -60.858530   0.044894  0.000150  13458.883    44.968869   3.135393  12.190691   -2865.846 1
 67.390526 -61.443787   0.057580  0.000160  17262.050    47.966793   3.135976  12.192957     739.124 1
 67.571070 -61.312180   0.056506  0.000020  16940.073     5.995849   3.136856  12.196379     433.926 1
 67.713670 -61.196476   0.056612  0.000333  16971.851    99.830889   3.137345  12.198281     464.048 1
 66.270500 -62.047070   0.049811  0.000267  14932.962    80.044586   3.140100  12.208992   -1468.586 1
 67.618260 -61.284454   0.058530  0.000183  17546.853    54.862020   3.141997  12.216370    1009.085 1
 66.723890 -61.858250   0.056330  0.000070  16887.309    20.985472   3.151398  12.252920     383.912 1
 67.841300 -61.114010   0.057220  0.000200  17154.124    59.958492   3.152849  12.258560     636.823 1
 67.515840 -61.385760   0.055020  0.000190  16494.581    56.960567   3.154415  12.264649      11.651 1
 67.305290 -61.534970   0.059730  0.000330  17906.604    98.931511   3.156090  12.271162    1350.088 1
 67.712790 -61.235172   0.064620  0.000160  19372.589    47.966793   3.156777  12.273836    2739.675 1
 67.195990 -61.608120   0.057310  0.000420  17181.106    99.990000   3.158420  12.280222     662.398 1
 67.737110 -61.225890   0.055820  0.000230  16734.415    68.952265   3.162550  12.296282     238.986 1
 67.495930 -61.415737   0.053073  0.000037  15910.885    11.092321   3.163177  12.298716    -541.626 1
 67.514640 -61.402180   0.054120  0.000300  16224.768    89.937737   3.163217  12.298874    -244.101 1
 67.896614 -61.091010   0.062156  0.000240  18633.900    71.950190   3.166584  12.311964    2039.482 1
 63.652880 -62.706550   0.059548  0.000150  17852.041    44.968869   3.169316  12.322587    1298.369 1
 67.988580 -61.006890   0.060650  0.000100  18182.413    29.979246   3.169633  12.323819    1611.523 1
 67.478226 -61.439827   0.057660  0.000077  17286.033    23.084019   3.169726  12.324181     761.857 1
 68.027930 -60.970350   0.059020  0.000150  17693.751    44.968869   3.171591  12.331433    1148.327 1
 67.960330 -61.042630   0.058010  0.000080  17390.960    23.983397   3.172862  12.336374     861.317 1
 67.626945 -61.339725   0.058113  0.000030  17421.839     8.993774   3.175576  12.346925     890.586 1
 67.916850 -61.095040   0.063930  0.000360  19165.732    99.990000   3.177516  12.354471    2543.598 1
 57.505040 -57.594894   0.060982  0.000103  18281.944    30.878623   3.177869  12.355842    1705.867 1
 68.038480 -60.974930   0.057560  0.000080  17256.054    23.983397   3.178382  12.357836     733.441 1
 67.443340 -61.480610   0.064980  0.000190  19480.514    56.960567   3.179249  12.361206    2841.975 1
 56.686370 -58.248196   0.064405  0.000117  19308.133    35.075718   3.179818  12.363421    2678.578 1
 67.631270 -57.862656   0.058180  0.000183  17441.925    54.862020   3.180846  12.367415     909.625 1
 66.830810 -61.848000   0.056950  0.000210  17073.180    62.956416   3.182207  12.372708     560.097 1
 67.419660 -61.503370   0.055560  0.000240  16656.469    71.950190   3.183110  12.376220     165.102 1
 57.555690 -57.554930   0.058607  0.000113  17569.937    33.876548   3.183635  12.378260    1030.966 1
 68.245700 -60.746086   0.061389  0.000267  18403.959    80.044586   3.184258  12.380684    1821.524 1
 67.774320 -61.237736   0.054950  0.000050  16473.596    14.989623   3.184788  12.382744      -8.241 1
 67.890850 -61.138947   0.059090  0.000190  17714.736    56.960567   3.186814  12.390622    1168.219 1
 67.684970 -61.317890   0.062270  0.000380  18668.076    99.990000   3.188415  12.396846    2071.877 1
 67.235830 -61.631660   0.054831  0.000410  16437.920    99.990000   3.188941  12.398889     -42.057 1
 58.827667 -56.965110   0.068420  0.000333  20511.800    99.830889   3.190499  12.404948    3819.517 1
 67.597180 -61.389890   0.061180  0.000160  18341.303    47.966793   3.190773  12.406013    1762.133 1
 67.567810 -61.412480   0.056680  0.000100  16992.237    29.979246   3.191213  12.407725     483.372 1
 67.689390 -61.321087   0.068167  0.000233  20435.952    69.851643   3.192020  12.410861    3747.622 1
 67.173140 -61.676850   0.054150  0.000220  16233.762    65.954341   3.193660  12.417238    -235.576 1
 67.599560 -61.394560   0.059120  0.000180  17723.730    53.962642   3.194386  12.420061    1176.744 1
 67.701930 -61.322270   0.064680  0.000330  19390.576    98.931511   3.198006  12.434136    2756.725 1
 67.393600 -61.554090   0.066150  0.000110  19831.271    32.977170   3.203156  12.454160    3174.453 1
 67.856710 -61.203030   0.058400  0.000160  17507.880    47.966793   3.203184  12.454267     972.143 1
 67.547360 -61.450520   0.059560  0.000240  17855.639    71.950190   3.204457  12.459218    1301.779 1
 67.876910 -61.187760   0.061960  0.000150  18575.141    44.968869   3.204472  12.459275    1983.785 1
 67.680280 -61.352013   0.062506  0.000030  18738.827     8.993774   3.204894  12.460916    2138.941 1
 68.121150 -60.951530   0.059510  0.000260  17840.649    77.946039   3.206270  12.466266    1287.570 1
 67.373380 -61.574833   0.066262  0.000093  19864.848    27.880699   3.207746  12.472004    3206.280 1
 67.489430 -61.497100   0.050960  0.000070  15277.424    20.985472   3.207807  12.472242   -1142.076 1
 68.115010 -58.242855   0.057760  0.000150  17316.012    44.968869   3.209483  12.478759     790.274 1
 67.647640 -61.392110   0.057870  0.000580  17348.990    99.990000   3.213199  12.493207     821.533 1
 68.157130 -60.929950   0.057590  0.000130  17265.048    38.973020   3.213837  12.495690     741.966 1
 67.469000 -61.521780   0.055790  0.000200  16725.421    59.958492   3.214129  12.496822     230.461 1
 67.367580 -61.591800   0.058060  0.000400  17405.950    99.990000   3.215889  12.503665     875.525 1
 56.522522 -58.335636   0.063827  0.000113  19134.853    33.876548   3.219546  12.517885    2514.328 1
 67.435250 -61.556410   0.054860  0.000250  16446.614    74.948115   3.221307  12.524732     -33.816 1
 67.494310 -61.518215   0.051530  0.000130  15448.305    38.973020   3.222297  12.528580    -980.099 1
 67.510090 -61.507690   0.062310  0.000150  18680.068    44.968869   3.222496  12.529354    2083.244 1
 67.272710 -61.663720   0.062130  0.000210  18626.105    62.956416   3.223752  12.534239    2032.093 1
 67.960495 -61.152237   0.060040  0.000210  17999.539    62.956416   3.224102  12.535600    1438.180 1
 67.975020 -61.140366   0.062170  0.000267  18638.097    80.044586   3.224880  12.538623    2043.460 1
 67.507190 -61.516170   0.059510  0.000350  17840.649    99.990000   3.226330  12.544261    1287.570 1
 67.601760 -61.450195   0.060485  0.000113  18132.947    33.876548   3.226807  12.546119    1564.635 1
 66.948260 -61.853430   0.069520  0.000130  20841.572    38.973020   3.228401  12.552315    4132.103 1
 67.766556 -61.330030   0.070042  0.000123  20998.063    36.874472   3.229773  12.557651    4280.440 1
 67.486910 -61.536190   0.059190  0.000270  17744.716    80.943964   3.230004  12.558546    1196.636 1
 67.470505 -61.551205   0.056380  0.000190  16902.299    56.960567   3.232377  12.567773     398.121 1
 67.613430 -61.455880   0.063020  0.000260  18892.921    77.946039   3.234903  12.577594    2285.004 1
 59.282090 -56.771843   0.048787  0.000150  14625.975    44.968869   3.235009  12.578005   -1759.575 1
 67.567540 -61.492615   0.053640  0.000140  16080.867    41.970944   3.237180  12.586450    -380.502 1
 67.518140 -61.527680   0.052530  0.000200  15748.098    59.958492   3.237619  12.588153    -695.930 1
 67.572810 -61.490890   0.060510  0.000200  18140.442    59.958492   3.238341  12.590964    1571.739 1
 67.773490 -61.343887   0.056850  0.000150  17043.201    44.968869   3.240158  12.598026     531.680 1
 67.716190 -61.390080   0.057303  0.000200  17179.007    59.958492   3.240957  12.601134     660.409 1
 68.079880 -61.076027   0.066110  0.000240  19819.279    71.950190   3.241919  12.604872    3163.087 1
 67.950710 -61.198040   0.066000  0.000630  19786.302    99.990000   3.242029  12.605300    3131.828 1
 67.620790 -61.466200   0.061209  0.000090  18349.997    26.981321   3.243870  12.612457    1770.374 1
 68.039795 -61.119396   0.061090  0.000180  18314.321    53.962642   3.243888  12.612528    1736.558 1
 67.139380 -61.773840   0.061490  0.000230  18434.238    68.952265   3.244715  12.615746    1850.225 1
 67.884530 -61.261505   0.056252  0.000267  16863.925    80.044586   3.244859  12.616307     361.747 1
 67.630710 -61.461060   0.050560  0.000110  15157.507    32.977170   3.245037  12.616998   -1255.743 1
 67.134290 -61.780334   0.061040  0.000333  18299.332    99.830889   3.247149  12.625209    1722.349 1
 67.917540 -61.238693   0.058917  0.000370  17662.872    99.990000   3.247691  12.627315    1119.058 1
 67.499410 -61.558670   0.054320  0.000210  16284.726    62.956416   3.248549  12.630651    -187.267 1
 66.953800 -61.880680   0.069250  0.000260  20760.628    77.946039   3.249444  12.634131    4055.378 1
 67.701130 -61.417530   0.056120  0.000200  16824.353    59.958492   3.249836  12.635656     324.237 1
 66.940550 -61.891010   0.069010  0.000080  20688.678    23.983397   3.251919  12.643753    3987.177 1
 67.605290 -61.496580   0.057300  0.000210  17178.108    62.956416   3.255017  12.655800     659.557 1
 67.561470 -61.529260   0.055325  0.000100  16586.018    29.979246   3.256214  12.660454      98.323 1
 67.432930 -61.616264   0.059031  0.000087  17697.049    26.081944   3.257002  12.663520    1151.453 1
 68.803050 -59.462460   0.058721  0.000207  17604.113    62.057039   3.257617  12.665908    1063.361 1
 67.554910 -61.546600   0.058030  0.000150  17396.956    44.968869   3.263827  12.690053     867.000 1
 67.425270 -61.634780   0.061780  0.000220  18521.178    65.954341   3.265436  12.696312    1932.634 1
 67.665560 -61.472540   0.061372  0.000127  18398.863    38.073642   3.266067  12.698764    1816.693 1
 67.702580 -61.446470   0.065760  0.000240  19714.352    71.950190   3.266677  12.701134    3063.627 1
 67.634410 -61.496230   0.052560  0.000290  15757.092    86.939813   3.266814  12.701668    -687.405 1
 68.110410 -61.102080   0.064140  0.000210  19228.688    62.956416   3.267550  12.704528    2603.273 1
 67.855960 -61.330930   0.071240  0.000100  21357.215    29.979246   3.268575  12.708516    4620.874 1
 67.651410 -61.488090   0.066550  0.000210  19951.188    62.956416   3.269133  12.710683    3288.121 1
 67.714000 -61.442375   0.056850  0.000140  17043.201    41.970944   3.269146  12.710735     531.680 1
 67.748400 -61.418810   0.069922  0.000173  20962.088    51.864095   3.270422  12.715695    4246.339 1
 67.642780 -61.499740   0.053060  0.000170  15906.988    50.964718   3.272299  12.722995    -545.321 1
 67.014110 -61.882700   0.062720  0.000070  18802.983    20.985472   3.272696  12.724536    2199.753 1
 68.267670 -60.951610   0.061280  0.000190  18371.282    56.960567   3.273724  12.728533    1790.550 1
 67.664150 -61.488060   0.061170  0.000440  18338.305    99.990000   3.274386  12.731108    1759.291 1
 57.486500 -57.456165   0.061970  0.000333  18578.139    99.830889   3.274433  12.731290    1986.626 1
 67.584180 -61.549050   0.068420  0.000340  20511.800    99.990000   3.277194  12.742025    3819.517 1
 67.549340 -61.574290   0.060880  0.000180  18251.365    53.962642   3.278127  12.745654    1676.882 1
 67.980960 -61.244120   0.068700  0.000270  20595.742    80.943964   3.278171  12.745825    3899.085 1
 67.002090 -61.900670   0.059070  0.000190  17708.740    56.960567   3.280885  12.756376    1162.536 1
 67.915710 -61.306040   0.055920  0.000200  16764.394    59.958492   3.281307  12.758016     267.403 1
 67.264130 -61.757770   0.060280  0.000530  18071.489    99.990000   3.281353  12.758197    1506.381 1
 67.511280 -61.605770   0.062810  0.000110  18829.964    32.977170   3.281858  12.760161    2225.328 1
 68.094850 -61.148270   0.065700  0.000130  19696.364    38.973020   3.282029  12.760823    3046.577 1
 67.710910 -61.470050   0.061900  0.000160  18557.153    47.966793   3.283499  12.766541    1966.735 1
 67.528984 -61.597650   0.059478  0.000163  17831.056    48.866171   3.284027  12.768593    1278.477 1
 67.859890 -61.357030   0.061730  0.000230  18506.188    68.952265   3.284119  12.768950    1918.426 1
 67.929860 -61.301320   0.066990  0.000110  20083.097    32.977170   3.284989  12.772335    3413.155 1
 67.648700 -61.517980   0.058410  0.000220  17510.877    65.954341   3.285332  12.773669     974.984 1
 67.786760 -61.419353   0.064181  0.000020  19240.980     5.995849   3.286887  12.779713    2614.924 1
 67.411830 -61.677820   0.060340  0.000180  18089.477    53.962642   3.287092  12.780510    1523.431 1
 67.735460 -61.460663   0.062020  0.000170  18593.128    50.964718   3.288420  12.785674    2000.835 1
 67.820860 -61.396090   0.064460  0.000210  19324.622    62.956416   3.288553  12.786190    2694.207 1
 67.947820 -61.298542   0.070182  0.000033  21040.034     9.893151   3.291343  12.797037    4320.223 1
 68.003470 -61.250935   0.056762  0.000223  17016.820    66.853718   3.291442  12.797424     506.674 1
 67.834910 -61.391960   0.058360  0.000180  17495.888    53.962642   3.292272  12.800650     960.776 1
 67.735760 -61.467460   0.051610  0.000160  15472.289    47.966793   3.292387  12.801098    -957.366 1
 67.709230 -61.487150   0.060859  0.000073  18245.069    21.884849   3.292548  12.801725    1670.914 1
 67.790810 -61.426643   0.061809  0.000290  18529.872    86.939813   3.292625  12.802022    1940.875 1
 67.748340 -61.461110   0.053437  0.000173  16020.010    51.864095   3.294053  12.807576    -438.189 1
 56.414955 -58.272377   0.061312  0.000150  18380.875    44.968869   3.294700  12.810090    1799.643 1
 67.991290 -61.270640   0.066250  0.000190  19861.250    56.960567   3.296025  12.815244    3202.870 1
 68.072270 -61.198746   0.057870  0.000150  17348.990    44.968869   3.296070  12.815417     821.533 1
 67.735210 -61.476757   0.055308  0.000267  16580.921    80.044586   3.297428  12.820697      93.492 1
 67.955280 -61.306860   0.051190  0.000220  15346.376    65.954341   3.298864  12.826283   -1076.717 1
 67.994870 -61.273440   0.061956  0.000093  18573.942    27.880699   3.299004  12.826826    1982.648 1
 67.921360 -61.335520   0.068690  0.000240  20592.744    71.950190   3.299125  12.827295    3896.243 1
 67.638520 -61.550170   0.065310  0.000090  19579.445    26.981321   3.300025  12.830793    2935.751 1
 67.769620 -61.456947   0.054908  0.000123  16461.004    36.874472   3.300614  12.833085     -20.176 1
 67.856900 -61.390530   0.055680  0.000360  16692.444    99.990000   3.300846  12.833989     199.203 1
 67.826260 -61.416020   0.062110  0.000140  18620.110    41.970944   3.301738  12.837454    2026.410 1
 67.791040 -61.444798   0.060632  0.000267  18177.016    80.044586   3.302804  12.841599    1606.408 1
 67.012750 -57.282066   0.058400  0.000297  17507.880    89.038360   3.302919  12.842046     972.143 1
 63.718918 -62.837444   0.044331  0.000333  13290.099    99.830889   3.304283  12.847352   -3025.833 1
 68.201170 -61.096050   0.066990  0.000080  20083.097    23.983397   3.305705  12.852878    3413.155 1
 67.769350 -61.467410   0.061496  0.000100  18436.037    29.979246   3.306385  12.855524    1851.930 1
 68.118800 -61.177530   0.062260  0.000200  18665.078    59.958492   3.306548  12.856156    2069.035 1
 67.748760 -61.483410   0.057877  0.000153  17351.088    45.868246   3.306849  12.857329     823.522 1
 67.724030 -61.501590   0.065265  0.000070  19565.955    20.985472   3.306957  12.857749    2922.964 1
 67.801125 -61.444878   0.057326  0.000093  17185.902    27.880699   3.307087  12.858251     666.945 1
 67.990810 -61.296200   0.054690  0.000350  16395.650    99.990000   3.308812  12.864960     -82.125 1
 67.612220 -61.584180   0.063220  0.000160  18952.879    47.966793   3.309519  12.867709    2341.838 1
 67.914230 -61.361630   0.067783  0.000040  20320.832    11.991698   3.309843  12.868967    3638.501 1
 67.893720 -61.378610   0.060460  0.000080  18125.452    23.983397   3.310124  12.870060    1557.531 1
 67.855910 -61.408660   0.060610  0.000210  18170.421    62.956416   3.310272  12.870638    1600.156 1
 67.880220 -61.390510   0.060240  0.000170  18059.498    50.964718   3.310764  12.872550    1495.014 1
 67.841130 -61.421540   0.063190  0.000110  18943.885    32.977170   3.311057  12.873687    2333.313 1
 67.816650 -61.440426   0.068624  0.000103  20572.958    30.878623   3.311145  12.874030    3877.488 1
 67.795340 -61.460003   0.061542  0.000160  18449.827    47.966793   3.313103  12.881643    1865.002 1
 67.987060 -61.307780   0.058811  0.000107  17631.094    32.077793   3.313121  12.881712    1088.936 1
 67.819490 -61.442270   0.052856  0.000103  15845.830    30.878623   3.313363  12.882655    -603.291 1
 67.804790 -61.453434   0.060215  0.000083  18052.003    24.882774   3.313395  12.882777    1487.910 1
 67.424190 -61.713870   0.058434  0.000067  17518.072    20.086095   3.314772  12.888132     981.804 1
 67.802895 -61.457973   0.059424  0.000090  17814.867    26.981321   3.315135  12.889543    1263.132 1
 68.175120 -61.143710   0.057730  0.000310  17307.019    92.935662   3.315804  12.892144     781.749 1
 67.956085 -61.342920   0.065720  0.000250  19702.360    74.948115   3.317966  12.900550    3052.261 1
 67.753940 -61.499370   0.067000  0.000070  20086.095    20.985472   3.318096  12.901055    3415.997 1
 67.842700 -61.435020   0.057280  0.000190  17172.112    56.960567   3.319137  12.905102     653.873 1
 68.476650 -60.819640   0.058887  0.000173  17653.878    51.864095   3.319823  12.907773    1110.533 1
 67.229416 -61.835520   0.064860  0.000090  19444.539    26.981321   3.319867  12.907943    2807.875 1
 68.021164 -61.293095   0.047723  0.000277  14306.995    83.042511   3.320440  12.910169   -2061.931 1
 68.112800 -61.214580   0.060472  0.000100  18129.050    29.979246   3.321680  12.914990    1560.941 1
 67.855650 -61.432133   0.063414  0.000110  19011.039    32.977170   3.323015  12.920183    2396.967 1
 67.579800 -61.630190   0.055632  0.000173  16678.054    51.864095   3.324227  12.924894     185.562 1
 67.775380 -61.494580   0.062473  0.000110  18728.934    32.977170   3.324280  12.925101    2129.563 1
 67.740110 -61.520523   0.056130  0.000170  16827.351    50.964718   3.324501  12.925960     327.079 1
 67.485820 -57.510960   0.048700  0.000410  14599.893    99.990000   3.328695  12.942266   -1784.298 1
 57.041862 -61.558770   0.070065  0.000150  21004.959    44.968869   3.330115  12.947788    4286.975 1
 68.453890 -60.875866   0.058744  0.000133  17611.008    39.872397   3.330170  12.948001    1069.897 1
 67.912200 -61.401913   0.058440  0.000210  17519.871    62.956416   3.330540  12.949441     983.509 1
 68.349530 -60.998875   0.057000  0.000200  17088.170    59.958492   3.331025  12.951328     574.306 1
 67.048744 -61.948690   0.059530  0.000220  17846.645    65.954341   3.331402  12.952790    1293.254 1
 67.021830 -61.963290   0.056330  0.000440  16887.309    99.990000   3.332061  12.955352     383.912 1
 67.948395 -61.379750   0.048800  0.000030  14629.872     8.993774   3.334118  12.963350   -1755.881 1
 68.010605 -61.329540   0.053130  0.000083  15927.973    24.882774   3.334550  12.965031    -525.429 1
 67.735020 -61.541847   0.067213  0.000067  20149.950    20.086095   3.334741  12.965774    3476.525 1
 67.908180 -61.415290   0.058270  0.000250  17468.907    74.948115   3.336071  12.970944     935.201 1
 67.894580 -61.427930   0.051260  0.000190  15367.361    56.960567   3.337184  12.975273   -1056.825 1
 68.004234 -61.342660   0.061179  0.000100  18341.003    29.979246   3.338604  12.980794    1761.849 1
 67.431625 -61.747463   0.065675  0.000130  19688.870    38.973020   3.339135  12.982858    3039.473 1
 67.909100 -61.421143   0.059164  0.000067  17736.921    20.086095   3.339642  12.984830    1189.248 1
 67.906740 -61.425770   0.070940  0.000250  21267.277    74.948115   3.341161  12.990734    4535.623 1
 67.889900 -61.440830   0.058500  0.000250  17537.859    74.948115   3.342272  12.995055    1000.559 1
 67.699360 -61.580670   0.065090  0.000300  19513.491    89.937737   3.342877  12.997409    2873.234 1
 67.936580 -61.405940   0.064780  0.000440  19420.555    99.990000   3.343100  12.998274    2785.142 1
 68.141910 -61.233025   0.057239  0.000050  17159.821    14.989623   3.343516  12.999890     642.222 1
 67.906204 -61.431377   0.051115  0.000073  15323.891    21.884849   3.343993  13.001748   -1098.029 1
 67.922880 -61.418613   0.068460  0.000110  20523.792    32.977170   3.344121  13.002246    3830.884 1
 68.401024 -60.975540   0.060710  0.000130  18200.400    38.973020   3.345071  13.005939    1628.573 1
 67.997890 -61.362300   0.056700  0.000190  16998.232    56.960567   3.346141  13.010097     489.055 1
 67.013350 -61.988000   0.056010  0.000230  16791.376    68.952265   3.346587  13.011831     292.978 1
 67.819170 -61.502224   0.052766  0.000100  15818.849    29.979246   3.346858  13.012887    -628.866 1
 67.843704 -61.485336   0.055528  0.000100  16646.876    29.979246   3.347572  13.015662     156.009 1
 68.694200 -60.589455   0.058684  0.000133  17593.021    39.872397   3.347679  13.016078    1052.847 1
 68.488716 -60.883007   0.058257  0.000230  17465.009    68.952265   3.349182  13.021923     931.506 1
 67.922490 -61.431150   0.055080  0.000220  16512.569    65.954341   3.350774  13.028112      28.701 1
 68.516080 -60.853450   0.059644  0.000267  17880.821    80.044586   3.350853  13.028419    1325.649 1
 67.711910 -61.586610   0.061410  0.000190  18410.255    56.960567   3.351511  13.030976    1827.492 1
 67.376680 -61.799200   0.061910  0.000730  18560.151    99.990000   3.351516  13.030996    1969.576 1
 67.947000 -61.414860   0.068320  0.000140  20481.821    41.970944   3.352351  13.034244    3791.100 1
 68.144990 -61.248756   0.063374  0.000093  18999.047    27.880699   3.352565  13.035074    2385.600 1
 67.075000 -61.965660   0.059730  0.000190  17906.604    56.960567   3.352783  13.035924    1350.088 1
 67.528970 -61.712060   0.063980  0.000190  19180.721    56.960567   3.354698  13.043367    2557.806 1
 67.868470 -61.480040   0.060510  0.000160  18140.442    47.966793   3.354981  13.044469    1571.739 1
 67.920790 -61.441340   0.057260  0.000110  17166.116    32.977170   3.355621  13.046956     648.190 1
 56.234340 -58.323520   0.063884  0.000120  19151.941    35.975095   3.358653  13.058744    2530.526 1
 67.112310 -61.969880   0.058870  0.000220  17648.782    65.954341   3.369173  13.099648    1105.702 1
 67.761960 -61.582950   0.064700  0.000600  19396.572    99.990000   3.369813  13.102137    2762.408 1
 67.659996 -61.654540   0.043016  0.000033  12895.872     9.893151   3.371242  13.107692   -3399.515 1
 68.060850 -61.358456   0.069860  0.000120  20943.501    35.975095   3.371286  13.107863    4228.721 1
 68.034340 -61.381600   0.058840  0.000380  17639.788    99.990000   3.371979  13.110560    1097.177 1
 67.973690 -61.441020   0.055040  0.000210  16500.577    62.956416   3.377877  13.133492      17.334 1
 67.992470 -61.428160   0.049994  0.000200  14987.824    59.958492   3.378897  13.137457   -1416.583 1
 67.718780 -61.630040   0.050660  0.001330  15187.486    99.990000   3.380161  13.142372   -1227.326 1
 68.227900 -61.234010   0.065320  0.000250  19582.443    74.948115   3.382054  13.149730    2938.593 1
 67.914520 -61.495460   0.054980  0.000260  16482.589    77.946039   3.382920  13.153100       0.284 1
 68.163055 -61.295254   0.048900  0.000143  14659.851    42.870321   3.383529  13.155466   -1727.464 1
 67.973300 -61.460680   0.058320  0.000160  17483.896    47.966793   3.388442  13.174569     949.409 1
 67.633670 -61.700090   0.056510  0.000030  16941.272     8.993774   3.388658  13.175408     435.063 1
 67.063670 -57.182903   0.057900  0.000297  17357.983    89.038360   3.391365  13.185934     830.058 1
 69.055140 -59.860435   0.059348  0.000150  17792.083    44.968869   3.391758  13.187462    1241.535 1
 67.512344 -61.784320   0.059960  0.000150  17975.556    44.968869   3.394111  13.196608    1415.446 1
 67.331970 -61.894060   0.062780  0.000050  18820.971    14.989623   3.397644  13.210346    2216.803 1
 68.157150 -61.332726   0.059167  0.000107  17737.820    32.077793   3.399837  13.218874    1190.100 1
 67.980354 -61.476475   0.064260  0.000150  19264.663    44.968869   3.400100  13.219895    2637.374 1
 68.104576 -61.379135   0.056712  0.000093  17001.830    27.880699   3.400944  13.223178     492.465 1
 67.965530 -61.489600   0.054670  0.000310  16389.654    92.935662   3.401099  13.223780     -87.808 1
 67.824500 -61.593834   0.066886  0.000280  20051.918    83.941888   3.401832  13.226630    3383.602 1
 68.281815 -61.227160   0.054107  0.000093  16220.871    27.880699   3.402710  13.230045    -247.795 1
 67.977100 -61.486073   0.065145  0.000083  19529.980    24.882774   3.404022  13.235145    2888.863 1
 67.633630 -61.727090   0.062880  0.001050  18850.950    99.990000   3.405407  13.240529    2245.220 1
 68.556770 -60.951770   0.065570  0.000040  19657.391    11.991698   3.407633  13.249184    3009.635 1
 68.560580 -60.948190   0.065680  0.000110  19690.369    32.977170   3.407990  13.250574    3040.894 1
 67.566160 -61.776200   0.071440  0.000260  21417.173    77.946039   3.409848  13.257797    4677.708 1
 67.946130 -61.520830   0.063730  0.000400  19105.773    99.990000   3.410385  13.259886    2486.764 1
 67.959470 -61.512810   0.057173  0.000113  17140.034    33.876548   3.411477  13.264132     623.467 1
 68.298960 -61.229790   0.069220  0.000190  20751.634    56.960567   3.411590  13.264569    4046.852 1
 68.513100 -61.011600   0.058690  0.000230  17594.819    68.952265   3.411590  13.264571    1054.552 1
 68.123520 -61.384000   0.058390  0.000480  17504.882    99.990000   3.411659  13.264840     969.301 1
 67.515170 -61.810300   0.058490  0.000190  17534.861    56.960567   3.411946  13.265954     997.718 1
 68.119300 -61.393370   0.063060  0.000160  18904.912    47.966793   3.414738  13.276808    2296.371 1
 66.992455 -62.094097   0.061359  0.000103  18394.965    30.878623   3.415720  13.280627    1812.999 1
 67.992220 -61.495720   0.063330  0.000290  18985.856    86.939813   3.415732  13.280675    2373.096 1
 66.819710 -62.175198   0.058687  0.000113  17593.920    33.876548   3.417079  13.285913    1053.699 1
 62.539303 -63.020813   0.048133  0.000187  14429.910    56.061190   3.417544  13.287719   -1945.422 1
 68.201920 -61.329870   0.062773  0.000110  18818.872    32.977170   3.417920  13.289183    2214.814 1
 68.020330 -61.480526   0.062556  0.000053  18753.817    15.889000   3.419224  13.294250    2153.149 1
 67.980064 -61.511750   0.057973  0.000030  17379.868     8.993774   3.419528  13.295433     850.802 1
 56.117256 -58.307224   0.064398  0.000834  19306.035    99.990000   3.419639  13.295866    2676.589 1
 68.229095 -61.310510   0.063420  0.000220  19012.838    65.954341   3.420097  13.297646    2398.672 1
 68.323680 -61.233330   0.068600  0.000190  20565.763    56.960567   3.424274  13.313887    3870.668 1
 67.620000 -61.766820   0.063170  0.000320  18937.890    95.933587   3.424962  13.316563    2327.629 1
 68.213646 -61.334640   0.060468  0.000257  18127.850    77.046662   3.425450  13.318459    1559.804 1
 68.231090 -61.319527   0.053730  0.000333  16107.849    99.830889   3.425478  13.318568    -354.927 1
 68.086040 -61.440662   0.060680  0.000180  18191.406    53.962642   3.425533  13.318780    1620.048 1
 68.068954 -61.456030   0.059960  0.000170  17975.556    50.964718   3.426518  13.322612    1415.446 1
 68.196335 -61.352000   0.067677  0.000203  20289.054    60.857869   3.426715  13.323377    3608.380 1
 67.966350 -61.537450   0.063270  0.000170  18967.869    50.964718   3.428197  13.329139    2356.046 1
 68.408330 -61.161380   0.067140  0.000260  20128.066    77.946039   3.428740  13.331252    3455.781 1
 68.115520 -61.426480   0.051070  0.000170  15310.401    50.964718   3.430580  13.338404   -1110.817 1
 68.432076 -61.144110   0.067490  0.000200  20232.993    59.958492   3.431666  13.342625    3555.240 1
 68.173390 -61.384323   0.057710  0.000090  17301.023    26.981321   3.433380  13.349290     776.066 1
 67.615370 -61.787266   0.063444  0.000123  19020.033    36.874472   3.436099  13.359863    2405.492 1
 68.163040 -61.401350   0.054510  0.000110  16341.687    32.977170   3.437772  13.366370    -133.275 1
 68.359760 -61.228363   0.056960  0.000210  17076.178    62.956416   3.437994  13.367229     562.939 1
 67.572770 -61.831440   0.058230  0.000090  17456.915    26.981321   3.447848  13.405545     923.834 1
 68.222110 -61.373040   0.063730  0.000250  19105.773    74.948115   3.448682  13.408788    2486.764 1
 68.139690 -61.446250   0.055550  0.000250  16653.471    74.948115   3.451457  13.419578     162.261 1
 68.243730 -61.360394   0.070482  0.000070  21129.972    20.985472   3.451627  13.420236    4405.474 1
 67.694080 -61.769520   0.056660  0.000180  16986.241    53.962642   3.455801  13.436465     477.688 1
 67.830620 -61.684658   0.058587  0.000100  17563.941    29.979246   3.458207  13.445822    1025.282 1
 68.046970 -61.530770   0.054890  0.000220  16455.608    65.954341   3.458235  13.445931     -25.291 1
 68.068600 -61.522896   0.057800  0.000180  17328.004    53.962642   3.462961  13.464304     801.641 1
 69.216330 -59.525890   0.060558  0.000160  18154.832    47.966793   3.464521  13.470370    1585.380 1
 68.205790 -61.421060   0.063550  0.000410  19051.811    99.990000   3.466519  13.478141    2435.614 1
 68.175120 -61.447670   0.051650  0.000210  15484.280    62.956416   3.467386  13.481508    -945.999 1
 66.311980 -56.765870   0.068000  0.000297  20385.887    89.038360   3.468919  13.487470    3700.166 1
 68.159360 -61.463900   0.058220  0.000130  17453.917    38.973020   3.469307  13.488977     920.992 1
 61.783073 -56.147320   0.067010  0.000150  20089.093    44.968869   3.469778  13.490812    3418.839 1
 67.939320 -61.631920   0.064640  0.000150  19378.584    44.968869   3.471232  13.496462    2745.358 1
 68.270930 -61.376366   0.053710  0.000113  16101.853    33.876548   3.471607  13.497923    -360.611 1
 68.399826 -61.263836   0.064410  0.000070  19309.632    20.985472   3.472686  13.502115    2679.999 1
 68.212850 -61.429920   0.060470  0.000130  18128.450    38.973020   3.474210  13.508041    1560.373 1
 68.133520 -61.495740   0.055400  0.000190  16608.502    56.960567   3.475501  13.513061     119.635 1
 67.298200 -62.026073   0.056296  0.000210  16877.116    62.956416   3.475697  13.513823     374.251 1
 68.096950 -61.528973   0.063104  0.000267  18918.103    80.044586   3.478270  13.523829    2308.874 1
 67.913830 -61.664300   0.057580  0.000200  17262.050    59.958492   3.479841  13.529936     739.124 1
 68.612335 -61.069813   0.059800  0.000230  17927.589    68.952265   3.481492  13.536355    1369.979 1
 68.661150 -61.020775   0.059470  0.000250  17828.657    74.948115   3.483687  13.544888    1276.204 1
 68.287560 -61.386690   0.054374  0.000153  16300.915    45.868246   3.484116  13.546556    -171.922 1
 68.241135 -61.429787   0.058884  0.000067  17652.979    20.086095   3.486324  13.555144    1109.680 1
 67.967880 -61.639020   0.061830  0.000190  18536.168    56.960567   3.487109  13.558194    1946.843 1
 67.879500 -61.702410   0.053520  0.000110  16044.892    32.977170   3.488643  13.564157    -414.603 1
 67.264040 -62.070805   0.055889  0.000143  16755.101    42.870321   3.494745  13.587885     258.594 1
 67.823750 -61.756670   0.053977  0.000267  16181.898    80.044586   3.499258  13.605431    -284.737 1
 68.630260 -61.093440   0.060620  0.000280  18173.419    83.941888   3.499709  13.607183    1602.998 1
 66.735210 -56.887850   0.057800  0.000297  17328.004    89.038360   3.500816  13.611487     801.641 1
 68.483680 -61.253010   0.060930  0.000260  18266.354    77.946039   3.504908  13.627400    1691.090 1
