 55.206250 -45.677778   0.069800  0.000333  20925.514    99.830889   0.010710   0.050864     241.474 0
 55.195210 -45.669014   0.068571  0.000150  20557.069    44.968869   0.013449   0.063869    -103.209 0
 55.171583 -45.689111   0.069468  0.000113  20825.982    33.876548   0.016030   0.076125     148.362 0
 55.286785 -45.692196   0.066746  0.000033  20009.947     9.893151   0.066703   0.316773    -615.044 0
 55.281647 -45.758160   0.068184  0.000437  20441.049    99.990000   0.098201   0.466358    -211.746 0
 55.289400 -45.766895   0.069201  0.000304  20745.938    91.136907   0.108396   0.514778      73.480 0
 55.267510 -45.778908   0.068344  0.000333  20489.016    99.830889   0.109939   0.522102    -166.872 0
 55.327210 -45.740307   0.065368  0.000617  19596.833    99.990000   0.110627   0.525373   -1001.515 1
 55.277187 -45.786450   0.070395  0.000150  21103.890    44.968869   0.119816   0.569012     408.347 0
 55.292350 -45.789978   0.070695  0.000137  21193.828    41.071567   0.128339   0.609488     492.484 0
 55.270966 -45.803590   0.070615  0.000193  21169.844    57.859944   0.133129   0.632233     470.048 0
 55.304527 -45.805340   0.069832  0.000133  20935.107    39.872397   0.145862   0.692704     250.449 0
 55.103016 -45.543465   0.066122  0.000147  19822.877    44.069491   0.152236   0.722973    -790.050 1
 55.337290 -45.796890   0.070832  0.000647  21234.899    99.990000   0.152903   0.726140     530.907 0
 54.916790 -45.656807   0.069270  0.000150  20766.624    44.968869   0.194208   0.922299      92.832 0
 55.338610 -45.516050   0.068374  0.000133  20498.010    39.872397   0.195150   0.926773    -158.459 0
 55.177277 -45.886684   0.071116  0.000150  21320.040    44.968869   0.204641   0.971845     610.557 0
 55.367676 -45.491203   0.067550  0.000110  20250.981    32.977170   0.226992   1.077991    -389.556 0
 55.446380 -45.532097   0.070632  0.000150  21174.941    44.968869   0.232507   1.104183     474.815 0
 55.331253 -45.899720   0.069030  0.000213  20694.673    63.855794   0.238077   1.130634      25.522 0
 55.542202 -45.555540   0.068741  0.000143  20608.033    42.870321   0.275333   1.307566     -55.531 0
 55.475540 -45.411964   0.062773  0.000260  18818.872    77.946039   0.335007   1.590958   -1729.304 1
 54.840893 -45.453148   0.068267  0.000043  20465.932    12.891076   0.335875   1.595083    -188.468 1
 54.807780 -45.322285   0.068334  0.000133  20486.018    39.872397   0.449235   2.133435    -169.677 1
 55.866142 -45.684880   0.069000  0.001000  20685.680    99.990000   0.470733   2.235529      17.108 1
 55.826244 -45.492928   0.069211  0.000240  20748.936    71.950190   0.481649   2.287367      76.285 1
 54.929005 -45.230667   0.077724  0.000150  23301.069    44.968869   0.487687   2.316043    2463.823 1
 55.095715 -45.197506   0.077277  0.000150  23167.062    44.968869   0.489488   2.324598    2338.459 1
 55.463460 -45.222572   0.060959  0.000070  18275.048    20.985472   0.497228   2.361351   -2238.055 1
 55.900948 -45.737180   0.067333  0.000113  20185.926    33.876548   0.498074   2.365372    -450.415 1
 54.572792 -45.433006   0.068951  0.000247  20670.990    74.048737   0.499518   2.372228       3.365 1
 54.510185 -45.519500   0.070625  0.000120  21172.842    35.975095   0.503638   2.391792     472.852 1
 55.921173 -45.727776   0.077686  0.000297  23289.677    89.038360   0.511198   2.427699    2453.166 1
 55.646430 -46.099052   0.069591  0.000150  20862.857    44.968869   0.523740   2.487257     182.859 1
 55.655180 -46.095580   0.070600  0.000410  21165.348    99.990000   0.524726   2.491941     465.841 1
 55.953660 -45.771915   0.066400  0.000410  19906.219    99.990000   0.539364   2.561458    -712.083 1
 56.001595 -45.545437   0.071840  0.000095  21537.090    28.480284   0.581692   2.762478     813.609 1
 54.357895 -45.499070   0.068327  0.000233  20483.919    69.851643   0.611110   2.902183    -171.640 1
 55.723663 -46.189404   0.066140  0.000213  19828.273    63.855794   0.628425   2.984412    -785.002 1
 55.658200 -46.219994   0.070704  0.000213  21196.526    63.855794   0.628504   2.984786     495.008 1
 54.319580 -45.525227   0.068181  0.000170  20440.150    50.964718   0.629667   2.990313    -212.587 1
 54.496067 -45.260998   0.067053  0.000320  20101.984    95.933587   0.643544   3.056213    -528.944 1
 56.088696 -45.518272   0.066246  0.000130  19860.051    38.973020   0.647341   3.074243    -755.273 1
 55.647274 -46.251130   0.069355  0.000150  20792.106    44.968869   0.651581   3.094383     116.671 1
 54.488636 -45.241913   0.066666  0.000247  19985.964    74.048737   0.660055   3.134625    -637.481 1
 55.001663 -45.035843   0.077217  0.000133  23149.074    39.872397   0.660058   3.134638    2321.631 1
 55.596657 -46.283043   0.068200  0.000410  20445.846    99.990000   0.663818   3.152496    -207.258 1
 55.704730 -46.246150   0.068338  0.000297  20487.217    89.038360   0.667865   3.171715    -168.555 1
 54.525160 -45.194600   0.068020  0.000130  20391.883    38.973020   0.674644   3.203910    -257.741 1
 54.486708 -45.213194   0.077163  0.000167  23132.885    50.065340   0.680529   3.231856    2306.486 1
 55.765480 -46.244300   0.068941  0.000213  20667.992    63.855794   0.690034   3.276998       0.561 1
 54.844425 -46.352135   0.068400  0.000213  20505.804    63.855794   0.712564   3.383992    -151.167 1
 54.438152 -45.196606   0.067717  0.000203  20301.046    60.857869   0.716629   3.403296    -342.720 1
 56.208840 -45.567390   0.070549  0.000130  21150.058    38.973020   0.719387   3.416393     451.537 1
 55.912290 -46.206535   0.068100  0.000410  20415.866    99.990000   0.726486   3.450109    -235.304 1
 54.156178 -45.608315   0.066336  0.000150  19887.032    44.968869   0.727689   3.455819    -730.032 1
 55.566208 -46.374990   0.069000  0.000297  20685.680    89.038360   0.740280   3.515616      17.108 1
 56.215820 -45.489567   0.067880  0.000260  20349.912    77.946039   0.740548   3.516888    -297.005 1
 55.192326 -46.438522   0.066841  0.000297  20038.428    89.038360   0.756207   3.591254    -588.401 1
 55.476542 -44.950694   0.068500  0.000200  20535.783    59.958492   0.758081   3.600152    -123.121 1
 55.995102 -45.150158   0.068197  0.000150  20444.946    44.968869   0.773119   3.671569    -208.100 1
 54.153748 -45.956017   0.074195  0.000183  22243.101    54.862020   0.775518   3.682963    1474.087 1
 54.342910 -45.169453   0.077897  0.000287  23352.933    86.040435   0.784360   3.724953    2512.342 1
 54.485900 -45.062027   0.077200  0.000193  23143.978    57.859944   0.792691   3.764518    2316.863 1
 56.141212 -46.191910   0.069581  0.000297  20859.859    89.038360   0.836136   3.970840     180.054 1
 55.159540 -46.545425   0.066767  0.000297  20016.243    89.038360   0.863415   4.100386    -609.155 1
 55.752438 -44.909960   0.082027  0.000143  24591.076    42.870321   0.865817   4.111795    3670.634 1
 55.985317 -46.364006   0.060028  0.000213  17995.942    63.855794   0.878410   4.171598   -2499.161 1
 56.439410 -45.563457   0.067413  0.000173  20209.909    51.864095   0.879302   4.175838    -427.979 1
 55.911602 -46.404858   0.065600  0.000410  19666.385    99.990000   0.880091   4.179585    -936.449 1
 55.691950 -46.491985   0.069386  0.000297  20801.399    89.038360   0.881696   4.187203     125.365 1
 56.440666 -45.542984   0.067046  0.000130  20099.885    38.973020   0.883169   4.194203    -530.907 1
 56.490444 -45.638140   0.071002  0.000150  21285.864    44.968869   0.907962   4.311941     578.585 1
 54.068806 -45.171160   0.067593  0.000183  20263.872    54.862020   0.936716   4.448500    -377.496 1
 54.057915 -45.179554   0.067573  0.000113  20257.876    33.876548   0.938579   4.457344    -383.106 1
 54.040820 -45.192715   0.066913  0.000247  20060.013    74.048737   0.941777   4.472532    -568.208 1
 56.441105 -46.056843   0.069500  0.000213  20835.576    63.855794   0.949411   4.508787     157.337 1
 54.898960 -44.754640   0.083190  0.000333  24939.735    99.830889   0.950052   4.511830    3996.806 1
 54.878902 -44.750360   0.083304  0.000150  24973.911    44.968869   0.957340   4.546439    4028.779 1
 54.013370 -45.192757   0.066129  0.000157  19824.975    47.067416   0.958190   4.550477    -788.087 1
 55.928307 -46.519463   0.066111  0.000297  19819.579    89.038360   0.982433   4.665608    -793.135 1
 53.898033 -45.286380   0.062687  0.000287  18793.090    86.040435   0.987148   4.688000   -1753.423 1
 56.499000 -46.087280   0.062715  0.000213  18801.484    63.855794   0.998658   4.742660   -1745.570 1
 54.059025 -45.042908   0.077494  0.000095  23232.117    28.480284   1.017730   4.833235    2399.318 1
 54.005630 -45.058900   0.067854  0.000170  20342.117    50.964718   1.037325   4.926295    -304.297 1
 56.402798 -46.292572   0.064000  0.001000  19186.717    99.990000   1.042854   4.952549   -1385.182 1
 53.699530 -45.682034   0.071256  0.000103  21362.011    30.878623   1.042947   4.952993     649.821 1
 56.654040 -45.907560   0.062900  0.000410  18856.946    99.990000   1.045727   4.966194   -1693.686 1
 53.885070 -45.160620   0.069281  0.000153  20769.921    45.868246   1.051819   4.995125      95.917 1
 54.169548 -44.907043   0.086293  0.000183  25869.991    54.862020   1.054355   5.007170    4867.068 1
 53.991962 -45.037712   0.068064  0.000173  20405.074    51.864095   1.057750   5.023294    -245.401 1
 55.850014 -44.728610   0.062143  0.000143  18630.003    42.870321   1.058610   5.027377   -1905.992 1
 53.869377 -45.163467   0.068541  0.000113  20548.075    33.876548   1.059956   5.033770    -111.622 1
 56.299540 -46.416122   0.064000  0.000410  19186.717    99.990000   1.066207   5.063452   -1385.182 1
 56.038250 -46.572500   0.067739  0.000213  20307.641    63.855794   1.068490   5.074298    -336.550 1
 53.859160 -45.156906   0.068704  0.000150  20596.941    44.968869   1.069395   5.078593     -65.908 1
 53.884518 -45.120190   0.068164  0.000143  20435.053    42.870321   1.072775   5.094647    -217.355 1
 56.015430 -46.595108   0.067983  0.000213  20380.791    63.855794   1.078816   5.123335    -268.118 1
 55.961926 -46.620186   0.068131  0.000297  20425.160    89.038360   1.081047   5.133933    -226.610 1
 56.743027 -45.565887   0.073347  0.000095  21988.877    28.480284   1.089588   5.174493    1236.259 1
 53.848545 -45.106686   0.068050  0.000143  20400.877    42.870321   1.101258   5.229913    -249.327 1
 56.783745 -45.780903   0.069485  0.000113  20831.079    33.876548   1.116160   5.300681     153.130 1
 56.735700 -45.387180   0.060208  0.000217  18049.904    65.054963   1.117894   5.308917   -2448.679 1
 53.871643 -45.048250   0.066946  0.000157  20069.906    47.067416   1.119562   5.316839    -558.953 1
 53.682457 -45.306667   0.069094  0.000183  20713.860    54.862020   1.119764   5.317801      43.471 1
 56.792917 -45.566194   0.070020  0.000901  20991.468    99.990000   1.124218   5.338951     303.175 1
 56.080890 -46.670050   0.065025  0.000150  19494.005    44.968869   1.166602   5.540233   -1097.712 1
 56.859085 -45.528774   0.066920  0.000071  20062.111    21.285265   1.174511   5.577796    -566.245 1
 56.890415 -45.570250   0.070050  0.000103  21000.462    30.878623   1.191602   5.658959     311.589 1
 54.353622 -46.722263   0.062363  0.000090  18695.957    26.981321   1.193674   5.668801   -1844.292 1
 56.776344 -45.206036   0.071523  0.000150  21442.056    44.968869   1.204767   5.721481     724.703 1
 56.793736 -45.207590   0.072317  0.000217  21680.091    65.054963   1.215330   5.771643     947.387 1
 53.708958 -45.036360   0.068730  0.000333  20604.736    99.830889   1.221188   5.799466     -58.616 1
 56.920280 -45.900100   0.059748  0.000213  17912.000    63.855794   1.226673   5.825513   -2577.689 1
 56.502945 -44.838524   0.062637  0.000123  18778.100    36.874472   1.245128   5.913156   -1767.446 1
 56.978792 -45.564583   0.070020  0.000901  20991.468    99.990000   1.253604   5.953412     303.175 1
 56.983000 -45.560000   0.069675  0.000333  20888.040    99.830889   1.256969   5.969390     206.417 1
 56.957250 -45.435905   0.073498  0.000150  22034.146    44.968869   1.257395   5.971411    1278.608 1
 56.983093 -45.542477   0.067447  0.000130  20220.102    38.973020   1.258860   5.978369    -418.443 1
 54.994083 -44.423973   0.076443  0.000143  22917.035    42.870321   1.265944   6.012012    2104.557 1
 56.870403 -45.189255   0.060175  0.000130  18040.011    38.973020   1.271805   6.039846   -2457.934 1
 57.011200 -45.605090   0.068080  0.000081  20409.871    24.283189   1.273050   6.045758    -240.913 1
 56.044456 -46.817627   0.067958  0.000297  20373.296    89.038360   1.281920   6.087883    -275.129 1
 54.863018 -46.944237   0.069385  0.000213  20801.100    63.855794   1.282727   6.091718     125.084 1
 57.031900 -45.539482   0.070048  0.000217  20999.862    65.054963   1.293080   6.140882     311.028 1
 53.841600 -44.781097   0.063090  0.000187  18913.906    56.061190   1.304894   6.196987   -1640.399 1
 56.944817 -46.169240   0.070183  0.000213  21040.334    63.855794   1.317602   6.257337     348.890 1
 53.304150 -45.703922   0.069802  0.000150  20926.113    44.968869   1.319351   6.265643     242.035 1
 57.074532 -45.527233   0.069000  0.000333  20685.680    99.830889   1.324065   6.288030      17.108 1
 57.082947 -45.545288   0.069061  0.000113  20703.967    33.876548   1.327919   6.306335      34.216 1
 57.085625 -45.557140   0.068440  0.000333  20517.796    99.830889   1.328611   6.309621    -139.949 1
 57.079994 -45.497400   0.069345  0.000093  20789.108    27.880699   1.331668   6.324140     113.866 1
 55.092875 -47.014111   0.069967  0.000297  20975.579    89.038360   1.333609   6.333354     288.311 1
 57.100975 -45.520350   0.066212  0.000173  19849.858    51.864095   1.343226   6.379027    -764.809 1
 57.123135 -45.576553   0.073688  0.000150  22091.107    44.968869   1.353047   6.425667    1331.895 1
 53.557167 -44.942140   0.062130  0.000333  18626.105    99.830889   1.361232   6.464539   -1909.638 1
 53.598490 -44.896812   0.063117  0.000107  18922.001    32.077793   1.362711   6.471561   -1632.826 1
 53.551567 -44.932423   0.062427  0.000100  18715.144    29.979246   1.369812   6.505288   -1826.342 1
 56.845740 -44.934124   0.060749  0.000113  18212.092    33.876548   1.376251   6.535864   -2296.951 1
 57.048958 -46.153778   0.069580  0.000333  20859.559    99.830889   1.380111   6.554194     179.774 1
 56.826046 -44.905216   0.061789  0.000081  18523.876    24.283189   1.380783   6.557389   -2005.274 1
 57.067314 -45.244144   0.068731  0.000177  20605.035    53.063265   1.381251   6.559609     -58.335 1
 56.889797 -46.396145   0.078000  0.000213  23383.812    63.855794   1.384155   6.573401    2541.230 1
 54.343384 -44.430393   0.066599  0.000190  19965.878    56.960567   1.385319   6.578929    -656.272 1
 56.969400 -45.046337   0.061346  0.000150  18391.068    44.968869   1.394918   6.624514   -2129.517 1
 57.063377 -46.172962   0.068206  0.000213  20447.644    63.855794   1.396208   6.630641    -205.576 1
 53.853480 -44.638405   0.069795  0.000043  20924.015    12.891076   1.401680   6.656627     240.072 1
 57.052980 -46.217014   0.069660  0.000213  20883.543    63.855794   1.405570   6.675103     202.210 1
 55.425915 -47.088017   0.072858  0.000297  21842.279    89.038360   1.415140   6.720551    1099.115 1
 56.487160 -44.580322   0.083791  0.000150  25119.910    44.968869   1.425719   6.770791    4165.362 1
 57.240790 -45.746500   0.071680  0.000113  21489.123    33.876548   1.432544   6.803201     768.735 1
 56.174377 -46.946750   0.061560  0.000213  18455.224    63.855794   1.438572   6.831828   -2069.499 1
 57.233738 -45.475758   0.069515  0.000173  20840.073    51.864095   1.441059   6.843639     161.544 1
 56.509320 -44.571568   0.083701  0.000103  25092.929    30.878623   1.442323   6.849641    4140.120 1
 54.004590 -44.502480   0.069221  0.000230  20751.934    68.952265   1.442433   6.850166      79.089 1
 57.198870 -45.304836   0.066179  0.000130  19839.965    38.973020   1.451752   6.894423    -774.064 1
 57.015417 -46.381028   0.068635  0.000213  20576.255    63.855794   1.452717   6.899006     -85.259 1
 53.105762 -45.750298   0.070976  0.000150  21278.069    44.968869   1.459359   6.930548     571.293 1
 53.502960 -44.803080   0.077740  0.000333  23305.866    99.830889   1.471771   6.989493    2468.311 1
 57.239492 -45.328180   0.068160  0.000142  20433.854    42.570529   1.473390   6.997182    -218.477 1
 53.088043 -45.581480   0.068184  0.000087  20441.049    26.081944   1.473608   6.998216    -211.746 1
 57.000427 -46.446900   0.074400  0.000410  22304.559    99.990000   1.476554   7.012206    1531.581 1
 54.008840 -46.905660   0.054895  0.000183  16457.107    54.862020   1.476569   7.012280   -3938.752 1
 55.163690 -44.201504   0.076286  0.000143  22869.967    42.870321   1.480946   7.033067    2060.525 1
 55.262886 -44.201187   0.076329  0.000203  22882.859    60.857869   1.481947   7.037820    2072.584 1
 57.280376 -45.411625   0.072417  0.000217  21710.070    65.054963   1.483664   7.045971     975.433 1
 57.271957 -45.347145   0.070112  0.000071  21019.049    21.285265   1.491039   7.080998     328.977 1
 54.214043 -44.346443   0.066840  0.000333  20038.128    99.830889   1.500571   7.126263    -588.681 1
 56.272156 -46.980370   0.060957  0.000297  18274.449    89.038360   1.501346   7.129945   -2238.615 1
 57.099697 -46.420350   0.069000  0.000410  20685.680    99.990000   1.523266   7.234043      17.108 1
 53.025020 -45.929745   0.071396  0.000123  21403.982    36.874472   1.534267   7.286288     689.085 1
 53.754166 -44.514694   0.066630  0.000333  19975.171    99.830889   1.540427   7.315541    -647.577 1
 54.168507 -44.316750   0.081973  0.000250  24574.887    74.948115   1.541566   7.320951    3655.489 1
 55.934864 -47.136510   0.053721  0.000297  16105.151    89.038360   1.543947   7.332259   -4268.009 1
 56.324158 -47.008610   0.067445  0.000297  20219.502    89.038360   1.544113   7.333048    -419.004 1
 57.395090 -45.840580   0.067633  0.000127  20275.863    38.073642   1.547021   7.346859    -366.278 1
 53.002500 -45.410484   0.067847  0.000150  20340.019    44.968869   1.553879   7.379425    -306.260 1
 56.315277 -47.038536   0.060173  0.000297  18039.412    89.038360   1.566777   7.440677   -2458.495 1
 56.623795 -46.892520   0.060585  0.000150  18162.926    44.968869   1.569935   7.455677   -2342.946 1
 57.203470 -46.383446   0.064241  0.000213  19258.967    63.855794   1.570255   7.457195   -1317.592 1
 52.948853 -45.782340   0.062613  0.000103  18770.905    30.878623   1.570586   7.458766   -1774.177 1
 57.115635 -46.504597   0.071719  0.000297  21500.815    89.038360   1.575306   7.481185     779.673 1
 56.495243 -44.395683   0.061336  0.000150  18388.070    44.968869   1.576057   7.484752   -2132.322 1
 55.108250 -47.272960   0.070931  0.000297  21264.579    89.038360   1.591730   7.559182     558.672 1
 56.939290 -46.707610   0.068291  0.000213  20473.127    63.855794   1.593979   7.569861    -181.737 1
 53.632084 -44.510506   0.066866  0.000237  20045.922    71.050813   1.600432   7.600509    -581.389 1
 55.998750 -47.205750   0.063648  0.000333  19081.190    99.830889   1.624266   7.713698   -1483.903 1
 52.909350 -45.368126   0.068344  0.000150  20489.016    44.968869   1.625646   7.720250    -166.872 1
 57.299732 -46.386112   0.071300  0.000410  21375.202    99.990000   1.631855   7.749737     662.161 1
 57.327435 -44.993572   0.069705  0.000150  20897.033    44.968869   1.642971   7.802525     214.831 1
 57.487990 -45.320957   0.057000  0.000333  17088.170    99.830889   1.644013   7.807477   -3348.388 1
 53.704693 -44.398510   0.066283  0.000083  19871.143    24.882774   1.651782   7.844370    -744.896 1
 53.024940 -46.351177   0.066803  0.000103  20027.036    30.878623   1.655385   7.861481    -599.058 1
 56.394910 -47.116932   0.068900  0.000213  20655.700    63.855794   1.662518   7.895356     -10.938 1
 53.997080 -44.220333   0.076867  0.000150  23044.147    44.968869   1.683666   7.995787    2223.471 1
 57.333050 -46.457428   0.071946  0.000150  21568.868    44.968869   1.684489   7.999698     843.337 1
 57.134514 -46.696888   0.073176  0.000213  21937.613    63.855794   1.694231   8.045963    1188.300 1
 56.716362 -47.004128   0.059756  0.000213  17914.398    63.855794   1.697298   8.060527   -2575.446 1
 57.555870 -45.277170   0.061696  0.000334  18495.995    99.990000   1.700208   8.074348   -2031.357 1
 57.195670 -46.665348   0.073172  0.000297  21936.414    89.038360   1.710317   8.122357    1187.179 1
 56.414180 -47.169807   0.062936  0.000213  18867.738    63.855794   1.715015   8.144664   -1683.589 1
 57.630361 -45.894568   0.070108  0.000333  21017.850    99.830889   1.716447   8.151470     327.855 1
 57.379597 -46.465305   0.070877  0.000297  21248.390    89.038360   1.717004   8.154114     543.528 1
 56.598640 -44.273537   0.078257  0.000103  23460.858    30.878623   1.717531   8.156618    2613.307 1
 57.229168 -46.654247   0.073600  0.000213  22064.725    63.855794   1.723235   8.183705    1307.215 1
 57.244404 -46.664845   0.074451  0.000297  22319.848    89.038360   1.738005   8.253845    1545.884 1
 57.403630 -46.484490   0.073100  0.000213  21914.829    63.855794   1.740721   8.266748    1166.986 1
 57.360462 -46.548400   0.071100  0.000213  21315.244    63.855794   1.744837   8.286293     606.070 1
 53.448914 -44.429478   0.063614  0.000150  19070.997    44.968869   1.747345   8.298201   -1493.439 1
 54.014507 -44.111618   0.069475  0.000150  20828.081    44.968869   1.773201   8.420994     150.325 1
 55.285040 -47.455864   0.077600  0.000410  23263.895    99.990000   1.774730   8.428258    2429.046 1
 52.965290 -44.802845   0.067230  0.000150  20155.047    44.968869   1.787270   8.487809    -479.303 1
 53.646710 -44.257915   0.076790  0.000333  23021.063    99.830889   1.787453   8.488679    2201.875 1
 57.754917 -45.606693   0.068140  0.000150  20427.858    44.968869   1.791889   8.509745    -224.086 1
 57.169403 -46.836765   0.072185  0.000297  21640.519    89.038360   1.800154   8.548996     910.367 1
 55.422653 -47.477116   0.064454  0.000297  19322.823    89.038360   1.801998   8.557751   -1257.854 1
 56.909450 -44.335423   0.071916  0.000304  21559.874    91.136907   1.803664   8.565664     834.923 1
 55.807198 -47.435780   0.060734  0.000213  18207.595    63.855794   1.805311   8.573487   -2301.158 1
 56.872795 -47.053913   0.060442  0.000150  18120.056    44.968869   1.805431   8.574056   -2383.051 1
 57.508810 -46.559166   0.072568  0.000297  21755.339    89.038360   1.840635   8.741239    1017.782 1
 57.506298 -46.586895   0.073508  0.000150  22037.144    44.968869   1.852473   8.797459    1281.412 1
 55.288826 -47.534786   0.064900  0.000410  19456.531    99.990000   1.853696   8.803270   -1132.770 1
 54.777770 -47.513737   0.056703  0.000150  16999.132    44.968869   1.854185   8.805592   -3431.684 1
 54.120830 -47.414726   0.068617  0.000150  20570.859    44.968869   1.887238   8.962560     -90.307 1
 56.674347 -47.264656   0.067462  0.000213  20224.599    63.855794   1.890976   8.980310    -414.236 1
 57.525580 -46.655315   0.072305  0.000297  21676.494    89.038360   1.898383   9.015486     944.022 1
 52.730710 -44.866610   0.066940  0.000150  20068.107    44.968869   1.903441   9.039506    -560.635 1
 57.911240 -45.462334   0.070115  0.000173  21019.948    51.864095   1.912201   9.081111     329.819 1
 56.707767 -47.274754   0.069827  0.000213  20933.608    63.855794   1.912261   9.081394     249.047 1
 56.731514 -47.267025   0.067800  0.000213  20325.929    63.855794   1.915095   9.094855    -319.442 1
 56.668320 -47.296535   0.077649  0.000297  23278.585    89.038360   1.915461   9.096592    2442.789 1
 57.876984 -45.285880   0.068781  0.000173  20620.025    51.864095   1.917012   9.103958     -44.312 1
 56.036346 -47.506950   0.061788  0.000333  18523.576    99.830889   1.917541   9.106471   -2005.555 1
 56.915157 -44.180920   0.072130  0.000150  21624.030    44.968869   1.924280   9.138475     894.941 1
 52.501667 -46.096389   0.067487  0.000150  20232.094    44.968869   1.924882   9.141333    -407.225 1
 56.660000 -47.312361   0.059612  0.000213  17871.228    63.855794   1.925716   9.145291   -2615.831 1
 57.837696 -45.124220   0.060455  0.000167  18123.953    50.065340   1.930554   9.168267   -2379.405 1
 57.958550 -45.748863   0.069348  0.000500  20790.007    99.990000   1.933704   9.183227     114.707 1
 52.468327 -46.038834   0.071029  0.000080  21293.958    23.983397   1.936216   9.195159     586.157 1
 54.672554 -43.779130   0.071606  0.000150  21466.939    44.968869   1.937523   9.201366     747.981 1
 52.439453 -45.970913   0.072000  0.000333  21585.057    99.830889   1.944815   9.235993     858.482 1
 57.975876 -45.744194   0.067954  0.000150  20372.097    44.968869   1.945647   9.239946    -276.251 1
 56.710583 -44.050640   0.078590  0.000333  23560.689    99.830889   1.946128   9.242228    2706.700 1
 57.885284 -45.181873   0.068668  0.000150  20586.149    44.968869   1.946793   9.245388     -76.004 1
 57.425070 -44.508740   0.070115  0.000217  21019.948    65.054963   1.952027   9.270245     329.819 1
 52.428104 -45.968224   0.069942  0.000150  20968.084    44.968869   1.952260   9.271354     281.299 1
 52.757310 -44.678600   0.066343  0.000150  19889.131    44.968869   1.975242   9.380492    -728.069 1
 52.897606 -46.840446   0.065996  0.000150  19785.103    44.968869   1.977756   9.392432    -825.388 1
 56.390816 -47.504814   0.067823  0.000213  20332.824    63.855794   2.005628   9.524799    -312.991 1
 58.027370 -45.303500   0.069381  0.000130  20799.901    38.973020   2.016539   9.576614     123.962 1
 57.267410 -44.262478   0.054748  0.000150  16413.037    44.968869   2.029181   9.636652   -3979.979 1
 56.934273 -44.058197   0.054187  0.000103  16244.854    30.878623   2.029471   9.638031   -4137.316 1
 57.995710 -45.146587   0.067817  0.000150  20331.025    44.968869   2.030469   9.642767    -314.674 1
 56.350390 -47.557457   0.059380  0.000213  17801.676    63.855794   2.042230   9.698621   -2680.898 1
 52.319603 -46.080265   0.071726  0.000911  21502.914    99.990000   2.046086   9.716936     781.636 1
 52.283890 -45.973507   0.069284  0.000811  20770.821    99.990000   2.052723   9.748454      96.758 1
 56.149520 -47.626328   0.068066  0.000213  20405.673    63.855794   2.055809   9.763111    -244.840 1
 52.245010 -45.933254   0.073364  0.000510  21993.974    99.990000   2.074362   9.851216    1241.027 1
 52.297060 -45.211586   0.062650  0.000150  18781.997    44.968869   2.076814   9.862864   -1763.800 1
 56.206380 -47.642150   0.067200  0.000410  20146.053    99.990000   2.083945   9.896726    -487.716 1
 58.156590 -45.370594   0.068814  0.000260  20629.918    77.946039   2.094245   9.945645     -35.057 1
 56.625267 -47.523373   0.054528  0.000213  16347.083    63.855794   2.095627   9.952207   -4041.680 1
 58.160606 -45.353466   0.069358  0.000150  20793.005    44.968869   2.099634   9.971237     117.512 1
 56.221127 -43.705833   0.055050  0.000333  16503.575    99.830889   2.103106   9.987726   -3895.281 1
 58.072320 -45.067180   0.068377  0.000150  20498.909    44.968869   2.103973   9.991844    -157.617 1
 52.184750 -45.930748   0.069762  0.000150  20914.121    44.968869   2.115863  10.048306     230.817 1
 57.507000 -44.314083   0.054240  0.000333  16260.743    99.830889   2.118262  10.059703   -4122.452 1
 52.193626 -46.034958   0.066509  0.000150  19938.897    44.968869   2.124498  10.089315    -681.513 1
 52.459213 -44.723736   0.064605  0.000150  19368.092    44.968869   2.136581  10.146697   -1215.505 1
 53.750500 -43.792640   0.077010  0.000333  23087.017    99.830889   2.141402  10.169591    2263.576 1
 58.190212 -45.220444   0.061316  0.000167  18382.074    50.065340   2.144728  10.185391   -2137.931 1
 58.241333 -45.411907   0.069258  0.000150  20763.026    44.968869   2.147216  10.197202      89.466 1
 52.139565 -45.938133   0.068177  0.000150  20438.950    44.968869   2.148082  10.201318    -213.709 1
 52.391710 -44.791500   0.064640  0.000333  19378.584    99.830889   2.149879  10.209853   -1205.689 1
 55.629981 -47.812017   0.068398  0.000333  20505.205    99.830889   2.151535  10.217718    -151.728 1
 53.083916 -44.099360   0.065410  0.000333  19609.425    99.830889   2.162310  10.268887    -989.736 1
 58.211140 -45.200977   0.069381  0.000304  20799.901    91.136907   2.163257  10.273383     123.962 1
 53.344444 -47.431614   0.061739  0.000103  18508.887    30.878623   2.174118  10.324961   -2019.297 1
 58.237280 -45.231050   0.062110  0.000150  18620.110    44.968869   2.174626  10.327376   -1915.247 1
 52.097290 -45.320396   0.070252  0.000150  21061.020    44.968869   2.192409  10.411826     368.241 1
 58.279533 -45.286530   0.069011  0.000150  20688.977    44.968869   2.192822  10.413789      20.193 1
 52.153850 -46.291454   0.069908  0.000103  20957.891    30.878623   2.208482  10.488160     271.764 1
 58.281970 -45.211903   0.077921  0.000173  23360.128    51.864095   2.209176  10.491454    2519.073 1
 53.022915 -44.048573   0.066116  0.000150  19821.078    44.968869   2.228525  10.583342    -791.733 1
 58.386265 -45.855473   0.061960  0.000150  18575.141    44.968869   2.238084  10.628739   -1957.316 1
 52.189156 -44.897835   0.060032  0.000150  17997.141    44.968869   2.240008  10.637879   -2498.039 1
 55.998790 -47.851890   0.061610  0.000333  18470.213    99.830889   2.241534  10.645123   -2055.476 1
 58.120083 -44.762196   0.069890  0.000150  20952.495    44.968869   2.242839  10.651320     266.716 1
 52.357986 -44.614840   0.078631  0.000103  23572.981    30.878623   2.249597  10.683417    2718.199 1
 57.706635 -44.259136   0.068681  0.000150  20590.046    44.968869   2.260740  10.736335     -72.358 1
 58.189860 -46.662070   0.068317  0.000150  20480.921    44.968869   2.312017  10.979852    -174.445 1
 58.467796 -46.130127   0.068427  0.000150  20513.899    44.968869   2.331741  11.073521    -143.594 1
 54.717014 -43.366604   0.057440  0.000250  17220.079    74.948115   2.339403  11.109906   -3224.986 1
 56.044262 -43.409820   0.071329  0.000150  21383.896    44.968869   2.349140  11.156148     670.295 1
 54.955784 -48.040455   0.069271  0.000047  20766.923    14.090246   2.363925  11.226364      93.112 1
 58.292220 -44.681225   0.054081  0.000183  16213.076    54.862020   2.385858  11.330522   -4167.044 1
 58.477000 -44.985820   0.070272  0.000113  21067.016    33.876548   2.398136  11.388833     373.850 1
 58.641193 -45.762093   0.053397  0.000063  16008.018    18.886925   2.410798  11.448963   -4358.878 1
 58.232357 -44.473970   0.071349  0.000150  21389.892    44.968869   2.443529  11.604406     675.904 1
 58.247894 -44.456710   0.071249  0.000304  21359.913    91.136907   2.461518  11.689835     647.858 1
 56.700043 -43.448890   0.067810  0.000150  20328.927    44.968869   2.469346  11.727011    -316.637 1
 52.964874 -43.763000   0.063460  0.000333  19024.829    99.830889   2.470939  11.734579   -1536.629 1
 54.164543 -43.317333   0.061730  0.000333  18506.188    99.830889   2.471592  11.737678   -2021.821 1
 52.706210 -43.912350   0.064771  0.000103  19417.857    30.878623   2.479850  11.776893   -1168.949 1
 58.691544 -45.247470   0.061376  0.000173  18400.062    51.864095   2.483027  11.791984   -2121.104 1
 54.106740 -43.317950   0.062460  0.000113  18725.037    33.876548   2.483038  11.792034   -1817.087 1
 58.737377 -45.319310   0.061813  0.000081  18531.071    24.283189   2.503136  11.887482   -1998.543 1
 58.204254 -44.317364   0.054161  0.000150  16237.059    44.968869   2.508150  11.911292   -4144.608 1
 58.744180 -45.316456   0.062000  0.001000  18587.132    99.990000   2.508254  11.911785   -1946.098 1
 57.823624 -43.969080   0.054010  0.000333  16191.791    99.830889   2.512867  11.933692   -4186.957 1
 58.304750 -44.403720   0.054260  0.000333  16266.739    99.830889   2.522486  11.979373   -4116.842 1
 53.919666 -43.308470   0.062750  0.000333  18811.977    99.830889   2.534903  12.038342   -1735.754 1
 58.804280 -45.392883   0.079922  0.000173  23960.013    51.864095   2.539960  12.062361    3080.270 1
 53.568333 -43.378693   0.064790  0.000150  19423.553    44.968869   2.567880  12.194950   -1163.620 1
 56.237200 -43.216830   0.054928  0.000150  16467.000    44.968869   2.571276  12.211079   -3929.497 1
 58.845657 -46.069614   0.071239  0.000095  21356.915    28.480284   2.581541  12.259829     645.053 1
 53.557377 -43.364193   0.065800  0.000333  19726.344    99.830889   2.584269  12.272786    -880.358 1
 51.885017 -44.518658   0.071133  0.000150  21325.137    44.968869   2.587106  12.286255     615.325 1
 57.302887 -43.555565   0.068698  0.000103  20595.142    30.878623   2.587891  12.289987     -67.590 1
 56.341896 -43.218273   0.054378  0.000103  16302.114    30.878623   2.591617  12.307683   -4083.748 1
 54.546458 -48.239694   0.061362  0.000193  18395.865    57.859944   2.596886  12.332702   -2125.030 1
 58.753240 -44.917100   0.069715  0.000130  20900.031    38.973020   2.602785  12.360718     217.635 1
 54.346363 -43.141407   0.054534  0.000081  16348.882    24.283189   2.608745  12.389021   -4039.997 1
 57.978912 -43.940437   0.053747  0.000063  16112.945    18.886925   2.612299  12.405900   -4260.717 1
 53.537582 -43.323833   0.065850  0.000333  19741.333    99.830889   2.626591  12.473774    -866.335 1
 58.676228 -44.693070   0.069048  0.000173  20700.070    51.864095   2.627306  12.477170      30.570 1
 54.180000 -48.215110   0.065342  0.000150  19589.039    44.968869   2.629693  12.488505   -1008.807 1
 58.910046 -46.161617   0.068164  0.000047  20435.053    14.090246   2.641162  12.542972    -217.355 1
 58.783325 -46.514603   0.053761  0.000063  16117.142    18.886925   2.643229  12.552788   -4256.791 1
 58.975410 -45.554764   0.060976  0.000130  18280.145    38.973020   2.646049  12.566182   -2233.287 1
 54.943275 -43.017536   0.054348  0.000150  16293.121    44.968869   2.670455  12.682086   -4092.162 1
 58.745647 -46.731533   0.053560  0.000081  16056.884    24.283189   2.695075  12.799006   -4313.163 1
 57.359653 -43.412052   0.053654  0.000095  16085.065    28.480284   2.728871  12.959503   -4286.800 1
 58.868225 -44.758316   0.071149  0.000217  21329.934    65.054963   2.729260  12.961352     619.812 1
 51.548443 -44.698383   0.055462  0.000150  16627.089    44.968869   2.729302  12.961550   -3779.732 1
 58.876434 -44.734680   0.070649  0.000150  21180.037    44.968869   2.742734  13.025339     479.583 1
 53.185125 -43.322806   0.063154  0.000103  18933.093    30.878623   2.744779  13.035050   -1622.449 1
 53.403465 -43.238120   0.062036  0.000150  18597.925    44.968869   2.745189  13.036998   -1936.001 1
 59.033380 -44.939552   0.069188  0.000095  20742.041    28.480284   2.784372  13.223079      69.834 1
 55.272750 -42.882915   0.054320  0.000333  16284.726    99.830889   2.799963  13.297124   -4100.015 1
 54.689495 -42.900120   0.061559  0.000167  18454.924    50.065340   2.804289  13.317666   -2069.780 1
 59.055687 -44.891468   0.066079  0.000217  19809.986    65.054963   2.812535  13.356827    -802.110 1
 53.884610 -42.998680   0.063227  0.000077  18954.978    23.084019   2.834897  13.463026   -1601.976 1
 53.242020 -43.190876   0.082234  0.000137  24653.133    41.071567   2.839699  13.485833    3728.689 1
 54.744747 -42.842693   0.061266  0.000150  18367.085    44.968869   2.856790  13.566995   -2151.954 1
 53.110126 -43.219250   0.074270  0.000333  22265.586    99.830889   2.860580  13.584994    1495.121 1
 55.141293 -42.816530   0.054590  0.000333  16365.670    99.830889   2.866007  13.610769   -4024.291 1
 59.303550 -45.228073   0.053941  0.000334  16171.105    99.990000   2.907921  13.809820   -4206.309 1
 58.723167 -47.223140   0.069940  0.000333  20967.485    99.830889   2.908433  13.812252     280.738 1
 51.334700 -44.583176   0.077150  0.000150  23128.988    44.968869   2.910616  13.822618    2302.840 1
 56.320710 -42.872250   0.054540  0.000333  16350.681    99.830889   2.918542  13.860260   -4038.314 1
 56.432260 -42.836540   0.055709  0.000150  16701.138    44.968869   2.974694  14.126924   -3710.459 1
