 62.085000 -30.873000   0.061343  0.000333  18390.169    99.830889   0.029770   0.125124     442.711 0
 62.116943 -30.903519   0.059818  0.000130  17932.985    38.973020   0.033000   0.138699      11.315 0
 62.070473 -30.936693   0.057366  0.000153  17197.894    45.868246   0.035132   0.147659    -682.312 0
 62.037470 -30.890116   0.062170  0.000150  18638.097    44.968869   0.037246   0.156545     676.655 0
 62.122223 -30.887993   0.058784  0.000157  17623.000    47.067416   0.040123   0.168635    -281.185 0
 62.056550 -30.943745   0.058033  0.000180  17397.856    53.962642   0.045578   0.191565    -493.630 0
 62.087017 -30.843014   0.055989  0.000254  16785.080    76.147284   0.059679   0.250830   -1071.841 0
 62.096910 -30.963419   0.055412  0.000270  16612.100    80.943964   0.063178   0.265537   -1235.064 1
 62.006992 -30.883492   0.062273  0.000210  18668.976    62.956416   0.064169   0.269701     705.791 0
 62.053963 -30.971415   0.057743  0.000103  17310.916    30.878623   0.072306   0.303903    -575.666 0
 62.027767 -30.841887   0.070465  0.000177  21124.876    53.063265   0.074424   0.312804    3023.163 1
 62.176390 -30.880880   0.060215  0.000190  18052.003    56.960567   0.086659   0.364226     123.620 0
 62.060715 -30.990923   0.060262  0.000087  18066.093    26.081944   0.089983   0.378199     136.915 0
 62.018100 -30.825556   0.066833  0.000190  20036.029    56.960567   0.092565   0.389049    1995.735 1
 62.135211 -30.822823   0.059991  0.000140  17984.849    41.970944   0.093138   0.391459      60.254 0
 62.008934 -30.977750   0.060895  0.000173  18255.862    51.864095   0.096256   0.404564     315.980 0
 62.172123 -30.846035   0.063664  0.000230  19085.987    68.952265   0.098037   0.412049    1099.281 0
 62.060917 -31.001202   0.055432  0.000404  16618.096    99.990000   0.100102   0.420729   -1229.407 0
 62.130512 -30.995771   0.063074  0.000083  18909.109    24.882774   0.103624   0.435531     932.380 0
 62.107954 -31.003353   0.056649  0.000170  16982.943    50.964718   0.104216   0.438021    -885.139 0
 62.137570 -30.810556   0.062513  0.000090  18740.926    26.981321   0.104761   0.440308     773.683 0
 62.138615 -30.810375   0.062427  0.000150  18715.144    44.968869   0.105355   0.442807     749.355 0
 62.008156 -30.991556   0.053854  0.000180  16145.023    53.962642   0.107800   0.453083   -1675.795 1
 62.079872 -30.791508   0.070162  0.000230  21034.038    68.952265   0.110743   0.465453    2937.450 1
 62.046920 -31.010637   0.062460  0.000147  18725.037    44.069491   0.111730   0.469602     758.690 0
 61.982513 -30.826616   0.069908  0.000130  20957.891    38.973020   0.111825   0.470000    2865.598 1
 61.974590 -30.834438   0.061279  0.000177  18370.982    53.063265   0.112022   0.470830     424.606 0
 61.989660 -30.819693   0.069751  0.000147  20910.824    44.069491   0.112371   0.472295    2821.185 1
 62.052360 -30.791912   0.059585  0.000190  17863.134    56.960567   0.112592   0.473223     -54.596 0
 62.088535 -30.785252   0.059838  0.000177  17938.981    53.063265   0.117309   0.493048      16.973 0
 61.969505 -30.827211   0.060318  0.000394  18082.881    99.990000   0.119910   0.503983     152.756 0
 61.971961 -30.982764   0.055325  0.000277  16586.018    83.042511   0.121827   0.512041   -1259.675 1
 61.979060 -30.813412   0.071323  0.000093  21382.097    27.880699   0.123180   0.517724    3265.876 1
 62.192436 -30.826687   0.061222  0.000290  18353.894    86.939813   0.123549   0.519278     408.482 0
 61.995808 -31.004725   0.060822  0.000210  18233.977    62.956416   0.124652   0.523910     295.329 0
 62.062120 -31.027222   0.063437  0.000133  19017.934    39.872397   0.125766   0.528594    1035.066 0
 62.038044 -31.027670   0.060031  0.000113  17996.841    33.876548   0.130143   0.546990      71.569 0
 62.190548 -30.801374   0.061569  0.000233  18457.922    69.851643   0.139342   0.585656     506.642 0
 62.161420 -30.781550   0.055672  0.000180  16690.046    53.962642   0.140100   0.588840   -1161.515 0
 61.940716 -30.987026   0.055535  0.000147  16648.974    44.069491   0.145490   0.611494   -1200.270 1
 62.046690 -31.051190   0.060642  0.000180  18180.014    53.962642   0.151427   0.636448     244.410 0
 62.150482 -31.044405   0.063064  0.000190  18906.112    56.960567   0.154993   0.651437     929.551 0
 62.034910 -31.053158   0.060455  0.000110  18123.953    32.977170   0.155481   0.653487     191.511 0
 62.061460 -31.057856   0.062463  0.000147  18725.936    44.069491   0.156297   0.656917     759.539 0
 62.138730 -30.754490   0.061349  0.000230  18391.968    68.952265   0.156529   0.657891     444.408 0
 62.263493 -30.880330   0.061279  0.000150  18370.982    44.968869   0.160228   0.673437     424.606 0
 62.051890 -30.741665   0.060665  0.000133  18186.909    39.872397   0.162197   0.681712     250.917 0
 62.041466 -31.062302   0.061322  0.000200  18383.873    59.958492   0.163183   0.685857     436.770 0
 62.152710 -31.053583   0.062753  0.000180  18812.876    53.962642   0.164184   0.690066     841.575 0
 62.016426 -31.058517   0.062703  0.000180  18797.886    53.962642   0.165103   0.693926     827.431 0
 62.040386 -31.072308   0.059234  0.000280  17757.906    83.941888   0.173181   0.727879    -153.888 0
 62.224827 -31.026255   0.059268  0.000140  17768.099    41.970944   0.176465   0.741683    -144.270 0
 61.987290 -31.060608   0.059735  0.000220  17908.102    65.954341   0.176651   0.742462     -12.164 0
 62.028210 -31.089762   0.064074  0.000300  19208.902    89.937737   0.192420   0.808742    1215.262 0
 62.005010 -30.717247   0.057797  0.000147  17327.105    44.069491   0.195453   0.821488    -560.390 0
 61.969208 -30.729671   0.062466  0.000150  18726.836    44.968869   0.196413   0.825522     760.388 0
 62.171240 -30.721886   0.058163  0.000160  17436.829    47.966793   0.197129   0.828533    -456.855 0
 61.868240 -31.006403   0.058974  0.000200  17679.960    59.958492   0.208330   0.875609    -227.437 0
 62.105440 -31.113375   0.058590  0.000130  17564.840    38.973020   0.212391   0.892677    -336.064 0
 61.972256 -31.107832   0.061342  0.000180  18389.869    53.962642   0.224896   0.945239     442.428 0
 62.068703 -30.675648   0.061866  0.000143  18546.960    42.870321   0.226753   0.953043     590.658 0
 62.342865 -30.897882   0.070035  0.000300  20995.965    89.937737   0.226869   0.953528    2901.524 1
 62.337067 -30.847355   0.070232  0.000267  21055.024    80.044586   0.228541   0.960558    2957.252 1
 61.981740 -30.679840   0.061406  0.000100  18409.056    29.979246   0.237400   0.997791     460.532 0
 61.799741 -30.910943   0.054875  0.000330  16451.111    98.931511   0.239356   1.006013   -1386.972 1
 61.943462 -30.687832   0.058684  0.000304  17593.021    91.136907   0.243723   1.024367    -309.473 0
 61.967080 -30.677920   0.061689  0.000143  18493.897    42.870321   0.243852   1.024908     540.588 0
 62.237793 -30.699894   0.057763  0.000180  17316.912    53.962642   0.244182   1.026295    -570.008 0
 61.916492 -30.699924   0.057626  0.000107  17275.840    32.077793   0.245480   1.031752    -608.763 0
 62.154420 -30.660114   0.062200  0.000187  18647.091    56.061190   0.250738   1.053852     685.141 0
 62.301006 -30.705062   0.061232  0.000333  18356.892    99.830889   0.274459   1.153550     411.311 0
 62.309120 -30.707115   0.059605  0.000210  17869.129    62.956416   0.277901   1.168018     -48.939 0
 61.758587 -30.959805   0.058474  0.000120  17530.064    35.975095   0.280480   1.178856    -368.879 0
 62.286335 -31.137846   0.070142  0.000180  21028.043    53.962642   0.295477   1.241887    2931.792 1
 61.757871 -31.020293   0.075826  0.000180  22732.063    53.962642   0.299381   1.258296    4539.695 1
 61.897440 -30.645964   0.058954  0.000177  17673.965    53.063265   0.299698   1.259632    -233.095 0
 62.291473 -30.661184   0.059585  0.000250  17863.134    74.948115   0.302491   1.271368     -54.596 0
 62.050833 -31.204333   0.058921  0.000123  17664.071    36.874472   0.303020   1.273593    -242.430 0
 62.434994 -30.947474   0.058304  0.000217  17479.099    65.054963   0.309203   1.299581    -416.969 0
 62.204430 -30.602182   0.062163  0.000210  18635.999    62.956416   0.318922   1.340428     674.674 0
 61.851974 -30.642017   0.056983  0.000230  17083.074    68.952265   0.324811   1.365179    -790.656 0
 62.457584 -30.962278   0.060130  0.000150  18026.520    44.968869   0.330754   1.390160      99.575 0
 62.479060 -30.930990   0.058634  0.000230  17578.031    68.952265   0.344888   1.449564    -323.617 0
 61.667360 -30.935926   0.066162  0.000200  19834.869    59.958492   0.354391   1.489504    1805.921 1
 61.667280 -30.863827   0.060705  0.000103  18198.901    30.878623   0.354941   1.491815     262.232 0
 62.499546 -30.931025   0.061292  0.000123  18374.879    36.874472   0.362411   1.523211     428.284 0
 61.776684 -30.647657   0.059284  0.000157  17772.896    47.067416   0.363162   1.526369    -139.744 0
 61.668382 -31.032717   0.070288  0.000274  21071.812    82.143133   0.375318   1.577460    2973.093 1
 62.525180 -30.875940   0.070892  0.000267  21252.887    80.044586   0.384163   1.614635    3143.954 1
 61.922810 -30.516071   0.061362  0.000210  18395.865    62.956416   0.408631   1.717474     448.086 0
 61.906630 -31.288350   0.059444  0.000210  17820.863    62.956416   0.413314   1.737156     -94.483 0
 61.829624 -31.256308   0.074532  0.000200  22344.131    59.958492   0.413482   1.737863    4173.646 1
 61.816232 -31.251462   0.057573  0.000110  17259.951    32.977170   0.415450   1.746137    -623.756 0
 61.920025 -30.500248   0.059434  0.000150  17817.865    44.968869   0.424376   1.783649     -97.312 0
 61.797768 -31.254112   0.057163  0.000180  17137.036    53.962642   0.426426   1.792266    -739.737 0
 61.787160 -30.552550   0.070555  0.000043  21151.857    12.891076   0.429864   1.806717    3048.623 1
 61.852505 -31.318527   0.071056  0.000173  21302.053    51.864095   0.459236   1.930166    3190.347 1
 61.864500 -31.332390   0.070450  0.000040  21120.379    11.991698   0.467702   1.965751    3018.920 1
 62.635223 -30.882267   0.070462  0.000150  21123.976    44.968869   0.478101   2.009455    3022.315 1
 62.441230 -31.282400   0.056556  0.000200  16955.062    59.958492   0.491305   2.064955    -911.447 1
 62.395585 -30.483189   0.060238  0.000177  18058.898    53.063265   0.499626   2.099927     130.126 0
 62.367767 -30.464645   0.060959  0.000117  18275.048    35.075718   0.503084   2.114462     334.084 0
 61.818610 -30.444145   0.060455  0.000193  18123.953    57.859944   0.509498   2.141418     191.511 0
 61.672024 -30.527384   0.059234  0.000240  17757.906    71.950190   0.512027   2.152048    -153.888 0
 61.559240 -30.619130   0.060037  0.000003  17998.640     0.899377   0.527898   2.218755      73.267 0
 61.584260 -30.578370   0.060418  0.000002  18112.861     0.599585   0.533618   2.242793     181.045 0
 61.539042 -31.179333   0.075062  0.000260  22503.021    77.946039   0.539485   2.267455    4323.573 1
 61.444053 -30.949425   0.065605  0.000300  19667.884    89.937737   0.546435   2.296664    1648.355 1
 62.241490 -31.438549   0.057343  0.000150  17190.999    44.968869   0.554236   2.329454    -688.818 0
 62.298443 -31.429298   0.057460  0.000427  17226.075    99.990000   0.559818   2.352915    -655.721 0
 61.666280 -31.340837   0.074498  0.000190  22333.939    56.960567   0.563450   2.368180    4164.028 1
 62.283424 -30.360151   0.069281  0.000330  20769.921    98.931511   0.569895   2.395265    2688.231 1
 61.492760 -30.622633   0.057775  0.000012  17320.509     3.597509   0.575144   2.417330    -566.613 0
 61.667375 -31.359694   0.074371  0.000127  22295.865    38.073642   0.577676   2.427969    4128.102 1
 62.024570 -30.319460   0.060292  0.000133  18075.087    39.872397   0.584620   2.457156     145.402 0
 61.891964 -31.471910   0.072087  0.000150  21611.139    44.968869   0.591726   2.487022    3481.998 1
 62.427458 -30.381444   0.069078  0.000333  20709.063    99.830889   0.600734   2.524881    2630.806 1
 62.058630 -31.513336   0.057093  0.000213  17116.051    63.855794   0.611329   2.569414    -759.539 0
 61.445316 -30.621490   0.059369  0.000020  17798.378     5.995849   0.611563   2.570399    -115.699 0
 62.788360 -30.834871   0.071002  0.000280  21285.864    83.941888   0.612796   2.575581    3175.071 1
 61.578460 -30.458084   0.060865  0.000053  18246.868    15.889000   0.617558   2.595593     307.493 0
 61.332910 -30.867382   0.059318  0.000123  17783.089    36.874472   0.640709   2.692899    -130.126 0
 61.462130 -30.538800   0.059634  0.000015  17877.823     4.496887   0.641724   2.697165     -40.735 0
 61.443940 -30.532055   0.059725  0.000060  17905.105    17.987547   0.658416   2.767319     -14.993 0
 62.645073 -30.415590   0.060895  0.000200  18255.862    59.958492   0.687866   2.891100     315.980 0
 61.518475 -30.408106   0.059048  0.000002  17702.145     0.599585   0.689267   2.896987    -206.504 0
 61.561940 -30.373278   0.058711  0.000005  17601.115     1.498962   0.690123   2.900584    -301.835 0
 61.284634 -31.036894   0.059393  0.000003  17805.573     0.899377   0.694363   2.918407    -108.910 0
 61.864650 -31.572992   0.070395  0.000333  21103.890    99.830889   0.695396   2.922745    3003.362 1
 62.760956 -30.514990   0.059047  0.000200  17701.845    59.958492   0.702037   2.950659    -206.787 0
 62.707870 -30.453474   0.060705  0.000213  18198.901    63.855794   0.702150   2.951133     262.232 0
 62.717876 -30.407000   0.061726  0.000073  18504.989    21.884849   0.739076   3.106333     551.055 0
 61.333350 -30.529220   0.060629  0.000073  18176.117    21.884849   0.740241   3.111233     240.733 0
 61.479168 -30.335222   0.059180  0.000150  17741.718    44.968869   0.765495   3.217373    -169.164 0
 61.444290 -30.356445   0.059358  0.000073  17795.081    21.884849   0.770741   3.239421    -118.811 0
 61.472546 -30.332403   0.059334  0.000003  17787.886     0.899377   0.771404   3.242208    -125.600 0
 61.240536 -30.542265   0.061172  0.000103  18338.904    30.878623   0.804100   3.379630     394.338 0
 61.244615 -30.510183   0.058774  0.000320  17620.002    95.933587   0.815894   3.429200    -284.014 0
 61.343655 -30.365284   0.058724  0.000004  17605.012     1.199170   0.828196   3.480904    -298.158 0
 61.204567 -30.549192   0.061599  0.000140  18466.916    41.970944   0.828838   3.483604     515.129 0
 63.061848 -30.895132   0.059568  0.000150  17858.037    44.968869   0.843776   3.546389     -59.405 0
 61.200005 -30.522509   0.066162  0.000011  19834.869     3.297717   0.844045   3.547517    1805.921 1
 61.391846 -30.288527   0.059024  0.000007  17694.950     2.098547   0.850761   3.575747    -213.293 0
 61.373545 -30.302453   0.059064  0.000050  17706.942    14.989623   0.851849   3.580318    -201.978 0
 61.338750 -30.319000   0.058791  0.000067  17625.098    20.086095   0.862021   3.623074    -279.205 0
 61.159739 -30.552601   0.064218  0.000203  19252.072    60.857869   0.862406   3.624690    1255.997 1
 61.486786 -30.184734   0.061226  0.000083  18355.093    24.882774   0.878982   3.694358     409.614 0
 61.298138 -30.326445   0.058577  0.000213  17560.943    63.855794   0.883122   3.711759    -339.742 0
 61.214733 -30.416733   0.059370  0.000018  17798.678     5.396264   0.886026   3.723964    -115.416 0
 61.386715 -30.244171   0.059378  0.000103  17801.077    30.878623   0.886236   3.724846    -113.153 0
 61.399006 -30.220613   0.056746  0.000004  17012.023     1.199170   0.896976   3.769986    -857.699 1
 61.132298 -30.493341   0.058098  0.000006  17417.342     1.798755   0.909051   3.820740    -475.242 0
 61.276987 -30.299125   0.058517  0.000217  17542.955    65.054963   0.914738   3.844642    -356.715 0
 61.084106 -30.572254   0.058184  0.000008  17443.124     2.398340   0.914834   3.845044    -450.914 0
 61.103718 -30.517170   0.060670  0.000033  18188.408     9.893151   0.920802   3.870127     252.331 0
 61.140300 -30.452184   0.069838  0.000327  20936.906    98.032134   0.922293   3.876396    2845.796 1
 61.246838 -30.306742   0.058452  0.000004  17523.469     1.199170   0.929445   3.906455    -375.102 0
 61.274334 -30.274305   0.058077  0.000113  17411.047    33.876548   0.932972   3.921280    -481.183 0
 61.296240 -30.234180   0.058895  0.000020  17656.277     5.995849   0.947023   3.980336    -249.785 0
 61.262897 -31.549704   0.058734  0.000150  17608.010    44.968869   0.953400   4.007136    -295.329 0
 62.959340 -30.301931   0.075189  0.000150  22541.095    44.968869   0.965192   4.056698    4359.499 1
 61.312557 -30.195080   0.057906  0.000018  17359.782     5.396264   0.965415   4.057635    -529.556 0
 61.246056 -30.214163   0.059484  0.000073  17832.855    21.884849   0.991796   4.168516     -83.167 0
 60.912987 -30.849108   0.060075  0.000333  18010.032    99.830889   1.001483   4.209231      84.016 0
 61.296803 -30.150492   0.058867  0.000130  17647.883    38.973020   1.007485   4.234458    -257.706 0
 60.925537 -30.639404   0.061642  0.000007  18479.807     2.098547   1.023625   4.302293     527.293 0
 61.100880 -30.309080   0.057469  0.000022  17228.773     6.595434   1.027384   4.318091    -653.175 1
 62.878860 -31.671951   0.076456  0.000247  22920.932    74.048737   1.031529   4.335512    4717.911 1
 62.418064 -29.901924   0.060675  0.000150  18189.907    44.968869   1.041886   4.379046     253.745 0
 60.863686 -30.710405   0.060388  0.000053  18103.867    15.889000   1.059881   4.454678     172.558 0
 61.181828 -30.171991   0.059238  0.000083  17759.106    24.882774   1.060773   4.458426    -152.756 0
 61.240376 -30.114779   0.058190  0.000103  17444.923    30.878623   1.066439   4.482238    -449.217 0
 61.657482 -29.893473   0.075126  0.000003  22522.208     0.899377   1.071509   4.503549    4341.678 1
 61.160560 -30.162868   0.059340  0.000039  17789.684    11.691906   1.080306   4.540523    -123.902 0
 60.822453 -30.802658   0.059748  0.000006  17912.000     1.798755   1.082346   4.549098      -8.486 0
 60.991760 -30.352573   0.061612  0.000014  18470.813     4.197094   1.082433   4.549464     518.806 0
 60.830696 -30.735188   0.060675  0.000083  18189.907    24.882774   1.083636   4.554521     253.745 0
 61.367268 -30.005410   0.060085  0.000187  18013.030    56.061190   1.084783   4.559339      86.845 0
 61.034405 -30.282154   0.060403  0.000004  18108.364     1.199170   1.089556   4.579402     176.801 0
 61.315746 -30.021034   0.071182  0.000130  21339.827    38.973020   1.097673   4.613518    3225.990 1
 61.177170 -30.112864   0.061500  0.000027  18437.236     8.094396   1.105105   4.644753     487.123 0
 60.776700 -30.813375   0.058663  0.000008  17586.725     2.398340   1.120543   4.709638    -315.414 0
 61.095978 -30.158035   0.060071  0.000009  18008.833     2.698132   1.124542   4.726448      82.885 0
 62.441917 -29.816000   0.047429  0.000131  14218.856    39.272812   1.130114   4.749868   -3493.314 1
 61.169785 -30.082556   0.060772  0.000113  18218.987    33.876548   1.131312   4.754900     281.185 0
 60.940746 -30.309338   0.059651  0.000073  17882.920    21.884849   1.142196   4.800645     -35.926 0
 61.003666 -30.227777   0.059642  0.000003  17880.222     0.899377   1.142577   4.802247     -38.472 0
 62.456250 -29.798130   0.049057  0.000210  14706.919    62.956416   1.150705   4.836408   -3032.781 1
 60.973892 -30.243343   0.059676  0.000007  17890.415     2.098547   1.154341   4.851690     -28.854 0
 61.173615 -30.047855   0.059367  0.000027  17797.779     8.094396   1.154489   4.852314    -116.265 0
 60.736805 -30.815556   0.068564  0.000150  20554.970    44.968869   1.154504   4.852377    2485.404 1
 61.148800 -30.058758   0.057253  0.000123  17164.018    36.874472   1.160970   4.879552    -714.278 1
 61.020573 -30.169481   0.059205  0.000006  17749.212     1.798755   1.166606   4.903242    -162.092 0
 60.793797 -31.294128   0.065535  0.000100  19646.899    29.979246   1.169928   4.917206    1628.554 1
 60.742130 -30.665573   0.063957  0.000230  19173.826    68.952265   1.170845   4.921059    1182.165 1
 60.807470 -30.459887   0.060508  0.000117  18139.842    35.075718   1.176908   4.946542     206.504 0
 63.425507 -31.128582   0.070766  0.000150  21215.113    44.968869   1.177735   4.950018    3108.311 1
 60.933340 -30.209826   0.058704  0.000005  17599.016     1.498962   1.202067   5.052283    -303.816 0
 61.074356 -30.060654   0.061468  0.000007  18427.643     2.098547   1.204429   5.062211     478.071 0
 61.362960 -29.863708   0.059241  0.000014  17760.005     4.197094   1.206451   5.070712    -151.908 0
 60.675030 -30.980980   0.055789  0.000008  16725.121     2.398340   1.206822   5.072267   -1128.418 1
 60.750030 -31.332205   0.059866  0.000008  17947.375     2.398340   1.218290   5.120470      24.894 0
 60.670315 -31.058760   0.060200  0.000006  18047.506     1.798755   1.218391   5.120893     119.376 0
 63.301533 -30.280283   0.059484  0.000150  17832.855    44.968869   1.219873   5.127125     -83.167 0
 60.720524 -31.263552   0.060158  0.000003  18034.915     0.899377   1.219946   5.127428     107.495 0
 63.444237 -30.529924   0.060519  0.000150  18143.140    44.968869   1.229578   5.167914     209.616 0
 60.824800 -30.306425   0.062975  0.000005  18879.430     1.498962   1.229724   5.168525     904.375 1
 60.730250 -31.338608   0.059658  0.000067  17885.018    20.086095   1.236430   5.196711     -33.946 0
 60.652412 -30.713848   0.063987  0.000002  19182.820     0.599585   1.238076   5.203629    1190.652 1
 60.984657 -30.090548   0.061156  0.000060  18334.108    17.987547   1.240878   5.215406     389.812 0
 61.591187 -29.716805   0.060612  0.000006  18171.020     1.798755   1.257026   5.283277     235.924 0
 62.798225 -31.998410   0.064948  0.000213  19470.921    63.855794   1.258150   5.288000    1462.502 1
 61.180244 -29.889793   0.060025  0.000150  17995.042    44.968869   1.272447   5.348091      69.872 0
 62.576786 -32.114906   0.059589  0.000213  17864.333    63.855794   1.285822   5.404306     -53.465 0
 60.592300 -31.150274   0.066617  0.000005  19971.274     1.498962   1.299133   5.460252    1934.632 1
 60.755817 -30.213170   0.064501  0.000003  19336.913     0.899377   1.327740   5.580488    1336.053 1
 61.013519 -29.931864   0.058047  0.000153  17402.053    45.868246   1.332926   5.602283    -489.669 1
 60.808090 -30.126184   0.059898  0.000017  17956.969     5.096472   1.338112   5.624079      33.946 0
 60.791650 -30.110708   0.061839  0.000067  18538.866    20.086095   1.358586   5.710133     583.020 1
 60.482567 -30.858932   0.060812  0.000017  18230.979     5.096472   1.370077   5.758430     292.500 0
 60.774734 -30.102444   0.059968  0.000150  17977.954    44.968869   1.375199   5.779956      53.748 0
 60.784126 -30.074131   0.060655  0.000150  18183.912    44.968869   1.385387   5.822777     248.088 0
 60.980007 -29.871958   0.060812  0.000077  18230.979    23.084019   1.396396   5.869050     292.500 0
 60.849060 -29.978832   0.059975  0.000150  17980.053    44.968869   1.401984   5.892533      55.728 0
 60.967606 -29.873816   0.059403  0.000043  17808.571    12.891076   1.402237   5.893600    -106.081 0
 60.418007 -30.957836   0.067299  0.000004  20175.733     1.199170   1.425872   5.992935    2127.558 1
 63.286507 -29.918999   0.059538  0.000150  17849.043    44.968869   1.428682   6.004748     -67.892 0
 60.392998 -31.020120   0.050155  0.000200  15036.091    59.958492   1.451042   6.098726   -2722.177 1
 60.429253 -31.229404   0.059822  0.000011  17934.184     3.297717   1.452463   6.104698      12.447 0
 60.389880 -31.093080   0.049718  0.000250  14905.081    74.948115   1.461435   6.142408   -2845.796 1
 60.643536 -31.706728   0.066046  0.000087  19800.093    26.081944   1.470792   6.181733    1773.106 1
 60.364460 -30.989014   0.067110  0.000015  20119.072     4.496887   1.473291   6.192237    2074.093 1
 60.808853 -29.896532   0.057633  0.000177  17277.939    53.063265   1.482668   6.231649    -606.783 1
 60.914630 -29.803925   0.058795  0.000005  17626.298     1.498962   1.484464   6.239199    -278.073 0
 60.678150 -30.029303   0.064357  0.000019  19293.743     5.696057   1.485196   6.242273    1295.318 1
 60.571037 -30.165867   0.064030  0.000004  19195.711     1.199170   1.488404   6.255757    1202.816 1
 60.409510 -31.349592   0.059473  0.000056  17829.557    16.788378   1.500323   6.305852     -86.279 0
 60.327988 -31.049513   0.070852  0.000320  21240.895    95.933587   1.509230   6.343290    3132.639 1
 60.456030 -31.486221   0.066486  0.000097  19932.001    29.079868   1.509683   6.345194    1897.575 1
 63.852966 -31.002682   0.071449  0.000150  21419.871    44.968869   1.525870   6.413228    3301.520 1
 61.168377 -29.580845   0.047848  0.000005  14344.470     1.498962   1.534914   6.451238   -3374.786 1
 61.099392 -29.610090   0.060794  0.000004  18225.583     1.199170   1.541260   6.477909     287.408 0
 61.593380 -29.413034   0.059892  0.000004  17955.170     1.199170   1.546294   6.499070      32.249 0
 60.400154 -31.494337   0.065789  0.000060  19723.046    17.987547   1.557074   6.544377    1700.406 1
 60.278070 -30.614069   0.061235  0.000014  18357.791     4.197094   1.571508   6.605044     412.160 1
 60.318447 -31.339580   0.055731  0.000008  16707.733     2.398340   1.572263   6.608216   -1144.825 1
 63.910957 -31.006466   0.070999  0.000150  21284.965    44.968869   1.575770   6.622958    3174.222 1
 60.595310 -29.963274   0.058529  0.000012  17546.553     3.597509   1.581554   6.647268    -353.320 1
 60.378662 -30.272263   0.061692  0.000006  18494.796     1.798755   1.588785   6.677659     541.437 1
 60.334923 -31.454386   0.059088  0.000150  17714.137    44.968869   1.594712   6.702571    -195.189 0
 60.326290 -31.453083   0.059360  0.000150  17795.680    44.968869   1.601215   6.729902    -118.245 0
 60.597500 -29.903973   0.061340  0.000103  18389.269    30.878623   1.615987   6.791990     441.862 1
 60.226368 -31.212206   0.071213  0.000004  21349.120     1.199170   1.619168   6.805357    3234.759 1
 60.266773 -30.388407   0.051732  0.000017  15508.863     5.096472   1.637274   6.881457   -2276.071 1
 60.730286 -29.742725   0.060169  0.000007  18038.212     2.098547   1.637914   6.884147     110.607 0
 60.290672 -31.476648   0.060439  0.000023  18119.156     6.895227   1.638059   6.884759     186.985 0
 60.426090 -30.058868   0.068531  0.000150  20545.077    44.968869   1.649724   6.933785    2476.069 1
 63.985780 -30.643948   0.059328  0.000150  17786.087    44.968869   1.656780   6.963441    -127.297 0
 60.388430 -30.087015   0.068403  0.000014  20506.704     4.197094   1.663605   6.992127    2439.860 1
 60.268158 -31.502605   0.060458  0.000057  18124.852    17.088170   1.665345   6.999441     192.360 0
 60.341110 -31.687620   0.071576  0.000073  21457.945    21.884849   1.684994   7.082026    3337.446 1
 60.387177 -30.031876   0.063981  0.000003  19181.021     0.899377   1.692230   7.112439    1188.954 1
 60.130913 -30.542810   0.060393  0.000003  18105.366     0.899377   1.709345   7.184371     173.973 0
 60.143950 -30.322157   0.061993  0.000267  18585.034    80.044586   1.758382   7.390473     626.584 1
 61.687714 -29.166069   0.063607  0.000150  19068.899    44.968869   1.768261   7.431997    1083.156 1
 60.564410 -29.701399   0.063484  0.000150  19032.024    44.968869   1.769143   7.435703    1048.362 1
 63.728790 -31.964306   0.070040  0.000150  20997.464    44.968869   1.770047   7.439500    2902.938 1
 60.195267 -30.052994   0.049934  0.000003  14969.837     0.899377   1.825483   7.672499   -2784.694 1
 63.055620 -32.553436   0.058333  0.000297  17487.793    89.038360   1.851851   7.783322    -408.765 1
 60.057976 -30.245136   0.067153  0.000454  20131.963    99.990000   1.854061   7.792615    2086.257 1
 60.334286 -29.797108   0.061329  0.000123  18385.972    36.874472   1.860433   7.819395     438.750 1
 60.024494 -30.228700   0.067503  0.000024  20236.890     7.195019   1.886758   7.930038    2185.266 1
 63.580578 -32.280470   0.056500  0.000410  16938.274    99.990000   1.886959   7.930881    -927.288 1
 59.956910 -30.331287   0.065044  0.000001  19499.701     0.299792   1.907867   8.018760    1489.658 1
 63.782000 -32.143583   0.057951  0.000213  17373.273    63.855794   1.917654   8.059894    -516.826 1
 63.742917 -32.197861   0.075955  0.000213  22770.736    63.855794   1.928260   8.104472    4576.187 1
 63.115967 -29.160376   0.058677  0.000150  17590.922    44.968869   1.956153   8.221704    -311.453 1
 60.160942 -29.830765   0.062883  0.000577  18851.849    99.990000   1.963487   8.252531     878.350 1
 64.223370 -30.194628   0.059348  0.000150  17792.083    44.968869   1.971734   8.287193    -121.639 1
 63.869375 -32.152528   0.076352  0.000297  22889.754    89.038360   1.981028   8.326255    4688.492 1
 60.156250 -32.015750   0.058790  0.000150  17624.799    44.968869   1.990068   8.364250    -279.488 1
 63.645058 -32.387615   0.076267  0.000213  22864.271    63.855794   2.003274   8.419756    4664.447 1
 59.806330 -30.417930   0.060469  0.000011  18128.150     3.297717   2.008889   8.443353     195.472 1
 60.709470 -29.250656   0.060273  0.000016  18069.391     4.796679   2.026737   8.518372     140.027 1
 60.260700 -29.594654   0.062263  0.000003  18665.978     0.899377   2.035352   8.554579     702.963 1
 63.116460 -29.059528   0.062250  0.000150  18662.081    44.968869   2.046652   8.602073     699.285 1
 63.523907 -32.532627   0.069101  0.000213  20715.959    63.855794   2.048481   8.609761    2637.312 1
 59.972515 -31.888508   0.042853  0.000150  12847.006    44.968869   2.058666   8.652569   -4787.783 1
 63.720196 -29.377289   0.073621  0.000150  22071.021    44.968869   2.075994   8.725399    3915.940 1
 60.823032 -29.122595   0.064437  0.000008  19317.727     2.398340   2.080298   8.743486    1317.949 1
 63.773613 -29.392107   0.068077  0.000150  20408.971    44.968869   2.096666   8.812280    2347.640 1
 60.054344 -29.718067   0.061542  0.000001  18449.827     0.299792   2.102105   8.835141     499.004 1
 63.950768 -32.280350   0.075381  0.000213  22598.655    63.855794   2.116589   8.896018    4413.813 1
 63.934958 -32.311222   0.058068  0.000213  17408.348    63.855794   2.126638   8.938255    -483.729 1
 60.399920 -29.336327   0.063764  0.000005  19115.966     1.498962   2.127577   8.942200    1127.569 1
 59.973988 -29.776148   0.060046  0.000002  18001.338     0.599585   2.128126   8.944508      75.812 1
 60.039640 -29.677864   0.063018  0.000004  18892.321     1.199170   2.135336   8.974812     916.539 1
 60.631460 -29.160944   0.064390  0.000150  19303.636    44.968869   2.138642   8.988704    1304.653 1
 62.953465 -28.896433   0.049834  0.000150  14939.857    44.968869   2.141706   9.001585   -2812.982 1
 61.617590 -28.789293   0.075212  0.000150  22547.990    44.968869   2.149646   9.034958    4366.006 1
 64.412190 -30.065273   0.058927  0.000150  17665.870    44.968869   2.170283   9.121694    -240.733 1
 60.450504 -29.229435   0.065705  0.000023  19697.863     6.895227   2.179365   9.159866    1676.644 1
 62.983750 -28.863556   0.062060  0.000150  18605.120    44.968869   2.181644   9.169443     645.537 1
 59.954872 -29.695606   0.068537  0.000053  20546.876    15.889000   2.185477   9.185555    2477.766 1
 60.567320 -29.140299   0.063491  0.000091  19034.123    27.281114   2.187649   9.194682    1050.342 1
 60.310177 -29.321684   0.063488  0.000007  19033.224     2.098547   2.190983   9.208693    1049.493 1
 59.829790 -29.826720   0.060609  0.000009  18170.121     2.698132   2.209013   9.284477     235.075 1
 59.818295 -29.830967   0.059871  0.000107  17948.874    32.077793   2.215577   9.312065      26.308 1
 60.645084 -29.051416   0.062967  0.000009  18877.032     2.698132   2.222236   9.340052     902.112 1
 60.578384 -29.083649   0.064994  0.000016  19484.711     4.796679   2.228030   9.364402    1475.514 1
 63.793655 -29.190054   0.065639  0.000150  19678.077    44.968869   2.257744   9.489293    1657.973 1
 63.979908 -32.468067   0.058700  0.000213  17597.817    63.855794   2.261313   9.504291    -304.947 1
 59.452360 -30.666782   0.071111  0.000004  21318.541     1.199170   2.265625   9.522415    3205.905 1
 60.481880 -29.092264   0.062887  0.000150  18853.048    44.968869   2.269996   9.540786     879.481 1
 60.612347 -29.012453   0.064852  0.000150  19442.140    44.968869   2.270235   9.541791    1435.345 1
 60.790380 -32.885390   0.058947  0.000063  17671.866    18.886925   2.270352   9.542282    -235.075 1
 60.436280 -29.120686   0.062450  0.000020  18722.039     5.995849   2.271462   9.546948     755.862 1
 62.894230 -28.733423   0.063557  0.000150  19053.909    44.968869   2.278965   9.578482    1069.012 1
 60.309402 -29.202250   0.071293  0.000009  21373.104     2.698132   2.279086   9.578992    3257.390 1
 59.498672 -30.358894   0.061196  0.000147  18346.099    44.069491   2.279328   9.580009     401.127 1
 60.485832 -29.076004   0.063077  0.000150  18910.009    44.968869   2.280949   9.586820     933.229 1
 59.572250 -30.141287   0.044436  0.000004  13321.578     1.199170   2.281149   9.587665   -4339.981 1
 60.461815 -29.076607   0.063374  0.000103  18999.047    30.878623   2.292875   9.636945    1017.245 1
 64.127205 -32.394306   0.069007  0.000297  20687.778    89.038360   2.305722   9.690943    2610.721 1
 63.508875 -32.867917   0.065272  0.000297  19568.053    89.038360   2.317363   9.739869    1554.155 1
 59.748135 -29.730669   0.060212  0.000003  18051.103     0.899377   2.317512   9.740496     122.771 1
 59.947517 -29.456562   0.074708  0.000005  22396.895     1.498962   2.330959   9.797016    4223.433 1
 63.065440 -33.073963   0.068284  0.000297  20471.028    89.038360   2.330982   9.797111    2406.197 1
 60.426340 -29.047660   0.064838  0.000012  19437.943     3.597509   2.334348   9.811259    1431.385 1
 63.237225 -33.015830   0.068972  0.000213  20677.285    63.855794   2.335750   9.817152    2600.820 1
 60.910130 -28.788198   0.064816  0.000008  19431.348     2.398340   2.339711   9.833800    1425.161 1
 63.296570 -33.009766   0.068689  0.000297  20592.444    89.038360   2.352441   9.887304    2520.764 1
 63.261180 -33.029934   0.068400  0.000213  20505.804    63.855794   2.357296   9.907707    2439.011 1
 63.389374 -32.975876   0.074086  0.000297  22210.424    89.038360   2.359040   9.915040    4047.480 1
 59.379090 -31.446033   0.067068  0.000014  20106.481     4.197094   2.379202   9.999780    2062.212 1
 64.638580 -29.971111   0.058580  0.000150  17561.842    44.968869   2.385853  10.027734    -338.893 1
 59.965030 -32.455658   0.058587  0.000150  17563.941    44.968869   2.387831  10.036047    -336.913 1
 60.132298 -29.191597   0.060535  0.000005  18147.936     1.498962   2.390609  10.047723     214.142 1
 62.483326 -33.274017   0.066191  0.000213  19843.563    63.855794   2.397072  10.074886    1814.124 1
 62.973730 -33.183600   0.073700  0.000410  22094.704    99.990000   2.407201  10.117458    3938.288 1
 60.289790 -29.041397   0.067713  0.000029  20299.847     8.693981   2.412131  10.138181    2244.671 1
 60.268517 -29.037525   0.068271  0.000150  20467.131    44.968869   2.426760  10.199667    2402.520 1
 59.942540 -29.274157   0.063849  0.000011  19141.449     3.297717   2.451465  10.303498    1151.614 1
 59.288025 -30.374386   0.053010  0.000005  15891.998     1.498962   2.451858  10.305153   -1914.548 1
 60.731430 -28.735641   0.065497  0.000002  19635.507     0.599585   2.455642  10.321056    1617.804 1
 59.989727 -29.200878   0.064035  0.000045  19197.210    13.490661   2.471211  10.386494    1204.230 1
 62.386314 -33.365868   0.066383  0.000297  19901.123    89.038360   2.477739  10.413931    1868.438 1
 59.235330 -31.360910   0.067131  0.000008  20125.367     2.398340   2.482320  10.433183    2080.034 1
 60.907692 -28.630125   0.060379  0.000002  18101.169     0.599585   2.484307  10.441536     170.012 1
 59.792950 -29.377012   0.063464  0.000150  19026.029    44.968869   2.484413  10.441979    1042.704 1
 59.877018 -29.275623   0.063949  0.000003  19171.428     0.899377   2.492819  10.477311    1179.902 1
 63.852333 -28.924889   0.062470  0.000150  18728.035    44.968869   2.495291  10.487699     761.519 1
 59.704930 -29.419048   0.058454  0.000150  17524.068    44.968869   2.519479  10.589363    -374.536 1
 59.345284 -29.915104   0.063370  0.000063  18997.848    18.886925   2.544516  10.694592    1016.113 1
 62.938507 -33.340990   0.056615  0.000297  16972.750    89.038360   2.547939  10.708981    -894.757 1
 59.104515 -30.966460   0.061100  0.000330  18317.319    98.931511   2.552630  10.728698     373.970 1
 59.360203 -29.851797   0.060215  0.000137  18052.003    41.071567   2.558061  10.751522     123.620 1
 60.110160 -28.940040   0.068056  0.000019  20402.676     5.696057   2.588966  10.881418    2341.700 1
 60.622970 -28.628450   0.061323  0.000008  18384.173     2.398340   2.594214  10.903473     437.053 1
 63.947920 -32.947533   0.066492  0.000297  19933.800    89.038360   2.599256  10.924667    1899.272 1
 59.008884 -30.887758   0.075971  0.000004  22775.533     1.199170   2.633918  11.070350    4580.713 1
 63.301330 -33.330460   0.075705  0.000213  22695.788    63.855794   2.645206  11.117795    4505.467 1
 63.382553 -33.317387   0.076965  0.000213  23073.527    63.855794   2.661749  11.187321    4861.898 1
 60.413450 -28.637815   0.065395  0.000014  19604.928     4.197094   2.677465  11.253379    1588.950 1
 62.709545 -33.533264   0.042636  0.000213  12781.951    63.855794   2.686156  11.289906   -4849.169 1
 60.392635 -28.628330   0.063954  0.000150  19172.927    44.968869   2.695036  11.327229    1181.317 1
 60.370970 -28.638332   0.065039  0.000007  19498.202     2.098547   2.696657  11.334042    1488.244 1
 62.804640 -33.529305   0.063724  0.000297  19103.975    89.038360   2.699933  11.347809    1116.254 1
 63.941660 -33.109814   0.076841  0.000213  23036.352    63.855794   2.725635  11.455838    4826.821 1
 59.466972 -29.330740   0.058522  0.000008  17544.454     2.398340   2.736950  11.503392    -355.300 1
 65.271835 -30.687826   0.058747  0.000150  17611.908    44.968869   2.748391  11.551479    -291.652 1
 63.809517 -28.538553   0.075619  0.000150  22670.006    44.968869   2.791612  11.733136    4481.139 1
 64.783905 -29.338392   0.075622  0.000150  22670.905    44.968869   2.798981  11.764109    4481.987 1
 60.125076 -28.653374   0.064485  0.000021  19332.117     6.295642   2.804791  11.788527    1331.527 1
 60.724430 -33.460155   0.051569  0.000150  15459.997    44.968869   2.809418  11.807976   -2322.181 1
 60.944927 -28.265806   0.064878  0.000103  19449.935    30.878623   2.810141  11.811014    1442.700 1
 63.716458 -33.342889   0.058789  0.000213  17624.499    63.855794   2.816377  11.837224    -279.771 1
 63.636417 -33.384250   0.059104  0.000213  17718.933    63.855794   2.819088  11.848617    -190.663 1
 60.041115 -28.652500   0.064075  0.000032  19209.202     9.593359   2.849119  11.974838    1215.545 1
 59.409298 -29.182808   0.058290  0.000019  17474.902     5.696057   2.863907  12.036991    -420.929 1
 63.436523 -33.520477   0.064441  0.000213  19318.926    63.855794   2.865817  12.045023    1319.080 1
 58.858692 -30.048817   0.046469  0.000005  13931.056     1.498962   2.891561  12.153223   -3764.881 1
 62.620930 -33.757404   0.076600  0.000410  22964.102    99.990000   2.892844  12.158616    4758.646 1
 62.727444 -33.745560   0.076084  0.000297  22809.409    89.038360   2.897323  12.177440    4612.679 1
 59.547077 -28.969986   0.064179  0.000003  19240.380     0.899377   2.907159  12.218783    1244.965 1
 58.784058 -30.198345   0.068000  0.000333  20385.887    99.830889   2.913110  12.243794    2325.858 1
 64.265785 -33.161860   0.059166  0.000213  17737.521    63.855794   2.937372  12.345767    -173.124 1
 59.432490 -29.034557   0.063390  0.000007  19003.844     2.098547   2.939898  12.356382    1021.771 1
 59.519215 -28.946478   0.051761  0.000008  15517.557     2.398340   2.940647  12.359530   -2267.868 1
 64.466650 -28.792242   0.044311  0.000150  13284.104    44.968869   2.941266  12.362131   -4375.341 1
 64.050095 -28.490960   0.075609  0.000150  22667.008    44.968869   2.945533  12.380068    4478.310 1
 58.688720 -30.383238   0.072020  0.000103  21591.053    30.878623   2.954536  12.417907    3463.045 1
 64.005940 -33.365500   0.065043  0.000297  19499.401    89.038360   2.966942  12.470048    1489.375 1
 64.098290 -28.493973   0.076329  0.000150  22882.859    44.968869   2.967031  12.470421    4681.985 1
 59.214912 -29.159224   0.068289  0.000018  20472.527     5.396264   3.012548  12.661732    2407.611 1
 59.193092 -29.166996   0.067844  0.000150  20339.120    44.968869   3.023371  12.707219    2281.729 1
 65.578020 -30.488274   0.058577  0.000150  17560.943    44.968869   3.031136  12.739857    -339.742 1
 58.629970 -30.212067   0.072204  0.000021  21646.215     6.295642   3.038428  12.770506    3515.096 1
 59.559542 -28.734139   0.063934  0.000103  19166.931    30.878623   3.061419  12.867135    1175.659 1
 61.140860 -27.946491   0.048874  0.000183  14652.057    54.862020   3.063295  12.875021   -3084.549 1
 59.579440 -33.099197   0.074298  0.000150  22273.980    44.968869   3.069965  12.903056    4107.451 1
 58.587734 -30.214972   0.072982  0.000007  21879.453     2.098547   3.073081  12.916153    3735.178 1
 59.767273 -28.531216   0.063965  0.000006  19176.225     1.798755   3.091059  12.991714    1184.428 1
 59.315960 -28.910418   0.063703  0.000005  19097.679     1.498962   3.096149  13.013106    1110.313 1
 59.033783 -29.193987   0.060222  0.000150  18054.101    44.968869   3.121438  13.119394     125.600 1
 60.089233 -28.286320   0.060642  0.000103  18180.014    30.878623   3.123546  13.128254     244.410 1
 63.588932 -28.053066   0.058400  0.000150  17507.880    44.968869   3.130089  13.155755    -389.812 1
 64.018020 -28.213037   0.063437  0.000150  19017.934    44.968869   3.162491  13.291941    1035.066 1
 65.774410 -30.696314   0.058724  0.000150  17605.012    44.968869   3.177925  13.356810    -298.158 1
 59.359230 -28.717413   0.070935  0.000002  21265.778     0.599585   3.196501  13.434885    3156.118 1
 59.063460 -29.009306   0.067627  0.000006  20274.065     1.798755   3.205627  13.473241    2220.343 1
 58.952400 -29.144657   0.067526  0.000006  20243.786     1.798755   3.206881  13.478511    2191.772 1
 60.277985 -28.060955   0.061933  0.000103  18567.046    30.878623   3.234153  13.593136     609.611 1
 59.305458 -33.107970   0.074110  0.000150  22217.619    44.968869   3.244501  13.636630    4054.269 1
 58.324726 -30.216827   0.072294  0.000013  21673.196     3.897302   3.293038  13.840630    3540.555 1
 58.376175 -30.015284   0.067413  0.000150  20209.909    44.968869   3.298268  13.862612    2159.807 1
 65.915840 -31.121070   0.070519  0.000150  21141.064    44.968869   3.299863  13.869314    3038.439 1
 65.913780 -31.195776   0.058564  0.000150  17557.046    44.968869   3.303897  13.886268    -343.419 1
 60.438114 -27.909950   0.065035  0.000150  19497.003    44.968869   3.306809  13.898508    1487.112 1
 58.756004 -29.182465   0.072925  0.000005  21862.365     1.498962   3.329422  13.993550    3719.054 1
 58.935295 -32.901050   0.064905  0.000110  19458.029    32.977170   3.356954  14.109270    1450.338 1
 58.774643 -29.095690   0.068982  0.000005  20680.283     1.498962   3.361564  14.128645    2603.649 1
 58.711647 -29.178022   0.060342  0.000103  18090.077    30.878623   3.364344  14.140327     159.546 1
 60.025650 -28.030071   0.060005  0.000150  17989.046    44.968869   3.369285  14.161095      64.214 1
 58.727207 -29.118427   0.059585  0.000009  17863.134     2.698132   3.383919  14.222602     -54.596 1
 58.165210 -31.336523   0.042843  0.000103  12844.008    30.878623   3.385755  14.230320   -4790.612 1
