 50.571068 -41.341892   0.066379  0.000217  19899.924    65.054963   0.004914   0.021886     585.614 0
 50.579662 -41.347240   0.063447  0.000163  19020.932    48.866171   0.008734   0.038898    -240.273 0
 50.576250 -41.327840   0.067046  0.000137  20099.885    41.071567   0.011050   0.049212     773.494 0
 50.584766 -41.326035   0.064071  0.000130  19208.003    38.973020   0.014357   0.063942     -64.505 0
 50.570797 -41.357340   0.060479  0.000333  18131.148    99.830889   0.018899   0.084167   -1076.301 0
 50.599922 -41.350170   0.062300  0.000097  18677.070    29.079868   0.021051   0.093751    -563.361 0
 50.568030 -41.359320   0.060365  0.000147  18096.972    44.069491   0.021342   0.095048   -1108.412 0
 50.584840 -41.362670   0.064218  0.000137  19252.072    41.071567   0.024639   0.109732     -23.098 0
 50.540363 -41.345634   0.063497  0.000290  19035.922    86.939813   0.027776   0.123701    -226.189 0
 50.549420 -41.360184   0.060552  0.000333  18153.033    99.830889   0.029313   0.130546   -1055.738 0
 50.528233 -41.330097   0.068958  0.000097  20673.088    29.079868   0.037109   0.165267    1312.067 0
 50.615852 -41.308636   0.067784  0.000147  20321.132    44.069491   0.042419   0.188918     981.375 0
 50.544310 -41.301556   0.067873  0.000153  20347.814    45.868246   0.044373   0.197616    1006.444 0
 50.518986 -41.326164   0.063858  0.000187  19144.147    56.061190   0.044839   0.199692    -124.503 0
 50.557438 -41.383050   0.064958  0.000177  19473.918    53.063265   0.046364   0.206485     185.346 0
 50.512080 -41.340588   0.062757  0.000157  18814.075    47.067416   0.048210   0.214706    -434.633 0
 50.566400 -41.389380   0.062250  0.000207  18662.081    62.057039   0.051029   0.227260    -577.445 0
 50.578690 -41.391052   0.066880  0.000097  20050.120    29.079868   0.052194   0.232451     726.735 0
 50.503680 -41.341810   0.069968  0.000230  20975.879    68.952265   0.054565   0.243009    1596.565 0
 50.528630 -41.380352   0.060045  0.000143  18001.038    42.870321   0.054749   0.243828   -1198.550 0
 50.511000 -41.309616   0.066086  0.000360  19812.084    99.990000   0.057071   0.254169     503.081 0
 50.512558 -41.299908   0.058951  0.000110  17673.065    32.977170   0.061696   0.274769   -1506.709 0
 50.618584 -41.392300   0.064435  0.000160  19317.127    47.966793   0.062152   0.276800      38.027 0
 50.636047 -41.384390   0.066096  0.000210  19815.082    62.956416   0.063921   0.284679     505.898 0
 50.619680 -41.395750   0.060682  0.000173  18192.006    51.864095   0.065546   0.291916   -1019.120 0
 50.555360 -41.273240   0.062680  0.000103  18790.991    30.878623   0.067498   0.300606    -456.322 0
 50.482580 -41.337070   0.062233  0.000190  18656.984    56.960567   0.070352   0.313320    -582.233 0
 50.573055 -41.413742   0.070255  0.000103  21061.919    30.878623   0.074890   0.333530    1677.407 1
 50.579575 -41.254948   0.061669  0.000200  18487.901    59.958492   0.083979   0.374007    -741.101 0
 50.640114 -41.407910   0.062857  0.000200  18844.055    59.958492   0.084041   0.374285    -406.465 0
 50.592780 -41.252693   0.067196  0.000190  20144.854    56.960567   0.087086   0.387844     815.746 0
 50.656660 -41.274845   0.065936  0.000240  19767.116    71.950190   0.088015   0.391982     460.829 0
 50.695750 -41.326360   0.065375  0.000200  19598.932    59.958492   0.090593   0.403464     302.806 0
 50.699005 -41.339990   0.066636  0.000290  19976.970    86.939813   0.092173   0.410499     658.005 0
 50.581215 -41.432636   0.066122  0.000140  19822.877    41.970944   0.093820   0.417835     513.222 0
 50.495026 -41.254690   0.062567  0.000210  18757.115    62.956416   0.103965   0.463016    -488.152 0
 50.702965 -41.278110   0.065612  0.000097  19669.983    29.079868   0.112897   0.502796     369.565 0
 50.551033 -41.227360   0.062937  0.000150  18868.038    44.968869   0.113126   0.503814    -383.930 0
 50.649680 -41.439840   0.064551  0.000133  19351.903    39.872397   0.115024   0.512267      70.702 0
 50.597485 -41.454970   0.060195  0.000220  18046.007    65.954341   0.117170   0.521825   -1156.298 0
 50.422947 -41.361958   0.064882  0.000120  19451.134    35.975095   0.117391   0.522810     163.938 0
 50.470337 -41.246883   0.061156  0.000113  18334.108    33.876548   0.121610   0.541598    -885.603 0
 50.669537 -41.442196   0.061506  0.000190  18439.035    56.960567   0.124812   0.555858    -787.015 0
 50.405150 -41.337750   0.062560  0.000257  18755.016    77.046662   0.128470   0.572149    -490.124 0
 50.417708 -41.290167   0.061516  0.000127  18442.033    38.073642   0.128621   0.572825    -784.198 0
 50.405550 -41.355130   0.063260  0.000137  18964.871    41.071567   0.129189   0.575353    -292.948 0
 50.487404 -41.222576   0.060428  0.000200  18115.859    59.958492   0.134085   0.597157   -1090.667 0
 50.701794 -41.438820   0.063077  0.000190  18910.009    56.960567   0.137372   0.611796    -344.495 0
 50.396915 -41.299217   0.054838  0.000117  16440.019    35.075718   0.140371   0.625151   -2665.260 1
 50.624750 -41.479770   0.068231  0.000113  20455.139    33.876548   0.145510   0.648040    1107.286 0
 50.555252 -41.193466   0.063611  0.000113  19070.098    33.876548   0.146276   0.651452    -194.078 0
 50.448513 -41.227795   0.062523  0.000193  18743.924    57.859944   0.146766   0.653633    -500.546 0
 50.477085 -41.207810   0.058454  0.000133  17524.068    39.872397   0.150750   0.671375   -1646.704 1
 50.501713 -41.185570   0.063998  0.000190  19186.118    56.960567   0.163214   0.726888     -85.067 0
 50.793130 -41.363090   0.066249  0.000133  19860.951    39.872397   0.164625   0.733172     548.995 0
 50.494205 -41.174477   0.059808  0.000133  17929.987    39.872397   0.175574   0.781933   -1265.308 0
 50.791510 -41.261208   0.061416  0.000153  18412.054    45.868246   0.179320   0.798616    -812.366 0
 50.670280 -41.171860   0.065602  0.000177  19666.985    53.063265   0.181337   0.807600     366.748 0
 50.355206 -41.434525   0.065415  0.000180  19610.924    53.962642   0.191546   0.853065     314.074 0
 50.827595 -41.373943   0.064611  0.000173  19369.891    51.864095   0.191942   0.854827      87.603 0
 50.841500 -41.320520   0.064678  0.000170  19389.977    50.964718   0.199999   0.890712     106.475 0
 50.846085 -41.340717   0.067407  0.000310  20208.110    92.935662   0.202605   0.902315     875.181 0
 50.708576 -41.154743   0.069481  0.000133  20829.880    39.872397   0.209239   0.931863    1459.386 0
 50.335888 -41.230570   0.064591  0.000150  19363.895    44.968869   0.210480   0.937388      81.969 0
 50.659140 -41.127354   0.063250  0.000217  18961.873    65.054963   0.220501   0.982018    -295.764 0
 50.866890 -41.375813   0.067376  0.000097  20198.817    29.079868   0.221319   0.985660     866.449 0
 50.815440 -41.202297   0.063317  0.000213  18981.959    63.855794   0.225631   1.004865    -276.892 0
 50.715546 -41.539690   0.066970  0.000220  20077.101    65.954341   0.226404   1.008308     752.087 0
 50.865090 -41.271263   0.062987  0.000087  18883.028    26.081944   0.227165   1.011699    -369.846 0
 50.617954 -41.564526   0.068097  0.000170  20414.967    50.964718   0.227798   1.014517    1069.541 0
 50.702694 -41.131374   0.064855  0.000223  19443.040    66.853718   0.228201   1.016311     156.333 0
 50.301403 -41.465603   0.067777  0.000380  20319.033    99.990000   0.242158   1.078469     979.403 0
 50.546135 -41.580330   0.064188  0.000133  19243.078    39.872397   0.242496   1.079976     -31.548 0
 50.359676 -41.158830   0.055068  0.000133  16508.971    39.872397   0.242616   1.080511   -2600.474 1
 50.323696 -41.176655   0.060192  0.000113  18045.108    33.876548   0.249553   1.111402   -1157.143 0
 50.447980 -41.102306   0.060365  0.000200  18096.972    59.958492   0.255435   1.137599   -1108.412 0
 50.866505 -41.201540   0.064068  0.000170  19207.103    50.964718   0.257600   1.147240     -65.350 0
 50.592846 -41.599068   0.064835  0.000120  19437.044    35.975095   0.260476   1.160051     150.699 0
 50.506172 -41.080690   0.060325  0.000147  18084.980    44.069491   0.263506   1.173546   -1119.680 0
 50.217620 -41.317220   0.066239  0.000240  19857.953    71.950190   0.270136   1.203070     546.178 0
 50.815680 -41.125053   0.063697  0.000280  19095.880    83.941888   0.279361   1.244157    -169.853 0
 50.650032 -41.614840   0.063337  0.000170  18987.955    50.964718   0.281455   1.253484    -271.258 0
 50.198900 -41.439404   0.065282  0.000117  19571.051    35.075718   0.300622   1.338842     276.610 0
 50.709150 -41.623245   0.067327  0.000143  20184.127    42.870321   0.301354   1.342105     852.647 0
 51.011166 -41.376663   0.066016  0.000163  19791.099    48.866171   0.328719   1.463977     483.364 0
 50.596792 -41.009528   0.062013  0.000213  18591.030    63.855794   0.329723   1.468446    -644.203 0
 50.237026 -41.126453   0.062960  0.000087  18874.933    26.081944   0.331661   1.477077    -377.452 0
 50.246510 -41.562744   0.062637  0.000220  18778.100    65.954341   0.333772   1.486478    -468.435 0
 50.889940 -41.583256   0.067597  0.000504  20265.071    99.990000   0.339391   1.511502     928.700 0
 50.135230 -41.414646   0.058674  0.000267  17590.023    80.044586   0.339680   1.512792   -1584.734 1
 50.149433 -41.206930   0.058644  0.000163  17581.029    48.866171   0.346567   1.543463   -1593.184 1
 50.438446 -41.672985   0.063307  0.000180  18978.961    53.962642   0.349749   1.557635    -279.709 0
 50.868800 -41.057740   0.062503  0.000127  18737.928    38.073642   0.356780   1.588947    -506.180 0
 50.402058 -41.676197   0.062336  0.000210  18687.863    62.956416   0.361775   1.611192    -553.220 0
 50.471363 -41.699078   0.067680  0.000190  20289.954    56.960567   0.368696   1.642018     952.080 0
 50.284588 -41.638813   0.063694  0.000133  19094.981    39.872397   0.371360   1.653879    -170.698 0
 50.344612 -41.698364   0.062280  0.000120  18671.074    35.975095   0.399336   1.778471    -568.994 0
 50.975605 -41.069958   0.058434  0.000123  17518.072    36.874472   0.402777   1.793800   -1652.337 1
 50.491610 -41.748928   0.065448  0.000103  19620.817    30.878623   0.414933   1.847937     323.369 0
 50.044605 -41.506210   0.066219  0.000220  19851.957    65.954341   0.432817   1.927584     540.545 0
 50.222824 -41.691590   0.061509  0.000180  18439.934    53.962642   0.441375   1.965698    -786.170 0
 50.277103 -41.722286   0.061336  0.000117  18388.070    35.075718   0.444342   1.978910    -834.901 0
 49.982830 -41.349200   0.063747  0.000310  19110.870    92.935662   0.445668   1.984819    -155.769 0
 49.965633 -41.321274   0.081827  0.000220  24531.117    65.954341   0.458799   2.043298    4937.013 1
 50.551605 -41.798748   0.064331  0.000093  19285.949    27.880699   0.460230   2.049670       8.732 0
 50.243160 -41.733970   0.063868  0.000173  19147.145    51.864095   0.467582   2.082412    -121.686 0
 50.333702 -41.770977   0.066503  0.000133  19937.098    39.872397   0.468895   2.088261     620.542 0
 50.246730 -41.741060   0.062286  0.000334  18672.873    99.990000   0.472178   2.102880    -567.304 0
 50.242573 -41.741320   0.062633  0.000334  18776.901    99.990000   0.474041   2.111179    -469.561 0
 51.108467 -41.602970   0.063544  0.000260  19050.012    77.946039   0.478974   2.133147    -212.950 0
 50.260140 -41.764835   0.062813  0.000090  18830.864    26.981321   0.487606   2.171591    -418.859 0
 50.604233 -40.847527   0.061733  0.000333  18507.088    99.830889   0.491812   2.190322    -723.074 0
 50.004913 -41.091614   0.081827  0.000287  24531.117    86.040435   0.495136   2.205126    4937.013 1
 50.205635 -41.757500   0.063527  0.000190  19044.915    56.960567   0.502658   2.238625    -217.739 0
 50.597645 -41.850530   0.067603  0.000133  20266.870    39.872397   0.511892   2.279751     930.390 0
 50.963753 -41.773903   0.058550  0.000170  17552.848    50.964718   0.523340   2.330733   -1619.662 1
 50.534904 -41.862040   0.058023  0.000160  17394.858    47.966793   0.524070   2.333987   -1768.108 1
 50.774643 -41.846540   0.063541  0.000127  19049.113    38.073642   0.529053   2.356176    -213.795 0
 50.452180 -41.862910   0.061249  0.000210  18361.988    62.956416   0.532235   2.370351    -859.407 0
 50.101818 -41.734444   0.062830  0.000123  18835.960    36.874472   0.532306   2.370664    -414.070 0
 51.060257 -41.730328   0.058560  0.000113  17555.846    33.876548   0.534119   2.378741   -1616.846 1
 50.113010 -41.746006   0.062443  0.000133  18719.940    39.872397   0.535457   2.384697    -523.081 0
 51.051037 -41.744320   0.078287  0.000217  23469.852    65.054963   0.539861   2.404312    3939.864 1
 50.613113 -41.893450   0.067567  0.000177  20256.077    53.063265   0.555250   2.472849     920.250 0
 50.305252 -41.868023   0.063013  0.000087  18890.822    26.081944   0.566905   2.524756    -362.523 0
 50.460335 -40.773500   0.061660  0.000150  18485.203    44.968869   0.572049   2.547664    -743.636 0
 50.092403 -40.892006   0.056672  0.000103  16989.838    30.878623   0.575915   2.564880   -2148.658 1
 49.800026 -41.485490   0.058354  0.000334  17494.089    99.990000   0.600957   2.676407   -1674.872 1
 51.200920 -41.733570   0.064211  0.000304  19249.974    91.136907   0.612980   2.729954     -25.070 0
 49.826180 -41.594930   0.064454  0.000123  19322.823    36.874472   0.618636   2.755144      43.379 0
 49.804958 -41.587583   0.065759  0.000170  19714.052    50.964718   0.630241   2.806824     410.972 0
 50.150803 -41.942886   0.065819  0.000407  19732.040    99.990000   0.683263   3.042964     427.873 0
 50.255455 -41.983772   0.062980  0.000157  18880.929    47.067416   0.688393   3.065812    -371.818 0
 50.061180 -41.917217   0.055502  0.000150  16639.081    44.968869   0.695713   3.098411   -2478.224 1
 50.014160 -41.900295   0.081199  0.000197  24342.848    59.059114   0.702340   3.127925    4760.117 1
 51.083786 -40.747463   0.065959  0.000237  19774.011    71.050813   0.703560   3.133360     467.308 0
 49.834583 -41.777640   0.081153  0.000334  24329.057    99.990000   0.708935   3.157298    4747.160 1
 50.983624 -41.980473   0.059090  0.000150  17714.736    44.968869   0.710761   3.165427   -1467.555 1
 50.365856 -42.038200   0.063430  0.000103  19015.836    30.878623   0.716930   3.192901    -245.062 0
 51.069960 -41.961260   0.064531  0.000350  19345.907    99.990000   0.724398   3.226160      65.068 0
 49.988210 -40.744250   0.055709  0.000093  16701.138    27.880699   0.740627   3.298437   -2419.916 1
 49.763460 -41.765602   0.065075  0.000384  19508.994    99.990000   0.744644   3.316330     218.302 0
 51.243690 -41.892640   0.057840  0.000270  17339.996    80.943964   0.746837   3.326094   -1819.655 1
 51.542630 -41.524120   0.058874  0.000130  17649.981    38.973020   0.748844   3.335033   -1528.398 1
 50.313620 -42.072964   0.065799  0.000110  19726.044    32.977170   0.760097   3.385149     422.239 0
 49.670890 -41.700905   0.064254  0.000334  19262.865    99.990000   0.770147   3.429910     -12.957 0
 51.273277 -41.905334   0.061609  0.000500  18469.914    99.990000   0.771196   3.434578    -758.002 0
 49.622970 -41.641590   0.064615  0.000160  19371.090    47.966793   0.777115   3.460942      88.729 0
 51.283054 -41.907620   0.061109  0.000297  18320.017    89.038360   0.777866   3.464283    -898.842 0
 49.588359 -41.609645   0.067000  0.000333  20086.095    99.830889   0.789597   3.516530     760.537 0
 50.556915 -42.165940   0.063354  0.000160  18993.051    47.966793   0.827177   3.683898    -266.470 0
 49.959580 -42.128050   0.055418  0.000127  16613.898    38.073642   0.914958   4.074834   -2501.885 1
 51.730667 -41.686794   0.050325  0.000150  15087.055    44.968869   0.933971   4.159509   -3936.484 1
 50.020454 -42.181458   0.063787  0.000150  19122.862    44.968869   0.940245   4.187453    -144.502 1
 51.540980 -41.944675   0.065012  0.000150  19490.107    44.968869   0.944265   4.205356     200.556 1
 49.558030 -41.955063   0.059258  0.000113  17765.101    33.876548   0.981898   4.372956   -1420.233 1
 49.440030 -41.825512   0.079388  0.000130  23799.924    38.973020   0.982124   4.373963    4249.994 1
 51.025160 -42.262398   0.074118  0.000260  22220.017    77.946039   0.983092   4.378273    2765.538 1
 50.591377 -42.321964   0.063340  0.000127  18988.854    38.073642   0.983140   4.378487    -270.413 1
 51.527374 -40.646446   0.058510  0.000150  17540.857    44.968869   0.994708   4.430010   -1630.930 1
 50.550182 -40.331932   0.057937  0.000150  17369.076    44.968869   1.007148   4.485411   -1792.332 1
 49.910168 -42.246056   0.059790  0.000333  17924.591    99.830889   1.035884   4.613387   -1270.379 1
 49.383247 -41.897390   0.064785  0.000233  19422.054    69.851643   1.055579   4.701101     136.615 1
 50.862255 -42.395150   0.076720  0.000217  23000.077    65.054963   1.077867   4.800363    3498.471 1
 49.329025 -40.756886   0.063003  0.000334  18887.824    99.990000   1.102562   4.910342    -365.339 1
 49.746740 -42.257027   0.079915  0.000143  23957.914    42.870321   1.109444   4.940996    4398.440 1
 52.050377 -41.566875   0.072534  0.000500  21745.146    99.990000   1.130035   5.032697    2319.356 1
 50.633870 -40.192093   0.062226  0.000150  18654.885    44.968869   1.147613   5.110981    -584.205 1
 52.067890 -41.068850   0.059928  0.000150  17965.962    44.968869   1.152043   5.130712   -1231.507 1
 49.394390 -42.080910   0.062607  0.000244  18769.106    73.149360   1.156720   5.151539    -476.885 1
 50.966274 -40.212902   0.054288  0.000113  16275.133    33.876548   1.163444   5.181487   -2820.184 1
 49.212452 -40.712856   0.064905  0.000150  19458.029    44.968869   1.200173   5.345062     170.417 1
 52.142780 -41.099953   0.059575  0.000130  17860.136    38.973020   1.200200   5.345183   -1330.940 1
 49.181046 -41.947563   0.060565  0.000157  18156.930    47.067416   1.211539   5.395680   -1052.076 1
 50.174488 -42.523716   0.056582  0.000110  16962.857    32.977170   1.222622   5.445041   -2174.009 1
 49.192307 -42.002052   0.064361  0.000113  19294.942    33.876548   1.232674   5.489807      17.183 1
 49.326470 -42.167652   0.078287  0.000103  23469.852    30.878623   1.251941   5.575614    3939.864 1
 51.936250 -42.063416   0.059000  0.000333  17687.755    99.830889   1.252040   5.576053   -1492.906 1
 51.814060 -42.187820   0.064144  0.000150  19229.887    44.968869   1.258732   5.605859     -43.942 1
 51.239815 -40.178570   0.052860  0.000150  15847.029    44.968869   1.262759   5.623795   -3222.424 1
 49.127510 -42.037060   0.062393  0.000160  18704.951    47.966793   1.292522   5.756346    -537.165 1
 49.149067 -42.062775   0.062723  0.000130  18803.882    38.973020   1.293148   5.759135    -444.210 1
 48.960297 -41.853416   0.058571  0.000150  17559.144    44.968869   1.317875   5.869255   -1613.747 1
 49.787186 -42.524147   0.062400  0.000150  18707.049    44.968869   1.325074   5.901319    -535.193 1
 48.817190 -41.201183   0.078718  0.000183  23599.063    54.862020   1.327890   5.913859    4061.268 1
 48.864010 -41.004390   0.076690  0.000334  22991.084    99.990000   1.328382   5.916051    3490.020 1
 49.595802 -42.476997   0.080716  0.000103  24198.048    30.878623   1.355428   6.036500    4624.066 1
 48.815720 -41.030293   0.077510  0.000334  23236.913    99.990000   1.357379   6.045190    3720.998 1
 51.502430 -42.528710   0.064274  0.000150  19268.860    44.968869   1.378129   6.137603      -7.324 1
 50.249115 -42.695540   0.056342  0.000150  16890.907    44.968869   1.378705   6.140168   -2241.613 1
 50.663082 -39.949080   0.053017  0.000150  15894.097    44.968869   1.391338   6.196431   -3178.200 1
 48.972397 -40.633580   0.060048  0.000150  18001.938    44.968869   1.395549   6.215182   -1197.705 1
 48.714890 -41.149390   0.078881  0.000150  23647.929    44.968869   1.410328   6.281003    4107.182 1
 48.716650 -41.115890   0.078885  0.000444  23649.128    99.990000   1.413914   6.296972    4108.309 1
 49.420673 -42.486880   0.066392  0.000157  19903.821    47.067416   1.438977   6.408595     589.275 1
 48.656910 -41.189087   0.079618  0.000294  23868.876    88.138983   1.448836   6.452503    4314.780 1
 49.842660 -42.691086   0.063290  0.000150  18973.865    44.968869   1.460070   6.502534    -284.497 1
 50.900063 -42.793210   0.075876  0.000150  22747.053    44.968869   1.474502   6.566807    3260.732 1
 50.544590 -42.884434   0.061913  0.000103  18561.050    30.878623   1.545727   6.884012    -672.371 1
 48.902340 -42.253902   0.064725  0.000170  19404.067    50.964718   1.554603   6.923541     119.714 1
 48.938007 -42.302240   0.061519  0.000183  18442.932    54.862020   1.562367   6.958120    -783.353 1
 49.129690 -42.474464   0.076623  0.000083  22970.998    24.882774   1.571350   6.998129    3471.148 1
 48.883360 -40.363780   0.078147  0.000150  23427.881    44.968869   1.602000   7.134630    3900.429 1
 50.187485 -42.926086   0.062467  0.000150  18727.135    44.968869   1.613813   7.187238    -516.320 1
 50.241430 -42.948680   0.063771  0.000150  19118.065    44.968869   1.629300   7.256214    -149.009 1
 52.415504 -42.228270   0.063844  0.000130  19139.950    38.973020   1.642558   7.315256    -128.446 1
 49.848267 -42.898983   0.062800  0.000150  18826.966    44.968869   1.653070   7.362074    -422.521 1
 48.799480 -42.321392   0.067000  0.003000  20086.095    99.990000   1.656786   7.378622     760.537 1
 51.352745 -39.783665   0.054131  0.000150  16228.066    44.968869   1.660909   7.396986   -2864.408 1
 52.574530 -42.058083   0.049901  0.000130  14959.943    38.973020   1.663809   7.409900   -4055.916 1
 52.776035 -41.135470   0.049601  0.000260  14870.006    77.946039   1.664113   7.411256   -4140.420 1
 48.355072 -41.532560   0.056486  0.000173  16934.077    51.864095   1.678904   7.477126   -2201.051 1
 48.388535 -41.723360   0.056322  0.000304  16884.911    91.136907   1.686967   7.513036   -2247.246 1
 49.474140 -42.821440   0.078601  0.000180  23563.987    53.962642   1.697846   7.561486    4028.312 1
 49.021626 -42.576283   0.076196  0.000157  22842.986    47.067416   1.701053   7.575771    3350.870 1
 49.442240 -42.813680   0.079188  0.000150  23739.965    44.968869   1.702922   7.584093    4193.658 1
 50.878720 -39.644570   0.062870  0.000500  18847.952    99.990000   1.709472   7.613264    -402.803 1
 49.750523 -42.933178   0.079985  0.000150  23978.900    44.968869   1.710589   7.618240    4418.157 1
 52.704400 -40.715977   0.052840  0.000150  15841.033    44.968869   1.714976   7.637776   -3228.057 1
 48.417652 -40.773315   0.078081  0.000334  23408.095    99.990000   1.716559   7.644827    3881.838 1
 52.749054 -41.910510   0.049414  0.000150  14813.945    44.968869   1.728623   7.698554   -4193.095 1
 52.473034 -42.318750   0.064311  0.000217  19279.953    65.054963   1.728667   7.698748       3.098 1
 48.312660 -41.703873   0.061573  0.000200  18459.121    59.958492   1.738289   7.741601    -768.142 1
 52.264362 -42.538387   0.063714  0.000150  19100.977    44.968869   1.745065   7.771780    -165.065 1
 52.586224 -42.220524   0.075039  0.000103  22496.126    30.878623   1.747777   7.783857    3024.966 1
 48.286200 -41.655500   0.058547  0.000193  17551.949    57.859944   1.748313   7.786246   -1620.507 1
 48.959010 -42.603590   0.077574  0.000333  23256.100    99.830889   1.753245   7.808211    3739.026 1
 48.605114 -40.387730   0.064915  0.000150  19461.027    44.968869   1.759258   7.834989     173.233 1
 52.384750 -40.209690   0.049311  0.000150  14783.066    44.968869   1.766027   7.865136   -4222.108 1
 50.024340 -39.621777   0.062877  0.000334  18850.050    99.990000   1.766406   7.866824    -400.831 1
 48.268650 -41.695480   0.057160  0.000150  17136.137    44.968869   1.768898   7.877922   -2011.198 1
 48.223045 -41.234673   0.066166  0.000157  19836.068    47.067416   1.769895   7.882362     525.616 1
 48.539757 -40.445812   0.063671  0.000334  19088.086    99.990000   1.770742   7.886132    -177.177 1
 48.986748 -42.653442   0.062039  0.000113  18598.824    33.876548   1.775474   7.907207    -636.879 1
 48.964170 -42.639270   0.064301  0.000140  19276.955    41.970944   1.776513   7.911834       0.282 1
 52.955810 -41.447433   0.064912  0.000130  19460.128    38.973020   1.789906   7.971482     172.388 1
 48.985680 -42.675790   0.063567  0.000264  19056.907    79.145209   1.792617   7.983557    -206.472 1
 48.590256 -42.336220   0.056386  0.000087  16904.098    26.081944   1.793905   7.989291   -2229.219 1
 52.948833 -41.564610   0.062330  0.000150  18686.064    44.968869   1.795617   7.996917    -554.910 1
 50.065098 -39.570870   0.081563  0.000150  24451.972    44.968869   1.809194   8.057383    4862.649 1
 50.800385 -39.524403   0.054484  0.000117  16333.892    35.075718   1.822274   8.115636   -2764.975 1
 49.026024 -42.753080   0.066553  0.000150  19952.087    44.968869   1.831578   8.157071     634.626 1
 49.036335 -42.764720   0.065052  0.000077  19502.099    23.084019   1.835694   8.175404     211.824 1
 53.020237 -41.263520   0.050075  0.000150  15012.107    44.968869   1.836532   8.179134   -4006.904 1
 53.017414 -41.164684   0.064898  0.000150  19455.931    44.968869   1.841125   8.199591     168.445 1
 51.010440 -39.517857   0.063337  0.000157  18987.955    47.067416   1.849982   8.239038    -271.258 1
 52.983700 -41.759098   0.074885  0.000304  22449.958    91.136907   1.855753   8.264737    2981.587 1
 52.908558 -41.965645   0.059341  0.000217  17789.984    65.054963   1.859917   8.283284   -1396.853 1
 49.060240 -42.827650   0.064274  0.000160  19268.860    47.966793   1.874035   8.346157      -7.324 1
 49.190105 -42.908985   0.076723  0.000127  23000.977    38.073642   1.883703   8.389216    3499.316 1
 49.461906 -39.647667   0.065275  0.000150  19568.953    44.968869   1.886862   8.403283     274.638 1
 49.119310 -42.880623   0.076416  0.000103  22908.940    30.878623   1.890382   8.418961    3412.840 1
 51.284530 -39.507020   0.061799  0.000260  18526.874    77.946039   1.907497   8.495185    -704.483 1
 48.893005 -42.770920   0.063701  0.000193  19097.079    57.859944   1.909953   8.506119    -168.727 1
 50.881760 -39.434956   0.063080  0.000247  18910.908    74.048737   1.917702   8.540632    -343.650 1
 51.174900 -39.464410   0.061459  0.000150  18424.945    44.968869   1.927616   8.584785    -800.254 1
 48.852585 -42.767807   0.065080  0.000333  19510.493    99.830889   1.927859   8.585868     219.711 1
 53.038742 -41.885920   0.065078  0.000130  19509.894    38.973020   1.928106   8.586967     219.147 1
 48.866207 -42.777370   0.065188  0.000117  19542.871    35.075718   1.928132   8.587085     250.132 1
 49.015583 -42.874756   0.067633  0.000103  20275.863    30.878623   1.931822   8.603519     938.841 1
 49.610874 -43.135582   0.062450  0.000150  18722.039    44.968869   1.937386   8.628298    -521.109 1
 50.180958 -43.256977   0.063150  0.000150  18931.894    44.968869   1.940913   8.644004    -323.932 1
 48.783840 -42.738396   0.056913  0.000183  17062.088    54.862020   1.941575   8.646953   -2080.773 1
 53.155045 -41.181390   0.078254  0.000173  23459.959    51.864095   1.942596   8.651499    3930.568 1
 48.289215 -42.259964   0.063374  0.000143  18999.047    42.870321   1.948578   8.678140    -260.836 1
 49.024540 -42.914253   0.065075  0.000127  19508.994    38.073642   1.959364   8.726177     218.302 1
 48.815530 -42.787415   0.065709  0.000190  19699.063    56.960567   1.961083   8.733833     396.888 1
 48.981820 -42.894566   0.068014  0.000137  20390.084    41.071567   1.962965   8.742215    1046.161 1
 52.483830 -39.990944   0.054491  0.000150  16335.991    44.968869   1.966793   8.759262   -2763.003 1
 52.289810 -42.837276   0.074985  0.000150  22479.937    44.968869   1.974948   8.795580    3009.755 1
 51.391426 -39.457428   0.063000  0.000150  18886.925    44.968869   1.978510   8.811444    -366.185 1
 51.366543 -39.445988   0.063674  0.000190  19088.985    56.960567   1.983724   8.834665    -176.332 1
 49.759010 -43.232770   0.065549  0.000150  19651.096    44.968869   1.990799   8.866177     351.819 1
 53.230534 -41.434555   0.049868  0.000087  14950.050    26.081944   1.995174   8.885658   -4065.212 1
 51.436504 -39.449800   0.062086  0.000247  18612.915    74.048737   1.996456   8.891371    -623.640 1
 53.217167 -41.573470   0.049730  0.000150  14908.679    44.968869   1.996670   8.892324   -4104.084 1
 49.172195 -39.629770   0.064388  0.000150  19303.037    44.968869   2.008084   8.943155      24.788 1
 52.977463 -40.451480   0.073067  0.000500  21904.936    99.990000   2.009436   8.949177    2469.492 1
 51.303207 -39.399605   0.063961  0.000287  19175.025    86.040435   2.014630   8.972310     -95.490 1
 48.529747 -42.645622   0.065935  0.000123  19766.816    36.874472   2.017059   8.983124     460.547 1
 49.383076 -43.159480   0.078858  0.000314  23641.034    94.134832   2.029064   9.036593    4100.703 1
 53.176333 -40.757167   0.064631  0.000150  19375.886    44.968869   2.037013   9.071994      93.236 1
 48.942430 -42.970314   0.076706  0.000097  22995.880    29.079868   2.041160   9.090460    3494.527 1
 48.524333 -42.691083   0.064121  0.000123  19222.992    36.874472   2.049856   9.129192     -50.421 1
 48.185770 -42.351720   0.064775  0.000143  19419.056    42.870321   2.060866   9.178225     133.798 1
 49.506714 -43.246445   0.080162  0.000210  24031.963    62.956416   2.069690   9.217520    4468.015 1
 51.740790 -43.215084   0.063370  0.000103  18997.848    30.878623   2.069928   9.218581    -261.963 1
 48.389708 -42.602222   0.067397  0.000143  20205.112    42.870321   2.071511   9.225630     872.364 1
 51.485700 -39.361160   0.062863  0.000203  18845.853    60.857869   2.092289   9.318167    -404.775 1
 47.791862 -41.192130   0.062530  0.000117  18746.022    35.075718   2.095708   9.333395    -498.574 1
 52.192125 -43.082111   0.056776  0.000150  17021.017    44.968869   2.123849   9.458723   -2119.363 1
 53.215576 -40.571568   0.078588  0.000150  23560.090    44.968869   2.125021   9.463941    4024.650 1
 48.491140 -39.901130   0.080312  0.000150  24076.932    44.968869   2.125571   9.466390    4510.267 1
 51.790894 -39.414630   0.049534  0.000300  14849.920    89.937737   2.129430   9.483580   -4159.293 1
 50.823624 -43.461388   0.063280  0.000103  18970.867    30.878623   2.130609   9.488829    -287.314 1
 53.210750 -42.135887   0.063360  0.000150  18994.850    44.968869   2.132554   9.497491    -264.780 1
 50.667810 -39.191930   0.062733  0.000117  18806.880    35.075718   2.148060   9.566550    -441.393 1
 48.025540 -42.314710   0.063521  0.000153  19043.117    45.868246   2.149392   9.572481    -219.429 1
 52.125820 -39.527220   0.062123  0.000127  18624.007    38.073642   2.153078   9.588897    -613.218 1
 48.024437 -42.338314   0.062303  0.000117  18677.970    35.075718   2.160945   9.623932    -562.516 1
 48.085682 -42.431530   0.063891  0.000130  19154.040    38.973020   2.165781   9.645469    -115.207 1
 50.985374 -39.193280   0.048720  0.000150  14605.889    44.968869   2.167487   9.653069   -4388.581 1
 48.023780 -42.356220   0.064361  0.000147  19294.942    44.069491   2.169720   9.663013      17.183 1
 51.793960 -43.307354   0.063454  0.000150  19023.031    44.968869   2.170427   9.666160    -238.302 1
 50.521168 -43.518776   0.062220  0.000333  18653.087    99.830889   2.180278   9.710035    -585.895 1
 49.864216 -39.215485   0.055035  0.000230  16499.078    68.952265   2.189670   9.751860   -2609.769 1
 53.481144 -41.609486   0.075219  0.000217  22550.089    65.054963   2.197763   9.787904    3075.668 1
 47.968246 -42.374230   0.061926  0.000130  18564.948    38.973020   2.214996   9.864652    -668.709 1
 48.472057 -42.894444   0.055695  0.000103  16696.941    30.878623   2.217140   9.874203   -2423.860 1
 51.039543 -43.544110   0.055250  0.000150  16563.533    44.968869   2.232486   9.942546   -2549.208 1
 48.316017 -42.810380   0.064318  0.000237  19282.051    71.050813   2.246143  10.003367       5.070 1
 50.177850 -39.096443   0.055352  0.000163  16594.112    48.866171   2.262310  10.075368   -2520.476 1
 52.394585 -39.532986   0.062423  0.000170  18713.945    50.964718   2.263881  10.082365    -528.714 1
 49.471650 -43.447560   0.075335  0.000150  22584.865    44.968869   2.265902  10.091368    3108.343 1
 51.615040 -43.470000   0.079450  0.000333  23818.511    99.830889   2.269347  10.106710    4267.458 1
 51.474580 -39.171215   0.066523  0.000147  19943.094    44.069491   2.270185  10.110441     626.176 1
 53.304290 -40.359280   0.065050  0.000150  19501.499    44.968869   2.270460  10.111666     211.260 1
 51.560830 -39.189610   0.063537  0.000153  19047.913    45.868246   2.272857  10.122341    -214.922 1
 51.770386 -39.241802   0.058247  0.000103  17462.011    30.878623   2.280708  10.157305   -1705.012 1
 51.498825 -39.135036   0.065562  0.000230  19654.993    68.952265   2.310148  10.288420     355.481 1
 53.471252 -42.132050   0.049848  0.000150  14944.054    44.968869   2.313806  10.304713   -4070.845 1
 49.665707 -39.125640   0.081583  0.000157  24457.968    47.067416   2.316431  10.316403    4868.282 1
 48.866700 -39.410313   0.048804  0.000150  14631.071    44.968869   2.316663  10.317437   -4364.920 1
 50.101097 -39.041515   0.055992  0.000203  16785.979    60.857869   2.324910  10.354162   -2340.201 1
 53.546990 -40.675198   0.062513  0.000500  18740.926    99.990000   2.327128  10.364041    -503.363 1
 48.393590 -39.685402   0.073290  0.000333  21971.789    99.830889   2.328005  10.367950    2532.307 1
 50.154560 -39.027190   0.056402  0.000130  16908.894    38.973020   2.333281  10.391444   -2224.712 1
 48.780003 -43.255870   0.075572  0.000167  22655.916    50.065340   2.343858  10.438552    3175.102 1
 53.498795 -42.162888   0.049458  0.000150  14827.135    44.968869   2.343906  10.438765   -4180.701 1
 48.360466 -42.999638   0.075966  0.000090  22774.034    26.981321   2.350702  10.469033    3286.084 1
 53.355583 -42.427444   0.066570  0.000333  19957.184    99.830889   2.353625  10.482047     639.415 1
 52.156540 -43.383640   0.055160  0.000333  16536.552    99.830889   2.364065  10.528542   -2574.559 1
 49.314800 -43.511555   0.075549  0.000150  22649.020    44.968869   2.370127  10.555543    3168.623 1
 47.839127 -42.524654   0.067393  0.000140  20203.913    41.970944   2.372630  10.566688     871.238 1
 52.329458 -39.360111   0.063401  0.000150  19007.142    44.968869   2.376617  10.584445    -253.231 1
 52.349530 -43.312120   0.060765  0.000150  18216.889    44.968869   2.380395  10.601271    -995.740 1
 47.717087 -42.375095   0.066750  0.000157  20011.147    47.067416   2.383708  10.616026     690.117 1
 52.384520 -43.317883   0.058400  0.000300  17507.880    89.937737   2.399938  10.688307   -1661.914 1
 52.409668 -43.311943   0.059200  0.000333  17747.714    99.830889   2.405796  10.714396   -1436.570 1
 48.403870 -43.109850   0.061359  0.000103  18394.965    30.878623   2.407623  10.722532    -828.422 1
 53.626488 -42.085020   0.063944  0.000173  19169.929    51.864095   2.408646  10.727090    -100.278 1
 47.367330 -41.329430   0.075856  0.000200  22741.057    59.958492   2.409327  10.730121    3255.099 1
 53.355026 -42.544872   0.066046  0.000130  19800.093    38.973020   2.409823  10.732330     491.814 1
 49.808098 -38.999070   0.063384  0.000247  19002.045    74.048737   2.409852  10.732460    -258.019 1
 48.307500 -43.043827   0.060735  0.000073  18207.895    21.884849   2.410068  10.733422   -1004.191 1
 47.369070 -41.503742   0.074999  0.000193  22484.135    57.859944   2.413638  10.749322    3013.699 1
 48.501305 -43.186360   0.065719  0.000110  19702.061    32.977170   2.416651  10.762741     399.704 1
 48.436470 -43.163030   0.062033  0.000137  18597.026    41.071567   2.430759  10.825570    -638.569 1
 47.631454 -40.309470   0.064411  0.000150  19309.932    44.968869   2.438898  10.861820      31.267 1
 50.146545 -38.920624   0.055702  0.000183  16699.039    54.862020   2.439693  10.865357   -2421.888 1
 52.771362 -39.535313   0.049221  0.000070  14756.085    20.985472   2.443196  10.880959   -4247.459 1
 52.797874 -39.552254   0.062737  0.000130  18808.079    38.973020   2.444258  10.885687    -440.266 1
 47.446350 -42.015484   0.076073  0.000130  22806.112    38.973020   2.445441  10.890957    3316.223 1
 48.433410 -39.486416   0.079555  0.000130  23849.989    38.973020   2.453599  10.927292    4297.035 1
 50.355650 -38.884495   0.053841  0.000244  16141.126    73.149360   2.459977  10.955696   -2946.095 1
 49.041115 -43.559357   0.063274  0.000150  18969.068    44.968869   2.501793  11.141927    -289.004 1
 52.849110 -39.504677   0.059004  0.000220  17688.954    65.954341   2.505290  11.157500   -1491.779 1
 52.767647 -43.236240   0.063210  0.000160  18949.881    47.966793   2.511387  11.184656    -307.032 1
 52.835625 -39.469852   0.063204  0.000240  18948.083    71.950190   2.524082  11.241192    -308.722 1
 52.429714 -39.205150   0.063651  0.000150  19082.090    44.968869   2.547435  11.345197    -182.811 1
 49.577730 -38.898823   0.081430  0.000117  24412.100    35.075718   2.552643  11.368388    4825.185 1
 53.600285 -40.167100   0.078851  0.000150  23638.935    44.968869   2.555041  11.379069    4098.732 1
 50.616783 -38.775120   0.063084  0.000187  18912.107    56.061190   2.563951  11.418750    -342.523 1
 52.990093 -39.522545   0.061326  0.000160  18385.072    47.966793   2.565878  11.427332    -837.718 1
 47.357586 -40.452070   0.075920  0.000333  22760.243    99.830889   2.574203  11.464411    3273.126 1
 50.938293 -43.899500   0.054540  0.000333  16350.681    99.830889   2.574998  11.467949   -2749.201 1
 48.091810 -43.127037   0.064528  0.000150  19345.008    44.968869   2.583994  11.508016      64.223 1
 48.626130 -39.209293   0.080889  0.000130  24249.912    38.973020   2.584378  11.509725    4672.796 1
 51.034940 -38.765827   0.065008  0.000163  19488.908    48.866171   2.596008  11.561521     199.430 1
 49.560660 -43.824780   0.072417  0.000150  21710.070    44.968869   2.600209  11.580230    2286.400 1
 50.528126 -38.734127   0.065479  0.000307  19630.110    92.036285   2.605014  11.601627     332.101 1
 53.754482 -42.403454   0.061076  0.000173  18310.124    51.864095   2.612962  11.637024    -908.138 1
 53.789207 -42.361202   0.063077  0.000130  18910.009    38.973020   2.620020  11.668458    -344.495 1
 51.021385 -38.738865   0.066669  0.000150  19986.863    44.968869   2.621417  11.674682     667.301 1
 53.797737 -42.350914   0.059885  0.000150  17953.071    44.968869   2.621930  11.676963   -1243.619 1
 53.943115 -42.035713   0.063577  0.000173  19059.905    51.864095   2.622179  11.678072    -203.655 1
 52.433010 -39.115368   0.062560  0.000183  18755.016    54.862020   2.624409  11.688006    -490.124 1
 51.036766 -38.736794   0.066840  0.000270  20038.128    80.943964   2.624968  11.690494     715.468 1
 48.552605 -39.188354   0.054084  0.000150  16213.975    44.968869   2.633123  11.726813   -2877.647 1
 50.893635 -43.962627   0.075129  0.000150  22523.108    44.968869   2.634536  11.733108    3050.317 1
 53.763474 -42.446835   0.062843  0.000173  18839.857    51.864095   2.637059  11.744344    -410.408 1
 52.423940 -39.086850   0.061869  0.000177  18547.860    53.063265   2.645036  11.779870    -684.765 1
 50.100870 -38.714280   0.053470  0.000207  16029.903    62.057039   2.648768  11.796490   -3050.599 1
 53.801804 -42.424220   0.062737  0.000133  18808.079    39.872397   2.653873  11.819228    -440.266 1
 48.397205 -39.236520   0.065012  0.000130  19490.107    38.973020   2.663955  11.864128     200.556 1
 53.110126 -43.219250   0.074270  0.000333  22265.586    99.830889   2.674914  11.912932    2808.354 1
 47.436962 -42.605400   0.065222  0.000150  19553.064    44.968869   2.675748  11.916647     259.709 1
 47.038060 -41.663273   0.075596  0.000173  22663.111    51.864095   2.676261  11.918933    3181.862 1
 50.077710 -38.687954   0.053684  0.000193  16094.058    57.859944   2.677232  11.923257   -2990.319 1
 49.136590 -43.794640   0.062190  0.000240  18644.093    71.950190   2.683113  11.949448    -594.346 1
 53.792305 -42.513180   0.064811  0.000217  19429.849    65.054963   2.685064  11.958135     143.939 1
 53.801025 -42.540096   0.059965  0.000150  17977.055    44.968869   2.702807  12.037157   -1221.085 1
 49.179483 -43.830608   0.062497  0.000150  18736.129    44.968869   2.703417  12.039872    -507.870 1
 49.806126 -38.696470   0.055709  0.000304  16701.138    91.136907   2.704944  12.046675   -2419.916 1
 48.250057 -39.271553   0.064912  0.000217  19460.128    65.054963   2.706343  12.052906     172.388 1
 49.689310 -43.963688   0.074928  0.000320  22462.849    95.933587   2.707956  12.060088    2993.699 1
 49.377570 -43.896280   0.070369  0.000200  21096.095    59.958492   2.711129  12.074221    1709.518 1
 47.330173 -42.529560   0.064488  0.000177  19333.016    53.063265   2.712503  12.080337      52.956 1
 47.180614 -40.407665   0.048000  0.000330  14390.038    98.931511   2.714244  12.088091   -4591.391 1
 48.201860 -39.291820   0.079288  0.000130  23769.944    38.973020   2.714521  12.089324    4221.826 1
 49.637905 -38.716434   0.080199  0.000113  24043.055    33.876548   2.715443  12.093432    4478.437 1
 53.853794 -42.487470   0.062740  0.000133  18808.979    39.872397   2.715683  12.094499    -439.421 1
 53.077686 -39.372880   0.063447  0.000150  19020.932    44.968869   2.718919  12.108915    -240.273 1
 48.887627 -43.752304   0.068140  0.000150  20427.858    44.968869   2.726169  12.141202    1081.653 1
 47.408607 -40.003777   0.064815  0.000150  19431.048    44.968869   2.727438  12.146853     145.065 1
 53.812294 -40.096085   0.060492  0.000133  18135.045    39.872397   2.729080  12.154166   -1072.639 1
 46.963370 -41.639275   0.076133  0.000133  22824.099    39.872397   2.729189  12.154652    3333.124 1
 49.163776 -43.854733   0.062023  0.000133  18594.028    39.872397   2.730228  12.159277    -641.386 1
 49.678844 -43.991737   0.073307  0.000210  21976.886    62.956416   2.737076  12.189777    2537.095 1
 49.167896 -43.863920   0.058987  0.000180  17683.858    53.962642   2.737499  12.191662   -1496.568 1
 48.480330 -39.098457   0.064628  0.000150  19374.987    44.968869   2.737867  12.193299      92.391 1
 49.672200 -44.011444   0.072997  0.000190  21883.950    56.960567   2.757405  12.280312    2449.775 1
 49.155334 -43.884170   0.064858  0.000200  19443.939    59.958492   2.759821  12.291073     157.178 1
 49.900610 -44.052975   0.064725  0.000133  19404.067    39.872397   2.761085  12.296704     119.714 1
 49.484188 -43.977207   0.078898  0.000300  23653.025    89.937737   2.762791  12.304300    4111.971 1
 49.815025 -44.047420   0.073037  0.000230  21895.942    68.952265   2.768175  12.328278    2461.042 1
 50.148500 -38.569996   0.054634  0.000203  16378.861    60.857869   2.787457  12.414154   -2722.723 1
 53.185125 -43.322806   0.063154  0.000103  18933.093    30.878623   2.787967  12.416425    -322.806 1
 52.955340 -39.197860   0.063024  0.000117  18894.120    35.075718   2.788320  12.417997    -359.424 1
 47.474987 -42.874252   0.067136  0.000150  20126.866    44.968869   2.789112  12.421523     798.846 1
 53.955360 -40.180210   0.060352  0.000307  18093.074    92.036285   2.789151  12.421697   -1112.074 1
 47.517990 -42.927456   0.066699  0.000150  19995.857    44.968869   2.792138  12.434998     675.751 1
 54.178787 -40.635174   0.074758  0.000150  22411.885    44.968869   2.794886  12.447238    2945.814 1
 51.644787 -44.016155   0.063030  0.000150  18895.919    44.968869   2.794887  12.447242    -357.734 1
 50.124317 -38.549164   0.056012  0.000157  16791.975    47.067416   2.810286  12.515824   -2334.567 1
 49.499630 -44.039825   0.072867  0.000210  21844.977    62.956416   2.819303  12.555981    2413.156 1
 50.133335 -38.536823   0.053077  0.000150  15912.084    44.968869   2.821731  12.566795   -3161.299 1
 47.354355 -42.792374   0.063968  0.000150  19177.124    44.968869   2.822130  12.568573     -93.518 1
 49.218002 -43.971360   0.076323  0.000133  22881.060    39.872397   2.823097  12.572879    3386.644 1
 49.055300 -43.921020   0.065108  0.000267  19518.887    80.044586   2.823376  12.574121     227.598 1
 49.756725 -44.094840   0.077290  0.000240  23170.959    71.950190   2.823804  12.576027    3659.028 1
 49.472656 -44.041664   0.079899  0.000230  23953.118    68.952265   2.826934  12.589968    4393.933 1
 49.407170 -44.041622   0.080939  0.000200  24264.902    59.958492   2.841695  12.655705    4686.880 1
 53.403465 -43.238120   0.062036  0.000150  18597.925    44.968869   2.848334  12.685273    -637.724 1
 49.829037 -44.132935   0.077143  0.000133  23126.890    39.872397   2.849812  12.691856    3617.621 1
 51.601814 -44.084030   0.062503  0.000150  18737.928    44.968869   2.851089  12.697542    -506.180 1
 50.653748 -38.486120   0.081656  0.000157  24479.853    47.067416   2.853363  12.707671    4888.845 1
 50.589184 -44.193874   0.062346  0.000103  18690.861    30.878623   2.855001  12.714962    -550.404 1
 53.543488 -39.552826   0.072373  0.000143  21696.880    42.870321   2.855405  12.716765    2274.006 1
 46.970882 -40.424520   0.062356  0.000150  18693.859    44.968869   2.857227  12.724879    -547.587 1
 53.457714 -39.464560   0.061816  0.000207  18531.971    62.057039   2.862451  12.748143    -699.694 1
 48.306750 -39.028390   0.081920  0.000333  24558.998    99.830889   2.870879  12.785679    4963.209 1
 49.517113 -44.099270   0.078521  0.000173  23540.004    51.864095   2.872641  12.793527    4005.777 1
 54.254650 -42.144543   0.065645  0.000217  19679.876    65.054963   2.876912  12.812548     378.860 1
 50.620888 -38.460793   0.082013  0.000147  24586.879    44.069491   2.878292  12.818693    4989.405 1
 52.668293 -38.923668   0.064870  0.000130  19447.537    38.973020   2.881062  12.831030     160.558 1
 49.129550 -44.008650   0.074668  0.000220  22384.903    65.954341   2.882267  12.836394    2920.462 1
 49.517048 -44.110300   0.075305  0.000267  22575.871    80.044586   2.883255  12.840797    3099.893 1
 49.043640 -43.987133   0.062670  0.000170  18787.993    50.964718   2.887442  12.859442    -459.139 1
 52.774860 -38.968815   0.065018  0.000073  19491.906    21.884849   2.888293  12.863233     202.247 1
 49.390175 -44.093360   0.066960  0.000250  20074.103    74.948115   2.894847  12.892421     749.270 1
 49.505040 -44.122086   0.075359  0.000240  22592.060    71.950190   2.897076  12.902348    3115.104 1
 53.511368 -39.457493   0.060835  0.000213  18237.874    63.855794   2.897602  12.904690    -976.023 1
 53.800312 -39.728313   0.067160  0.000107  20134.061    32.077793   2.907514  12.948834     805.606 1
 54.413906 -41.730175   0.062463  0.000130  18725.936    38.973020   2.907820  12.950198    -517.447 1
 52.598110 -38.857887   0.062680  0.000230  18790.991    68.952265   2.908580  12.953581    -456.322 1
 54.018860 -39.993530   0.062160  0.000340  18635.099    99.990000   2.913934  12.977427    -602.796 1
 49.535725 -44.147087   0.066569  0.000220  19956.884    65.954341   2.914843  12.981476     639.133 1
 53.661697 -39.567830   0.062533  0.000217  18746.922    65.054963   2.916042  12.986816    -497.729 1
 49.687030 -44.177803   0.074905  0.000133  22455.954    39.872397   2.916363  12.988243    2987.221 1
 49.497105 -44.141500   0.080839  0.000220  24234.923    65.954341   2.917381  12.992778    4658.712 1
 48.202774 -43.652588   0.075686  0.000150  22690.092    44.968869   2.920424  13.006332    3207.213 1
 53.593200 -39.491650   0.061399  0.000160  18406.957    47.966793   2.922894  13.017332    -817.155 1
 49.132507 -44.053474   0.062680  0.000160  18790.991    47.966793   2.923011  13.017850    -456.322 1
 49.661380 -44.182953   0.074758  0.000210  22411.885    62.956416   2.925837  13.030440    2945.814 1
 47.064247 -42.607140   0.067367  0.000150  20196.119    44.968869   2.926009  13.031206     863.914 1
 54.465027 -41.576405   0.061973  0.000113  18579.038    33.876548   2.929401  13.046309    -655.470 1
 53.983498 -39.910660   0.061896  0.000133  18555.954    39.872397   2.929899  13.048531    -677.160 1
 49.402466 -44.137520   0.079188  0.000217  23739.965    65.054963   2.934112  13.067291    4193.658 1
 53.183340 -39.151493   0.049121  0.000150  14726.105    44.968869   2.935353  13.072817   -4275.627 1
 49.682480 -44.196518   0.073828  0.000210  22133.078    62.956416   2.935363  13.072862    2683.851 1
 54.468254 -41.628677   0.060475  0.000120  18129.949    35.975095   2.936512  13.077982   -1077.428 1
 53.638584 -39.504253   0.073521  0.000143  22041.041    42.870321   2.941503  13.100208    2597.375 1
 49.624110 -44.194443   0.073207  0.000123  21946.906    36.874472   2.943678  13.109894    2508.927 1
 49.764343 -44.220947   0.075309  0.000270  22577.070    80.943964   2.945820  13.119434    3101.020 1
 52.831070 -38.927574   0.063354  0.000217  18993.051    65.054963   2.946276  13.121464    -266.470 1
 49.320045 -44.131317   0.072750  0.000173  21809.901    51.864095   2.947412  13.126522    2380.199 1
 54.483665 -41.670486   0.060098  0.000150  18016.927    44.968869   2.952430  13.148872   -1183.621 1
 48.312630 -38.920840   0.053771  0.000130  16120.140    38.973020   2.955584  13.162919   -2965.813 1
 49.695720 -44.221848   0.079522  0.000217  23840.096    65.054963   2.957790  13.172743    4287.739 1
 49.878075 -44.252300   0.078711  0.000193  23596.964    57.859944   2.960193  13.183447    4059.296 1
 49.597824 -44.218662   0.075679  0.000240  22687.993    71.950190   2.971994  13.236003    3205.241 1
 54.530422 -41.485325   0.062727  0.000133  18805.082    39.872397   2.972465  13.238098    -443.083 1
 53.702427 -39.514996   0.060465  0.000137  18126.951    41.071567   2.972517  13.238333   -1080.244 1
 52.750330 -38.852303   0.062703  0.000090  18797.886    26.981321   2.974496  13.247147    -449.844 1
 49.026806 -44.077045   0.068337  0.000190  20486.917    56.960567   2.975041  13.249572    1137.144 1
 49.590664 -44.224720   0.073297  0.000210  21973.888    62.956416   2.979195  13.268074    2534.279 1
 53.696934 -39.498170   0.072744  0.000120  21808.103    35.975095   2.979627  13.269996    2378.509 1
 53.537582 -43.323833   0.065850  0.000333  19741.333    99.830889   2.980533  13.274029     436.605 1
 53.743874 -39.531990   0.070879  0.000107  21248.990    32.077793   2.986840  13.302118    1853.175 1
 53.884610 -42.998680   0.063227  0.000077  18954.978    23.084019   2.987475  13.304948    -302.243 1
 49.412086 -44.203724   0.075252  0.000173  22559.982    51.864095   2.995209  13.339392    3084.964 1
 46.623480 -41.755344   0.081276  0.000160  24365.932    47.966793   2.996880  13.346832    4781.807 1
 49.517730 -44.230210   0.070729  0.000197  21204.021    59.059114   2.998560  13.354318    1810.923 1
 48.068333 -43.678170   0.055228  0.000103  16556.938    30.878623   3.002975  13.373979   -2555.405 1
 53.324440 -39.153990   0.066703  0.000093  19997.056    27.880699   3.005220  13.383975     676.878 1
 49.662470 -38.408947   0.064825  0.000294  19434.046    88.138983   3.009198  13.401693     147.882 1
 53.477104 -39.260840   0.065986  0.000217  19782.105    65.054963   3.010317  13.406676     474.913 1
 49.490345 -44.238113   0.076106  0.000170  22816.005    50.964718   3.011683  13.412758    3325.519 1
 49.493750 -44.238889   0.075252  0.000400  22559.982    99.990000   3.011739  13.413008    3084.964 1
 49.974503 -38.359480   0.055528  0.000327  16646.876    98.032134   3.013471  13.420723   -2470.901 1
 53.761370 -39.503940   0.071389  0.000163  21401.884    48.866171   3.014303  13.424428    1996.832 1
 52.964874 -43.763000   0.063460  0.000333  19024.829    99.830889   3.015403  13.429326    -236.612 1
 48.973220 -44.105156   0.061079  0.000190  18311.024    56.960567   3.016759  13.435365    -907.293 1
 53.557377 -43.364193   0.065800  0.000333  19726.344    99.830889   3.018566  13.443413     422.521 1
 53.531864 -39.292404   0.060835  0.000290  18237.874    86.939813   3.018710  13.444054    -976.023 1
 53.132477 -39.008385   0.064695  0.000087  19395.073    26.081944   3.019072  13.445668     111.264 1
 49.161964 -44.165430   0.081923  0.000137  24559.898    41.071567   3.019419  13.447214    4964.054 1
 53.720490 -39.455360   0.060528  0.000150  18145.838    44.968869   3.020067  13.450099   -1062.498 1
 53.626064 -39.366650   0.059761  0.000163  17915.897    48.866171   3.022108  13.459190   -1278.547 1
 54.471676 -40.563858   0.061746  0.000137  18510.985    41.071567   3.025694  13.475160    -719.412 1
 54.390060 -42.320960   0.064645  0.000307  19380.083    92.036285   3.027197  13.481850      97.180 1
 52.706210 -43.912350   0.064771  0.000103  19417.857    30.878623   3.029878  13.493794     132.671 1
 49.565240 -44.273100   0.073451  0.000217  22020.056    65.054963   3.030808  13.497933    2577.657 1
 49.908104 -44.328670   0.081710  0.000190  24496.042    56.960567   3.031574  13.501347    4904.056 1
 53.568333 -43.378693   0.064790  0.000333  19423.553    99.830889   3.034399  13.513926     138.023 1
 53.709990 -39.419760   0.075275  0.000264  22566.877    79.145209   3.036284  13.522322    3091.442 1
 48.105927 -38.932810   0.081323  0.000173  24380.022    51.864095   3.037984  13.529894    4795.046 1
 49.817790 -44.323570   0.081870  0.000260  24544.009    77.946039   3.038520  13.532280    4949.125 1
 54.495743 -40.581040   0.065369  0.000150  19597.133    44.968869   3.038834  13.533680     301.116 1
 49.584435 -44.286564   0.075215  0.000207  22548.890    62.057039   3.040282  13.540129    3074.542 1
 50.157204 -38.312810   0.065689  0.000143  19693.067    42.870321   3.042392  13.549525     391.254 1
 49.449047 -44.261585   0.069395  0.000107  20804.098    32.077793   3.042763  13.551177    1435.162 1
 49.406376 -44.254000   0.071940  0.000100  21567.069    29.979246   3.044566  13.559207    2152.038 1
 49.659763 -44.307180   0.076056  0.000087  22801.015    26.081944   3.047006  13.570073    3311.435 1
 54.008266 -39.709347   0.068841  0.000180  20638.013    53.962642   3.048831  13.578203    1279.111 1
 49.181805 -44.204758   0.073951  0.000217  22169.952    65.054963   3.051123  13.588407    2718.498 1
 48.836708 -44.097237   0.074702  0.000333  22395.096    99.830889   3.051936  13.592029    2930.040 1
 49.308460 -44.238740   0.081740  0.000180  24505.036    53.962642   3.052081  13.592676    4912.506 1
 49.474167 -38.397444   0.064995  0.000150  19485.011    44.968869   3.055617  13.608425     195.768 1
 54.236603 -42.677280   0.060759  0.000150  18215.090    44.968869   3.056824  13.613799    -997.430 1
 53.367416 -39.111347   0.066366  0.000173  19896.026    51.864095   3.058383  13.620741     581.952 1
 53.230780 -39.016716   0.062400  0.000150  18707.049    44.968869   3.060195  13.628812    -535.193 1
 49.476290 -44.287464   0.073387  0.000080  22000.869    23.983397   3.062049  13.637070    2559.630 1
 51.463516 -38.349290   0.063511  0.000217  19040.119    65.054963   3.062923  13.640960    -222.246 1
 54.447090 -42.312927   0.061626  0.000057  18475.010    17.088170   3.065169  13.650964    -753.213 1
 53.681572 -39.340440   0.075272  0.000150  22565.978    44.968869   3.070800  13.676042    3090.597 1
 54.473850 -40.408110   0.061466  0.000150  18427.043    44.968869   3.070839  13.676216    -798.282 1
 49.615086 -44.324196   0.075993  0.000133  22782.128    39.872397   3.071293  13.678238    3293.689 1
 53.750160 -39.397827   0.061299  0.000430  18376.978    99.990000   3.073519  13.688153    -845.323 1
 54.443306 -42.351450   0.054468  0.000217  16329.096    65.054963   3.074945  13.694500   -2769.482 1
 54.558860 -42.068344   0.080592  0.000177  24160.874    53.063265   3.077896  13.707643    4589.137 1
 49.787777 -44.359478   0.068708  0.000193  20598.140    57.859944   3.078054  13.708346    1241.647 1
 49.522144 -44.315384   0.074538  0.000190  22345.930    56.960567   3.079918  13.716648    2883.844 1
 53.530754 -39.201653   0.065599  0.000110  19666.085    32.977170   3.080355  13.718596     365.903 1
 54.675457 -41.474075   0.060599  0.000173  18167.123    51.864095   3.080718  13.720210   -1042.499 1
 49.232280 -44.250779   0.074952  0.000297  22470.044    89.038360   3.081774  13.724913    3000.460 1
 49.798458 -38.305056   0.064044  0.000150  19199.908    44.968869   3.089527  13.759446     -72.110 1
 54.073200 -39.706688   0.068834  0.000130  20635.914    38.973020   3.091550  13.768452    1277.139 1
 47.576904 -43.460520   0.078534  0.000090  23543.901    26.981321   3.093966  13.779212    4009.439 1
 49.248600 -44.269196   0.074421  0.000160  22310.855    47.966793   3.095213  13.784768    2850.887 1
 54.150950 -39.792946   0.066559  0.000117  19953.886    35.075718   3.097335  13.794219     636.316 1
 49.284790 -44.281116   0.075175  0.000110  22536.898    32.977170   3.097888  13.796682    3063.274 1
 54.120266 -39.750835   0.063801  0.000150  19127.059    44.968869   3.098762  13.800574    -140.559 1
 49.546047 -44.339867   0.074895  0.000067  22452.956    20.086095   3.099057  13.801887    2984.404 1
 54.155853 -39.793915   0.067323  0.000090  20182.928    26.981321   3.100043  13.806277     851.520 1
 53.796350 -39.395200   0.060792  0.000097  18224.983    29.079868   3.102131  13.815576    -988.135 1
 50.159320 -44.427110   0.062370  0.000150  18698.056    44.968869   3.104045  13.824101    -543.643 1
 49.637030 -38.315163   0.055348  0.000220  16592.913    65.954341   3.104868  13.827767   -2521.603 1
 49.382717 -44.313446   0.072490  0.000113  21731.955    33.876548   3.106609  13.835521    2306.963 1
 50.900257 -44.437695   0.074211  0.000150  22247.898    44.968869   3.108339  13.843226    2791.735 1
 54.697150 -41.661976   0.066069  0.000127  19806.988    38.073642   3.110860  13.854454     498.293 1
 53.137005 -38.893280   0.062657  0.000080  18784.096    23.983397   3.110886  13.854569    -462.801 1
 53.417385 -39.068130   0.061129  0.000153  18326.013    45.868246   3.115568  13.875419    -893.209 1
 54.055690 -39.634083   0.066362  0.000093  19894.827    27.880699   3.119471  13.892803     580.825 1
 54.093136 -39.676888   0.067587  0.000100  20262.073    29.979246   3.120043  13.895351     925.884 1
 48.005000 -43.790000   0.056080  0.000333  16812.361    99.830889   3.120081  13.895520   -2315.413 1
 49.781500 -44.411964   0.072837  0.000200  21835.983    59.958492   3.130471  13.941791    2404.706 1
 49.576378 -44.379555   0.074895  0.000093  22452.956    27.880699   3.131968  13.948459    2984.404 1
 49.892365 -38.246270   0.055572  0.000250  16660.066    74.948115   3.134956  13.961767   -2458.507 1
 53.125530 -38.854050   0.065659  0.000143  19684.073    42.870321   3.136555  13.968888     382.804 1
 53.790860 -39.333270   0.060055  0.000203  18004.036    60.857869   3.138134  13.975917   -1195.733 1
 49.239090 -44.312600   0.075982  0.000070  22778.831    20.985472   3.138613  13.978050    3290.591 1
 53.497600 -39.089000   0.059000  0.000333  17687.755    99.830889   3.142132  13.993723   -1492.906 1
 53.491505 -39.084152   0.059181  0.000070  17742.017    20.985472   3.142416  13.994988   -1441.922 1
 52.245678 -38.455917   0.063117  0.000110  18922.001    32.977170   3.143665  14.000551    -333.228 1
 54.371975 -40.004760   0.067917  0.000133  20361.004    39.872397   3.146710  14.014111    1018.838 1
 49.755486 -44.427094   0.076976  0.000110  23076.824    32.977170   3.149089  14.024706    3570.581 1
 53.388165 -38.995800   0.064942  0.000110  19469.122    32.977170   3.153944  14.046332     180.839 1
 53.439518 -39.029564   0.061476  0.000113  18430.041    33.876548   3.155087  14.051419    -795.465 1
 49.841584 -44.448503   0.077323  0.000203  23180.852    60.857869   3.158157  14.065092    3668.324 1
 54.240450 -39.787277   0.067110  0.000127  20119.072    38.073642   3.158524  14.066727     791.522 1
 54.134610 -39.651730   0.067600  0.000213  20265.970    63.855794   3.159802  14.072419     929.545 1
 49.324585 -44.356167   0.075439  0.000270  22616.043    80.943964   3.160242  14.074378    3137.638 1
 49.451332 -44.386190   0.075982  0.000097  22778.831    29.079868   3.162182  14.083020    3290.591 1
 54.663290 -40.573723   0.062000  0.000333  18587.132    99.830889   3.162575  14.084767    -647.865 1
 53.752342 -39.258472   0.060695  0.000284  18195.903    85.141058   3.164608  14.093824   -1015.458 1
 53.423210 -39.004790   0.061639  0.000120  18478.907    35.975095   3.164982  14.095490    -749.552 1
 53.400980 -38.971370   0.062226  0.000157  18654.885    47.067416   3.178548  14.155905    -584.205 1
 53.620800 -39.128840   0.072547  0.000120  21749.043    35.975095   3.179567  14.160443    2323.018 1
 54.249992 -39.755535   0.062867  0.000133  18847.052    39.872397   3.180449  14.164371    -403.648 1
 49.259865 -44.361954   0.073801  0.000183  22124.983    54.862020   3.180531  14.164737    2676.246 1
 53.475690 -39.019276   0.061182  0.000107  18341.902    32.077793   3.181148  14.167485    -878.280 1
 49.636322 -44.442380   0.073387  0.000133  22000.869    39.872397   3.182716  14.174468    2559.630 1
 50.168236 -38.170780   0.066293  0.000117  19874.141    35.075718   3.182887  14.175228     561.389 1
 50.672077 -38.154747   0.052396  0.000147  15707.926    44.069491   3.184956  14.184443   -3353.124 1
 48.032320 -38.787434   0.053437  0.000260  16020.010    77.946039   3.187180  14.194349   -3059.894 1
 53.220570 -38.845203   0.067477  0.000230  20229.096    68.952265   3.187519  14.195860     894.899 1
 53.919666 -43.308470   0.062750  0.000333  18811.977    99.830889   3.190737  14.210190    -436.605 1
 54.472420 -40.054363   0.064628  0.000100  19374.987    29.979246   3.194907  14.228760      92.391 1
 49.705315 -44.470478   0.075412  0.000073  22607.949    21.884849   3.199132  14.247577    3130.033 1
 53.513863 -39.010090   0.062310  0.000097  18680.068    29.079868   3.207493  14.284814    -560.544 1
