326.740833 -43.910000   0.062310  0.000233  18680.068    69.851643   0.000005   0.000022       2.822 0
326.746220 -43.898970   0.062607  0.000087  18769.106    26.081944   0.011691   0.051062      86.639 0
326.759000 -43.900111   0.062210  0.000170  18650.089    50.964718   0.016400   0.071628     -25.399 0
326.719400 -43.901430   0.064738  0.000107  19407.964    32.077793   0.017664   0.077149     688.030 0
326.770780 -43.900000   0.062236  0.000063  18657.883    18.886925   0.023775   0.103839     -18.061 0
326.717320 -43.887710   0.060078  0.000100  18010.931    29.979246   0.027999   0.122289    -627.072 0
326.695900 -43.920700   0.062867  0.000027  18847.052     8.094396   0.034098   0.148927     160.013 0
326.793980 -43.902306   0.064598  0.000080  19365.993    23.983397   0.039049   0.170549     648.520 0
326.685940 -43.909256   0.061770  0.000060  18518.180    17.987547   0.039559   0.172774    -149.572 0
326.685300 -43.902054   0.067580  0.000090  20259.974    26.981321   0.040794   0.178170    1490.073 1
326.683440 -43.913240   0.060595  0.000300  18165.924    89.937737   0.041479   0.181164    -481.169 0
326.681000 -43.916000   0.063191  0.000333  18944.185    99.830889   0.043526   0.190103     251.450 0
326.702940 -43.947300   0.065760  0.000190  19714.352    56.960567   0.046226   0.201893     976.449 0
326.809480 -43.916084   0.062170  0.000010  18638.097     2.997925   0.049823   0.217606     -36.687 0
326.688500 -43.948994   0.066509  0.000107  19938.897    32.077793   0.054244   0.236912    1187.825 0
326.743650 -43.966970   0.060699  0.000190  18197.102    56.960567   0.057006   0.248977    -451.819 0
326.795500 -43.951447   0.060528  0.000130  18145.838    38.973020   0.057171   0.249698    -500.077 0
326.821300 -43.907400   0.063150  0.000050  18931.894    14.989623   0.058024   0.253423     239.879 0
326.661250 -43.926746   0.063570  0.000050  19057.807    14.989623   0.059734   0.260893     358.408 0
326.686430 -43.956860   0.062030  0.000210  18596.126    62.956416   0.061093   0.266828     -76.197 0
326.826320 -43.915360   0.058514  0.000093  17542.056    27.880699   0.061815   0.269981   -1068.450 0
326.759550 -43.846590   0.060690  0.000100  18194.404    29.979246   0.064827   0.283135    -454.359 0
326.737880 -43.844890   0.065078  0.000324  19509.894    97.132756   0.065145   0.284524     783.981 0
326.666020 -43.948166   0.060675  0.000123  18189.907    36.874472   0.066046   0.288462    -458.592 0
326.744170 -43.976780   0.057513  0.000020  17241.964     5.995849   0.066823   0.291854   -1350.943 0
326.761930 -43.975230   0.061990  0.000090  18584.134    26.981321   0.066976   0.292522     -87.485 0
326.643600 -43.929844   0.062820  0.000050  18832.962    14.989623   0.072811   0.318006     146.750 0
326.829770 -43.875267   0.062717  0.000150  18802.084    44.968869   0.072877   0.318295     117.682 0
326.797760 -43.844380   0.061160  0.000100  18335.307    29.979246   0.077379   0.337958    -321.720 0
326.845460 -43.935307   0.059631  0.000067  17876.924    20.086095   0.079507   0.347249    -753.220 0
326.648130 -43.864030   0.062800  0.000210  18826.966    62.956416   0.081082   0.354130     141.105 0
326.844000 -43.877090   0.062760  0.000060  18814.975    17.987547   0.081280   0.354996     129.817 0
326.814900 -43.972836   0.061770  0.000080  18518.180    23.983397   0.082433   0.360029    -149.572 0
326.844060 -43.952490   0.062470  0.000260  18728.035    77.946039   0.085646   0.374063      47.976 0
326.684600 -43.833950   0.061590  0.000120  18464.217    35.975095   0.086170   0.376351    -200.370 0
326.813420 -43.985700   0.063720  0.000170  19102.775    50.964718   0.092003   0.401830     400.739 0
326.746730 -43.815610   0.065890  0.000110  19753.325    32.977170   0.094485   0.412670    1013.137 0
326.870450 -43.889890   0.061810  0.000080  18530.172    23.983397   0.095516   0.417171    -138.283 0
326.750550 -44.005860   0.062290  0.000130  18674.072    38.973020   0.096115   0.419787      -2.822 0
326.611940 -43.880264   0.064070  0.000040  19207.703    11.991698   0.097508   0.425873     499.513 0
326.843570 -43.846120   0.067580  0.000080  20259.974    23.983397   0.097766   0.426997    1490.073 1
326.875340 -43.926620   0.066230  0.000140  19855.254    41.970944   0.098313   0.429387    1109.088 0
326.650300 -43.834460   0.061330  0.000260  18386.271    77.946039   0.099805   0.435902    -273.744 0
326.856750 -43.855030   0.062900  0.000110  18856.946    32.977170   0.099974   0.436642     169.326 0
326.638030 -43.841960   0.058090  0.000070  17414.944    20.985472   0.100575   0.439269   -1188.107 0
326.601960 -43.897510   0.067960  0.000150  20373.895    44.968869   0.100830   0.440380    1597.313 1
326.595670 -43.903778   0.060110  0.000030  18020.525     8.993774   0.104770   0.457588    -618.041 0
326.639680 -43.986150   0.061890  0.000110  18554.155    32.977170   0.105405   0.460361    -115.706 0
326.600100 -43.940470   0.060080  0.000160  18011.531    47.966793   0.105873   0.462405    -626.508 0
326.692540 -43.809780   0.062453  0.000047  18722.938    14.090246   0.106089   0.463349      43.178 0
326.683700 -44.008408   0.063884  0.000097  19151.941    29.079868   0.106671   0.465892     447.022 0
326.758970 -43.802986   0.062800  0.000060  18826.966    17.987547   0.107808   0.470858     141.105 0
326.670800 -44.006756   0.061669  0.000077  18487.901    23.084019   0.109123   0.476601    -178.075 0
326.616730 -43.845410   0.060570  0.000130  18158.429    38.973020   0.110302   0.481749    -488.225 0
326.895630 -43.897495   0.062150  0.000060  18632.101    17.987547   0.112214   0.490102     -42.332 0
326.610200 -43.845720   0.064120  0.000020  19222.692     5.995849   0.113973   0.497785     513.624 0
326.581760 -43.911150   0.063190  0.000040  18943.885    11.991698   0.114612   0.500573     251.168 0
326.901900 -43.914780   0.063500  0.000130  19036.821    38.973020   0.116131   0.507208     338.653 0
326.827550 -44.015850   0.060420  0.000140  18113.460    41.970944   0.122909   0.536810    -530.556 0
326.867700 -43.823730   0.051130  0.000080  15328.388    23.983397   0.125679   0.548912   -3152.294 1
326.885070 -43.981580   0.059067  0.000057  17707.841    17.088170   0.126176   0.551083    -912.387 0
326.649100 -44.020310   0.063310  0.000140  18979.861    41.970944   0.128594   0.561643     285.033 0
326.583370 -43.847065   0.062340  0.000233  18689.062    69.851643   0.129734   0.566619      11.288 0
326.564970 -43.939020   0.065148  0.000110  19530.879    32.977170   0.129983   0.567708     803.736 0
326.657440 -44.025710   0.060920  0.000060  18263.357    17.987547   0.130380   0.569441    -389.451 0
326.559900 -43.923584   0.060920  0.000060  18263.357    17.987547   0.131060   0.572414    -389.451 0
326.903560 -43.847404   0.060912  0.000040  18260.958    11.991698   0.132894   0.580421    -391.708 0
326.653170 -43.792690   0.065120  0.000140  19522.485    41.970944   0.133232   0.581899     795.834 0
326.850040 -44.017773   0.061796  0.000050  18525.975    14.989623   0.133432   0.582772    -142.234 0
326.929000 -43.898640   0.062630  0.000147  18776.002    44.069491   0.136031   0.594124      93.130 0
326.860900 -43.803700   0.060920  0.000110  18263.357    32.977170   0.137044   0.598547    -389.451 0
326.845340 -44.026060   0.061640  0.000030  18479.207     8.993774   0.138339   0.604204    -186.259 0
326.554350 -43.949703   0.064490  0.000070  19333.616    20.985472   0.140097   0.611880     618.041 0
326.586400 -43.824368   0.063350  0.000040  18991.852    11.991698   0.140401   0.613208     296.321 0
326.935180 -43.894855   0.060612  0.000083  18171.020    24.882774   0.140825   0.615062    -476.372 0
326.817600 -44.048360   0.066290  0.000050  19873.242    14.989623   0.149002   0.650775    1126.021 0
326.932500 -43.853367   0.066879  0.000083  20049.820    24.882774   0.149241   0.651816    1292.243 0
326.949860 -43.929040   0.061502  0.000027  18437.836     8.094396   0.151783   0.662922    -225.204 0
326.544040 -43.846490   0.058900  0.000230  17657.776    68.952265   0.155355   0.678523    -959.516 0
326.959300 -43.886086   0.064601  0.000133  19366.893    39.872397   0.159192   0.695278     649.367 0
326.928417 -43.994750   0.062860  0.000070  18844.954    20.985472   0.159513   0.696681     158.038 0
326.959750 -43.882540   0.063037  0.000254  18898.017    76.147284   0.160082   0.699168     207.989 0
326.941680 -43.981360   0.058887  0.000097  17653.878    29.079868   0.161331   0.704624    -963.185 0
326.914730 -44.015570   0.061940  0.000070  18569.145    20.985472   0.163826   0.715520    -101.596 0
326.709960 -43.746980   0.059580  0.000170  17861.635    50.964718   0.164531   0.718598    -767.613 0
326.508240 -43.905620   0.063990  0.000110  19183.719    32.977170   0.167629   0.732130     476.936 0
326.557000 -44.012886   0.071230  0.000030  21354.217     8.993774   0.167711   0.732486    2520.142 1
326.974200 -43.907463   0.063464  0.000083  19026.029    24.882774   0.168139   0.734355     328.493 0
326.504800 -43.886757   0.059800  0.000050  17927.589    14.989623   0.171631   0.749610    -705.527 0
326.980650 -43.904840   0.062440  0.000200  18719.041    59.958492   0.172843   0.754903      39.510 0
326.634700 -43.753510   0.060845  0.000030  18240.872     8.993774   0.174173   0.760710    -410.617 0
326.696900 -44.084270   0.062350  0.000070  18692.060    20.985472   0.177122   0.773589      14.111 0
326.530980 -44.003460   0.065330  0.000040  19585.441    11.991698   0.177744   0.776308     855.099 0
326.988700 -43.929700   0.061860  0.000190  18545.161    56.960567   0.179649   0.784628    -124.173 0
326.711240 -43.731350   0.062070  0.000270  18608.118    80.943964   0.179918   0.785803     -64.908 0
326.943360 -44.019310   0.062483  0.000100  18731.932    29.979246   0.182307   0.796237      51.645 0
326.490050 -43.966385   0.060689  0.000050  18194.104    14.989623   0.189271   0.826650    -454.641 0
326.764600 -44.101040   0.060932  0.000147  18266.954    44.069491   0.191805   0.837721    -386.064 0
326.635400 -44.087040   0.061690  0.000050  18494.197    14.989623   0.192648   0.841403    -172.149 0
326.469640 -43.894660   0.064540  0.000070  19348.605    20.985472   0.195982   0.855962     632.152 0
326.499300 -43.814640   0.062190  0.000130  18644.093    38.973020   0.198429   0.866648     -31.043 0
326.936040 -44.051964   0.060670  0.000100  18188.408    29.979246   0.199825   0.872747    -460.003 0
326.506200 -43.796960   0.062480  0.000080  18731.033    23.983397   0.203355   0.888163      50.798 0
326.779833 -43.705222   0.061820  0.000070  18533.170    20.985472   0.206696   0.902756    -135.461 0
326.464800 -43.967880   0.064110  0.000150  19219.694    44.968869   0.207119   0.904605     510.801 0
326.986760 -43.801070   0.061986  0.000030  18582.935     8.993774   0.207977   0.908350     -88.614 0
326.458740 -43.862000   0.064778  0.000093  19419.956    27.880699   0.208825   0.912054     699.318 0
326.451350 -43.922770   0.060902  0.000180  18257.960    53.962642   0.208948   0.912592    -394.531 0
326.865420 -43.716850   0.064920  0.000040  19462.526    11.991698   0.212984   0.930220     739.392 0
327.006160 -44.012173   0.064310  0.000070  19279.653    20.985472   0.216738   0.946617     567.244 0
326.997300 -44.024350   0.056160  0.000030  16836.344     8.993774   0.217285   0.949004   -1732.774 1
327.046080 -43.946240   0.062697  0.000090  18796.088    26.981321   0.222870   0.973398     112.038 0
326.432460 -43.944640   0.065910  0.000050  19759.321    14.989623   0.224851   0.982047    1018.781 0
326.729800 -43.681824   0.064628  0.000100  19374.987    29.979246   0.228315   0.997177     656.987 0
326.503900 -43.758160   0.062840  0.000050  18838.958    14.989623   0.228459   0.997807     152.394 0
326.444430 -43.993400   0.064440  0.000030  19318.626     8.993774   0.229251   1.001267     603.931 0
326.442100 -43.993927   0.063827  0.000130  19134.853    38.973020   0.231006   1.008933     430.936 0
326.781700 -43.677900   0.059390  0.000070  17804.674    20.985472   0.233959   1.021830    -821.233 0
326.427640 -43.995980   0.063720  0.000020  19102.775     5.995849   0.241465   1.054612     400.739 0
326.955140 -44.101524   0.065489  0.000030  19633.108     8.993774   0.246002   1.074429     899.970 0
326.434100 -44.028410   0.063674  0.000043  19088.985    12.891076   0.250709   1.094987     387.758 0
326.463260 -44.061222   0.063060  0.000070  18904.912    20.985472   0.250717   1.095020     214.480 0
326.918700 -44.125590   0.062150  0.000160  18632.101    47.966793   0.250794   1.095358     -42.332 0
327.076600 -43.986310   0.060880  0.000150  18251.365    44.968869   0.253643   1.107800    -400.739 0
326.447780 -44.053272   0.062690  0.000137  18793.989    41.071567   0.255152   1.114390     110.062 0
326.918670 -44.134937   0.061410  0.000080  18410.255    23.983397   0.258863   1.130597    -251.168 0
327.095830 -43.951180   0.063960  0.000130  19174.726    38.973020   0.259040   1.131370     468.470 0
326.894230 -44.146698   0.060595  0.000103  18165.924    30.878623   0.261223   1.140908    -481.169 0
327.075070 -44.011980   0.063520  0.000130  19042.817    38.973020   0.261495   1.142092     344.297 0
327.097470 -43.959470   0.064088  0.000077  19213.099    23.084019   0.261646   1.142755     504.593 0
326.376100 -43.893670   0.063697  0.000100  19095.880    29.979246   0.263277   1.149875     394.248 0
326.671840 -44.168740   0.059500  0.000120  17837.651    35.975095   0.263472   1.150728    -790.190 0
326.494800 -44.105350   0.065368  0.000107  19596.833    32.077793   0.263782   1.152082     865.823 0
326.414980 -44.030758   0.061100  0.000030  18317.319     8.993774   0.263997   1.153022    -338.653 0
327.109000 -43.936974   0.067193  0.000153  20143.955    45.868246   0.266602   1.164398    1380.857 1
327.031830 -44.076916   0.062693  0.000297  18794.889    89.038360   0.267972   1.170383     110.909 0
326.436680 -44.065968   0.063731  0.000030  19106.073     8.993774   0.268965   1.174720     403.844 0
326.820830 -43.647080   0.061390  0.000180  18404.259    53.962642   0.269161   1.175577    -256.812 0
326.451020 -43.735170   0.062863  0.000087  18845.853    26.081944   0.272325   1.189395     158.885 0
326.391970 -44.019543   0.064278  0.000077  19270.060    23.084019   0.274171   1.197457     558.213 0
327.087650 -43.795680   0.060640  0.000050  18179.415    14.989623   0.274764   1.200047    -468.470 0
326.438420 -44.077797   0.061530  0.000050  18446.230    14.989623   0.274999   1.201072    -217.302 0
326.917360 -43.665363   0.060910  0.000020  18260.359     5.995849   0.275716   1.204207    -392.273 0
326.389620 -43.796710   0.063200  0.000100  18946.883    29.979246   0.277234   1.210834     253.990 0
326.350040 -43.864430   0.064320  0.000060  19282.651    17.987547   0.285208   1.245663     570.066 0
327.135560 -43.985500   0.061520  0.000120  18443.232    35.975095   0.294220   1.285023    -220.124 0
326.614170 -43.630257   0.062660  0.000070  18784.995    20.985472   0.294252   1.285160     101.596 0
327.145870 -43.871560   0.062660  0.000140  18784.995    41.970944   0.294317   1.285446     101.596 0
327.075560 -44.083683   0.061332  0.000073  18386.871    21.884849   0.297179   1.297947    -273.180 0
326.843780 -44.197860   0.063190  0.000030  18943.885     8.993774   0.297260   1.298298     251.168 0
327.112270 -44.050310   0.064530  0.000030  19345.607     8.993774   0.302144   1.319631     629.330 0
326.423030 -43.712040   0.068104  0.000447  20417.066    99.990000   0.302673   1.321940    1637.951 1
326.916780 -43.634697   0.054270  0.000010  16269.737     2.997925   0.303081   1.323722   -2266.152 1
326.319400 -43.904530   0.062530  0.000120  18746.022    35.975095   0.303667   1.326284      64.908 0
326.435400 -44.120796   0.066412  0.000043  19909.817    12.891076   0.304723   1.330895    1160.451 0
326.317660 -43.903100   0.062140  0.000180  18629.103    53.962642   0.304950   1.331885     -45.154 0
327.156560 -44.004330   0.064290  0.000140  19273.657    41.970944   0.314001   1.371418     561.599 0
327.066500 -43.691734   0.071190  0.000030  21342.225     8.993774   0.320444   1.399557    2508.853 1
326.415130 -43.689410   0.064410  0.000160  19309.632    47.966793   0.322058   1.406605     595.465 0
326.391630 -44.111460   0.063970  0.000060  19177.724    17.987547   0.322303   1.407677     471.292 0
327.020720 -44.161770   0.062120  0.000070  18623.107    20.985472   0.322559   1.408795     -50.798 0
326.312560 -44.008710   0.064690  0.000040  19393.574    11.991698   0.323951   1.414874     674.484 0
326.296500 -43.852360   0.063560  0.000060  19054.809    17.987547   0.325264   1.420608     355.586 0
326.610000 -44.221420   0.062623  0.000163  18773.903    48.866171   0.325373   1.421085      91.154 0
327.146600 -43.766820   0.061700  0.000040  18497.195    11.991698   0.325503   1.421655    -169.326 0
327.070600 -44.132860   0.063100  0.000080  18916.904    23.983397   0.325739   1.422682     225.769 0
327.185940 -43.969350   0.059630  0.000060  17876.624    17.987547   0.326110   1.424302    -753.503 0
327.086760 -44.121395   0.061836  0.000070  18537.966    20.985472   0.326794   1.427289    -130.946 0
327.187470 -43.976482   0.059271  0.000160  17768.999    47.966793   0.328562   1.435013    -854.816 0
327.099150 -44.114490   0.062643  0.000053  18779.899    15.889000   0.329319   1.438319      96.798 0
326.432220 -44.153900   0.067730  0.000053  20304.943    15.889000   0.330033   1.441439    1532.404 1
326.316860 -44.038580   0.071750  0.000040  21510.109    11.991698   0.331408   1.447443    2666.891 1
327.125167 -44.092639   0.060990  0.000060  18284.342    17.987547   0.331693   1.448686    -369.696 0
326.308870 -44.026900   0.071830  0.000140  21534.092    41.970944   0.332436   1.451933    2689.468 1
326.968350 -43.617275   0.061959  0.000083  18574.841    24.882774   0.335489   1.465267     -96.234 0
326.691620 -44.244570   0.058490  0.000030  17534.861     8.993774   0.336444   1.469438   -1075.223 0
327.113130 -43.702710   0.061260  0.000120  18365.286    35.975095   0.338977   1.480500    -293.499 0
326.831630 -44.243330   0.066300  0.000010  19876.240     2.997925   0.339687   1.483601    1128.843 0
326.358430 -43.710560   0.069450  0.000080  20820.586    23.983397   0.340112   1.485460    2017.807 1
327.090820 -44.147636   0.065152  0.000057  19532.078    17.088170   0.346473   1.513240     804.865 0
327.082860 -43.663710   0.066200  0.000060  19846.261    17.987547   0.348386   1.521593    1100.622 0
326.269320 -43.997520   0.064350  0.000010  19291.645     2.997925   0.350790   1.532097     578.532 0
327.052200 -44.181950   0.062510  0.000070  18740.027    20.985472   0.352524   1.539669      59.264 0
327.050020 -43.636040   0.066009  0.000043  19789.000    12.891076   0.353084   1.542114    1046.720 0
326.397100 -43.656110   0.063560  0.000100  19054.809    29.979246   0.354663   1.549012     355.586 0
326.265350 -43.817410   0.064800  0.000100  19426.551    29.979246   0.354850   1.549827     705.527 0
327.159000 -44.098350   0.064200  0.000090  19246.676    26.981321   0.355289   1.551745     536.200 0
327.236200 -43.890150   0.064030  0.000200  19195.711    59.958492   0.357424   1.561069     488.225 0
326.427580 -43.632133   0.069575  0.000033  20858.060     9.893151   0.357970   1.563453    2053.083 1
327.233120 -43.961850   0.071040  0.000020  21297.256     5.995849   0.358423   1.565435    2466.522 1
326.284330 -43.763640   0.062110  0.000100  18620.110    29.979246   0.359980   1.572233     -53.620 0
326.252720 -43.811120   0.057770  0.000320  17319.010    95.933587   0.365294   1.595441   -1278.415 0
327.095030 -43.646600   0.062620  0.000110  18773.004    32.977170   0.366730   1.601714      90.307 0
327.144700 -44.133690   0.060050  0.000170  18002.537    50.964718   0.367002   1.602904    -634.974 0
327.102630 -43.648420   0.062316  0.000090  18681.867    26.981321   0.369269   1.612803       4.515 0
327.201500 -44.073830   0.060950  0.000070  18272.350    20.985472   0.370108   1.616469    -380.984 0
327.022030 -44.222430   0.063150  0.000040  18931.894    11.991698   0.372358   1.626293     239.879 0
327.247900 -43.982677   0.059720  0.000060  17903.606    17.987547   0.372461   1.626743    -728.104 0
327.174040 -44.119500   0.061300  0.000190  18377.278    56.960567   0.375886   1.641705    -282.211 0
327.129330 -44.161880   0.062550  0.000170  18752.018    50.964718   0.376532   1.644524      70.553 0
327.047538 -43.604259   0.061450  0.000030  18422.247     8.993774   0.377225   1.647550    -239.879 0
327.217380 -44.070830   0.061606  0.000077  18469.014    23.084019   0.379118   1.655820    -195.854 0
327.081850 -44.202730   0.059850  0.000080  17942.579    23.983397   0.382160   1.669107    -691.416 0
326.978580 -43.567130   0.061700  0.000100  18497.195    29.979246   0.383269   1.673948    -169.326 0
326.358400 -44.179490   0.062090  0.000040  18614.114    11.991698   0.385405   1.683277     -59.264 0
327.065282 -43.603010   0.061770  0.000010  18518.180     2.997925   0.385845   1.685199    -149.572 0
326.211820 -43.974750   0.055720  0.000080  16704.436    23.983397   0.386583   1.688423   -1856.947 1
326.659550 -43.526660   0.071010  0.000090  21288.262    26.981321   0.387788   1.693685    2458.055 1
326.954380 -43.550938   0.061930  0.000070  18566.147    20.985472   0.390631   1.706102    -104.418 0
326.768920 -43.519230   0.071460  0.000130  21423.169    38.973020   0.391293   1.708996    2585.050 1
327.274300 -43.984184   0.060770  0.000050  18218.388    14.989623   0.391415   1.709527    -431.782 0
326.218480 -43.792870   0.064840  0.000110  19438.543    32.977170   0.394131   1.721388     716.815 0
327.253420 -44.051300   0.063030  0.000020  18895.919     5.995849   0.395388   1.726881     206.014 0
326.351700 -43.627590   0.070100  0.000020  21015.451     5.995849   0.397933   1.737994    2201.244 1
327.060670 -44.235390   0.060990  0.000020  18284.342     5.995849   0.398710   1.741389    -369.696 0
327.094953 -43.599298   0.063550  0.000040  19051.811    11.991698   0.402018   1.755838     352.763 0
327.185863 -44.155272   0.060860  0.000040  18245.369    11.991698   0.403668   1.763043    -406.383 0
326.749570 -44.317410   0.060880  0.000050  18251.365    14.989623   0.407459   1.779598    -400.739 0
326.772030 -44.317783   0.062870  0.000050  18847.952    14.989623   0.408402   1.783717     160.860 0
326.759120 -44.322360   0.079310  0.000040  23776.540    11.991698   0.412570   1.801924    4800.405 1
326.910300 -44.307610   0.060300  0.000050  18077.485    14.989623   0.415931   1.816600    -564.421 0
326.541800 -43.518040   0.065080  0.000540  19510.493    99.990000   0.417366   1.822871     784.546 0
326.182800 -43.795387   0.062340  0.000080  18689.062    23.983397   0.418047   1.825844      11.288 0
327.253080 -43.713090   0.050700  0.000020  15199.478     5.995849   0.418281   1.826866   -3273.644 1
326.275020 -44.165050   0.057800  0.000190  17328.004    56.960567   0.421511   1.840974   -1269.948 0
326.820830 -44.327710   0.048430  0.000090  14518.949    26.981321   0.421666   1.841652   -3914.263 1
326.502040 -44.295310   0.055580  0.000040  16662.465    11.991698   0.421973   1.842990   -1896.456 1
327.278720 -44.097240   0.062040  0.000060  18599.124    17.987547   0.430371   1.879668     -73.375 0
327.158720 -43.601030   0.061270  0.000070  18368.284    20.985472   0.431388   1.884111    -290.677 0
326.365840 -44.248990   0.063290  0.000060  18973.865    17.987547   0.433476   1.893230     279.389 0
326.909880 -44.329647   0.061560  0.000020  18455.224     5.995849   0.436960   1.908449    -208.836 0
326.214170 -43.687450   0.061540  0.000100  18449.228    29.979246   0.439880   1.921203    -214.480 0
326.265930 -44.186530   0.071790  0.000150  21522.101    44.968869   0.439918   1.921369    2678.180 1
326.129800 -43.975060   0.070380  0.000130  21099.393    38.973020   0.444993   1.943533    2280.263 1
326.401300 -43.537354   0.070870  0.000080  21246.291    23.983397   0.445759   1.946879    2418.546 1
327.010220 -43.504177   0.058480  0.000110  17531.863    32.977170   0.449839   1.964698   -1078.045 0
326.254270 -44.197250   0.062590  0.000150  18764.010    44.968869   0.453200   1.979378      81.841 0
327.374420 -43.931030   0.056550  0.000020  16953.263     5.995849   0.456934   1.995686   -1622.712 1
327.325780 -43.727600   0.061970  0.000040  18578.139    11.991698   0.459189   2.005535     -93.130 0
326.118840 -44.019000   0.064610  0.000070  19369.591    20.985472   0.461174   2.014203     651.907 0
326.431417 -44.315778   0.071360  0.000050  21393.190    14.989623   0.462977   2.022080    2556.829 1
326.098240 -43.864930   0.064140  0.000160  19228.688    47.966793   0.465137   2.031512     519.268 0
326.669300 -43.446190   0.071830  0.000060  21534.092    17.987547   0.466665   2.038185    2689.468 1
327.263100 -44.196120   0.060110  0.000160  18020.525    47.966793   0.472684   2.064474    -618.041 0
326.165000 -43.682900   0.069670  0.000060  20886.541    17.987547   0.472945   2.065614    2079.893 1
326.654167 -43.440528   0.062350  0.000090  18692.060    26.981321   0.473606   2.068502      14.111 0
326.642600 -43.439460   0.071970  0.000060  21576.063    17.987547   0.475833   2.078227    2728.978 1
326.355220 -43.520073   0.070240  0.000050  21057.422    14.989623   0.478772   2.091064    2240.753 1
327.224150 -44.239258   0.061230  0.000110  18356.292    32.977170   0.479216   2.093002    -301.965 0
326.458250 -44.345750   0.063550  0.000160  19051.811    47.966793   0.480963   2.100633     352.763 0
327.339870 -44.128530   0.062750  0.000010  18811.977     2.997925   0.483734   2.112736     126.995 0
326.399720 -44.334700   0.056330  0.000130  16887.309    38.973020   0.490678   2.143063   -1684.798 1
326.380460 -44.344250   0.070405  0.000100  21106.888    29.979246   0.505945   2.209742    2287.318 1
327.328542 -44.189028   0.062830  0.000060  18835.960    17.987547   0.507073   2.214668     149.572 0
326.103150 -44.125530   0.071590  0.000040  21462.142    11.991698   0.507456   2.216343    2621.738 1
327.298860 -44.226383   0.066470  0.000030  19927.205     8.993774   0.511580   2.234353    1176.819 0
326.800650 -43.398976   0.061660  0.000050  18485.203    14.989623   0.512837   2.239846    -180.615 0
326.798770 -44.421627   0.059220  0.000020  17753.709     5.995849   0.513326   2.241982    -869.209 0
327.194000 -44.306280   0.063050  0.000050  18901.914    14.989623   0.513440   2.242478     211.658 0
326.120880 -44.165350   0.065420  0.000530  19612.423    99.990000   0.514479   2.247018     880.497 0
327.392042 -43.692806   0.056520  0.000050  16944.270    14.989623   0.516982   2.257950   -1631.178 1
327.341575 -44.194611   0.048470  0.000120  14530.940    35.975095   0.517985   2.262329   -3902.974 1
327.432680 -44.053790   0.052120  0.000070  15625.183    20.985472   0.518749   2.265665   -2872.905 1
326.045000 -43.768830   0.069180  0.000060  20739.642    17.987547   0.520802   2.274632    1941.610 1
326.781560 -44.430410   0.045180  0.001120  13544.623    99.990000   0.521236   2.276529   -4831.448 1
327.444400 -43.741650   0.061582  0.000170  18461.819    50.964718   0.534092   2.332679    -202.627 0
326.419680 -44.394120   0.065710  0.000230  19699.362    68.952265   0.536569   2.343493     962.339 0
327.103820 -44.379230   0.061090  0.000030  18314.321     8.993774   0.537178   2.346154    -341.475 0
327.445800 -43.729970   0.067336  0.000100  20186.825    29.979246   0.538839   2.353409    1421.213 1
326.255920 -43.486570   0.055420  0.000050  16614.498    14.989623   0.548944   2.397542   -1941.610 1
327.207000 -44.346760   0.061620  0.000020  18473.211     5.995849   0.550949   2.406301    -191.903 0
326.969970 -44.437450   0.063460  0.000070  19024.829    20.985472   0.552677   2.413850     327.364 0
326.898530 -43.362130   0.072680  0.000040  21788.916    11.991698   0.559524   2.443754    2929.347 1
327.213440 -44.360070   0.063144  0.000217  18930.095    65.054963   0.564346   2.464813     238.186 0
327.091030 -43.401260   0.070520  0.000130  21141.364    38.973020   0.567860   2.480162    2319.772 1
327.231870 -44.362820   0.050600  0.000130  15169.498    38.973020   0.574619   2.509681   -3301.866 1
326.878982 -43.343598   0.072620  0.000020  21770.928     5.995849   0.575079   2.511690    2912.415 1
327.526000 -43.802143   0.063067  0.000137  18907.011    41.071567   0.575844   2.515031     216.456 0
327.531900 -43.755720   0.064294  0.000133  19274.856    39.872397   0.590417   2.578680     562.728 0
327.547520 -43.786293   0.051292  0.000170  15376.955    50.964718   0.594177   2.595102   -3106.576 1
327.198623 -44.406328   0.066590  0.000030  19963.180     8.993774   0.595911   2.602675    1210.684 0
327.173130 -43.393800   0.073840  0.000030  22136.675     8.993774   0.602871   2.633075    3256.712 1
327.534060 -43.714260   0.063607  0.000123  19068.899    36.874472   0.604053   2.638236     368.849 0
326.044370 -44.246502   0.065110  0.000060  19519.487    17.987547   0.604148   2.638650     793.012 0
326.718320 -44.517857   0.072944  0.000187  21868.061    56.061190   0.608073   2.655795    3003.851 1
327.020660 -43.334220   0.073270  0.000020  21965.793     5.995849   0.610050   2.664429    3095.852 1
327.160770 -43.379852   0.073890  0.000020  22151.665     5.995849   0.610394   2.665932    3270.822 1
326.724580 -44.525460   0.072117  0.000130  21620.133    38.973020   0.615571   2.688543    2770.463 1
327.224370 -44.422318   0.063200  0.000060  18946.883    17.987547   0.619530   2.705831     253.990 0
327.326570 -44.377262   0.062543  0.000173  18749.920    51.864095   0.629602   2.749823      68.577 0
327.253660 -44.434265   0.061680  0.000030  18491.199     8.993774   0.641364   2.801194    -174.971 0
326.215240 -43.382060   0.070090  0.000050  21012.453    14.989623   0.649694   2.837576    2198.422 1
326.507750 -43.279480   0.070305  0.000107  21076.909    32.077793   0.652498   2.849824    2259.097 1
327.310300 -44.425020   0.075050  0.000040  22499.424    11.991698   0.658449   2.875815    3598.187 1
327.037320 -43.276207   0.073000  0.000150  21884.849    44.968869   0.668817   2.921094    3019.655 1
327.283080 -44.455880   0.061509  0.000173  18439.934    51.864095   0.671259   2.931764    -223.229 0
327.030270 -43.248173   0.071022  0.000133  21291.860    39.872397   0.693897   3.030635    2461.442 1
327.481140 -43.451560   0.064528  0.000197  19345.008    59.059114   0.703287   3.071646     628.766 0
326.823820 -43.165230   0.071820  0.000133  21531.094    39.872397   0.747165   3.263287    2686.646 1
325.865840 -44.342280   0.056392  0.000160  16905.896    47.966793   0.764356   3.338369   -1667.301 1
325.801166 -44.295293   0.066282  0.000354  19870.844    99.990000   0.778934   3.402039    1123.763 0
326.023400 -43.324230   0.055041  0.000077  16500.877    23.084019   0.781202   3.411943   -2048.568 1
325.764740 -44.287674   0.065689  0.000090  19693.067    26.981321   0.798213   3.486242     956.412 0
325.793550 -44.334187   0.064992  0.000213  19484.111    63.855794   0.803543   3.509519     759.711 0
326.054470 -43.274883   0.056102  0.000327  16818.956    98.032134   0.804913   3.515505   -1749.142 1
326.030730 -43.274880   0.054788  0.000177  16425.029    53.063265   0.815534   3.561892   -2119.967 1
325.732730 -44.295967   0.066072  0.000097  19807.887    29.079868   0.822461   3.592146    1064.499 0
326.081820 -43.236416   0.055362  0.000120  16597.110    35.975095   0.824093   3.599273   -1957.978 1
325.615780 -44.064774   0.067837  0.000117  20337.021    35.075718   0.825172   3.603986    1562.601 1
326.007420 -43.263380   0.055475  0.000264  16630.987    79.145209   0.835045   3.647107   -1926.088 1
325.587600 -44.013363   0.067710  0.000150  20298.947    44.968869   0.837234   3.656666    1526.760 1
327.691960 -44.418440   0.061039  0.000150  18299.032    44.968869   0.853248   3.726607    -355.868 0
325.606700 -43.654976   0.054931  0.000123  16467.900    36.874472   0.855943   3.738379   -2079.611 1
326.060200 -44.617603   0.056402  0.000160  16908.894    47.966793   0.860900   3.760029   -1664.479 1
326.235660 -44.691420   0.072047  0.000200  21599.147    59.958492   0.862018   3.764911    2750.708 1
325.585880 -43.645096   0.069855  0.000497  20942.002    99.990000   0.873219   3.813833    2132.102 1
327.853200 -44.310024   0.051012  0.000067  15293.013    20.086095   0.895670   3.911891   -3185.595 1
327.979400 -44.072838   0.048967  0.000130  14679.937    38.973020   0.907033   3.961516   -3762.716 1
327.808870 -44.421390   0.064170  0.000150  19237.682    44.968869   0.923883   4.035110     527.734 0
326.207980 -44.757030   0.071513  0.000227  21439.058    68.052888   0.929962   4.061663    2600.007 1
327.443300 -44.724327   0.073928  0.000300  22163.057    89.937737   0.958769   4.187479    3281.546 1
328.064580 -44.055300   0.050992  0.000150  15287.017    44.968869   0.964668   4.213240   -3191.239 1
325.474194 -44.241590   0.055000  0.000333  16488.585    99.830889   0.970908   4.240496   -2060.138 1
325.728360 -44.552475   0.062640  0.000217  18779.000    65.054963   0.972023   4.245366      95.952 0
328.116900 -44.040394   0.050672  0.000150  15191.083    44.968869   0.999894   4.367092   -3281.546 1
326.042100 -44.779130   0.056566  0.000213  16958.060    63.855794   1.004386   4.386714   -1618.196 1
325.898900 -43.097176   0.062140  0.000150  18629.103    44.968869   1.014197   4.429565     -45.154 0
326.641300 -42.836704   0.070816  0.000150  21230.103    44.968869   1.075689   4.698133    2403.307 1
326.773830 -44.985490   0.061409  0.000130  18409.955    38.973020   1.075753   4.698410    -251.450 0
327.887600 -44.603400   0.062877  0.000173  18850.050    51.864095   1.078585   4.710779     162.836 0
325.356400 -44.321266   0.070979  0.000133  21278.969    39.872397   1.078856   4.711966    2449.307 1
327.730300 -44.765938   0.072183  0.000217  21639.919    65.054963   1.113897   4.865007    2789.089 1
326.663200 -45.065940   0.062503  0.000150  18737.928    44.968869   1.157292   5.054540      57.289 0
325.879270 -44.891640   0.063651  0.000160  19082.090    47.966793   1.161416   5.072549     381.267 0
325.095600 -43.800304   0.066192  0.000150  19843.862    44.968869   1.190346   5.198902    1098.364 1
325.292181 -44.489461   0.055000  0.000333  16488.585    99.830889   1.193732   5.213692   -2060.138 1
327.985660 -44.704800   0.051602  0.000173  15469.890    51.864095   1.198319   5.233724   -3019.090 1
325.082060 -44.104454   0.071239  0.000294  21356.915    88.138983   1.210752   5.288029    2522.682 1
325.276920 -44.516975   0.056322  0.000150  16884.911    44.968869   1.216844   5.314635   -1687.056 1
325.036700 -44.001835   0.055108  0.000150  16520.963    44.968869   1.231144   5.377089   -2029.660 1
326.988250 -45.130013   0.060695  0.000150  18195.903    44.968869   1.232965   5.385043    -452.948 0
327.750583 -42.902806   0.070092  0.000150  21013.053    44.968869   1.242426   5.426365    2198.986 1
328.353520 -44.350500   0.062270  0.000210  18668.076    62.956416   1.242527   5.426807      -8.466 0
325.058870 -44.207710   0.071293  0.000150  21373.104    44.968869   1.247778   5.449740    2537.921 1
328.402800 -44.283146   0.071610  0.000210  21468.138    62.956416   1.254124   5.477458    2627.382 1
326.445500 -42.671062   0.055919  0.000150  16764.094    44.968869   1.257076   5.490349   -1800.787 1
328.472723 -44.067153   0.070020  0.000910  20991.468    99.990000   1.257559   5.492459    2178.667 1
325.246280 -44.588710   0.064998  0.000187  19485.910    56.061190   1.272787   5.558968     761.405 1
327.679600 -45.000492   0.048127  0.000150  14428.112    44.968869   1.283187   5.604392   -3999.773 1
326.317930 -45.166496   0.062773  0.000147  18818.872    44.069491   1.292908   5.646847     133.486 0
328.328430 -44.514450   0.061320  0.000090  18383.274    26.981321   1.293645   5.650069    -276.567 0
325.176670 -44.577140   0.066703  0.000203  19997.056    60.857869   1.309551   5.719537    1242.574 1
325.136415 -44.534149   0.053000  0.000333  15889.000    99.830889   1.313625   5.737333   -2624.560 1
326.785770 -45.230286   0.047800  0.000183  14330.079    54.862020   1.320683   5.768156   -4092.056 1
327.595000 -45.081220   0.060675  0.000173  18189.907    51.864095   1.323037   5.778440    -458.592 1
325.134250 -44.557133   0.064892  0.000150  19454.132    44.968869   1.326061   5.791648     731.490 1
325.186920 -44.625797   0.065439  0.000150  19618.119    44.968869   1.328768   5.803470     885.859 1
328.009520 -42.938020   0.069558  0.000150  20852.964    44.968869   1.334216   5.827264    2048.285 1
328.437770 -44.452713   0.071710  0.000070  21498.117    20.985472   1.337569   5.841909    2655.603 1
326.110140 -45.171850   0.064441  0.000150  19318.926    44.968869   1.341165   5.857612     604.213 1
326.062740 -45.175926   0.071443  0.000150  21418.073    44.968869   1.356917   5.926412    2580.253 1
327.386570 -45.190410   0.059901  0.000150  17957.868    44.968869   1.362301   5.949926    -677.024 1
328.463870 -44.478188   0.071490  0.000210  21432.163    62.956416   1.365181   5.962506    2593.517 1
325.602900 -42.815580   0.063110  0.000133  18919.902    39.872397   1.367420   5.972284     228.591 0
328.672180 -44.000942   0.062290  0.000050  18674.072    14.989623   1.394364   6.089965      -2.822 0
324.805570 -44.076912   0.055298  0.000213  16577.923    63.855794   1.404182   6.132845   -1976.040 1
325.099030 -44.690586   0.066052  0.000150  19801.891    44.968869   1.417163   6.189542    1058.855 1
327.972440 -42.790176   0.071590  0.000150  21462.142    44.968869   1.428732   6.240067    2621.738 1
327.616550 -42.627907   0.070866  0.000150  21245.092    44.968869   1.428909   6.240842    2417.417 1
328.708500 -44.103160   0.075190  0.000050  22541.395    14.989623   1.430661   6.248493    3637.696 1
328.220670 -42.955030   0.068990  0.000150  20682.682    44.968869   1.431282   6.251203    1887.990 1
327.107670 -42.499400   0.057857  0.000130  17345.092    38.973020   1.435142   6.268066   -1253.862 1
328.671330 -44.349690   0.074900  0.000210  22454.455    62.956416   1.458631   6.370654    3555.855 1
328.677640 -44.359238   0.075150  0.000210  22529.403    62.956416   1.465864   6.402244    3626.408 1
328.708340 -44.294450   0.062010  0.000080  18590.130    23.983397   1.468658   6.414445     -81.841 0
328.717900 -44.279420   0.061980  0.000090  18581.137    26.981321   1.471461   6.426688     -90.307 0
327.961150 -42.683098   0.063587  0.000150  19062.903    44.968869   1.509367   6.592247     363.205 0
326.214840 -42.442800   0.071786  0.000127  21520.901    38.073642   1.515347   6.618363    2677.051 1
326.168030 -42.431023   0.070966  0.000130  21275.072    38.973020   1.535470   6.706253    2445.638 1
328.813140 -44.277905   0.062270  0.000070  18668.076    20.985472   1.537610   6.715600      -8.466 0
327.897340 -42.613834   0.059931  0.000150  17966.862    44.968869   1.540854   6.729767    -668.557 1
326.191200 -42.419200   0.070149  0.000173  21030.141    51.864095   1.542492   6.736922    2215.072 1
325.339600 -45.088710   0.065712  0.000233  19699.962    69.851643   1.551914   6.778074     962.903 1
328.881500 -44.088306   0.062670  0.000210  18787.993    62.956416   1.552469   6.780498     104.418 0
326.143460 -42.416256   0.072540  0.000130  21746.945    38.973020   1.554506   6.789394    2889.838 1
328.877720 -44.135284   0.055650  0.000330  16683.450    98.931511   1.555869   6.795346   -1876.701 1
326.105000 -42.418240   0.071856  0.000117  21541.887    35.075718   1.560507   6.815605    2696.806 1
326.185800 -42.399605   0.072100  0.000160  21615.036    47.966793   1.562430   6.824001    2765.665 1
326.562500 -42.352787   0.071940  0.000220  21567.069    65.954341   1.562504   6.824326    2720.511 1
324.997920 -42.978954   0.064158  0.000150  19234.085    44.968869   1.563173   6.827245     524.348 1
327.840850 -42.559555   0.061000  0.001000  18287.340    99.990000   1.565799   6.838716    -366.874 1
328.809800 -44.405697   0.062220  0.000050  18653.087    14.989623   1.570805   6.860579     -22.577 0
324.598480 -44.437510   0.071259  0.000150  21362.911    44.968869   1.631077   7.123823    2528.326 1
326.119630 -42.334120   0.073004  0.000140  21886.049    41.970944   1.638197   7.154917    3020.784 1
327.054440 -45.546734   0.059501  0.000150  17837.951    44.968869   1.652253   7.216310    -789.908 1
328.781800 -44.704693   0.069148  0.000304  20730.049    91.136907   1.671383   7.299861    1932.579 1
326.841460 -45.588566   0.059761  0.000150  17915.897    44.968869   1.680131   7.338065    -716.533 1
324.819060 -44.863056   0.066259  0.000150  19863.948    44.968869   1.680827   7.341106    1117.272 1
325.810150 -45.462530   0.057126  0.000157  17125.944    47.067416   1.691129   7.386099   -1460.158 1
325.816600 -45.471750   0.056696  0.000333  16997.033    99.830889   1.697769   7.415102   -1581.509 1
325.803220 -45.468777   0.058227  0.000150  17456.015    44.968869   1.698844   7.419799   -1149.444 1
325.825070 -45.475940   0.057323  0.000083  17185.003    24.882774   1.699246   7.421552   -1404.563 1
326.864400 -45.607853   0.059044  0.000150  17700.946    44.968869   1.700185   7.425654    -918.878 1
326.423650 -45.599957   0.057023  0.000150  17095.065    44.968869   1.705337   7.448154   -1489.226 1
328.473020 -45.082924   0.061893  0.000150  18555.055    44.968869   1.712612   7.479932    -114.860 1
328.884430 -44.654160   0.048400  0.000130  14509.955    38.973020   1.714251   7.487089   -3922.729 1
328.541960 -42.766850   0.061583  0.000150  18462.119    44.968869   1.729309   7.552853    -202.345 1
324.473200 -44.504820   0.065432  0.000163  19616.020    48.866171   1.738594   7.593406     883.884 1
327.112060 -45.630535   0.045778  0.000170  13723.899    50.964718   1.741196   7.604772   -4662.686 1
325.284030 -42.496600   0.076673  0.000117  22985.987    35.075718   1.760458   7.688900    4056.215 1
329.095580 -43.407288   0.050428  0.000150  15117.934    44.968869   1.769344   7.727711   -3350.406 1
327.861300 -42.327280   0.064388  0.000130  19303.037    38.973020   1.776681   7.759755     589.256 1
325.844200 -45.571495   0.046479  0.000183  13934.054    54.862020   1.782649   7.785821   -4464.856 1
326.073200 -42.188200   0.071756  0.000133  21511.908    39.872397   1.787721   7.807970    2668.585 1
329.053440 -44.600296   0.056039  0.000173  16800.070    51.864095   1.803410   7.876494   -1766.921 1
326.962000 -45.712000   0.058978  0.000333  17681.160    99.830889   1.809030   7.901042    -937.504 1
325.397500 -42.378593   0.063774  0.000170  19118.964    50.964718   1.811577   7.912164     415.979 1
325.912960 -45.633600   0.048060  0.000150  14408.026    44.968869   1.823876   7.965883   -4018.681 1
327.902370 -45.537758   0.069848  0.000130  20939.904    38.973020   1.830255   7.993741    2130.127 1
327.427670 -45.673060   0.057056  0.000150  17104.958    44.968869   1.831180   7.997783   -1479.913 1
326.735840 -45.761930   0.062710  0.000103  18799.985    30.878623   1.851934   8.088424     115.706 1
324.355960 -44.609722   0.065592  0.000173  19663.987    51.864095   1.855159   8.102510     929.038 1
327.865700 -42.241043   0.062533  0.000147  18746.922    44.069491   1.855300   8.103128      65.755 1
328.019840 -42.297684   0.063054  0.000133  18903.114    39.872397   1.857040   8.110726     212.787 1
327.012500 -42.062042   0.070736  0.000117  21206.119    35.075718   1.858293   8.116199    2380.730 1
327.993650 -42.279490   0.065082  0.000097  19511.093    29.079868   1.863647   8.139585     785.110 1
325.149600 -42.438675   0.072407  0.000147  21707.073    44.069491   1.865202   8.146374    2852.304 1
324.466800 -44.813065   0.067193  0.000217  20143.955    65.054963   1.870698   8.170378    1380.857 1
326.897830 -42.042720   0.070749  0.000103  21210.017    30.878623   1.870702   8.170397    2384.398 1
325.199740 -42.403460   0.072700  0.000120  21794.912    35.975095   1.871451   8.173668    2934.992 1
327.222750 -45.749172   0.061950  0.000183  18572.143    54.862020   1.871654   8.174555     -98.774 1
327.336200 -42.086510   0.059161  0.000103  17736.022    30.878623   1.873255   8.181547    -885.859 1
328.050050 -42.288660   0.062887  0.000117  18853.048    35.075718   1.875729   8.192352     165.658 1
327.575130 -42.128353   0.069962  0.000110  20974.080    32.977170   1.880299   8.212312    2162.299 1
325.273380 -42.352470   0.072610  0.000110  21767.930    32.977170   1.882439   8.221659    2909.593 1
324.638200 -45.053333   0.066410  0.000150  19909.217    44.968869   1.897853   8.288979    1159.886 1
327.504850 -42.091650   0.058510  0.000130  17540.857    38.973020   1.899830   8.297615   -1069.579 1
328.376860 -42.407295   0.069708  0.000200  20897.933    59.958492   1.909793   8.341130    2090.617 1
325.327030 -42.291153   0.063817  0.000153  19131.855    45.868246   1.912619   8.353473     428.114 1
327.550050 -42.075250   0.056312  0.000120  16881.913    35.975095   1.925142   8.408167   -1689.878 1
327.755070 -42.120796   0.062984  0.000170  18882.128    50.964718   1.932653   8.440970     193.032 1
328.225900 -42.298992   0.064004  0.000130  19187.916    38.973020   1.933906   8.446446     480.887 1
327.055020 -45.831110   0.058480  0.000150  17531.863    44.968869   1.934398   8.448593   -1078.045 1
329.409880 -44.186100   0.049064  0.000150  14709.017    44.968869   1.942578   8.484319   -3735.341 1
327.060420 -45.839300   0.060168  0.000150  18037.913    44.968869   1.942989   8.486115    -601.673 1
325.261300 -42.284910   0.072967  0.000190  21874.956    56.960567   1.943469   8.488210    3010.342 1
324.299680 -44.759094   0.071806  0.000120  21526.897    35.975095   1.952930   8.529530    2682.695 1
328.366360 -42.335064   0.079151  0.000157  23728.873    47.067416   1.962610   8.571808    4755.533 1
324.294040 -44.774930   0.071506  0.000117  21436.960    35.075718   1.963514   8.575756    2598.032 1
328.224300 -42.239197   0.055969  0.000127  16779.084    38.073642   1.983372   8.662490   -1786.676 1
324.886380 -42.443220   0.054154  0.000150  16234.961    44.968869   1.984027   8.665350   -2298.889 1
328.708620 -45.309147   0.061583  0.000150  18462.119    44.968869   1.991818   8.699377    -202.345 1
325.939850 -41.994164   0.071563  0.000133  21454.048    39.872397   2.000855   8.738849    2614.118 1
328.475667 -42.340639   0.069805  0.000170  20927.013    50.964718   2.006227   8.762311    2117.992 1
328.284120 -42.238068   0.063954  0.000163  19172.927    48.866171   2.007863   8.769453     466.777 1
328.017800 -45.710075   0.060285  0.000150  18072.988    44.968869   2.021533   8.829161    -568.655 1
328.343400 -42.243706   0.056135  0.000147  16828.850    44.069491   2.027185   8.853847   -1739.829 1
328.038820 -45.729195   0.062997  0.000150  18886.025    44.968869   2.045456   8.933644     196.701 1
327.880580 -42.025450   0.063324  0.000140  18984.058    41.970944   2.055660   8.978212     288.984 1
325.005900 -42.262060   0.064505  0.000227  19338.113    68.052888   2.068324   9.033521     622.275 1
327.092830 -45.965900   0.055525  0.000093  16645.976    27.880699   2.071480   9.047306   -1911.978 1
327.178600 -45.962986   0.061936  0.000133  18567.946    39.872397   2.077068   9.071714    -102.725 1
325.158200 -42.171825   0.071776  0.000220  21517.903    65.954341   2.078766   9.079126    2674.229 1
325.928500 -41.913483   0.072403  0.000133  21705.873    39.872397   2.080524   9.086805    2851.175 1
326.090200 -41.875546   0.072870  0.000170  21845.876    50.964718   2.087755   9.118388    2982.967 1
324.131328 -44.818095   0.047000  0.000100  14090.246    29.979246   2.087804   9.118604   -4317.824 1
326.995000 -45.992000   0.058087  0.000150  17414.045    44.968869   2.090036   9.128351   -1188.954 1
328.763670 -45.411682   0.053714  0.000150  16103.052    44.968869   2.092557   9.139360   -2423.061 1
327.963750 -41.997597   0.063274  0.000170  18969.068    50.964718   2.105584   9.196257     274.873 1
328.592700 -45.540245   0.061142  0.000173  18329.910    51.864095   2.106565   9.200542    -326.800 1
325.080200 -42.175816   0.064658  0.000150  19383.981    44.968869   2.106824   9.201673     665.453 1
325.575160 -41.967470   0.065732  0.000203  19705.958    60.857869   2.116287   9.243004     968.547 1
328.116000 -45.792340   0.060742  0.000150  18209.993    44.968869   2.127135   9.290383    -439.684 1
327.837800 -41.920708   0.062613  0.000147  18770.905    44.069491   2.140521   9.348846      88.332 1
326.367430 -41.782616   0.071136  0.000147  21326.036    44.069491   2.144326   9.365463    2493.614 1
327.109250 -46.062300   0.063627  0.000183  19074.895    54.862020   2.168603   9.471497     374.494 1
325.878050 -41.832306   0.071623  0.000140  21472.035    41.970944   2.168680   9.471833    2631.051 1
327.040070 -46.070970   0.063527  0.000133  19044.915    39.872397   2.171696   9.485005     346.273 1
327.194400 -46.057076   0.065048  0.000150  19500.900    44.968869   2.171798   9.485450     775.515 1
325.917420 -41.814785   0.071363  0.000150  21394.089    44.968869   2.177575   9.510681    2557.676 1
325.007100 -42.119140   0.065010  0.000103  19489.508    30.878623   2.183409   9.536164     764.791 1
329.031460 -45.339962   0.061209  0.000130  18349.997    38.973020   2.183588   9.536943    -307.892 1
328.784730 -45.524010   0.069381  0.000173  20799.901    51.864095   2.184771   9.542112    1998.334 1
325.170000 -42.040726   0.064308  0.000150  19279.053    44.968869   2.185151   9.543771     566.679 1
327.221100 -46.067963   0.063250  0.000133  18961.873    39.872397   2.185524   9.545400     268.100 1
327.034300 -46.088690   0.061389  0.000360  18403.959    99.990000   2.188924   9.560249    -257.094 1
328.200930 -41.969803   0.064058  0.000190  19204.105    56.960567   2.206999   9.639191     496.126 1
327.043270 -46.110130   0.060298  0.000150  18076.886    44.968869   2.210892   9.656196    -564.986 1
328.144930 -41.938847   0.065288  0.000333  19572.850    99.830889   2.215553   9.676553     843.246 1
328.133120 -41.927920   0.063517  0.000153  19041.918    45.868246   2.221425   9.702201     343.450 1
328.125000 -41.916280   0.062897  0.000150  18856.046    44.968869   2.229195   9.736133     168.480 1
325.497800 -45.964720   0.059800  0.000150  17927.589    44.968869   2.241392   9.789405    -705.527 1
328.221860 -41.937270   0.063260  0.000333  18964.871    99.830889   2.242787   9.795497     270.922 1
328.215640 -41.934185   0.063317  0.000333  18981.959    99.830889   2.243375   9.798066     287.008 1
328.234380 -41.938023   0.063784  0.000130  19121.962    38.973020   2.246431   9.811412     418.801 1
328.372300 -41.986477   0.056055  0.000153  16804.866    45.868246   2.254195   9.845324   -1762.406 1
325.831820 -41.751617   0.071066  0.000207  21305.051    62.057039   2.255547   9.851229    2473.859 1
325.473100 -41.843002   0.066339  0.000110  19887.932    32.977170   2.259786   9.869741    1139.849 1
323.916440 -44.904873   0.071259  0.000150  21362.911    44.968869   2.264975   9.892407    2528.326 1
328.393650 -41.977367   0.054801  0.000130  16428.926    38.973020   2.270004   9.914370   -2116.298 1
325.067200 -41.985630   0.066853  0.000153  20042.025    45.868246   2.270905   9.918307    1284.905 1
328.439100 -41.995200   0.055692  0.000117  16696.042    35.075718   2.272302   9.924407   -1864.849 1
328.427300 -41.983470   0.057093  0.000270  17116.051    80.943964   2.277649   9.947762   -1469.471 1
325.491420 -46.010750   0.058897  0.000150  17656.876    44.968869   2.285468   9.981913    -960.363 1
328.537400 -42.023132   0.056566  0.000150  16958.060    44.968869   2.288116   9.993474   -1618.196 1
328.382870 -41.941980   0.055682  0.000110  16693.044    32.977170   2.296196  10.028765   -1867.671 1
325.044770 -41.960564   0.064134  0.000150  19226.890    44.968869   2.300726  10.048551     517.574 1
329.264430 -42.454910   0.056826  0.000147  17036.006    44.069491   2.328662  10.170562   -1544.822 1
325.893860 -41.660720   0.070619  0.000130  21171.044    38.973020   2.330578  10.178930    2347.711 1
324.024700 -45.177166   0.071449  0.000167  21419.871    50.065340   2.331251  10.181872    2581.946 1
329.546750 -45.103718   0.049017  0.000150  14694.927    44.968869   2.347610  10.253318   -3748.605 1
328.475250 -41.921940   0.055458  0.000140  16625.890    41.970944   2.348124  10.255564   -1930.886 1
324.675570 -42.092472   0.064388  0.000113  19303.037    33.876548   2.348873  10.258834     589.256 1
329.181700 -42.348698   0.055912  0.000147  16761.996    44.069491   2.351569  10.270611   -1802.762 1
326.398800 -46.273510   0.058591  0.000150  17565.140    44.968869   2.376321  10.378715   -1046.720 1
329.304050 -42.397022   0.057200  0.000097  17148.129    29.079868   2.387275  10.426560   -1439.275 1
323.634400 -44.759983   0.066239  0.000150  19857.953    44.968869   2.393949  10.455709    1111.628 1
325.196440 -41.780273   0.071309  0.000140  21377.900    41.970944   2.402850  10.494583    2542.436 1
329.188230 -45.542774   0.058200  0.000834  17447.921    99.990000   2.403067  10.495531   -1157.064 1
324.839020 -41.934353   0.062820  0.000067  18832.962    20.086095   2.404253  10.500711     146.750 1
328.648440 -45.884650   0.057543  0.000150  17250.957    44.968869   2.405810  10.507512   -1342.476 1
328.287000 -41.773550   0.063017  0.000287  18892.021    86.040435   2.409397  10.523176     202.345 1
328.349030 -41.797330   0.063204  0.000160  18948.083    47.966793   2.409502  10.523638     255.118 1
324.881770 -45.914460   0.066926  0.000150  20063.910    44.968869   2.410739  10.529041    1305.507 1
326.083950 -46.280730   0.061019  0.000150  18293.036    44.968869   2.417503  10.558580    -361.512 1
327.934800 -41.649700   0.061222  0.000113  18353.894    33.876548   2.418437  10.562662    -304.223 1
323.674040 -44.906720   0.067080  0.000150  20110.078    44.968869   2.423833  10.586226    1348.967 1
326.038480 -41.537250   0.072493  0.000140  21732.855    41.970944   2.426104  10.596146    2876.574 1
329.598570 -45.198215   0.062363  0.000150  18695.957    44.968869   2.428607  10.607079      17.779 1
328.612640 -41.887497   0.071329  0.000277  21383.896    83.042511   2.430838  10.616822    2548.081 1
329.261170 -42.292460   0.055021  0.000177  16494.881    53.063265   2.431724  10.620691   -2054.212 1
329.400570 -45.413708   0.061242  0.000150  18359.890    44.968869   2.435727  10.638176    -298.579 1
323.704070 -44.995434   0.067447  0.000150  20220.102    44.968869   2.442243  10.666634    1452.539 1
325.114470 -41.758170   0.070142  0.000183  21028.043    54.862020   2.450147  10.701155    2213.097 1
323.507480 -43.136875   0.061816  0.000130  18531.971    38.973020   2.454358  10.719546    -136.590 1
323.497560 -43.153614   0.062743  0.000150  18809.878    44.968869   2.455935  10.726434     125.019 1
324.731450 -41.925777   0.064708  0.000083  19398.970    24.882774   2.456168  10.727451     679.563 1
324.903780 -41.826584   0.064338  0.000150  19288.047    44.968869   2.468239  10.780173     575.145 1
328.775480 -41.921406   0.069461  0.000117  20823.884    35.075718   2.470450  10.789829    2020.911 1
324.904330 -41.815270   0.064211  0.000130  19249.974    38.973020   2.477585  10.820992     539.305 1
324.854280 -41.833900   0.064168  0.000087  19237.082    26.081944   2.481419  10.837736     527.170 1
323.644650 -44.999043   0.064755  0.000150  19413.061    44.968869   2.482245  10.841344     692.827 1
330.130550 -43.441113   0.075436  0.000150  22615.144    44.968869   2.486656  10.860611    3707.120 1
327.622300 -46.318180   0.057720  0.000150  17304.021    44.968869   2.490501  10.877403   -1292.525 1
325.320900 -41.631073   0.075836  0.000160  22735.061    47.966793   2.497993  10.910127    3820.004 1
323.621460 -45.001430   0.066759  0.000133  20013.845    39.872397   2.498310  10.911512    1258.378 1
329.635040 -45.286790   0.053881  0.000150  16153.117    44.968869   2.498612  10.912829   -2375.932 1
329.332569 -45.578056   0.061000  0.000333  18287.340    99.830889   2.503736  10.935210    -366.874 1
328.106200 -46.214410   0.062240  0.000150  18659.083    44.968869   2.505567  10.943205     -16.933 1
323.887880 -42.451557   0.072687  0.000160  21791.014    47.966793   2.520229  11.007242    2931.323 1
325.526460 -41.538055   0.074935  0.000133  22464.948    39.872397   2.528148  11.041828    3565.733 1
323.699740 -45.179558   0.066216  0.000150  19851.057    44.968869   2.532157  11.059339    1105.137 1
329.454700 -42.296425   0.076606  0.000220  22965.901    65.954341   2.534999  11.071753    4037.307 1
326.841550 -41.375927   0.063574  0.000163  19059.006    48.866171   2.535111  11.072243     359.536 1
330.172400 -44.487953   0.061980  0.000150  18581.137    44.968869   2.538858  11.088604     -90.307 1
330.180300 -44.478683   0.062920  0.000187  18862.941    56.061190   2.542310  11.103684     174.971 1
326.337620 -41.378216   0.072967  0.000133  21874.956    39.872397   2.548395  11.130258    3010.342 1
328.513500 -46.117280   0.057803  0.000150  17328.903    44.968869   2.550100  11.137708   -1269.102 1
330.067100 -44.782455   0.062667  0.000147  18787.094    44.069491   2.550218  11.138222     103.571 1
326.213680 -41.384144   0.072587  0.000143  21761.035    42.870321   2.554248  11.155823    2903.102 1
329.972440 -42.849773   0.067317  0.000150  20181.129    44.968869   2.558188  11.173030    1415.851 1
325.344270 -46.276020   0.058067  0.000183  17408.049    54.862020   2.571060  11.229251   -1194.598 1
325.185880 -41.591522   0.068454  0.000217  20521.993    65.054963   2.574933  11.246164    1736.725 1
325.059660 -41.633556   0.064338  0.000207  19288.047    62.057039   2.578592  11.262146     575.145 1
327.829470 -41.450184   0.069258  0.000127  20763.026    38.073642   2.581820  11.276243    1963.622 1
323.770660 -42.455418   0.072187  0.000147  21641.118    44.069491   2.587389  11.300568    2790.217 1
329.628170 -45.457474   0.062777  0.000173  18820.071    51.864095   2.592600  11.323325     134.615 1
323.788670 -45.419980   0.058100  0.000183  17417.942    54.862020   2.608343  11.392086   -1185.285 1
325.344730 -41.502290   0.067787  0.000150  20322.031    44.968869   2.609349  11.396478    1548.490 1
323.553625 -45.164611   0.066266  0.000150  19866.047    44.968869   2.616567  11.428006    1119.248 1
328.594820 -41.656464   0.069678  0.000170  20888.939    50.964718   2.619622  11.441348    2082.151 1
325.477080 -41.452663   0.075365  0.000140  22593.859    41.970944   2.620577  11.445520    3687.083 1
323.668000 -45.327360   0.071189  0.000093  21341.925    27.880699   2.628625  11.480669    2508.571 1
328.227360 -46.310814   0.057670  0.000150  17289.031    44.968869   2.628841  11.481613   -1306.636 1
327.745240 -41.381718   0.069792  0.000307  20923.115    92.036285   2.629792  11.485766    2114.323 1
325.370900 -41.468410   0.067657  0.000177  20283.058    53.063265   2.633519  11.502045    1511.803 1
323.669560 -45.342870   0.067000  0.000150  20086.095    44.968869   2.636077  11.513216    1326.390 1
330.359000 -44.326400   0.072820  0.000233  21830.887    69.851643   2.639681  11.528956    2968.857 1
326.161560 -41.298237   0.057933  0.000173  17367.876    51.864095   2.644895  11.551730   -1232.414 1
330.374900 -44.288452   0.048327  0.000220  14488.070    65.954341   2.645298  11.553488   -3943.331 1
329.308400 -45.804700   0.060158  0.000150  18034.915    44.968869   2.647915  11.564918    -604.495 1
329.894300 -45.270400   0.062840  0.000150  18838.958    44.968869   2.648014  11.565351     152.394 1
327.643680 -41.342740   0.062146  0.000120  18630.902    35.975095   2.648374  11.566925     -43.460 1
328.212830 -46.341760   0.058080  0.000130  17411.946    38.973020   2.652931  11.586827   -1190.929 1
330.429440 -43.905700   0.072133  0.000150  21624.929    44.968869   2.657382  11.606265    2774.978 1
326.358120 -41.263885   0.072467  0.000147  21725.060    44.069491   2.660441  11.619628    2869.236 1
330.325530 -44.557650   0.059808  0.000120  17929.987    35.975095   2.662490  11.628575    -703.269 1
328.896880 -41.736748   0.069925  0.000120  20962.988    35.975095   2.671271  11.666929    2151.857 1
328.248900 -41.458797   0.063984  0.000117  19181.921    35.075718   2.681189  11.710244     475.243 1
329.706850 -45.536205   0.062076  0.000260  18609.917    77.946039   2.685232  11.727901     -63.215 1
324.851840 -41.586310   0.064208  0.000120  19249.074    35.975095   2.692873  11.761274     538.458 1
330.225220 -44.890610   0.062610  0.000153  18770.006    45.868246   2.694988  11.770514      87.485 1
328.465150 -41.509937   0.074301  0.000347  22274.879    99.990000   2.702494  11.803296    3386.811 1
324.947200 -41.536137   0.076573  0.000120  22956.008    35.975095   2.702774  11.804517    4027.994 1
330.180630 -42.821404   0.067693  0.000150  20293.851    44.968869   2.706688  11.821613    1521.962 1
326.010770 -41.250183   0.072140  0.000203  21627.028    60.857869   2.711322  11.841851    2776.954 1
330.470150 -44.293705   0.048547  0.000200  14554.024    59.958492   2.713968  11.853410   -3881.244 1
327.234680 -41.218563   0.054378  0.000203  16302.114    60.857869   2.714850  11.857261   -2235.673 1
328.408780 -41.467285   0.074581  0.000133  22358.821    39.872397   2.722275  11.889690    3465.830 1
323.165100 -43.013540   0.073194  0.000190  21943.009    56.960567   2.727596  11.912930    3074.404 1
330.469450 -44.388065   0.054191  0.000190  16246.053    56.960567   2.728412  11.916493   -2288.447 1
328.339320 -41.435223   0.063220  0.000150  18952.879    44.968869   2.729595  11.921660     259.634 1
328.346680 -41.437237   0.064628  0.000127  19374.987    38.073642   2.730012  11.923480     656.987 1
325.041100 -41.467020   0.072243  0.000130  21657.907    38.973020   2.732702  11.935229    2806.021 1
329.748050 -42.234920   0.076633  0.000187  22973.995    56.061190   2.738530  11.960686    4044.926 1
329.703200 -42.185974   0.076706  0.000203  22995.880    60.857869   2.743531  11.982526    4065.528 1
329.101000 -46.072327   0.058800  0.000410  17627.797    99.990000   2.750778  12.014180    -987.738 1
330.158540 -45.147350   0.061789  0.000173  18523.876    51.864095   2.755636  12.035398    -144.210 1
327.601900 -46.598637   0.061112  0.000150  18320.917    44.968869   2.759272  12.051277    -335.266 1
324.803220 -41.524086   0.063781  0.000150  19121.063    44.968869   2.764268  12.073097     417.954 1
330.304300 -42.865105   0.076016  0.000150  22789.023    44.968869   2.771722  12.105653    3870.802 1
328.808083 -46.256000   0.058584  0.000213  17563.041    63.855794   2.778802  12.136576   -1048.695 1
323.335750 -45.219110   0.067176  0.000150  20138.858    44.968869   2.780578  12.144330    1376.060 1
330.604400 -43.908150   0.075315  0.000150  22578.869    44.968869   2.783425  12.156768    3672.973 1
327.928860 -46.567005   0.059708  0.000150  17900.008    44.968869   2.791454  12.191833    -731.490 1
328.175100 -41.316620   0.063724  0.000173  19103.975    51.864095   2.791647  12.192678     401.868 1
330.624630 -44.103992   0.074508  0.000157  22336.936    47.067416   2.804716  12.249756    3445.229 1
324.096040 -41.839996   0.073000  0.000147  21884.849    44.069491   2.813439  12.287855    3019.655 1
326.009580 -41.143400   0.057073  0.000150  17110.055    44.968869   2.816313  12.300405   -1475.115 1
325.128050 -41.343224   0.065420  0.000333  19612.423    99.830889   2.817509  12.305629     880.497 1
323.510900 -42.317097   0.063377  0.000153  18999.947    45.868246   2.819932  12.316213     303.941 1
323.290700 -45.241962   0.066082  0.000150  19810.885    44.968869   2.819974  12.316396    1067.321 1
323.486940 -42.339108   0.064988  0.000127  19482.912    38.073642   2.821881  12.324723     758.582 1
330.600500 -44.415714   0.056719  0.000150  17003.928    44.968869   2.826228  12.343712   -1575.018 1
330.652980 -44.131660   0.074638  0.000227  22375.909    68.052888   2.827126  12.347634    3481.916 1
330.504150 -44.712360   0.071770  0.000213  21516.105    63.855794   2.827436  12.348988    2672.536 1
324.302980 -41.688774   0.072277  0.000140  21668.099    41.970944   2.831689  12.367561    2815.616 1
330.665860 -44.084236   0.074235  0.000150  22255.093    44.968869   2.833065  12.373573    3368.185 1
327.820600 -46.636086   0.059858  0.000150  17944.977    44.968869   2.834900  12.381588    -689.159 1
323.822140 -42.002834   0.076676  0.000133  22986.887    39.872397   2.838787  12.398562    4057.061 1
323.481720 -42.311626   0.064101  0.000150  19216.996    44.968869   2.840379  12.405516     508.262 1
328.182280 -41.263474   0.062093  0.000190  18615.013    56.960567   2.842972  12.416843     -58.418 1
330.400600 -44.975014   0.062170  0.000147  18638.097    44.069491   2.843575  12.419476     -36.687 1
328.222700 -41.268040   0.061970  0.000117  18578.139    35.075718   2.849504  12.445369     -93.130 1
328.620500 -46.423004   0.059327  0.000297  17785.787    89.038360   2.854636  12.467785    -839.012 1
330.490720 -44.842945   0.075015  0.000327  22488.931    98.032134   2.858082  12.482833    3588.309 1
328.413640 -46.509350   0.059161  0.000133  17736.022    39.872397   2.865130  12.513619    -885.859 1
322.806950 -44.351727   0.048567  0.000150  14560.020    44.968869   2.868310  12.527507   -3875.600 1
325.801800 -41.112343   0.057536  0.000153  17248.859    45.868246   2.878290  12.571095   -1344.452 1
329.246030 -46.157150   0.062760  0.000150  18814.975    44.968869   2.882193  12.588142     129.817 1
324.481960 -41.526370   0.064378  0.000220  19300.039    65.954341   2.886176  12.605535     586.434 1
330.739530 -44.106644   0.048434  0.000300  14520.148    89.937737   2.887480  12.611233   -3913.134 1
324.891500 -41.335815   0.064108  0.000260  19219.095    77.946039   2.898535  12.659516     510.237 1
330.754550 -44.163876   0.054521  0.000150  16344.985    44.968869   2.902721  12.677797   -2195.317 1
325.501130 -41.147903   0.066496  0.000157  19934.999    47.067416   2.902904  12.678597    1184.156 1
323.532840 -42.145767   0.072450  0.000130  21719.964    38.973020   2.907556  12.698917    2864.439 1
329.266540 -46.210434   0.060327  0.000297  18085.580    89.038360   2.933071  12.810353    -556.802 1
323.092220 -45.231090   0.058167  0.000150  17438.028    44.968869   2.941885  12.848850   -1166.377 1
325.716800 -46.764140   0.050478  0.000183  15132.924    54.862020   2.947947  12.875323   -3336.295 1
325.580750 -41.068710   0.058167  0.000130  17438.028    38.973020   2.961660  12.935217   -1166.377 1
328.206540 -41.124287   0.063030  0.000133  18895.919    39.872397   2.979126  13.011503     206.014 1
325.748300 -46.820680   0.058430  0.000150  17516.873    44.968869   2.997226  13.090553   -1092.156 1
327.133000 -46.899860   0.059585  0.000160  17863.134    47.966793   3.003179  13.116553    -766.202 1
323.383880 -42.117160   0.053657  0.000150  16085.964    44.968869   3.010515  13.148594   -2439.147 1
330.390000 -45.384216   0.060445  0.000257  18120.955    77.046662   3.014095  13.164230    -523.501 1
326.709380 -40.884907   0.072587  0.000150  21761.035    44.968869   3.025178  13.212636    2903.102 1
322.838680 -45.035920   0.066820  0.000150  20032.132    44.968869   3.028321  13.226364    1275.592 1
323.798400 -46.083393   0.068070  0.000150  20406.873    44.968869   3.035998  13.259893    1628.356 1
330.952500 -44.071310   0.054334  0.000173  16288.923    51.864095   3.038491  13.270783   -2248.091 1
330.925080 -44.305344   0.074055  0.000190  22201.130    56.960567   3.040266  13.278535    3317.387 1
330.926760 -44.309177   0.074965  0.000150  22473.942    44.968869   3.041967  13.285963    3574.199 1
330.858120 -44.628227   0.059154  0.000364  17733.923    99.990000   3.051928  13.329469    -887.835 1
325.475700 -40.991367   0.066813  0.000150  20030.033    44.968869   3.057638  13.354407    1273.617 1
330.970250 -43.589455   0.073037  0.000183  21895.942    54.862020   3.063808  13.381357    3030.097 1
330.948520 -44.373848   0.075456  0.000147  22621.140    44.069491   3.066622  13.393646    3712.764 1
322.958370 -45.323090   0.066960  0.000150  20074.103    44.968869   3.069605  13.406674    1315.102 1
330.484200 -45.379486   0.060245  0.000130  18060.997    38.973020   3.071201  13.413644    -579.943 1
322.986300 -42.438988   0.053430  0.000187  16017.911    56.061190   3.079005  13.447728   -2503.209 1
328.932430 -46.557370   0.053600  0.000213  16068.876    63.855794   3.082443  13.462743   -2455.233 1
330.671020 -42.654274   0.073341  0.000150  21987.079    44.968869   3.097384  13.527999    3115.889 1
329.076260 -46.510670   0.061800  0.000213  18527.174    63.855794   3.097469  13.528371    -141.105 1
331.005000 -44.338814   0.075979  0.000217  22777.931    65.054963   3.101813  13.547344    3860.361 1
328.501700 -41.067783   0.061369  0.000227  18397.963    68.052888   3.112472  13.593899    -262.738 1
324.160250 -41.410664   0.066429  0.000274  19914.913    82.143133   3.114974  13.604824    1165.248 1
329.973500 -45.983870   0.073767  0.000297  22114.790    89.038360   3.118451  13.620012    3236.110 1
323.964500 -41.504185   0.077090  0.000187  23111.001    56.061190   3.128671  13.664647    4173.897 1
330.031560 -45.955547   0.073224  0.000150  21952.003    44.968869   3.131236  13.675851    3082.870 1
324.321660 -41.305626   0.066629  0.000087  19974.872    26.081944   3.133734  13.686761    1221.690 1
328.995060 -46.593987   0.053844  0.000113  16142.025    33.876548   3.137067  13.701316   -2386.374 1
324.264860 -41.321003   0.064992  0.000130  19484.111    38.973020   3.144001  13.731602     759.711 1
322.564400 -42.995407   0.064004  0.000087  19187.916    26.081944   3.144766  13.734945     480.887 1
325.802500 -46.982628   0.049287  0.000150  14775.871    44.968869   3.146113  13.740829   -3672.408 1
322.960300 -42.319100   0.053097  0.000290  15918.080    86.939813   3.154210  13.776190   -2597.185 1
331.012760 -44.607643   0.063451  0.000117  19022.131    35.075718   3.155701  13.782702     324.825 1
329.485660 -41.445820   0.056149  0.000113  16833.047    33.876548   3.159509  13.799333   -1735.878 1
329.506200 -41.452310   0.056186  0.000153  16844.139    45.868246   3.163747  13.817843   -1725.436 1
324.511350 -41.176785   0.063974  0.000190  19178.923    56.960567   3.170223  13.846130     472.421 1
322.555150 -42.918583   0.064928  0.000160  19464.925    47.966793   3.174292  13.863900     741.650 1
323.057000 -42.168533   0.053537  0.000110  16049.989    32.977170   3.174296  13.863916   -2473.013 1
324.318940 -41.245860   0.066126  0.000213  19824.076    63.855794   3.184651  13.909144    1079.738 1
322.751800 -42.520267   0.068567  0.000127  20555.869    38.073642   3.192213  13.942171    1768.615 1
327.077200 -47.104610   0.059080  0.000150  17711.738    44.968869   3.203787  13.992723    -908.719 1
324.470670 -41.140614   0.062540  0.000183  18749.020    54.862020   3.216264  14.047215      67.731 1
323.829160 -41.469994   0.071446  0.000307  21418.972    92.036285   3.217734  14.053637    2581.099 1
331.184300 -43.524070   0.064515  0.000150  19341.110    44.968869   3.224382  14.082669     625.097 1
325.207700 -40.880356   0.068800  0.000213  20625.721    63.855794   3.224703  14.084071    1834.370 1
322.697480 -42.503950   0.067717  0.000163  20301.046    48.866171   3.234548  14.127072    1528.736 1
325.536380 -40.783820   0.069000  0.000213  20685.680    63.855794   3.244373  14.169982    1890.812 1
329.556370 -46.443540   0.054200  0.000410  16248.751    99.990000   3.245489  14.174858   -2285.907 1
330.298280 -45.910736   0.060286  0.000213  18073.288    63.855794   3.251359  14.200493    -568.372 1
327.031100 -47.162360   0.059478  0.000183  17831.056    54.862020   3.259076  14.234197    -796.399 1
324.892400 -40.932854   0.057334  0.000213  17188.301    63.855794   3.261403  14.244361   -1401.458 1
324.464020 -41.088726   0.064755  0.000150  19413.061    44.968869   3.263455  14.253323     692.827 1
328.897250 -46.782467   0.053963  0.000297  16177.700    89.038360   3.265664  14.262972   -2352.791 1
330.866100 -42.553620   0.067437  0.000150  20217.104    44.968869   3.266852  14.268160    1449.717 1
