 53.513863 -39.010090   0.062310  0.000097  18680.068    29.079868   0.010541   0.046872    -532.426 0
 53.527980 -38.992460   0.061132  0.000050  18326.913    14.989623   0.016394   0.072900    -864.277 0
 53.544586 -38.989227   0.066933  0.000197  20066.009    59.059114   0.029482   0.131100     769.905 0
 53.475690 -39.019276   0.061182  0.000107  18341.902    32.077793   0.032405   0.144100    -850.191 0
 53.540720 -38.975105   0.063801  0.000130  19127.059    38.973020   0.034951   0.155423    -112.401 0
 53.546165 -39.029938   0.063077  0.000110  18910.009    32.977170   0.041302   0.183665    -316.357 0
 53.539640 -38.959220   0.063541  0.000177  19049.113    53.063265   0.047216   0.209964    -185.645 0
 53.439518 -39.029564   0.061476  0.000113  18430.041    33.876548   0.061728   0.274496    -767.370 0
 53.590763 -39.008972   0.061059  0.000147  18305.028    44.069491   0.063882   0.284072    -884.841 0
 53.423210 -39.004790   0.061639  0.000120  18478.907    35.975095   0.067104   0.298400    -721.451 0
 53.491505 -39.084152   0.059181  0.000070  17742.017    20.985472   0.085139   0.378600   -1413.887 0
 53.612660 -38.970360   0.064138  0.000183  19228.089    54.862020   0.085635   0.380807     -17.466 0
 53.400980 -38.971370   0.062226  0.000157  18654.885    47.067416   0.089001   0.395773    -556.089 0
 53.497600 -39.089000   0.059000  0.000333  17687.755    99.830889   0.089318   0.397183   -1464.876 0
 53.388165 -38.995800   0.064942  0.000110  19469.122    32.977170   0.094279   0.419242     209.027 0
 53.417385 -39.068130   0.061129  0.000153  18326.013    45.868246   0.098637   0.438623    -865.122 0
 53.608612 -38.929268   0.062733  0.000150  18806.880    44.968869   0.104762   0.465858    -413.264 0
 53.529440 -38.888092   0.067283  0.000083  20170.936    24.882774   0.113140   0.503118     868.502 0
 53.643890 -38.949520   0.064985  0.000113  19482.013    33.876548   0.116170   0.516592     221.140 0
 53.392917 -38.907806   0.062577  0.000150  18760.113    44.968869   0.129286   0.574917    -457.210 0
 53.504458 -38.867778   0.062497  0.000150  18736.129    44.968869   0.132427   0.588880    -479.747 0
 53.658314 -39.071167   0.060435  0.000130  18117.957    38.973020   0.135813   0.603941   -1060.626 0
 53.406900 -38.874035   0.060258  0.000173  18064.894    51.864095   0.149145   0.663222   -1110.489 0
 53.566845 -38.852970   0.062216  0.000103  18651.888    30.878623   0.153813   0.683982    -558.906 0
 53.620800 -39.128840   0.072547  0.000120  21749.043    35.975095   0.155122   0.689804    2351.407 1
 53.367416 -39.111347   0.066366  0.000173  19896.026    51.864095   0.156626   0.696490     610.177 0
 53.462185 -38.821735   0.065238  0.000117  19557.860    35.075718   0.182141   0.809954     292.412 0
 53.759660 -38.958168   0.067453  0.000127  20221.901    38.073642   0.199006   0.884947     916.392 0
 53.530754 -39.201653   0.065599  0.000110  19666.085    32.977170   0.202188   0.899100     394.108 0
 53.324440 -39.153990   0.066703  0.000093  19997.056    27.880699   0.210516   0.936131     705.112 0
 53.406597 -38.798367   0.064101  0.000137  19216.996    41.071567   0.217009   0.965006     -27.889 0
 53.230780 -39.016716   0.062400  0.000150  18707.049    44.968869   0.217122   0.965508    -507.072 0
 53.748720 -38.869255   0.063014  0.000110  18891.122    32.977170   0.227462   1.011487    -334.104 0
 53.593290 -38.780342   0.061292  0.000157  18374.879    47.067416   0.229284   1.019588    -819.204 0
 53.724464 -38.829964   0.059965  0.000080  17977.055    23.983397   0.238559   1.060837   -1193.029 0
 53.814095 -38.936220   0.060158  0.000113  18034.915    33.876548   0.245308   1.090845   -1138.659 0
 53.743840 -38.833904   0.059041  0.000217  17700.047    65.054963   0.246671   1.096906   -1453.326 0
 53.780950 -38.854483   0.059628  0.000237  17876.025    71.050813   0.256457   1.140426   -1287.964 0
 53.829414 -39.080513   0.062493  0.000137  18734.930    41.071567   0.261396   1.162386    -480.874 0
 53.477104 -39.260840   0.065986  0.000217  19782.105    65.054963   0.261892   1.164592     503.128 0
 53.220570 -38.845203   0.067477  0.000230  20229.096    68.952265   0.272717   1.212730     923.153 0
 53.594193 -38.731693   0.068000  0.000100  20385.887    29.979246   0.276436   1.229266    1070.486 0
 53.860687 -39.044570   0.062950  0.000207  18871.935    62.057039   0.276629   1.230127    -352.134 0
 53.685143 -38.758670   0.062670  0.000110  18787.993    32.977170   0.277447   1.233762    -431.012 0
 53.811234 -38.837986   0.060028  0.000347  17995.942    99.990000   0.285198   1.268230   -1175.281 0
 53.531864 -39.292404   0.060835  0.000290  18237.874    86.939813   0.292777   1.301935    -947.944 0
 53.132146 -39.008595   0.064695  0.000103  19395.073    30.878623   0.293264   1.304097     139.445 0
 53.183340 -39.151493   0.049121  0.000150  14726.105    44.968869   0.295118   1.312342   -4247.858 1
 53.137005 -38.893280   0.062657  0.000080  18784.096    23.983397   0.308470   1.371718    -434.674 0
 53.649906 -38.706980   0.067470  0.000170  20226.997    50.964718   0.312858   1.391232     921.181 0
 53.752342 -39.258472   0.060695  0.000284  18195.903    85.141058   0.319986   1.422926    -987.383 0
 53.125530 -38.854050   0.065659  0.000143  19684.073    42.870321   0.332142   1.476984     411.010 0
 53.682312 -38.694244   0.063280  0.000140  18970.867    41.970944   0.334135   1.485847    -259.170 0
 53.856964 -38.801750   0.062133  0.000107  18627.005    32.077793   0.335174   1.490466    -582.288 0
 53.731857 -38.698284   0.062260  0.000110  18665.078    32.977170   0.347886   1.546993    -546.511 0
 53.724667 -38.684833   0.067927  0.000150  20364.002    44.968869   0.356966   1.587374    1049.922 0
 53.681572 -39.340440   0.075272  0.000150  22565.978    44.968869   0.365665   1.626055    3119.059 1
 53.626064 -39.366650   0.059761  0.000163  17915.897    48.866171   0.377557   1.678938   -1250.497 0
 53.865788 -38.739902   0.061015  0.000120  18291.837    35.975095   0.380079   1.690152    -897.236 0
 53.797300 -38.686020   0.061356  0.000333  18394.066    99.830889   0.385687   1.715091    -801.174 0
 53.803590 -38.673820   0.061106  0.000230  18319.118    68.952265   0.398472   1.771942    -871.601 0
 53.790860 -39.333270   0.060055  0.000203  18004.036    60.857869   0.398536   1.772228   -1167.675 0
 53.817745 -38.666096   0.062366  0.000117  18696.856    35.075718   0.411136   1.828256    -516.650 0
 53.803570 -38.657340   0.062150  0.000143  18632.101    42.870321   0.412068   1.832403    -577.499 0
 53.490223 -38.586582   0.072440  0.000190  21716.966    56.960567   0.413835   1.840260    2321.265 1
 53.871350 -38.677593   0.062110  0.000150  18620.110    44.968869   0.428004   1.903267    -588.767 0
 54.065044 -39.011040   0.054084  0.000183  16213.975    54.862020   0.431992   1.921000   -2849.747 1
 53.750160 -39.397827   0.061299  0.000430  18376.978    99.990000   0.439511   1.954437    -817.232 0
 53.709625 -39.419528   0.075275  0.000264  22566.877    79.145209   0.447328   1.989199    3119.904 1
 53.967686 -38.725266   0.059828  0.000157  17935.983    47.067416   0.449928   2.000758   -1231.622 0
 53.796350 -39.395200   0.060792  0.000097  18224.983    29.079868   0.453665   2.017376    -960.057 0
 53.511073 -39.457824   0.060835  0.000213  18237.874    63.855794   0.457676   2.035214    -947.944 0
 53.457714 -39.464560   0.061816  0.000207  18531.971    62.057039   0.466140   2.072854    -671.589 0
 53.827917 -38.602139   0.062783  0.000203  18821.870    60.857869   0.468727   2.084356    -399.179 0
 52.955340 -39.197860   0.063024  0.000117  18894.120    35.075718   0.473771   2.106785    -331.287 0
 53.720490 -39.455360   0.060528  0.000150  18145.838    44.968869   0.483881   2.151742   -1034.428 0
 53.937763 -38.644360   0.061719  0.000123  18502.891    36.874472   0.487273   2.166826    -698.915 0
 53.593200 -39.491650   0.061399  0.000160  18406.957    47.966793   0.495801   2.204749    -789.061 0
 53.077686 -39.372880   0.063447  0.000150  19020.932    44.968869   0.501462   2.229925    -212.125 0
 53.506040 -38.498432   0.067623  0.000227  20272.865    68.052888   0.501725   2.231091     964.283 0
 53.937167 -38.622972   0.061542  0.000120  18449.827    35.975095   0.502795   2.235853    -748.777 0
 53.887455 -38.586075   0.062873  0.000160  18848.851    47.966793   0.507741   2.257847    -373.825 0
 53.638584 -39.504253   0.073521  0.000143  22041.041    42.870321   0.514010   2.285724    2625.790 1
 53.696934 -39.498170   0.072744  0.000120  21808.103    35.975095   0.518918   2.307547    2406.904 1
 53.883595 -38.563393   0.065088  0.000167  19512.892    50.065340   0.524734   2.333411     250.156 0
 54.015614 -38.651592   0.061689  0.000097  18493.897    29.079868   0.525631   2.337399    -707.366 0
 53.984615 -38.623077   0.064138  0.000083  19228.089    24.882774   0.527829   2.347172     -17.466 0
 52.831070 -38.927574   0.063354  0.000217  18993.051    65.054963   0.532094   2.366140    -238.324 0
 53.702427 -39.514996   0.060465  0.000137  18126.951    41.071567   0.536266   2.384691   -1052.175 0
 53.761130 -39.504163   0.071389  0.000163  21401.884    48.866171   0.540662   2.404241    2025.191 1
 54.031746 -38.635700   0.063817  0.000133  19131.855    39.872397   0.545565   2.426043    -107.894 0
 54.048650 -38.649166   0.062296  0.000187  18675.871    56.061190   0.546668   2.430949    -536.370 0
 54.158160 -39.215965   0.063701  0.000227  19097.079    68.052888   0.548464   2.438935    -140.572 0
 53.543488 -39.552826   0.072373  0.000143  21696.880    42.870321   0.553312   2.460494    2302.390 1
 53.743874 -39.531990   0.070879  0.000107  21248.990    32.077793   0.562203   2.500029    1881.520 1
 52.774860 -38.968815   0.065018  0.000073  19491.906    21.884849   0.571664   2.542101     230.436 0
 53.661697 -39.567830   0.062533  0.000217  18746.922    65.054963   0.579895   2.578702    -469.605 0
 54.237194 -38.870770   0.068321  0.000213  20482.121    63.855794   0.580248   2.580272    1160.914 0
 53.446804 -38.403175   0.060338  0.000113  18088.877    33.876548   0.598951   2.663440   -1087.952 0
 52.750330 -38.852303   0.062703  0.000090  18797.886    26.981321   0.608114   2.704190    -421.715 0
 53.909897 -38.450745   0.061786  0.000130  18522.977    38.973020   0.631461   2.808008    -680.040 0
 53.420177 -38.362617   0.067627  0.000140  20274.065    41.970944   0.641288   2.851710     965.409 0
 52.668293 -38.923668   0.064870  0.000130  19447.537    38.973020   0.658082   2.926389     188.744 0
 52.990093 -39.522545   0.061326  0.000160  18385.072    47.966793   0.660105   2.935386    -809.626 0
 54.322365 -39.206738   0.063290  0.000150  18973.865    44.968869   0.664746   2.956024    -256.353 0
 54.343390 -39.156980   0.071943  0.000150  21567.969    44.968869   0.666873   2.965479    2181.256 1
 54.343792 -39.174072   0.070619  0.000113  21171.044    33.876548   0.671400   2.985610    1808.276 1
 54.356310 -39.199482   0.070869  0.000143  21245.992    42.870321   0.687731   3.058232    1878.703 1
 54.233948 -39.398220   0.066000  0.000410  19786.302    99.990000   0.689609   3.066584     507.072 0
 54.244000 -38.597473   0.067320  0.000500  20182.028    99.990000   0.698648   3.106778     878.925 0
 52.835625 -39.469852   0.063204  0.000240  18948.083    71.950190   0.703390   3.127866    -280.580 0
 53.723633 -38.303930   0.059718  0.000333  17903.006    99.830889   0.715859   3.183314   -1262.610 1
 52.849110 -39.504677   0.059004  0.000220  17688.954    65.954341   0.719598   3.199939   -1463.749 1
 54.378426 -39.251790   0.063599  0.000213  19066.501    63.855794   0.720753   3.205075    -169.306 0
 54.053116 -38.414898   0.069308  0.000197  20778.016    59.059114   0.721871   3.210048    1438.959 1
 52.598110 -38.857887   0.062680  0.000230  18790.991    68.952265   0.722313   3.212014    -428.194 0
 53.391872 -38.279816   0.059708  0.000163  17900.008    48.866171   0.726097   3.228839   -1265.427 1
 54.449905 -38.967800   0.062353  0.000173  18692.959    51.864095   0.731662   3.253589    -520.313 0
 54.338833 -39.361972   0.064931  0.000163  19465.824    48.866171   0.739230   3.287239     205.928 0
 54.469170 -39.038880   0.070521  0.000297  21141.664    89.038360   0.746923   3.321452    1780.669 1
 54.160492 -39.558136   0.071343  0.000163  21388.093    48.866171   0.753270   3.349675    2012.232 1
 54.205270 -39.532455   0.066866  0.000210  20045.922    62.956416   0.758845   3.374466     751.031 0
 54.458710 -39.180016   0.071549  0.000193  21449.851    57.859944   0.759398   3.376925    2070.264 1
 53.800053 -39.728596   0.067160  0.000107  20134.061    32.077793   0.762675   3.391495     833.852 0
 54.055690 -39.634083   0.066362  0.000093  19894.827    27.880699   0.762983   3.392868     609.050 0
 54.256880 -39.497658   0.058600  0.000213  17567.838    63.855794   0.764856   3.401193   -1577.559 1
 54.275788 -39.504128   0.053724  0.000294  16106.050    88.138983   0.780239   3.469600   -2951.161 1
 52.797874 -39.552254   0.062737  0.000130  18808.079    38.973020   0.781370   3.474630    -412.137 0
 54.480280 -39.210224   0.063726  0.000297  19104.574    89.038360   0.783250   3.482992    -133.529 0
 52.771362 -39.535313   0.049221  0.000070  14756.085    20.985472   0.784429   3.488232   -4219.687 1
 54.008266 -39.709347   0.068841  0.000180  20638.013    53.962642   0.808266   3.594235    1307.402 1
 54.518830 -39.203857   0.063884  0.000187  19151.941    56.061190   0.810528   3.604290     -89.019 0
 54.256924 -39.566204   0.067062  0.000297  20104.682    89.038360   0.811139   3.607009     806.245 1
 54.134610 -39.651730   0.067600  0.000213  20265.970    63.855794   0.812817   3.614472     957.803 1
 54.093136 -39.676888   0.067587  0.000100  20262.073    29.979246   0.814742   3.623033     954.141 1
 54.072833 -39.706333   0.068834  0.000130  20635.914    38.973020   0.830938   3.695051    1305.430 1
 54.586678 -38.932407   0.061823  0.000213  18534.069    63.855794   0.839975   3.735240    -669.617 0
 52.433010 -39.115368   0.062560  0.000183  18755.016    54.862020   0.844369   3.754779    -461.999 0
 52.638110 -38.490494   0.073464  0.000220  22023.953    65.954341   0.847458   3.768515    2609.733 1
 52.423940 -39.086850   0.061869  0.000177  18547.860    53.063265   0.847964   3.770765    -656.659 0
 52.429714 -39.205150   0.063651  0.000150  19082.090    44.968869   0.863714   3.840800    -154.657 0
 54.561758 -39.301031   0.063040  0.000227  18898.917    68.052888   0.871462   3.875254    -326.780 0
 54.120266 -39.750835   0.063801  0.000150  19127.059    44.968869   0.888220   3.949775    -112.401 0
 54.544807 -39.379837   0.063294  0.000100  18975.064    29.979246   0.889777   3.956701    -255.226 0
 54.488987 -39.490913   0.073351  0.000103  21990.077    30.878623   0.905790   4.027907    2577.900 1
 53.271810 -38.111110   0.067837  0.000187  20337.021    56.061190   0.908003   4.037750    1024.568 1
 54.309177 -38.334070   0.063497  0.000110  19035.922    32.977170   0.911057   4.051330    -198.040 0
 53.447227 -38.089180   0.068097  0.000230  20414.967    68.952265   0.912248   4.056627    1097.812 1
 54.452785 -38.453037   0.063427  0.000230  19014.936    68.952265   0.914819   4.068056    -217.759 0
 53.078304 -38.138363   0.059928  0.000150  17965.962    44.968869   0.924604   4.111568   -1203.452 1
 53.077194 -38.133156   0.058787  0.000127  17623.899    38.073642   0.929770   4.134542   -1524.879 1
 54.491627 -39.532610   0.064451  0.000087  19321.924    26.081944   0.930725   4.138789      70.708 0
 53.074867 -38.129500   0.058397  0.000333  17506.980    99.830889   0.933832   4.152607   -1634.745 1
 54.150950 -39.792946   0.066559  0.000117  19953.886    35.075718   0.936559   4.164733     664.547 1
 54.715473 -39.026910   0.063177  0.000163  18939.988    48.866171   0.937714   4.169866    -288.186 0
 54.155853 -39.793915   0.067323  0.000090  20182.928    26.981321   0.939412   4.177419     879.771 1
 54.091515 -38.167700   0.063787  0.000127  19122.862    38.073642   0.947451   4.213165    -116.345 0
 54.249992 -39.755535   0.062867  0.000133  18847.052    39.872397   0.949687   4.223110    -375.515 0
 54.339287 -39.709990   0.063997  0.000087  19185.818    26.081944   0.959100   4.264969     -57.186 0
 53.108240 -38.092700   0.059161  0.000130  17736.022    38.973020   0.959497   4.266735   -1419.521 1
 54.240450 -39.787277   0.067110  0.000127  20119.072    38.073642   0.970766   4.316844     819.767 1
 54.323925 -39.739040   0.062303  0.000170  18677.970    50.964718   0.972986   4.326716    -534.398 0
 53.983498 -39.910660   0.061896  0.000133  18555.954    39.872397   0.982246   4.367895    -649.053 0
 52.329458 -39.360111   0.063401  0.000150  19007.142    44.968869   0.985070   4.380452    -225.084 0
 52.394585 -39.532986   0.062423  0.000170  18713.945    50.964718   1.017078   4.522787    -500.593 0
 54.695774 -39.434150   0.071976  0.000150  21577.862    44.968869   1.019059   4.531598    2190.553 1
 54.536255 -38.345375   0.062076  0.000217  18609.917    65.054963   1.032288   4.590426    -598.345 0
 54.830530 -39.136963   0.061847  0.000297  18541.264    89.038360   1.035822   4.606141    -662.856 1
 54.829052 -39.160618   0.062275  0.000297  18669.575    89.038360   1.038077   4.616165    -542.286 0
 54.849323 -38.969720   0.063717  0.000150  19101.876    44.968869   1.041797   4.632709    -136.064 0
 54.869095 -39.027092   0.063154  0.000297  18933.093    89.038360   1.057061   4.700588    -294.665 0
 54.397736 -39.806385   0.053991  0.000133  16186.095    39.872397   1.061448   4.720096   -2875.946 1
 54.018593 -39.993844   0.062160  0.000340  18635.099    99.990000   1.069603   4.756357    -574.682 0
 53.017227 -37.999363   0.067180  0.000197  20140.057    59.059114   1.071374   4.764235     839.486 1
 54.403126 -39.826973   0.054380  0.000297  16302.714    89.038360   1.079859   4.801965   -2766.362 1
 54.877667 -38.806139   0.064585  0.000150  19362.096    44.968869   1.080933   4.806742     108.457 0
 54.920260 -39.101020   0.063630  0.000213  19075.794    63.855794   1.101111   4.896467    -160.573 0
 53.773987 -37.914440   0.063621  0.000213  19073.096    63.855794   1.105017   4.913839    -163.108 0
 54.707850 -39.595510   0.059300  0.000297  17777.693    89.038360   1.105429   4.915671   -1380.364 1
 53.812294 -40.096085   0.060492  0.000133  18135.045    39.872397   1.120938   4.984635   -1044.569 1
 52.245678 -38.455917   0.063117  0.000110  18922.001    32.977170   1.122774   4.992803    -305.089 0
 54.950700 -38.921055   0.064915  0.000233  19461.027    69.851643   1.122926   4.993477     201.420 0
 54.115543 -37.956670   0.064158  0.000147  19234.085    44.069491   1.144895   5.091171     -11.832 0
 54.556454 -38.178627   0.071386  0.000193  21400.984    57.859944   1.156326   5.142003    2024.346 1
 54.480515 -38.123276   0.069311  0.000157  20778.915    47.067416   1.156950   5.144777    1439.804 1
 53.600285 -40.167100   0.078851  0.000150  23638.935    44.968869   1.169088   5.198752    4127.287 1
 54.982723 -39.268055   0.079048  0.000297  23697.994    89.038360   1.175947   5.229254    4182.784 1
 54.863266 -39.529350   0.063136  0.000213  18927.697    63.855794   1.177774   5.237379    -299.736 0
 54.749916 -39.677990   0.066496  0.000304  19934.999    91.136907   1.178539   5.240778     646.799 0
 54.926952 -39.421070   0.063100  0.000213  18916.904    63.855794   1.179354   5.244403    -309.878 0
 54.992958 -39.272915   0.063150  0.000150  18931.894    44.968869   1.184803   5.268634    -295.792 0
 53.548244 -37.814250   0.063831  0.000130  19136.052    38.973020   1.186285   5.275225    -103.950 0
 52.125820 -39.527220   0.062123  0.000127  18624.007    38.073642   1.197440   5.324830    -585.105 0
 54.371975 -40.004760   0.067917  0.000133  20361.004    39.872397   1.207748   5.370669    1047.104 1
 52.769190 -37.924750   0.058911  0.000080  17661.073    23.983397   1.219571   5.423242   -1489.948 1
 53.955360 -40.180210   0.060352  0.000307  18093.074    92.036285   1.229912   5.469226   -1084.008 1
 53.100258 -37.804206   0.081830  0.000150  24532.017    44.968869   1.237480   5.502882    4966.492 1
 55.077550 -39.250053   0.078833  0.000213  23633.539    63.855794   1.244076   5.532211    4122.217 1
 54.746117 -38.200043   0.047916  0.000150  14364.855    44.968869   1.250589   5.561176   -4587.315 1
 53.034190 -37.789270   0.081460  0.000107  24421.094    32.077793   1.265934   5.629412    4862.261 1
 54.872630 -39.703003   0.065911  0.000297  19759.621    89.038360   1.271404   5.653737     482.000 0
 52.483830 -39.990944   0.054491  0.000150  16335.991    44.968869   1.271552   5.654395   -2735.092 1
 55.123070 -38.717945   0.049494  0.000187  14837.928    56.061190   1.285453   5.716210   -4142.781 1
 55.118460 -39.325820   0.062573  0.000150  18758.913    44.968869   1.292222   5.746310    -458.337 0
 54.472420 -40.054363   0.064628  0.000100  19374.987    29.979246   1.292878   5.749228     120.571 0
 55.179270 -39.009440   0.063020  0.000130  18892.921    38.973020   1.297802   5.771124    -332.414 0
 55.164467 -39.188774   0.071062  0.000183  21303.852    54.862020   1.300022   5.780993    1933.073 1
 54.937214 -39.694073   0.063654  0.000213  19082.989    63.855794   1.308765   5.819875    -153.812 0
 55.179512 -39.180485   0.070229  0.000220  21054.125    65.954341   1.310425   5.827254    1698.411 1
 55.170160 -39.322360   0.069550  0.000213  20850.565    63.855794   1.330300   5.915636    1507.132 1
 55.181835 -39.311333   0.069878  0.000297  20948.897    89.038360   1.336494   5.943181    1599.532 1
 55.197136 -39.297314   0.062428  0.000213  18715.444    63.855794   1.344894   5.980536    -499.185 0
 55.032948 -39.653015   0.053314  0.000213  15983.135    63.855794   1.352117   6.012653   -3066.661 1
 52.057568 -38.244858   0.081026  0.000200  24290.984    59.958492   1.357719   6.037565    4740.000 1
 52.236500 -38.068833   0.066299  0.000150  19875.940    44.968869   1.358619   6.041565     591.303 1
 54.598804 -40.067535   0.054074  0.000073  16210.977    21.884849   1.362406   6.058405   -2852.564 1
 53.304290 -40.359280   0.065050  0.000150  19501.499    44.968869   1.368441   6.085243     239.451 0
 55.261300 -38.849033   0.076970  0.000127  23075.025    38.073642   1.369879   6.091637    3597.397 1
 51.770386 -39.241802   0.058247  0.000103  17462.011    30.878623   1.372861   6.104900   -1677.001 1
 55.192814 -39.434948   0.062783  0.000140  18821.870    41.970944   1.378653   6.130655    -399.179 0
 52.876163 -37.701138   0.079168  0.000150  23733.969    44.968869   1.389091   6.177069    4216.589 1
 51.790894 -39.414630   0.049534  0.000300  14849.920    89.937737   1.398329   6.218149   -4131.513 1
 55.334670 -38.956585   0.076500  0.000410  22934.123    99.990000   1.419206   6.310987    3464.995 1
 55.229706 -39.494770   0.066786  0.000213  20021.939    63.855794   1.425526   6.339092     728.494 1
 55.355800 -38.950860   0.078100  0.000410  23413.791    99.990000   1.435804   6.384799    3915.726 1
 55.356480 -38.756450   0.063084  0.000127  18912.107    38.073642   1.456026   6.474720    -314.385 0
 55.375237 -38.738224   0.062489  0.000213  18733.731    63.855794   1.473530   6.552556    -482.000 0
 55.338352 -39.410637   0.066996  0.000133  20084.896    39.872397   1.479484   6.579035     787.652 1
 55.328820 -39.443100   0.066526  0.000133  19943.993    39.872397   1.481747   6.589099     655.250 1
 55.395325 -39.271160   0.075500  0.000410  22634.331    99.990000   1.490520   6.628109    3183.288 1
 52.384750 -40.209690   0.049311  0.000150  14783.066    44.968869   1.492254   6.635821   -4194.334 1
 52.977463 -40.451480   0.073067  0.000500  21904.936    99.990000   1.509046   6.710492    2497.895 1
 51.560830 -39.189610   0.063537  0.000153  19047.913    45.868246   1.526087   6.786273    -186.772 0
 55.448772 -38.706550   0.054264  0.000150  16267.938    44.968869   1.535541   6.828310   -2799.040 1
 55.481270 -38.868750   0.061388  0.000297  18403.659    89.038360   1.538089   6.839644    -792.160 1
 55.049282 -38.024094   0.047820  0.000130  14336.075    38.973020   1.544310   6.867308   -4614.359 1
 55.486126 -39.184246   0.067107  0.000297  20118.172    89.038360   1.547231   6.880298     818.922 1
 54.345540 -37.585613   0.081693  0.000113  24490.945    33.876548   1.556665   6.922249    4927.898 1
 55.219930 -39.820724   0.052858  0.000213  15846.430    63.855794   1.562229   6.946989   -3195.119 1
 51.498825 -39.135036   0.065562  0.000230  19654.993    68.952265   1.568280   6.973895     383.685 0
 53.215576 -40.571568   0.078588  0.000150  23560.090    44.968869   1.587916   7.061216    4053.199 1
 51.474580 -39.171215   0.066523  0.000147  19943.094    44.069491   1.590536   7.072865     654.405 1
 54.474167 -40.408417   0.061470  0.000150  18428.242    44.968869   1.595437   7.094660    -769.060 1
 55.483030 -39.460175   0.064508  0.000297  19339.012    89.038360   1.601334   7.120882      86.766 0
 51.485700 -39.361160   0.062863  0.000203  18845.853    60.857869   1.613572   7.175301    -376.642 0
 52.239788 -37.713894   0.058170  0.000150  17438.927    44.968869   1.621080   7.208688   -1698.692 1
 53.070770 -37.378460   0.063908  0.000150  19159.136    44.968869   1.657121   7.368959     -82.258 0
 55.623127 -38.779100   0.070622  0.000160  21171.943    47.966793   1.657516   7.370714    1809.122 1
 55.573383 -39.467354   0.069501  0.000304  20835.876    91.136907   1.670707   7.429372    1493.328 1
 53.513515 -37.328205   0.078171  0.000213  23435.076    63.855794   1.671948   7.434893    3935.727 1
 55.043205 -37.827766   0.047029  0.000157  14098.940    47.067416   1.671949   7.434895   -4837.189 1
 51.436504 -39.449800   0.062086  0.000247  18612.915    74.048737   1.672479   7.437253    -595.528 1
 53.546990 -40.675198   0.062513  0.000500  18740.926    99.990000   1.675303   7.449813    -475.240 0
 53.555466 -37.293465   0.046832  0.000150  14039.880    44.968869   1.707061   7.591036   -4892.685 1
 51.391426 -39.457428   0.063000  0.000150  18886.925    44.968869   1.708273   7.596425    -338.048 0
 54.178787 -40.635174   0.074758  0.000150  22411.885    44.968869   1.715798   7.629886    2974.261 1
 51.463516 -38.349290   0.063511  0.000217  19040.119    65.054963   1.717972   7.639553    -194.096 0
 51.366543 -39.445988   0.063674  0.000190  19088.985    56.960567   1.723919   7.665999    -148.178 0
 54.471676 -40.563858   0.061746  0.000137  18510.985    41.071567   1.733345   7.707917    -691.309 1
 55.735420 -38.877910   0.066999  0.000213  20085.795    63.855794   1.734291   7.712122     788.498 1
 51.572937 -38.127740   0.064021  0.000150  19193.013    44.968869   1.739465   7.735132     -50.426 0
 55.594310 -38.359447   0.067133  0.000183  20125.967    54.862020   1.742389   7.748134     826.246 1
 54.487570 -37.428024   0.056449  0.000103  16922.984    30.878623   1.746285   7.765458   -2183.510 1
 55.760136 -38.993160   0.067113  0.000130  20119.971    38.973020   1.749199   7.778418     820.612 1
 54.495743 -40.581040   0.065369  0.000150  19597.133    44.968869   1.756941   7.812844     329.315 0
 52.379227 -37.475390   0.063797  0.000143  19125.859    42.870321   1.759616   7.824739    -113.528 0
 51.303207 -39.399605   0.063961  0.000287  19175.025    86.040435   1.760411   7.828272     -67.328 0
 53.176333 -40.757167   0.064631  0.000150  19375.886    44.968869   1.775975   7.897484     121.416 0
 52.740414 -37.316887   0.060101  0.000187  18017.827    56.061190   1.786188   7.942902   -1154.716 1
 54.114643 -37.261894   0.071399  0.000150  21404.882    44.968869   1.800780   8.007790    2028.008 1
 51.284530 -39.507020   0.061799  0.000260  18526.874    77.946039   1.801771   8.012196    -676.378 1
 54.663290 -40.573723   0.062000  0.000333  18587.132    99.830889   1.811172   8.053998    -619.755 1
 55.706932 -39.632637   0.062330  0.000137  18686.064    41.071567   1.821195   8.098571    -526.792 0
 55.719597 -39.606567   0.064848  0.000297  19440.941    89.038360   1.821584   8.100301     182.546 0
 52.704400 -40.715977   0.052840  0.000150  15841.033    44.968869   1.826305   8.121295   -3200.190 1
 55.683000 -38.263000   0.050318  0.000227  15084.957    68.052888   1.843074   8.195862   -3910.655 1
 51.352745 -39.783665   0.054131  0.000150  16228.066    44.968869   1.850094   8.227082   -2836.507 1
 51.571285 -37.904100   0.064368  0.000150  19297.041    44.968869   1.862749   8.283353      47.327 0
 55.893950 -38.808260   0.063069  0.000297  18907.611    89.038360   1.863087   8.284856    -318.610 0
 53.382202 -37.135838   0.063451  0.000150  19022.131    44.968869   1.866929   8.301942    -210.998 0
 51.174900 -39.464410   0.061459  0.000150  18424.945    44.968869   1.872665   8.327451    -772.159 1
 53.417390 -37.115063   0.064000  0.003000  19186.717    99.990000   1.886441   8.388710     -56.341 0
 53.268470 -37.120174   0.079585  0.000073  23858.983    21.884849   1.889273   8.401303    4334.060 1
 51.034940 -38.765827   0.065008  0.000163  19488.908    48.866171   1.937198   8.614416     227.619 0
 51.036766 -38.736794   0.066840  0.000270  20038.128    80.943964   1.939518   8.624733     743.706 1
 52.366625 -37.272917   0.064051  0.000150  19202.007    44.968869   1.942161   8.636486     -41.974 0
 54.938090 -40.597614   0.050168  0.000150  15039.988    44.968869   1.945441   8.651072   -3952.911 1
 51.021385 -38.738865   0.066669  0.000150  19986.863    44.968869   1.951082   8.676159     695.534 1
 50.985374 -39.193280   0.048720  0.000150  14605.889    44.968869   1.970978   8.764634   -4360.822 1
 52.956070 -37.070866   0.061009  0.000090  18290.038    26.981321   1.976618   8.789712    -898.927 1
 51.902172 -37.455902   0.063000  0.000080  18886.925    23.983397   1.986133   8.832026    -338.048 0
 55.341496 -40.394610   0.054000  0.000410  16188.793    99.990000   1.992949   8.862332   -2873.410 1
 51.010440 -39.517857   0.063337  0.000157  18987.955    47.067416   2.009835   8.937424    -243.113 0
 55.326435 -40.442574   0.065800  0.000410  19726.344    99.990000   2.018593   8.976370     450.731 0
 51.798088 -37.464783   0.058611  0.000150  17571.136    44.968869   2.031251   9.032655   -1574.460 1
 55.475660 -40.342300   0.061547  0.000297  18451.326    89.038360   2.033833   9.044138    -747.368 1
 55.944397 -38.245320   0.047933  0.000173  14369.952    51.864095   2.037371   9.059872   -4582.526 1
 52.193558 -37.226150   0.064411  0.000140  19309.932    41.970944   2.047610   9.105401      59.440 0
 55.949990 -39.829280   0.061543  0.000150  18450.127    44.968869   2.070034   9.205117    -748.495 1
 50.881760 -39.434956   0.063080  0.000247  18910.908    74.048737   2.087795   9.284099    -315.512 0
 56.155136 -38.633260   0.071763  0.000150  21514.006    44.968869   2.088634   9.287830    2130.549 1
 53.618120 -36.890335   0.079168  0.000150  23733.969    44.968869   2.111508   9.389546    4216.589 1
 51.239815 -40.178570   0.052860  0.000150  15847.029    44.968869   2.121205   9.432667   -3194.556 1
 53.631900 -36.872300   0.063314  0.000150  18981.060    44.968869   2.129980   9.471691    -249.592 0
 50.878720 -39.644570   0.062870  0.000500  18847.952    99.990000   2.143540   9.531988    -374.670 0
 55.081234 -37.238056   0.047503  0.000274  14241.041    82.143133   2.144116   9.534551   -4703.660 1
 55.763527 -40.246178   0.070500  0.000410  21135.368    99.990000   2.149759   9.559642    1774.753 1
 55.810250 -40.200389   0.071253  0.000297  21361.112    89.038360   2.153599   9.576718    1986.879 1
 54.104584 -36.891647   0.062790  0.000150  18823.968    44.968869   2.158650   9.599178    -397.207 0
 50.800385 -39.524403   0.054484  0.000117  16333.892    35.075718   2.169550   9.647651   -2737.064 1
 53.608013 -36.819454   0.063237  0.000167  18957.976    50.065340   2.182044   9.703208    -271.284 0
 56.316593 -38.895763   0.062710  0.000260  18799.985    77.946039   2.184129   9.712481    -419.743 0
 51.430687 -37.524426   0.055585  0.000130  16663.964    38.973020   2.188001   9.729698   -2426.905 1
 55.029312 -37.149857   0.081359  0.000150  24390.815    44.968869   2.195197   9.761697    4833.808 1
 53.017414 -41.164684   0.064898  0.000150  19455.931    44.968869   2.198037   9.774326     196.631 0
 53.155045 -41.181390   0.078254  0.000173  23459.959    51.864095   2.198550   9.776611    3959.108 1
 56.254120 -38.462715   0.070282  0.000087  21070.014    26.081944   2.199745   9.781922    1713.341 1
 55.941630 -40.136143   0.069442  0.000297  20818.188    89.038360   2.205325   9.806738    1476.707 1
 52.776035 -41.135470   0.049601  0.000260  14870.006    77.946039   2.210061   9.827795   -4112.639 1
 50.667810 -39.191930   0.062733  0.000117  18806.880    35.075718   2.216599   9.856869    -413.264 0
 56.258730 -38.382477   0.048980  0.000127  14683.835    38.073642   2.224153   9.890463   -4287.579 1
 56.121082 -38.060555   0.049290  0.000150  14776.770    44.968869   2.236625   9.945923   -4200.250 1
 54.285885 -36.835410   0.062820  0.000093  18832.962    27.880699   2.247284   9.993324    -388.755 0
 56.307064 -38.430000   0.049234  0.000173  14759.982    51.864095   2.247740   9.995351   -4216.025 1
 51.527374 -40.646446   0.058510  0.000150  17540.857    44.968869   2.254497  10.025397   -1602.912 1
 50.616783 -38.775120   0.063084  0.000187  18912.107    56.061190   2.259177  10.046209    -314.385 0
 56.430847 -39.031690   0.067086  0.000150  20111.877    44.968869   2.270644  10.097199     813.006 1
 50.653748 -38.486120   0.081656  0.000157  24479.853    47.067416   2.277969  10.129772    4917.475 1
 56.429424 -39.244780   0.064447  0.000213  19320.725    63.855794   2.282466  10.149772      69.582 0
 56.269910 -39.809370   0.061739  0.000150  18508.887    44.968869   2.292897  10.196158    -693.281 1
 53.020237 -41.263520   0.050075  0.000150  15012.107    44.968869   2.295066  10.205802   -3979.110 1
 55.861317 -40.407887   0.081414  0.000213  24407.303    63.855794   2.307085  10.259248    4849.302 1
 56.400177 -38.465240   0.048510  0.000150  14542.932    44.968869   2.309393  10.269509   -4419.981 1
 53.819640 -36.702650   0.078721  0.000150  23599.962    44.968869   2.310120  10.272744    4090.666 1
 56.228977 -38.048904   0.048934  0.000150  14670.044    44.968869   2.317743  10.306641   -4300.537 1
 50.966274 -40.212902   0.054288  0.000113  16275.133    33.876548   2.318766  10.311191   -2792.279 1
 50.528126 -38.734127   0.065479  0.000307  19630.110    92.036285   2.332064  10.370325     360.303 0
 52.067890 -41.068850   0.059928  0.000150  17965.962    44.968869   2.352534  10.461354   -1203.452 1
 52.142780 -41.099953   0.059575  0.000130  17860.136    38.973020   2.353097  10.463854   -1302.894 1
 50.808750 -37.925583   0.055850  0.000150  16743.409    44.968869   2.357853  10.485005   -2352.252 1
 50.672077 -38.154747   0.052396  0.000147  15707.926    44.069491   2.361483  10.501147   -3325.268 1
 54.882492 -36.888170   0.048567  0.000183  14560.020    54.862020   2.366268  10.522426   -4403.924 1
 52.457603 -36.769093   0.081720  0.000150  24499.040    44.968869   2.376066  10.565997    4935.504 1
 56.173951 -40.165639   0.081790  0.000297  24520.025    89.038360   2.376235  10.566747    4955.224 1
 56.520380 -39.476100   0.080683  0.000213  24188.155    63.855794   2.387918  10.618698    4643.374 1
 50.663082 -39.949080   0.053017  0.000150  15894.097    44.968869   2.406915  10.703176   -3150.328 1
 56.496784 -38.350900   0.070282  0.000173  21070.014    51.864095   2.410739  10.720183    1713.341 1
 56.553513 -38.517624   0.078521  0.000260  23540.004    77.946039   2.414461  10.736733    4034.324 1
 51.347830 -37.264973   0.054480  0.000333  16332.693    99.830889   2.415080  10.739484   -2738.191 1
 55.355220 -40.967678   0.061806  0.000150  18528.973    44.968869   2.434949  10.827840    -674.406 1
 56.620250 -39.318780   0.074500  0.000410  22334.538    99.990000   2.438525  10.843740    2901.581 1
 53.230534 -41.434555   0.049868  0.000087  14950.050    26.081944   2.444029  10.868217   -4037.423 1
 50.355650 -38.884495   0.053841  0.000244  16141.126    73.149360   2.453607  10.910810   -2918.202 1
 56.578243 -39.646687   0.076360  0.000333  22892.152    99.830889   2.471053  10.988390    3425.556 1
 52.955810 -41.447433   0.064912  0.000130  19460.128    38.973020   2.484804  11.049535     200.575 1
 56.724950 -38.994247   0.066980  0.000130  20080.099    38.973020   2.498992  11.112629     783.145 1
 55.728024 -37.182896   0.050365  0.000077  15099.047    23.084019   2.505071  11.139661   -3897.415 1
 56.542366 -39.850780   0.061600  0.000410  18467.215    99.990000   2.505883  11.143272    -732.438 1
 56.375706 -40.187630   0.071900  0.000150  21555.078    44.968869   2.524319  11.225254    2169.143 1
 50.633870 -40.192093   0.062226  0.000150  18654.885    44.968869   2.532676  11.262415    -556.089 1
 56.761738 -38.798420   0.062810  0.000173  18829.964    51.864095   2.535612  11.275473    -391.573 1
 56.252430 -37.606964   0.050962  0.000123  15278.023    36.874472   2.546646  11.324539   -3729.236 1
 51.083786 -40.747463   0.065959  0.000237  19774.011    71.050813   2.570287  11.429668     495.522 1
 53.217167 -41.573470   0.049730  0.000150  14908.679    44.968869   2.583319  11.487616   -4076.299 1
 50.177850 -39.096443   0.055352  0.000163  16594.112    48.866171   2.590846  11.521090   -2492.542 1
 52.948833 -41.564610   0.062330  0.000150  18686.064    44.968869   2.601193  11.567100    -526.792 1
 50.154560 -39.027190   0.056402  0.000130  16908.894    38.973020   2.607296  11.594240   -2196.750 1
 54.530422 -41.485325   0.062727  0.000133  18805.082    39.872397   2.608787  11.600869    -414.954 1
 53.481144 -41.609486   0.075219  0.000217  22550.089    65.054963   2.609428  11.603720    3104.128 1
 50.146545 -38.920624   0.055702  0.000183  16699.039    54.862020   2.614594  11.626694   -2393.945 1
 52.225160 -36.579727   0.064298  0.000217  19276.055    65.054963   2.618101  11.642288      27.607 1
 51.216686 -37.075573   0.073641  0.000140  22077.016    41.970944   2.622701  11.662743    2659.595 1
 53.831430 -36.377552   0.063003  0.000173  18887.824    51.864095   2.634515  11.715280    -337.203 1
 54.675457 -41.474075   0.060599  0.000173  18167.123    51.864095   2.634685  11.716033   -1014.426 1
 53.691956 -36.364273   0.069708  0.000150  20897.933    44.968869   2.639694  11.738310    1551.641 1
 50.148500 -38.569996   0.054634  0.000203  16378.861    60.857869   2.647050  11.771019   -2694.808 1
 50.950798 -37.251152   0.058881  0.000500  17652.080    99.990000   2.648129  11.775816   -1498.399 1
 50.101097 -39.041515   0.055992  0.000203  16785.979    60.857869   2.649027  11.779812   -2312.250 1
 55.071007 -41.358498   0.061940  0.000177  18569.145    53.063265   2.652303  11.794377    -636.658 1
 56.828083 -38.377810   0.054454  0.000447  16324.899    99.990000   2.653157  11.798176   -2745.515 1
 50.550182 -40.331932   0.057937  0.000150  17369.076    44.968869   2.657492  11.817455   -1764.330 1
 55.312700 -41.259594   0.058817  0.000150  17632.893    44.968869   2.658794  11.823243   -1516.428 1
 51.585117 -36.801510   0.064118  0.000123  19222.093    36.874472   2.658996  11.824141     -23.100 1
 55.606920 -41.102493   0.058580  0.000153  17561.842    45.868246   2.660286  11.829876   -1583.193 1
 50.133335 -38.536823   0.053077  0.000150  15912.084    44.968869   2.664248  11.847494   -3133.426 1
 50.100870 -38.714280   0.053470  0.000207  16029.903    62.057039   2.664262  11.847558   -3022.715 1
 50.124317 -38.549164   0.056012  0.000157  16791.975    47.067416   2.669036  11.868790   -2306.616 1
 56.922760 -39.301970   0.080289  0.000217  24070.037    65.054963   2.669827  11.872306    4532.382 1
 56.415333 -40.429720   0.053740  0.000150  16110.847    44.968869   2.672807  11.885556   -2946.654 1
 50.814903 -37.328728   0.064848  0.000150  19440.941    44.968869   2.679250  11.914206     182.546 1
 54.465027 -41.576405   0.061973  0.000113  18579.038    33.876548   2.681174  11.922761    -627.361 1
 56.936245 -38.666780   0.073651  0.000173  22080.014    51.864095   2.683976  11.935223    2662.412 1
 50.077710 -38.687954   0.053684  0.000193  16094.058    57.859944   2.685091  11.940181   -2962.430 1
 56.929993 -39.387310   0.075385  0.000130  22599.854    38.973020   2.686378  11.945906    3150.891 1
 55.514072 -36.811398   0.050405  0.000150  15111.039    44.968869   2.686609  11.946933   -3886.146 1
 50.157204 -38.312810   0.065689  0.000143  19693.067    42.870321   2.694251  11.980915     419.462 1
 54.373398 -36.373665   0.072448  0.000067  21719.364    20.086095   2.710963  12.055232    2323.518 1
 54.423985 -36.382890   0.069554  0.000089  20851.765    26.681529   2.712064  12.060126    1508.259 1
 57.000683 -38.936270   0.067123  0.000150  20122.969    44.968869   2.714021  12.068831     823.429 1
 52.601913 -36.376442   0.064064  0.000137  19205.904    41.071567   2.716830  12.081319     -38.312 1
 55.338116 -36.683693   0.050602  0.000093  15170.098    27.880699   2.717687  12.085133   -3830.650 1
 53.913456 -36.296932   0.048437  0.000150  14521.047    44.968869   2.721399  12.101639   -4440.545 1
 54.408157 -36.368656   0.072144  0.000084  21628.227    25.182566   2.722621  12.107073    2237.879 1
 50.168236 -38.170780   0.066293  0.000117  19874.141    35.075718   2.725768  12.121065     589.612 1
 56.986610 -38.606777   0.073618  0.000217  22070.121    65.054963   2.730814  12.143504    2653.115 1
 54.468254 -41.628677   0.060475  0.000120  18129.949    35.975095   2.732121  12.149318   -1049.358 1
 50.065098 -39.570870   0.081563  0.000150  24451.972    44.968869   2.736849  12.170341    4891.276 1
 55.362710 -41.331750   0.064545  0.000230  19350.104    68.952265   2.740603  12.187034      97.189 1
 57.056560 -39.248440   0.052169  0.000130  15639.873    38.973020   2.767853  12.308211   -3389.215 1
 56.904682 -38.152233   0.079555  0.000217  23849.989    65.054963   2.771553  12.324664    4325.609 1
 57.077255 -38.909760   0.052036  0.000130  15600.000    38.973020   2.774250  12.336658   -3426.682 1
 54.483917 -41.671165   0.060100  0.000150  18017.527    44.968869   2.776318  12.345856   -1154.998 1
 50.024340 -39.621777   0.062877  0.000334  18850.050    99.990000   2.778779  12.356796    -372.698 1
 52.983700 -41.759098   0.074885  0.000304  22449.958    91.136907   2.789027  12.402368    3010.038 1
 54.533320 -36.323120   0.052101  0.000101  15619.487    30.279038   2.792802  12.419156   -3408.371 1
 54.914078 -36.420887   0.050240  0.000137  15061.573    41.071567   2.800778  12.454622   -3932.628 1
 54.924847 -36.419197   0.050224  0.000070  15056.776    20.985472   2.805605  12.476088   -3937.135 1
 52.050377 -41.566875   0.072534  0.000500  21745.146    99.990000   2.806003  12.477859    2347.745 1
 54.697150 -41.661976   0.066069  0.000127  19806.988    38.073642   2.817342  12.528282     526.510 1
 54.413906 -41.730175   0.062463  0.000130  18725.936    38.973020   2.819079  12.536003    -489.325 1
 49.974503 -38.359480   0.055528  0.000327  16646.876    98.032134   2.820805  12.543680   -2442.962 1
 54.936085 -36.404550   0.050415  0.000078  15114.037    23.383812   2.822504  12.551237   -3883.329 1
 55.527534 -36.638970   0.051856  0.000150  15546.038    44.968869   2.834627  12.605147   -3477.390 1
 49.864216 -39.215485   0.055035  0.000230  16499.078    68.952265   2.840968  12.633341   -2581.844 1
 55.648174 -41.313250   0.061779  0.000150  18520.878    44.968869   2.848378  12.666293    -682.012 1
 50.975605 -41.069958   0.058434  0.000123  17518.072    36.874472   2.856817  12.703820   -1624.322 1
 49.808098 -38.999070   0.063384  0.000247  19002.045    74.048737   2.876407  12.790934    -229.873 1
 55.094135 -36.397526   0.047271  0.000083  14171.489    24.882774   2.879324  12.803905   -4769.016 1
 55.852043 -41.236610   0.058810  0.000150  17630.794    44.968869   2.883813  12.823866   -1518.400 1
 54.274750 -36.177475   0.051627  0.000110  15477.385    32.977170   2.884669  12.827672   -3541.901 1
 49.806126 -38.696470   0.055709  0.000304  16701.138    91.136907   2.893917  12.868799   -2391.973 1
 54.777184 -36.274303   0.051596  0.000116  15468.092    34.775925   2.898454  12.888976   -3550.633 1
 54.714558 -36.250240   0.051668  0.000046  15489.677    13.790453   2.905041  12.918265   -3530.351 1
 50.914925 -36.908436   0.065405  0.000137  19607.926    41.071567   2.905254  12.919213     339.457 1
 50.868800 -41.057740   0.062503  0.000127  18737.928    38.073642   2.905984  12.922459    -478.057 1
 53.038742 -41.885920   0.065078  0.000130  19509.894    38.973020   2.908853  12.935217     247.339 1
 49.892365 -38.246270   0.055572  0.000250  16660.066    74.948115   2.910258  12.941465   -2430.567 1
 50.604233 -40.847527   0.061733  0.000333  18507.088    99.830889   2.917189  12.972283    -694.971 1
 55.298397 -41.571810   0.061382  0.000117  18401.861    35.075718   2.923440  13.000083    -793.850 1
 54.810856 -36.254242   0.050485  0.000069  15135.022    20.685680   2.926270  13.012668   -3863.610 1
 54.559727 -36.181854   0.051971  0.000144  15580.514    43.170114   2.934132  13.047627   -3444.993 1
 57.147427 -38.211950   0.077787  0.000150  23319.956    44.968869   2.935123  13.052034    3827.551 1
 57.070610 -38.019630   0.049171  0.000150  14741.095    44.968869   2.936171  13.056696   -4233.773 1
 50.138080 -37.650505   0.056029  0.000150  16797.072    44.968869   2.947160  13.105559   -2301.827 1
 51.542630 -41.524120   0.058874  0.000130  17649.981    38.973020   2.950679  13.121211   -1500.371 1
 55.719044 -41.409252   0.080479  0.000150  24126.997    44.968869   2.958500  13.155990    4585.906 1
 50.460335 -40.773500   0.061660  0.000333  18485.203    99.830889   2.959631  13.161019    -715.535 1
 49.798380 -38.304775   0.064044  0.000150  19199.908    44.968869   2.966609  13.192047     -43.946 1
 55.597755 -41.486042   0.080586  0.000274  24159.075    82.143133   2.968798  13.201783    4616.049 1
 52.749054 -41.910510   0.049414  0.000150  14813.945    44.968869   2.969732  13.205937   -4165.318 1
 53.711810 -36.034240   0.064527  0.000073  19344.708    21.884849   2.970081  13.207485      92.118 1
 50.268974 -37.408880   0.054000  0.000333  16188.793    99.830889   2.978871  13.246575   -2873.410 1
 50.815680 -41.125053   0.063697  0.000280  19095.880    83.941888   2.982853  13.264283    -141.699 1
 49.665707 -39.125640   0.081583  0.000157  24457.968    47.067416   2.989700  13.294731    4896.911 1
 54.108210 -36.036720   0.061358  0.000059  18394.666    17.687755   2.999753  13.339432    -800.611 1
 55.523056 -41.559742   0.060949  0.000117  18272.051    35.075718   3.000091  13.340940    -915.829 1
 49.861286 -38.017920   0.066076  0.000150  19809.086    44.968869   3.000402  13.342319     528.482 1
 55.655933 -41.495230   0.061636  0.000140  18478.008    41.970944   3.001388  13.346706    -722.296 1
 52.908558 -41.965645   0.059341  0.000217  17789.984    65.054963   3.002026  13.349541   -1368.814 1
 55.189896 -36.296803   0.073909  0.000144  22157.361    43.170114   3.002298  13.350750    2735.092 1
 56.238617 -41.126457   0.053600  0.000333  16068.876    99.830889   3.003326  13.355324   -2986.093 1
 56.284996 -41.090927   0.059968  0.000150  17977.954    44.968869   3.004053  13.358554   -1192.184 1
 56.960556 -37.641130   0.047209  0.000230  14152.902    68.952265   3.006745  13.370527   -4786.482 1
 50.866505 -41.201540   0.064068  0.000170  19207.103    50.964718   3.010732  13.388257     -37.185 1
 53.833270 -35.991596   0.052028  0.000157  15597.602    47.067416   3.019067  13.425321   -3428.936 1
 51.730667 -41.686794   0.050325  0.000150  15087.055    44.968869   3.021389  13.435646   -3908.683 1
 49.637905 -38.716434   0.080199  0.000113  24043.055    33.876548   3.022019  13.438448    4507.028 1
 50.596370 -41.009674   0.062013  0.000213  18591.030    63.855794   3.027045  13.460799    -616.093 1
 55.645470 -41.533560   0.061599  0.000304  18466.916    91.136907   3.028863  13.468881    -732.720 1
 54.941605 -36.179880   0.049969  0.000113  14980.329    33.876548   3.031970  13.482701   -4008.971 1
 55.401200 -41.653862   0.061392  0.000133  18404.859    39.872397   3.033776  13.490728    -791.033 1
 55.770374 -41.473800   0.061346  0.000147  18391.068    44.069491   3.034220  13.492705    -803.991 1
 54.827812 -36.143250   0.050396  0.000077  15108.341    23.084019   3.035087  13.496561   -3888.682 1
 55.629000 -41.549656   0.060849  0.000344  18242.071    99.990000   3.035373  13.497833    -944.000 1
 56.899136 -37.492226   0.078067  0.000274  23403.898    82.143133   3.035399  13.497949    3906.429 1
 50.815440 -41.202297   0.063317  0.000213  18981.959    63.855794   3.038492  13.511699    -248.747 1
 56.155590 -41.238483   0.057190  0.000150  17145.131    44.968869   3.039633  13.516775   -1974.765 1
 51.110306 -36.590694   0.056849  0.000123  17042.901    36.874472   3.046552  13.547542   -2070.827 1
 49.662470 -38.408947   0.064825  0.000294  19434.046    88.138983   3.047477  13.551655     176.067 1
 50.702694 -41.131374   0.064855  0.000223  19443.040    66.853718   3.049532  13.560795     184.518 1
 53.943115 -42.035713   0.063577  0.000173  19059.905    51.864095   3.054223  13.581654    -175.503 1
 49.577730 -38.898823   0.081430  0.000117  24412.100    35.075718   3.057116  13.594518    4853.809 1
 54.927555 -36.147940   0.049277  0.000041  14772.873    12.291491   3.057750  13.597339   -4203.912 1
 54.651917 -36.070790   0.062398  0.000065  18706.450    19.486510   3.060978  13.611693    -507.636 1
 50.708576 -41.154743   0.069481  0.000133  20829.880    39.872397   3.062659  13.619169    1487.694 1
 50.865090 -41.271263   0.062987  0.000087  18883.028    26.081944   3.062819  13.619881    -341.710 1
 51.011166 -41.376663   0.066016  0.000163  19791.099    48.866171   3.068720  13.646118     511.580 1
 55.860172 -41.467186   0.059124  0.000163  17724.929    48.866171   3.069842  13.651111   -1429.944 1
 50.659140 -41.127354   0.063250  0.000217  18961.873    65.054963   3.071047  13.656468    -267.622 1
 55.778694 -41.519890   0.061970  0.000150  18578.139    44.968869   3.075614  13.676777    -628.206 1
 53.549698 -35.923850   0.052663  0.000182  15787.970    54.562227   3.076460  13.680538   -3250.052 1
 52.236520 -36.084873   0.063897  0.000130  19155.839    38.973020   3.078523  13.689711     -85.357 1
 55.728714 -41.552880   0.059715  0.000157  17902.107    47.067416   3.080787  13.699780   -1263.455 1
 53.626488 -42.085020   0.063944  0.000173  19169.929    51.864095   3.086213  13.723908     -72.117 1
 49.637030 -38.315163   0.055348  0.000220  16592.913    65.954341   3.086325  13.724407   -2493.669 1
 50.791510 -41.261208   0.061416  0.000153  18412.054    45.868246   3.094120  13.759069    -784.272 1
 50.670280 -41.171860   0.065602  0.000177  19666.985    53.063265   3.095865  13.766829     394.953 1
 57.155098 -37.750607   0.078267  0.000150  23463.856    44.968869   3.096577  13.769996    3962.771 1
 55.848827 -41.520214   0.060855  0.000157  18243.870    47.067416   3.107451  13.818350    -942.310 1
 50.841500 -41.320520   0.064678  0.000170  19389.977    50.964718   3.111705  13.837268     134.656 1
 53.947250 -35.906975   0.050784  0.000050  15224.660    14.989623   3.111839  13.837865   -3779.379 1
 53.867577 -35.894970   0.077386  0.000066  23199.739    19.786302   3.117635  13.863636    3714.587 1
 54.506443 -35.979927   0.072250  0.000048  21660.005    14.390038   3.118043  13.865453    2267.740 1
 50.846085 -41.340717   0.067407  0.000310  20208.110    92.935662   3.124433  13.893868     903.434 1
 50.506172 -41.080690   0.060325  0.000147  18084.980    44.069491   3.126619  13.903589   -1091.614 1
 53.471252 -42.132050   0.049848  0.000150  14944.054    44.968869   3.132040  13.927694   -4043.057 1
 53.474800 -35.862550   0.051579  0.000140  15462.995    41.970944   3.137715  13.952929   -3555.422 1
 50.866890 -41.375813   0.067376  0.000097  20198.817    29.079868   3.140213  13.964037     894.701 1
 55.841630 -41.565570   0.059164  0.000100  17736.921    29.979246   3.141115  13.968048   -1418.676 1
 53.512424 -35.857723   0.051474  0.000116  15431.517    34.775925   3.142428  13.973888   -3585.002 1
 56.187190 -36.645040   0.076136  0.000123  22824.999    36.874472   3.142831  13.975681    3362.453 1
 52.574530 -42.058083   0.049901  0.000130  14959.943    38.973020   3.143047  13.976639   -4028.127 1
 53.210750 -42.135887   0.063360  0.000150  18994.850    44.968869   3.144312  13.982265    -236.634 1
 55.112220 -36.108406   0.061757  0.000095  18514.283    28.480284   3.148628  14.001456    -688.210 1
 54.931713 -41.948536   0.074625  0.000160  22372.012    47.966793   3.148785  14.002157    2936.794 1
 50.702965 -41.278110   0.065612  0.000097  19669.983    29.079868   3.153683  14.023936     397.770 1
 56.159910 -41.391430   0.080376  0.000220  24096.119    65.954341   3.156149  14.034902    4556.890 1
 57.355990 -40.019573   0.051589  0.000150  15465.993    44.968869   3.158433  14.045062   -3552.605 1
 50.827595 -41.373943   0.064611  0.000173  19369.891    51.864095   3.158862  14.046968     115.782 1
 53.608402 -35.841730   0.048107  0.000150  14422.116    44.968869   3.159358  14.049173   -4533.509 1
 53.498795 -42.162888   0.049458  0.000150  14827.135    44.968869   3.162749  14.064251   -4152.923 1
 54.658028 -35.965180   0.062244  0.000092  18660.282    27.580906   3.163532  14.067735    -551.019 1
 51.990875 -36.064583   0.081100  0.000333  24313.168    99.830889   3.163879  14.069276    4760.846 1
 56.464860 -41.178192   0.057433  0.000180  17217.980    53.962642   3.165347  14.075806   -1906.310 1
 56.352062 -41.269962   0.057860  0.000150  17345.992    44.968869   3.167428  14.085059   -1786.022 1
 50.793130 -41.363090   0.066249  0.000133  19860.951    39.872397   3.168495  14.089805     577.217 1
 56.118870 -41.436090   0.079728  0.000100  23901.853    29.979246   3.169618  14.094799    4374.344 1
 55.852787 -41.595375   0.061479  0.000143  18430.941    42.870321   3.170476  14.098615    -766.524 1
 56.443160 -41.204210   0.060008  0.000133  17989.946    39.872397   3.171159  14.101652   -1180.915 1
 53.749348 -35.831610   0.047747  0.000024  14314.190     7.195019   3.174025  14.114394   -4634.923 1
 54.558860 -42.068344   0.080592  0.000177  24160.874    53.063265   3.174752  14.117629    4617.739 1
 50.447980 -41.102306   0.060365  0.000200  18096.972    59.958492   3.174792  14.117804   -1080.346 1
 50.555252 -41.193466   0.063611  0.000113  19070.098    33.876548   3.175083  14.119099    -165.925 1
 50.656660 -41.274845   0.065936  0.000240  19767.116    71.950190   3.176336  14.124673     489.043 1
 53.786750 -35.830788   0.070629  0.000084  21174.042    25.182566   3.176685  14.126225    1811.094 1
 57.571540 -38.634853   0.053404  0.000130  16010.116    38.973020   3.177972  14.131949   -3041.307 1
 53.603900 -35.810844   0.052115  0.000145  15623.684    43.469906   3.190152  14.186111   -3404.428 1
 50.695750 -41.326360   0.065375  0.000200  19598.932    59.958492   3.192547  14.196759     331.006 1
 49.474020 -38.397860   0.064995  0.000150  19485.011    44.968869   3.193346  14.200314     223.957 1
 50.592780 -41.252693   0.067196  0.000190  20144.854    56.960567   3.195529  14.210020     843.994 1
 50.494205 -41.174477   0.059808  0.000133  17929.987    39.872397   3.196607  14.214814   -1237.257 1
 54.254650 -42.144543   0.065645  0.000217  19679.876    65.054963   3.197294  14.217867     407.066 1
 50.501713 -41.185570   0.063998  0.000190  19186.118    56.960567   3.199898  14.229450     -56.905 1
 53.620693 -35.801323   0.053099  0.000231  15918.680    69.252058   3.199997  14.229889   -3127.228 1
 50.699005 -41.339990   0.066636  0.000290  19976.970    86.939813   3.200765  14.233304     686.238 1
 50.551033 -41.227360   0.062937  0.000150  18868.038    44.968869   3.200944  14.234102    -355.796 1
 53.971336 -35.818153   0.059786  0.000086  17923.392    25.782151   3.202188  14.239631   -1243.454 1
 51.108467 -41.602970   0.063544  0.000260  19050.012    77.946039   3.202499  14.241017    -184.800 1
 56.670418 -36.945137   0.061260  0.000333  18365.286    99.830889   3.202810  14.242397    -828.218 1
 50.579575 -41.254948   0.061669  0.000200  18487.901    59.958492   3.204403  14.249479    -713.000 1
 56.114742 -41.484333   0.053877  0.000183  16151.918    54.862020   3.204815  14.251314   -2908.060 1
 55.727290 -36.298306   0.078270  0.000333  23464.756    99.830889   3.204834  14.251399    3963.616 1
 57.485855 -38.150000   0.049301  0.000150  14780.068    44.968869   3.205124  14.252689   -4197.151 1
 55.680730 -36.268780   0.077080  0.000330  23108.003    98.931511   3.210601  14.277041    3628.385 1
 49.461906 -39.647667   0.065275  0.000150  19568.953    44.968869   3.211405  14.280618     302.835 1
