 17.211240 -15.409003   0.053073  0.000050  15910.885    14.989623   0.002599   0.009817     -64.609 0
 17.205208 -15.408916   0.056432  0.000147  16917.888    44.069491   0.003583   0.013530     891.436 0
 17.203474 -15.409938   0.055980  0.000240  16782.382    71.950190   0.005087   0.019211     762.787 0
 17.212963 -15.406324   0.052623  0.000117  15775.979    35.075718   0.005478   0.020689    -192.689 0
 17.206930 -15.402748   0.053924  0.000334  16166.009    99.990000   0.007461   0.028178     177.604 0
 17.208080 -15.420580   0.054720  0.000180  16404.643    53.962642   0.010600   0.040031     404.163 0
 17.197660 -15.413010   0.052630  0.000090  15778.077    26.981321   0.011107   0.041947    -190.697 0
 17.205783 -15.423872   0.053937  0.000077  16169.906    23.084019   0.014164   0.053492     181.304 0
 17.218527 -15.421863   0.055031  0.000157  16497.879    47.067416   0.015152   0.057222     492.681 0
 17.212763 -15.428306   0.054144  0.000100  16231.963    29.979246   0.018710   0.070662     240.221 0
 17.214252 -15.391004   0.054244  0.000093  16261.942    27.880699   0.019723   0.074485     268.683 0
 17.230750 -15.409289   0.065592  0.000624  19663.987    99.990000   0.021221   0.080144    3498.575 1
 17.231232 -15.417210   0.055005  0.000337  16490.084    99.990000   0.022842   0.086264     485.281 0
 17.223606 -15.390222   0.052883  0.000103  15853.925    30.878623   0.024419   0.092222    -118.687 0
 17.214314 -15.435643   0.054137  0.000230  16229.864    68.952265   0.026198   0.098940     238.229 0
 17.182386 -15.416354   0.053687  0.000100  16094.958    29.979246   0.026198   0.098942     110.149 0
 17.182232 -15.420900   0.058414  0.000190  17512.077    56.960567   0.027791   0.104958    1455.557 0
 17.214860 -15.381630   0.051289  0.000047  15376.055    14.090246   0.028975   0.109428    -572.375 0
 17.199255 -15.438351   0.056586  0.000090  16964.056    26.981321   0.029792   0.112514     935.268 0
 17.224937 -15.437801   0.056416  0.000040  16913.091    11.991698   0.031881   0.120404     886.882 0
 17.240250 -15.420742   0.058210  0.000093  17450.919    27.880699   0.032211   0.121651    1397.495 0
 17.217373 -15.378405   0.054611  0.000097  16371.966    29.079868   0.032670   0.123384     373.140 0
 17.177876 -15.395945   0.049598  0.000080  14869.106    23.983397   0.032916   0.124311   -1053.671 0
 17.190449 -15.440487   0.051840  0.000200  15541.241    59.958492   0.035224   0.133029    -415.548 0
 17.173817 -15.395460   0.050321  0.000080  15085.856    23.983397   0.036682   0.138534    -847.889 0
 17.169870 -15.414580   0.055760  0.000230  16716.427    68.952265   0.037761   0.142610     700.170 0
 17.222025 -15.448099   0.047876  0.000170  14352.864    50.964718   0.040191   0.151787   -1543.790 0
 17.177440 -15.436990   0.052360  0.000200  15697.133    59.958492   0.040491   0.152922    -267.545 0
 17.239975 -15.373720   0.051796  0.000113  15528.050    33.876548   0.047142   0.178039    -428.072 0
 17.161150 -15.433070   0.054360  0.000160  16296.718    47.966793   0.051361   0.193974     301.699 0
 17.231062 -15.362688   0.047833  0.000077  14339.973    23.084019   0.051972   0.196280   -1556.029 0
 17.182990 -15.361360   0.057750  0.000180  17313.014    53.962642   0.054613   0.206253    1266.568 0
 17.152170 -15.402670   0.051820  0.000030  15535.245     8.993774   0.055036   0.207852    -421.241 0
 17.208244 -15.352117   0.051622  0.000397  15475.886    99.990000   0.057885   0.218611    -477.596 0
 17.161228 -15.373326   0.058324  0.000097  17485.095    29.079868   0.058684   0.221630    1429.941 0
 17.273207 -15.404443   0.050225  0.000070  15057.076    20.985472   0.062388   0.235616    -875.213 0
 17.201700 -15.472637   0.055251  0.000087  16563.833    26.081944   0.063005   0.237946     555.298 0
 17.268510 -15.438800   0.049500  0.000140  14839.727    41.970944   0.064409   0.243250   -1081.564 0
 17.141432 -15.406111   0.057223  0.000053  17155.024    15.889000   0.065014   0.245535    1116.572 0
 17.276714 -15.413591   0.058864  0.000103  17646.983    30.878623   0.065619   0.247819    1583.637 1
 17.197360 -15.340540   0.053570  0.000330  16059.882    98.931511   0.070323   0.265583      76.848 0
 17.136879 -15.397918   0.055100  0.000333  16518.564    99.830889   0.070333   0.265621     512.320 0
 17.228380 -15.479176   0.052446  0.000203  15722.915    60.857869   0.071718   0.270852    -243.067 0
 17.136000 -15.427230   0.055900  0.000210  16758.398    62.956416   0.072220   0.272749     740.017 0
 17.192900 -15.481410   0.056770  0.000260  17019.218    77.946039   0.073027   0.275795     987.639 0
 17.245700 -15.474016   0.058814  0.000213  17631.994    63.855794   0.073259   0.276674    1569.406 0
 17.221450 -15.336687   0.051792  0.000037  15526.851    11.092321   0.074328   0.280711    -429.210 0
 17.161777 -15.469116   0.038723  0.000053  11608.863    15.889000   0.074467   0.281236   -4148.936 1
 17.129883 -15.397691   0.053714  0.000150  16103.052    44.968869   0.077022   0.290883     117.834 0
 17.127460 -15.406278   0.053260  0.000100  15966.946    29.979246   0.078456   0.296300     -11.385 0
 17.127040 -15.400220   0.054360  0.000450  16296.718    99.990000   0.079377   0.299779     301.699 0
 17.149597 -15.352839   0.053647  0.000220  16082.966    65.954341   0.080743   0.304936      98.764 0
 17.232962 -15.331478   0.055288  0.000160  16574.925    47.966793   0.081918   0.309374     565.829 0
 17.204070 -15.328000   0.053690  0.000210  16095.857    62.956416   0.082124   0.310153     111.003 0
 17.117195 -15.425300   0.049484  0.000117  14834.930    35.075718   0.089580   0.338310   -1086.118 0
 17.159573 -15.488268   0.053500  0.000330  16038.897    98.931511   0.091507   0.345588      56.924 0
 17.301159 -15.437797   0.056382  0.000110  16902.898    32.977170   0.093323   0.352446     877.205 0
 17.165792 -15.497703   0.054381  0.000080  16303.014    23.983397   0.096989   0.366293     307.676 0
 17.108050 -15.421090   0.054570  0.000080  16359.674    23.983397   0.097711   0.369020     361.470 0
 17.263826 -15.327367   0.050938  0.000334  15270.828    99.990000   0.098221   0.370946    -672.277 0
 17.213558 -15.508180   0.054785  0.000150  16424.130    44.968869   0.098289   0.371203     422.664 0
 17.223913 -15.508458   0.048744  0.000070  14613.084    20.985472   0.099537   0.375916   -1296.738 0
 17.119446 -15.460484   0.055148  0.000103  16532.954    30.878623   0.099803   0.376921     525.982 0
 17.309898 -15.432043   0.053840  0.000090  16140.826    26.981321   0.099972   0.377558     153.696 0
 17.107986 -15.379198   0.054764  0.000070  16417.834    20.985472   0.101908   0.384869     416.687 0
 17.294163 -15.471387   0.054868  0.000157  16449.013    47.067416   0.102706   0.387885     446.287 0
 17.302254 -15.358010   0.054751  0.000163  16413.937    48.866171   0.104061   0.392999     412.987 0
 17.298988 -15.348667   0.054441  0.000170  16321.001    50.964718   0.106441   0.401989     324.754 0
 17.310854 -15.454935   0.049484  0.000027  14834.930     8.094396   0.108205   0.408650   -1086.118 0
 17.156990 -15.506480   0.054510  0.000170  16341.687    50.964718   0.108620   0.410219     344.393 0
 17.167929 -15.305692   0.053584  0.000103  16064.079    30.878623   0.111485   0.421038      80.833 0
 17.260931 -15.511140   0.049618  0.000137  14875.102    41.071567   0.112960   0.426608   -1047.979 0
 17.256863 -15.514430   0.054371  0.000033  16300.016     9.893151   0.114267   0.431547     304.830 0
 17.278517 -15.314988   0.054224  0.000150  16255.946    44.968869   0.116409   0.439634     262.991 0
 17.297148 -15.496454   0.049251  0.000077  14765.078    23.084019   0.121395   0.458465   -1152.435 0
 17.249207 -15.527151   0.051929  0.000274  15567.923    82.143133   0.123473   0.466312    -390.217 0
 17.320442 -15.483764   0.053410  0.000307  16011.915    92.036285   0.130520   0.492925      31.308 0
 17.314646 -15.492717   0.053804  0.000103  16130.033    30.878623   0.131394   0.496226     143.450 0
 17.085318 -15.466265   0.054588  0.000107  16365.071    32.077793   0.131626   0.497104     366.593 0
 17.073650 -15.389490   0.054340  0.000240  16290.722    71.950190   0.131848   0.497942     296.007 0
 17.094550 -15.335460   0.053290  0.000220  15975.940    65.954341   0.132955   0.502122      -2.846 0
 17.236254 -15.540461   0.049878  0.000063  14953.048    18.886925   0.133128   0.502777    -973.977 0
 17.087175 -15.341137   0.051195  0.000147  15347.875    44.069491   0.135937   0.513386    -599.130 0
 17.348536 -15.439717   0.050131  0.000677  15028.896    99.990000   0.137998   0.521169    -901.967 0
 17.352377 -15.395326   0.048503  0.000030  14540.834     8.993774   0.139239   0.525855   -1365.332 0
 17.350770 -15.381350   0.048260  0.000570  14467.984    99.990000   0.139880   0.528275   -1434.495 0
 17.074278 -15.355818   0.052700  0.000140  15799.063    41.970944   0.140505   0.530636    -170.773 0
 17.229729 -15.270692   0.050311  0.000193  15082.858    57.859944   0.140768   0.531632    -850.735 0
 17.356728 -15.387155   0.053167  0.000040  15939.066    11.991698   0.144476   0.545632     -37.855 0
 17.076895 -15.481773   0.051469  0.000077  15430.018    23.084019   0.145978   0.551305    -521.143 0
 17.059320 -15.378620   0.056600  0.000800  16968.253    99.990000   0.147436   0.556812     939.253 0
 17.201670 -15.260250   0.050160  0.000210  15037.590    62.956416   0.149905   0.566139    -893.713 0
 17.277458 -15.273945   0.048083  0.000177  14414.921    53.063265   0.151322   0.571489   -1484.873 0
 17.363304 -15.436718   0.052323  0.000207  15686.041    62.057039   0.151374   0.571686    -278.076 0
 17.049965 -15.393204   0.055085  0.000090  16514.068    26.981321   0.153995   0.581584     508.050 0
 17.103630 -15.527180   0.056060  0.000170  16806.365    50.964718   0.154923   0.585088     785.557 0
 17.063456 -15.342923   0.051589  0.000077  15465.993    23.084019   0.155303   0.586524    -486.988 0
 17.112230 -15.284466   0.052643  0.000187  15781.974    56.061190   0.156260   0.590136    -186.997 0
 17.276860 -15.552470   0.055880  0.000190  16752.403    56.960567   0.156873   0.592452     734.325 0
 17.368450 -15.379771   0.058063  0.000097  17406.849    29.079868   0.156898   0.592548    1355.655 0
 17.049683 -15.366730   0.057787  0.000073  17324.107    21.884849   0.159336   0.601755    1277.099 0
 17.370207 -15.447930   0.051933  0.000150  15569.122    44.968869   0.160207   0.605045    -389.078 0
 17.043310 -15.383890   0.054384  0.000050  16303.913    14.989623   0.161615   0.610363     308.530 0
 17.265017 -15.256242   0.040651  0.000093  12186.863    27.880699   0.163046   0.615765   -3600.185 1
 17.076939 -15.518267   0.050508  0.000277  15141.917    83.042511   0.166940   0.630474    -794.665 0
 17.053890 -15.500490   0.053830  0.000060  16137.828    17.987547   0.174576   0.659310     150.850 0
 17.390120 -15.428550   0.058337  0.000103  17488.993    30.878623   0.175831   0.664049    1433.642 0
 17.382229 -15.344970   0.048840  0.000037  14641.864    11.092321   0.179440   0.677682   -1269.415 0
 17.396751 -15.392016   0.054628  0.000420  16377.062    99.990000   0.182132   0.687848     377.978 0
 17.123259 -15.573093   0.042940  0.000090  12873.088    26.981321   0.182735   0.690123   -2948.685 1
 17.362460 -15.521680   0.042810  0.000130  12834.115    38.973020   0.185556   0.700777   -2985.686 1
 17.300375 -15.577167   0.054578  0.000417  16362.073    99.990000   0.189069   0.714046     363.747 0
 17.377030 -15.309480   0.055440  0.000020  16620.494     5.995849   0.190848   0.720763     609.091 0
 17.408419 -15.437718   0.050098  0.000103  15019.003    30.878623   0.194476   0.734466    -911.360 0
 17.190700 -15.605130   0.070600  0.000350  21165.348    99.990000   0.195904   0.739860    4923.962 1
 17.004600 -15.405462   0.055008  0.000093  16490.984    27.880699   0.196863   0.743480     486.135 0
 17.033749 -15.511636   0.054965  0.000037  16478.092    11.092321   0.196959   0.743842     473.896 0
 17.327920 -15.243380   0.052003  0.000103  15590.107    30.878623   0.202388   0.764347    -369.155 0
 17.413834 -15.364590   0.052380  0.000160  15703.129    47.966793   0.202859   0.766125    -261.852 0
 17.036049 -15.532162   0.053324  0.000160  15986.133    47.966793   0.206502   0.779885       6.831 0
 16.993890 -15.351410   0.053110  0.000190  15921.977    56.960567   0.215262   0.812969     -54.078 0
 17.198900 -15.627530   0.062850  0.000080  18841.956    23.983397   0.217737   0.822315    2718.141 1
 16.987392 -15.341107   0.054454  0.000167  16324.899    50.065340   0.224245   0.846892     328.454 0
 17.418520 -15.508300   0.056480  0.000160  16932.278    47.966793   0.224854   0.849192     905.098 0
 16.981130 -15.483679   0.050979  0.000040  15283.120    11.991698   0.231476   0.874201    -660.608 0
 16.991356 -15.511282   0.054381  0.000260  16303.014    77.946039   0.232769   0.879083     307.676 0
 16.981320 -15.488470   0.052020  0.000190  15595.204    56.960567   0.232873   0.879476    -364.316 0
 17.415089 -15.539911   0.056480  0.000310  16932.278    92.935662   0.237585   0.897271     905.098 0
 16.983890 -15.307700   0.050760  0.000220  15217.465    65.954341   0.239702   0.905269    -722.940 0
 17.399350 -15.564410   0.050500  0.000333  15139.519    99.830889   0.240012   0.906438    -796.942 0
 17.101790 -15.626830   0.056350  0.000040  16893.305    11.991698   0.240100   0.906770     868.097 0
 16.973583 -15.329413   0.052436  0.000033  15719.917     9.893151   0.240609   0.908694    -245.913 0
 17.103819 -15.629155   0.057470  0.000377  17229.073    99.990000   0.241375   0.911587    1186.874 0
 17.415960 -15.270490   0.055840  0.000310  16740.411    92.935662   0.243654   0.920194     722.940 0
 17.431340 -15.294430   0.053110  0.000080  15921.977    23.983397   0.243730   0.920480     -54.078 0
 16.959890 -15.474690   0.050970  0.000430  15280.422    99.990000   0.248482   0.938426    -663.169 0
 17.413280 -15.256990   0.067190  0.000140  20143.055    41.970944   0.249581   0.942578    3953.401 1
 17.460722 -15.468660   0.053870  0.000110  16149.820    32.977170   0.249896   0.943766     162.235 0
 17.173260 -15.658503   0.049804  0.000073  14930.864    21.884849   0.250847   0.947359    -995.039 0
 16.969082 -15.291659   0.053660  0.000220  16086.863    65.954341   0.259595   0.980396     102.464 0
 17.115232 -15.166447   0.052213  0.000050  15653.064    14.989623   0.259704   0.980808    -309.384 0
 17.040808 -15.205126   0.052269  0.000093  15669.852    27.880699   0.261125   0.986175    -293.445 0
 17.438194 -15.550799   0.056276  0.000160  16871.120    47.966793   0.262205   0.990255     847.035 0
 17.469387 -15.486177   0.051600  0.000333  15469.291    99.830889   0.262560   0.991596    -483.858 0
 16.953875 -15.316972   0.063294  0.000500  18975.064    99.990000   0.262733   0.992247    2844.513 1
 17.248917 -15.141694   0.055058  0.000450  16505.973    99.990000   0.271086   1.023794     500.366 0
 17.135103 -15.148353   0.053367  0.000087  15999.024    26.081944   0.271109   1.023880      19.070 0
 17.438340 -15.568190   0.049160  0.000100  14737.797    29.979246   0.272055   1.027452   -1178.335 0
 16.994200 -15.589280   0.055490  0.000050  16635.483    14.989623   0.273720   1.033742     623.322 0
 17.438450 -15.581640   0.052760  0.000320  15817.050    95.933587   0.280173   1.058112    -153.696 0
 17.038942 -15.179741   0.052276  0.000113  15671.951    33.876548   0.282521   1.066979    -291.453 0
 17.202616 -15.694569   0.056125  0.000067  16825.852    20.086095   0.284630   1.074946     804.057 0
 17.494331 -15.313037   0.057687  0.000150  17294.128    44.968869   0.291890   1.102362    1248.637 0
 17.386503 -15.647021   0.051315  0.000330  15383.850    98.931511   0.292479   1.104588    -564.975 0
 17.470617 -15.560073   0.056400  0.000340  16908.295    99.990000   0.293691   1.109164     882.329 0
 17.473086 -15.558092   0.054460  0.000030  16326.697     8.993774   0.294739   1.113122     330.162 0
 17.491264 -15.288555   0.056080  0.000410  16812.361    99.990000   0.298207   1.126220     791.249 0
 17.452480 -15.598420   0.055650  0.000350  16683.450    99.990000   0.301184   1.137464     668.862 0
 17.511190 -15.490210   0.042100  0.000180  12621.262    53.962642   0.302399   1.142050   -3187.768 1
 17.196083 -15.106111   0.049490  0.000370  14836.729    99.990000   0.304134   1.148605   -1084.410 0
 17.433780 -15.625570   0.055490  0.000100  16635.483    29.979246   0.305832   1.155018     623.322 0
 17.347230 -15.133080   0.051649  0.000063  15483.981    18.886925   0.307420   1.161016    -469.911 0
 17.519640 -15.340710   0.056850  0.000030  17043.201     8.993774   0.307618   1.161764    1010.408 0
 17.047870 -15.677150   0.044330  0.000120  13289.800    35.975095   0.308908   1.166633   -2553.060 1
 17.473541 -15.584374   0.050125  0.000210  15027.097    62.956416   0.309144   1.167524    -903.675 0
 17.468067 -15.602015   0.055615  0.000210  16672.958    62.956416   0.315225   1.190492     658.900 0
 16.929098 -15.241438   0.056546  0.000180  16952.064    53.962642   0.317957   1.200807     923.883 0
 17.524920 -15.503777   0.054811  0.000153  16431.924    45.868246   0.318903   1.204382     430.064 0
 17.530825 -15.489185   0.054634  0.000140  16378.861    41.970944   0.320434   1.210164     379.686 0
 17.370440 -15.128670   0.056910  0.000070  17061.189    20.985472   0.321627   1.214671    1027.486 0
 17.523304 -15.520355   0.055138  0.000183  16529.957    54.862020   0.322701   1.218726     523.135 0
 17.280820 -15.728350   0.054330  0.000260  16287.724    77.946039   0.325844   1.230594     293.161 0
 17.116780 -15.724300   0.042240  0.000490  12663.233    99.990000   0.326567   1.233324   -3147.920 1
 17.482060 -15.604110   0.055700  0.000280  16698.440    83.941888   0.327265   1.235963     683.093 0
 17.038220 -15.695670   0.055590  0.000080  16665.463    23.983397   0.329597   1.244770     651.785 0
 16.928710 -15.217560   0.056850  0.000340  17043.201    99.990000   0.331539   1.252103    1010.408 0
 17.557710 -15.391760   0.055950  0.000320  16773.388    95.933587   0.336909   1.272382     754.249 0
 17.520885 -15.564485   0.050505  0.000150  15141.018    44.968869   0.338252   1.277456    -795.519 0
 17.542920 -15.523820   0.054230  0.000080  16257.745    23.983397   0.341672   1.290371     264.699 0
 17.479616 -15.630846   0.060290  0.000200  18074.487    59.958492   0.341995   1.291593    1989.508 1
 17.360490 -15.722420   0.054120  0.000200  16224.768    59.958492   0.344972   1.302834     233.390 0
 17.514470 -15.608390   0.054230  0.000160  16257.745    47.966793   0.355280   1.341764     264.699 0
 17.505743 -15.623563   0.056436  0.000180  16919.087    53.962642   0.357192   1.348984     892.575 0
 17.442680 -15.687300   0.057850  0.000300  17342.994    89.937737   0.357428   1.349875    1295.031 0
 17.538640 -15.573740   0.054520  0.000050  16344.685    14.989623   0.357707   1.350928     347.239 0
 17.173480 -15.766850   0.041525  0.000150  12448.882    44.968869   0.358466   1.353798   -3351.425 1
 17.566470 -15.304760   0.055600  0.000213  16668.461    63.855794   0.360560   1.361705     654.631 0
 17.389280 -15.728230   0.054110  0.000010  16221.770     2.997925   0.362712   1.369833     230.544 0
 16.832241 -15.391883   0.053220  0.000103  15954.955    30.878623   0.363425   1.372525     -22.770 0
 17.134970 -15.052849   0.052200  0.000170  15649.166    50.964718   0.364165   1.375319    -313.084 0
 16.909670 -15.638800   0.055241  0.000087  16560.835    26.081944   0.368079   1.390102     552.451 0
 16.843520 -15.296840   0.051670  0.000220  15490.276    65.954341   0.369837   1.396740    -463.934 0
 17.199600 -15.780080   0.040935  0.000160  12272.004    47.966793   0.370185   1.398055   -3519.352 1
 16.841700 -15.526970   0.041890  0.000200  12558.306    59.958492   0.372686   1.407500   -3247.538 1
 17.155510 -15.780000   0.051940  0.000120  15571.220    35.975095   0.373543   1.410737    -387.086 0
 16.949330 -15.130336   0.054330  0.000230  16287.724    68.952265   0.375178   1.416913     293.161 0
 17.352460 -15.759521   0.052790  0.000220  15826.044    65.954341   0.375978   1.419932    -145.157 0
 17.586071 -15.302248   0.054400  0.000297  16308.710    89.038360   0.379380   1.432780     313.084 0
 16.870000 -15.604290   0.051100  0.000010  15319.395     2.997925   0.379997   1.435111    -626.169 0
 16.886026 -15.188028   0.049840  0.000170  14941.656    50.964718   0.382189   1.443389    -984.792 0
 17.270485 -15.787958   0.042506  0.000150  12742.978    44.968869   0.382615   1.444999   -3072.211 1
 17.410080 -15.742120   0.048640  0.000060  14581.905    17.987547   0.384676   1.452781   -1326.339 1
 16.853380 -15.223180   0.054900  0.000150  16458.606    44.968869   0.390221   1.473724     455.395 0
 17.447163 -15.727967   0.057160  0.000220  17136.137    65.954341   0.392339   1.481724    1098.641 0
 17.237990 -15.806710   0.036960  0.000550  11080.329    99.990000   0.397710   1.502008   -4650.725 1
 16.863990 -15.628700   0.042109  0.000180  12623.961    53.962642   0.397865   1.502592   -3185.206 1
 17.609833 -15.316037   0.053100  0.000297  15918.980    89.038360   0.397917   1.502788     -56.924 0
 17.590347 -15.256185   0.056300  0.000297  16878.315    89.038360   0.398740   1.505896     853.866 0
 17.536940 -15.654920   0.056950  0.000170  17073.180    50.964718   0.400112   1.511077    1038.871 0
 16.954870 -15.093140   0.053560  0.000430  16056.884    99.990000   0.400380   1.512091      74.002 0
 17.415323 -15.759149   0.051800  0.000210  15529.249    62.956416   0.401951   1.518022    -426.933 0
 16.926640 -15.105450   0.052500  0.000150  15739.104    44.968869   0.408310   1.542040    -227.698 0
 16.872786 -15.159855   0.052300  0.000200  15679.146    59.958492   0.409237   1.545538    -284.622 0
 17.527417 -15.682972   0.051676  0.000180  15492.075    53.962642   0.410965   1.552066    -462.226 0
 17.604969 -15.256888   0.056700  0.000213  16998.232    63.855794   0.411519   1.554158     967.715 0
 17.597565 -15.580957   0.056860  0.000300  17046.199    89.937737   0.411982   1.555906    1013.255 0
 17.141497 -15.001684   0.053890  0.000020  16155.816     5.995849   0.413431   1.561381     167.927 0
 17.211208 -15.823472   0.041050  0.000297  12306.480    89.038360   0.413479   1.561560   -3486.621 1
 17.611351 -15.264167   0.054660  0.000170  16386.656    50.964718   0.414620   1.565871     387.086 0
 16.792532 -15.303981   0.053190  0.000430  15945.961    99.990000   0.415024   1.567397     -31.308 0
 16.787870 -15.320270   0.055200  0.000080  16548.544    23.983397   0.415552   1.569391     540.782 0
 17.508900 -15.709570   0.054728  0.000187  16407.042    56.061190   0.416498   1.572964     406.440 0
 17.189500 -15.827639   0.041790  0.000260  12528.327    77.946039   0.418051   1.578828   -3276.000 1
 17.295130 -15.821130   0.040930  0.000100  12270.505    29.979246   0.419479   1.584220   -3520.775 1
 17.395050 -15.028060   0.050360  0.000930  15097.548    99.990000   0.422061   1.593970    -836.789 0
 16.857313 -15.665796   0.041322  0.000037  12388.024    11.092321   0.424522   1.603265   -3409.204 1
 17.172451 -15.833151   0.039944  0.000130  11974.910    38.973020   0.424596   1.603544   -3801.413 1
 16.840180 -15.174660   0.052610  0.000070  15772.081    20.985472   0.426189   1.609561    -196.389 0
 17.146816 -15.832473   0.052236  0.000140  15659.959    41.970944   0.426671   1.611383    -302.838 0
 17.594187 -15.193746   0.055260  0.000210  16566.531    62.956416   0.429927   1.623681     557.859 0
 17.340500 -15.824040   0.040900  0.000010  12261.512     2.997925   0.433084   1.635601   -3529.314 1
 17.198700 -15.845163   0.039247  0.000047  11765.955    14.090246   0.435271   1.643861   -3999.794 1
 17.409958 -15.018139   0.058030  0.000300  17396.956    89.937737   0.437243   1.651307    1346.263 0
 17.612300 -15.204830   0.056090  0.000240  16815.359    71.950190   0.439828   1.661070     794.096 0
 16.872350 -15.710560   0.051700  0.000120  15499.270    35.975095   0.442166   1.669901    -455.395 0
 17.643140 -15.556750   0.039260  0.000170  11769.852    50.964718   0.443742   1.675852   -3996.094 1
 17.167152 -15.854646   0.041245  0.000140  12364.940    41.970944   0.446451   1.686083   -3431.119 1
 17.571790 -15.130570   0.055800  0.000190  16728.419    56.960567   0.447854   1.691382     711.555 0
 16.756077 -15.298394   0.053143  0.000150  15931.871    44.968869   0.450444   1.701165     -44.686 0
 16.986600 -15.807580   0.045540  0.000060  13652.549    17.987547   0.451593   1.705502   -2208.667 1
 17.517320 -15.750690   0.053200  0.000310  15948.959    92.935662   0.452285   1.708118     -28.462 0
 17.678590 -15.410460   0.055590  0.000140  16665.463    41.970944   0.452949   1.710625     651.785 0
 17.625860 -15.619975   0.057550  0.000200  17253.056    59.958492   0.453636   1.713219    1209.644 0
 16.746240 -15.498706   0.038583  0.000150  11566.892    44.968869   0.454620   1.716937   -4188.783 1
 17.274336 -15.860251   0.040435  0.000150  12122.108    44.968869   0.454669   1.717120   -3661.663 1
 17.639240 -15.222580   0.052290  0.000220  15676.148    65.954341   0.455371   1.719770    -287.468 0
 16.917440 -15.774880   0.040358  0.000150  12099.024    44.968869   0.460442   1.738923   -3683.579 1
 16.767717 -15.231145   0.053820  0.000340  16134.830    99.990000   0.461265   1.742029     148.003 0
 17.282880 -15.866630   0.041310  0.000150  12384.426    44.968869   0.462188   1.745519   -3412.619 1
 17.159880 -15.870630   0.043050  0.000480  12906.065    99.990000   0.463033   1.748709   -2917.377 1
 16.956940 -15.014420   0.051950  0.000070  15574.218    20.985472   0.464128   1.752843    -384.240 0
 17.179850 -15.874090   0.038350  0.000010  11497.041     2.997925   0.464926   1.755856   -4255.100 1
 16.824024 -15.690772   0.052750  0.000177  15814.052    53.063265   0.465184   1.756831    -156.542 0
 17.127610 -14.951297   0.051145  0.000150  15332.885    44.968869   0.465325   1.757364    -613.361 0
 16.767180 -15.598910   0.041110  0.000080  12324.468    23.983397   0.465729   1.758889   -3469.543 1
 17.584328 -15.704414   0.055140  0.000130  16530.556    38.973020   0.466667   1.762434     523.705 0
 16.873010 -15.751870   0.053020  0.000210  15894.996    62.956416   0.470784   1.777980     -79.694 0
 17.107600 -14.948930   0.056030  0.000640  16797.371    99.990000   0.471269   1.779813     777.018 0
 17.244600 -15.880010   0.040080  0.001800  12015.682    99.990000   0.471279   1.779850   -3762.704 1
 17.635740 -15.641090   0.042090  0.000040  12618.265    11.991698   0.472069   1.782835   -3190.614 1
 17.653849 -15.610855   0.051636  0.000170  15480.083    50.964718   0.473780   1.789295    -473.611 0
 17.655410 -15.614670   0.055170  0.000190  16539.550    56.960567   0.476768   1.800582     532.243 0
 16.782060 -15.167764   0.052350  0.000180  15694.135    53.962642   0.477375   1.802874    -270.391 0
 17.641083 -15.645361   0.053060  0.000130  15906.988    38.973020   0.478653   1.807700     -68.309 0
 17.607649 -15.697532   0.055620  0.000130  16674.457    38.973020   0.480166   1.813415     660.323 0
 17.113337 -15.881844   0.054480  0.000210  16332.693    62.956416   0.480726   1.815529     335.854 0
 17.156610 -15.894000   0.042130  0.000020  12630.256     5.995849   0.486603   1.837724   -3179.229 1
 17.395120 -14.954540   0.054790  0.000640  16425.629    99.990000   0.489617   1.849107     424.087 0
 17.718110 -15.427750   0.052490  0.000200  15736.106    59.958492   0.491369   1.855722    -230.544 0
 17.614250 -15.111870   0.049620  0.000150  14875.702    44.968869   0.491631   1.856714   -1047.409 0
 16.725330 -15.252610   0.055070  0.000290  16509.571    86.939813   0.491900   1.857728     503.781 0
 16.826650 -15.082740   0.053970  0.000270  16179.799    80.943964   0.492738   1.860892     190.697 0
 16.800130 -15.113100   0.056920  0.000250  17064.187    74.948115   0.493285   1.862960    1030.332 0
 17.383180 -15.873990   0.039130  0.000170  11730.879    50.964718   0.493522   1.863855   -4033.095 1
 17.289150 -14.922080   0.051860  0.000240  15547.237    71.950190   0.494038   1.865803    -409.856 0
 16.838560 -15.753290   0.070520  0.000290  21141.364    86.939813   0.495189   1.870150    4901.193 1
 17.052813 -15.883285   0.042016  0.000160  12596.080    47.966793   0.496586   1.875427   -3211.676 1
 17.627950 -15.699690   0.056250  0.000030  16863.326     8.993774   0.497233   1.877870     839.635 0
 16.821660 -15.079840   0.055600  0.000410  16668.461    99.990000   0.498261   1.881753     654.631 0
 17.050512 -15.885226   0.041940  0.000260  12573.296    77.946039   0.499110   1.884959   -3233.307 1
 17.529470 -15.802740   0.051540  0.000370  15451.303    99.990000   0.499843   1.887726    -500.935 0
 16.716190 -15.583970   0.041180  0.000110  12345.453    32.977170   0.505717   1.909911   -3449.620 1
 17.311164 -15.910041   0.056510  0.000190  16941.272    56.960567   0.509695   1.924934     913.637 0
 16.832220 -15.049050   0.053920  0.000240  16164.809    71.950190   0.511907   1.933289     176.466 0
 17.243260 -15.921560   0.042830  0.000350  12840.111    99.990000   0.512641   1.936059   -2979.993 1
 17.289751 -15.916674   0.039961  0.000334  11980.006    99.990000   0.512656   1.936117   -3796.574 1
 17.685110 -15.638590   0.053680  0.000230  16092.859    68.952265   0.512981   1.937344     108.156 0
 16.774740 -15.707840   0.045720  0.000650  13706.511    99.990000   0.513588   1.939638   -2157.436 1
 17.418484 -14.930600   0.058100  0.000410  17417.942    99.990000   0.520295   1.964966    1366.186 1
 17.234570 -15.930028   0.043687  0.000180  13097.033    53.962642   0.520623   1.966206   -2736.072 1
 16.952560 -14.948960   0.056030  0.000050  16797.371    14.989623   0.523027   1.975283     777.018 0
 17.414940 -15.894240   0.048980  0.000230  14683.835    68.952265   0.523451   1.976885   -1229.567 0
 16.946430 -14.950060   0.056040  0.000160  16800.369    47.966793   0.524879   1.982278     779.865 0
 17.287640 -15.929670   0.056160  0.000440  16836.344    99.990000   0.525206   1.983512     814.019 0
 17.183860 -15.937750   0.050351  0.000334  15094.850    99.990000   0.528295   1.995180    -839.351 0
 17.544620 -15.827450   0.052070  0.000210  15610.193    62.956416   0.528307   1.995223    -350.085 0
 17.145230 -15.936630   0.043090  0.000400  12918.057    99.990000   0.530178   2.002292   -2905.992 1
 17.063980 -15.925510   0.044280  0.000690  13274.810    99.990000   0.534068   2.016983   -2567.291 1
 17.591890 -15.024250   0.053760  0.000410  16116.843    99.990000   0.534073   2.017001     130.926 0
 17.304081 -15.940278   0.056496  0.000200  16937.075    59.958492   0.538183   2.032523     909.652 0
 17.207138 -15.948701   0.042019  0.000070  12596.979    20.985472   0.538703   2.034487   -3210.822 1
 17.569430 -15.821620   0.051179  0.000133  15343.078    39.872397   0.538828   2.034958    -603.683 0
 17.176280 -15.953110   0.040020  0.000190  11997.694    56.960567   0.544011   2.054534   -3779.781 1
 17.755820 -15.543970   0.050870  0.000030  15250.442     8.993774   0.544152   2.055065    -691.632 0
 17.751678 -15.254749   0.053510  0.000230  16041.894    68.952265   0.545949   2.061851      59.771 0
 17.373681 -15.937763   0.048730  0.000330  14608.886    98.931511   0.551194   2.081662   -1300.723 0
 17.214775 -15.963360   0.042256  0.000170  12668.030    50.964718   0.553390   2.089956   -3143.366 1
 16.787100 -15.788762   0.038540  0.000690  11554.001    99.990000   0.555604   2.098316   -4201.022 1
 16.922400 -15.893390   0.057010  0.000350  17091.168    99.990000   0.556662   2.102311    1055.948 0
 17.066862 -14.868700   0.052700  0.000213  15799.063    63.855794   0.558316   2.108556    -170.773 0
 17.126740 -15.964062   0.044460  0.000160  13328.773    47.966793   0.559674   2.113688   -2516.059 1
 17.743570 -15.633610   0.051120  0.000060  15325.390    17.987547   0.561994   2.122448    -620.476 0
 16.924090 -14.915590   0.050400  0.000297  15109.540    89.038360   0.565465   2.135558    -825.404 0
 16.810060 -15.825391   0.038330  0.000240  11491.045    71.950190   0.565933   2.137323   -4260.793 1
 17.492140 -15.906580   0.039970  0.000460  11982.705    99.990000   0.566772   2.140495   -3794.013 1
 17.609920 -15.828980   0.057460  0.000100  17226.075    29.979246   0.570191   2.153406    1184.028 0
 17.673860 -15.767950   0.052970  0.000150  15880.007    44.968869   0.573743   2.166819     -93.925 0
 16.972626 -15.938636   0.040368  0.000157  12102.022    47.067416   0.575564   2.173697   -3680.733 1
 17.701840 -15.078630   0.049780  0.000680  14923.669    99.990000   0.579462   2.188418   -1001.870 0
 16.823500 -15.855030   0.070480  0.000030  21129.372     8.993774   0.579646   2.189114    4889.808 1
 16.890750 -15.907750   0.040475  0.000104  12134.100    31.178416   0.584584   2.207763   -3650.278 1
 17.240849 -15.995820   0.039270  0.000130  11772.850    38.973020   0.586637   2.215515   -3993.248 1
 16.859790 -15.893810   0.042340  0.000120  12693.213    35.975095   0.589277   2.225485   -3119.458 1
 17.274216 -16.000310   0.039884  0.000113  11956.922    33.876548   0.593674   2.242093   -3818.490 1
 17.681240 -15.013640   0.049800  0.000040  14929.664    11.991698   0.603809   2.280367    -996.177 0
 17.402885 -15.985268   0.039547  0.000150  11855.892    44.968869   0.604947   2.284665   -3914.408 1
 17.074457 -16.002516   0.040625  0.000160  12179.069    47.966793   0.606495   2.290513   -3607.585 1
 17.052963 -15.999352   0.052326  0.000210  15686.940    62.956416   0.608187   2.296903    -277.222 0
 16.785026 -15.872742   0.052910  0.000250  15862.019    74.948115   0.617248   2.331122    -111.003 0
 16.919981 -15.969840   0.049147  0.000150  14733.900    44.968869   0.625236   2.361292   -1182.036 0
 17.147253 -16.035320   0.040985  0.000250  12286.994    74.948115   0.628124   2.372198   -3505.121 1
 16.796300 -15.907530   0.053050  0.000310  15903.990    92.935662   0.636898   2.405335     -71.156 0
 17.237170 -16.051922   0.039764  0.000150  11920.947    44.968869   0.642506   2.426515   -3852.645 1
 16.802590 -14.869190   0.051430  0.000460  15418.326    99.990000   0.667678   2.521577    -532.243 0
 17.220333 -16.081056   0.042553  0.000095  12757.068    28.480284   0.671149   2.534687   -3058.834 1
 16.819805 -14.841644   0.051426  0.000150  15417.127    44.968869   0.680900   2.571514    -533.382 0
 17.901196 -15.214438   0.043106  0.000150  12922.854    44.968869   0.695608   2.627059   -2901.438 1
 17.934250 -15.548056   0.054600  0.000333  16368.668    99.830889   0.712913   2.692413     370.009 0
 17.934083 -15.549194   0.039600  0.000333  11871.781    99.830889   0.712976   2.692653   -3899.323 1
 17.934375 -15.548500   0.053407  0.000250  16011.016    74.948115   0.713117   2.693185      30.455 0
 16.478290 -15.560291   0.052236  0.000150  15659.959    44.968869   0.720058   2.719400    -302.838 0
 16.837814 -14.775484   0.064600  0.000213  19366.593    63.855794   0.728347   2.750702    3216.230 1
 17.962208 -15.256778   0.067470  0.000150  20226.997    44.968869   0.742355   2.803607    4033.095 1
 17.971186 -15.572081   0.046919  0.000150  14065.962    44.968869   0.752684   2.842615   -1816.174 1
 17.877983 -15.021657   0.052400  0.000213  15709.125    63.855794   0.753033   2.843934    -256.160 0
 17.793507 -14.902236   0.049900  0.000297  14959.644    89.038360   0.758697   2.865324    -967.715 0
 17.953370 -15.163477   0.049700  0.000213  14899.685    63.855794   0.759001   2.866472   -1024.640 0
 16.645514 -14.869329   0.065300  0.000297  19576.448    89.038360   0.766264   2.893901    3415.465 1
 16.415860 -15.523304   0.052726  0.000150  15806.857    44.968869   0.772737   2.918347    -163.373 0
 17.166656 -14.617011   0.051055  0.000150  15305.904    44.968869   0.794027   2.998752    -638.977 0
 17.913084 -15.827246   0.049774  0.000150  14921.870    44.968869   0.796964   3.009846   -1003.578 0
 17.716726 -14.754578   0.040300  0.000297  12081.636    89.038360   0.818167   3.089922   -3700.087 1
 17.708523 -14.701739   0.049600  0.000297  14869.706    89.038360   0.856604   3.235084   -1053.102 0
 16.959770 -14.586686   0.055989  0.000150  16785.080    44.968869   0.857590   3.238806     765.349 0
 16.644827 -16.107191   0.041535  0.000150  12451.880    44.968869   0.884098   3.338920   -3348.579 1
 18.022839 -14.926033   0.057176  0.000150  17140.934    44.968869   0.922046   3.482235    1103.195 0
 16.211380 -15.221481   0.052993  0.000150  15886.902    44.968869   0.979820   3.700427     -87.379 0
 17.741573 -16.298098   0.051469  0.000150  15430.018    44.968869   1.025949   3.874640    -521.143 0
 17.809494 -16.265112   0.051656  0.000150  15486.079    44.968869   1.032777   3.900424    -467.919 0
 16.166374 -15.701917   0.053590  0.000150  16065.878    44.968869   1.046443   3.952037      82.540 0
 17.777369 -14.484756   0.068057  0.000167  20402.975    50.065340   1.075441   4.061553    4200.168 1
 18.326658 -15.331696   0.046549  0.000150  13955.039    44.968869   1.080559   4.080881   -1921.484 1
 18.355133 -15.370856   0.047086  0.000150  14116.028    44.968869   1.105862   4.176443   -1768.642 1
 16.704466 -14.409177   0.066616  0.000150  19970.974    44.968869   1.112651   4.202082    3790.028 1
 17.534735 -14.315759   0.059100  0.000297  17717.734    89.038360   1.138475   4.299610    1650.808 1
 16.070824 -15.104975   0.053567  0.000150  16058.983    44.968869   1.138633   4.300206      75.994 0
 17.522780 -14.300555   0.050400  0.000410  15109.540    99.990000   1.150009   4.343167    -825.404 0
 17.996240 -16.296436   0.046135  0.000023  13830.925     6.895227   1.167100   4.407713   -2039.317 1
 17.481125 -14.265389   0.051000  0.000297  15289.415    89.038360   1.174344   4.435073    -654.631 0
 17.296194 -16.584137   0.054458  0.000150  16326.098    44.968869   1.177159   4.445706     329.592 0
 17.808250 -16.455306   0.051372  0.000150  15400.938    44.968869   1.194440   4.510970    -548.751 0
 16.108995 -14.825834   0.053934  0.000150  16169.006    44.968869   1.210501   4.571623     180.450 0
 17.875755 -14.379495   0.051489  0.000090  15436.014    26.981321   1.214670   4.587368    -515.451 0
 17.836310 -16.463778   0.050208  0.000150  15051.980    44.968869   1.215101   4.588999    -880.052 0
 17.500662 -14.225579   0.052066  0.000150  15608.994    44.968869   1.217394   4.597658    -351.224 0
 17.852503 -16.460770   0.048107  0.000150  14422.116    44.968869   1.220358   4.608851   -1478.043 1
 17.446375 -14.202302   0.052700  0.000297  15799.063    89.038360   1.229233   4.642368    -170.773 0
 16.835941 -16.606668   0.037633  0.000150  11282.090    44.968869   1.249475   4.718815   -4459.174 1
 16.524813 -14.347425   0.052200  0.000297  15649.166    89.038360   1.250522   4.722772    -313.084 0
 18.167212 -16.257093   0.043036  0.000150  12901.868    44.968869   1.253535   4.734150   -2921.361 1
 18.480076 -15.128800   0.057324  0.000034  17185.303    10.192944   1.257465   4.748993    1145.319 0
 17.367900 -14.156957   0.052200  0.000297  15649.166    89.038360   1.262401   4.767634    -313.084 0
 18.375374 -14.810741   0.051900  0.000297  15559.229    89.038360   1.274371   4.812841    -398.471 0
 17.972190 -14.361047   0.047036  0.000063  14101.038    18.886925   1.281401   4.839389   -1782.873 1
 16.565817 -16.542776   0.037499  0.000097  11241.917    29.079868   1.291262   4.876629   -4497.314 1
 17.684097 -14.202500   0.054500  0.000297  16338.689    89.038360   1.291533   4.877652     341.547 0
 16.524319 -14.283734   0.066200  0.000297  19846.261    89.038360   1.305314   4.929699    3671.625 1
 15.854014 -15.480211   0.056996  0.000150  17086.971    44.968869   1.307918   4.939533    1051.963 0
 18.209050 -16.312336   0.038206  0.000150  11453.871    44.968869   1.320666   4.987678   -4296.086 1
 18.457680 -14.849175   0.053720  0.000020  16104.851     5.995849   1.328237   5.016270     119.541 0
 18.458675 -14.845655   0.052706  0.000100  15800.861    29.979246   1.330595   5.025177    -169.066 0
 18.599495 -15.371512   0.045151  0.000150  13535.929    44.968869   1.341299   5.065600   -2319.385 1
 17.648882 -14.130979   0.067600  0.000297  20265.970    89.038360   1.347565   5.089268    4070.096 1
 18.230448 -14.488853   0.045100  0.000297  13520.640    89.038360   1.348581   5.093105   -2333.901 1
 17.628012 -14.100548   0.067300  0.000297  20176.032    89.038360   1.370414   5.175557    3984.709 1
 18.225094 -14.449855   0.052000  0.000213  15589.208    63.855794   1.371823   5.180878    -370.009 0
 16.411663 -14.270439   0.067043  0.000150  20098.986    44.968869   1.374440   5.190763    3911.562 1
 17.381544 -14.043180   0.067013  0.000150  20089.992    44.968869   1.376934   5.200181    3903.023 1
 18.368809 -16.241585   0.043967  0.000083  13180.975    24.882774   1.393646   5.263297   -2656.378 1
 17.282084 -14.014167   0.066520  0.000150  19942.194    44.968869   1.397622   5.278314    3762.704 1
 17.607048 -14.057346   0.066700  0.000213  19996.157    63.855794   1.406098   5.310325    3813.936 1
 17.704754 -14.087187   0.051200  0.000213  15349.374    63.855794   1.406586   5.312165    -597.706 0
 16.518127 -14.128162   0.050400  0.000297  15109.540    89.038360   1.444434   5.455107    -825.404 0
 17.761278 -14.049586   0.053507  0.000150  16040.995    44.968869   1.460978   5.517587      58.917 0
 15.823382 -16.013954   0.055151  0.000150  16533.854    44.968869   1.465772   5.535692     526.836 0
 18.068932 -14.190063   0.043500  0.000297  13040.972    89.038360   1.475098   5.570913   -2789.297 1
 17.745613 -14.016095   0.048200  0.000297  14449.996    89.038360   1.486890   5.615446   -1451.573 1
 17.631876 -13.979664   0.052810  0.000160  15832.040    47.966793   1.487365   5.617241    -139.465 0
 15.747375 -14.928555   0.054310  0.000150  16281.728    44.968869   1.488829   5.622769     287.468 0
 17.793839 -14.024848   0.050300  0.000297  15079.561    89.038360   1.495595   5.648321    -853.866 0
 18.562300 -14.661252   0.043757  0.000150  13118.019    44.968869   1.504446   5.681749   -2716.149 1
 16.772827 -13.956285   0.050800  0.000297  15229.457    89.038360   1.513241   5.714964    -711.555 0
 17.870218 -14.035791   0.053000  0.000410  15889.000    99.990000   1.514957   5.721447     -85.387 0
 17.884348 -14.041798   0.051389  0.000150  15406.035    44.968869   1.515315   5.722799    -543.913 0
 17.907910 -14.044767   0.047610  0.000160  14273.119    47.966793   1.522554   5.750136   -1619.500 1
 17.712433 -13.954845   0.049808  0.000150  14932.063    44.968869   1.534034   5.793491    -993.900 0
 17.735619 -13.960421   0.051000  0.000297  15289.415    89.038360   1.535991   5.800885    -654.631 0
 17.797460 -13.973792   0.051100  0.000213  15319.395    63.855794   1.544280   5.832188    -626.169 0
 17.971466 -14.048510   0.053400  0.000297  16008.917    89.038360   1.547357   5.843809      28.462 0
 17.787882 -13.960972   0.051636  0.000600  15480.083    99.990000   1.552866   5.864615    -473.611 0
 18.561438 -14.555902   0.043814  0.000100  13135.107    29.979246   1.558862   5.887257   -2699.925 1
 16.797495 -13.900524   0.051400  0.000410  15409.332    99.990000   1.560675   5.894105    -540.782 0
 16.570055 -13.954852   0.050800  0.000297  15229.457    89.038360   1.580058   5.967308    -711.555 0
 17.697996 -16.922670   0.042733  0.000150  12811.031    44.968869   1.584497   5.984073   -3007.602 1
 17.741125 -16.926306   0.042546  0.000112  12754.970    33.576755   1.600811   6.045683   -3060.826 1
 17.148376 -17.013014   0.053103  0.000150  15919.879    44.968869   1.604070   6.057994     -56.071 0
 18.581460 -14.501736   0.044537  0.000150  13351.857    44.968869   1.605062   6.061740   -2494.143 1
 15.569226 -15.126864   0.055905  0.000150  16759.897    44.968869   1.605741   6.064303     741.441 0
 17.494076 -17.025951   0.056726  0.000150  17006.027    44.968869   1.639195   6.190647     975.115 0
 16.534304 -13.892863   0.050028  0.000150  14998.017    44.968869   1.650595   6.233700    -931.284 0
 18.085234 -13.976480   0.053100  0.000213  15918.980    63.855794   1.664019   6.284399     -56.924 0
 18.493210 -14.283553   0.049100  0.000297  14719.810    89.038360   1.673985   6.322037   -1195.413 1
 15.733481 -16.315075   0.054965  0.000150  16478.092    44.968869   1.685795   6.366637     473.896 0
 18.110302 -13.961761   0.043600  0.000297  13070.951    89.038360   1.689024   6.378832   -2760.834 1
 18.335884 -16.709452   0.050822  0.000001  15236.052     0.299792   1.693901   6.397254    -705.294 0
 18.342790 -16.712866   0.051536  0.000150  15450.104    44.968869   1.700794   6.423284    -502.073 0
 17.902227 -13.843882   0.052200  0.000297  15649.166    89.038360   1.702844   6.431028    -313.084 0
 15.443157 -15.269065   0.054684  0.000150  16393.851    44.968869   1.707943   6.450283     393.917 0
 18.935768 -15.800190   0.043427  0.000150  13019.087    44.968869   1.710041   6.458207   -2810.074 1
 18.449620 -14.182945   0.050200  0.000297  15049.581    89.038360   1.713680   6.471952    -882.329 0
 16.663250 -13.773611   0.052140  0.000150  15631.179    44.968869   1.718816   6.491346    -330.162 0
 17.444988 -13.705549   0.059200  0.000297  17747.714    89.038360   1.719599   6.494304    1679.270 1
 18.698915 -16.379007   0.044917  0.000005  13465.778     1.498962   1.732851   6.544351   -2385.987 1
 17.458416 -17.137583   0.057380  0.000150  17202.091    44.968869   1.744269   6.587474    1161.258 1
 18.980072 -15.781164   0.045585  0.000150  13666.039    44.968869   1.747513   6.599725   -2195.860 1
 18.730478 -14.458275   0.045665  0.000150  13690.023    44.968869   1.748694   6.604184   -2173.090 1
 18.106667 -16.933332   0.047380  0.000150  14204.167    44.968869   1.752103   6.617061   -1684.963 1
 17.809381 -17.070736   0.044574  0.000143  13362.949    42.870321   1.758786   6.642300   -2483.612 1
 16.793150 -13.696060   0.066800  0.000297  20026.136    89.038360   1.760147   6.647440    3842.398 1
 17.054735 -13.654505   0.051496  0.000150  15438.112    44.968869   1.761763   6.653542    -513.458 0
 18.483440 -14.140878   0.043500  0.000297  13040.972    89.038360   1.766572   6.671704   -2789.297 1
 17.842440 -17.071430   0.045568  0.000107  13660.943    32.077793   1.770186   6.685353   -2200.698 1
 15.487422 -14.781137   0.054561  0.000150  16356.976    44.968869   1.774606   6.702044     358.908 0
 17.890635 -17.067299   0.066986  0.000150  20081.898    44.968869   1.782912   6.733415    3895.338 1
 19.044516 -15.175566   0.044331  0.000150  13290.099    44.968869   1.785228   6.742162   -2552.776 1
 17.058157 -13.626553   0.051100  0.000297  15319.395    89.038360   1.789346   6.757714    -626.169 0
 15.485918 -14.723314   0.052213  0.000150  15653.064    44.968869   1.797250   6.787565    -309.384 0
 17.084223 -13.600937   0.051400  0.000213  15409.332    63.855794   1.813042   6.847204    -540.782 0
 17.596128 -13.633166   0.064500  0.000297  19336.614    89.038360   1.815656   6.857075    3187.768 1
 18.594872 -16.639277   0.038156  0.000150  11438.881    44.968869   1.815707   6.857269   -4310.317 1
 15.795210 -14.204413   0.063714  0.000150  19100.977    44.968869   1.819464   6.871460    2964.055 1
 18.443530 -14.031643   0.045500  0.000297  13640.557    89.038360   1.821234   6.878142   -2220.052 1
 15.485418 -14.661125   0.054064  0.000150  16207.979    44.968869   1.822357   6.882385     217.451 0
 18.377024 -13.976722   0.044600  0.000297  13370.744    89.038360   1.822849   6.884241   -2476.212 1
 17.668583 -13.640861   0.040600  0.000213  12171.574    63.855794   1.823834   6.887961   -3614.701 1
 18.325430 -13.936808   0.057400  0.000297  17208.087    89.038360   1.824615   6.890912    1166.951 1
 18.816614 -14.438484   0.051399  0.000150  15409.033    44.968869   1.829352   6.908801    -541.067 0
 17.741415 -13.653165   0.052420  0.000150  15715.121    44.968869   1.830346   6.912556    -250.467 0
 18.076403 -13.778311   0.054400  0.000410  16308.710    99.990000   1.833596   6.924830     313.084 0
 19.050924 -15.909663   0.044127  0.000133  13228.942    39.872397   1.844898   6.967512   -2610.839 1
 16.915518 -17.233137   0.049584  0.000117  14864.909    35.075718   1.844923   6.967609   -1057.656 0
 16.586857 -13.661348   0.051766  0.000150  15519.056    44.968869   1.848574   6.981397    -436.610 0
 17.726988 -17.197450   0.042246  0.000127  12665.032    38.073642   1.855959   7.009287   -3146.213 1
 15.290116 -15.250496   0.054704  0.000006  16399.847     1.798755   1.856522   7.011412     399.609 0
 18.405773 -13.928186   0.044400  0.000297  13310.785    89.038360   1.878154   7.093110   -2533.137 1
 15.259461 -15.401275   0.056152  0.000150  16833.946    44.968869   1.879230   7.097174     811.742 0
 18.929005 -14.517739   0.051265  0.000150  15368.860    44.968869   1.883203   7.112178    -579.206 0
 19.111774 -15.902998   0.043283  0.000150  12975.917    44.968869   1.899693   7.174456   -2851.060 1
 19.128270 -15.859867   0.042890  0.000150  12858.099    44.968869   1.904409   7.192264   -2962.916 1
 18.484458 -13.955556   0.043944  0.000130  13174.080    38.973020   1.904712   7.193407   -2662.924 1
 17.126630 -13.500930   0.068900  0.000297  20655.700    89.038360   1.910711   7.216064    4440.105 1
 19.125267 -15.918780   0.041319  0.000150  12387.125    44.968869   1.916388   7.237505   -3410.057 1
 15.913546 -13.947545   0.053584  0.000150  16064.079    44.968869   1.922986   7.262425      80.833 0
 18.726850 -14.160242   0.057837  0.000150  17339.096    44.968869   1.924524   7.268233    1291.330 1
 19.211870 -15.179327   0.045172  0.000014  13542.225     4.197094   1.944834   7.344936   -2313.408 1
 17.340525 -17.350914   0.051629  0.000150  15477.985    44.968869   1.945067   7.345815    -475.604 0
 15.685384 -16.692480   0.054154  0.000150  16234.961    44.968869   1.949754   7.363515     243.067 0
 16.645515 -17.293300   0.052613  0.000150  15772.981    44.968869   1.960013   7.402263    -195.535 0
 15.195548 -15.121457   0.053894  0.000150  16157.015    44.968869   1.962157   7.410358     169.066 0
 19.125916 -16.070004   0.052179  0.000150  15642.871    44.968869   1.962550   7.411844    -319.061 0
 15.742711 -16.783836   0.055912  0.000150  16761.996    44.968869   1.971024   7.443847     743.433 0
 15.188367 -15.093742   0.053890  0.000901  16155.816    99.990000   1.973257   7.452278     167.927 0
 17.518818 -13.458158   0.053300  0.000410  15978.938    99.990000   1.974599   7.457346       0.000 0
 16.586210 -13.527550   0.052917  0.000150  15864.117    44.968869   1.975806   7.461905    -109.010 0
 18.002647 -17.240211   0.042954  0.000007  12877.285     2.098547   1.983795   7.492076   -2944.700 1
 19.243418 -15.112562   0.068796  0.000014  20624.522     4.197094   1.983943   7.492635    4410.504 1
 15.151411 -15.197814   0.055058  0.000150  16505.973    44.968869   1.994693   7.533236     500.366 0
 17.766125 -17.340136   0.041167  0.000014  12341.556     4.197094   2.003536   7.566631   -3453.320 1
 17.670864 -17.363588   0.052967  0.000150  15879.107    44.968869   2.003741   7.567405     -94.779 0
 17.218813 -13.405533   0.070500  0.000297  21135.368    89.038360   2.004490   7.570236    4895.500 1
 16.422290 -13.547334   0.051630  0.000150  15478.285    44.968869   2.011062   7.595055    -475.319 0
 17.846485 -17.324924   0.069573  0.000020  20857.461     5.995849   2.011199   7.595573    4631.655 1
 18.243067 -17.157480   0.043563  0.000150  13059.859    44.968869   2.011954   7.598423   -2771.365 1
 17.723260 -13.458019   0.047000  0.000297  14090.246    89.038360   2.014016   7.606209   -1793.119 1
 19.294100 -15.220399   0.056142  0.000003  16830.948     0.899377   2.019301   7.626169     808.896 0
 19.267387 -14.976307   0.068684  0.000002  20590.945     0.599585   2.031461   7.672094    4378.626 1
 15.112276 -15.189086   0.054421  0.000150  16315.005    44.968869   2.033141   7.678440     319.061 0
 15.361914 -14.408651   0.042579  0.000150  12764.863    44.968869   2.042711   7.714581   -3051.434 1
 15.103583 -15.175917   0.054420  0.000901  16314.706    99.990000   2.042939   7.715444     318.777 0
 15.088166 -15.247694   0.053660  0.000150  16086.863    44.968869   2.050780   7.745054     102.464 0
 19.160206 -14.592118   0.043794  0.000150  13129.111    44.968869   2.051394   7.747374   -2705.618 1
 17.867376 -17.365604   0.043530  0.000143  13049.966    42.870321   2.056100   7.765145   -2780.758 1
 15.920773 -13.763664   0.052036  0.000150  15600.000    44.968869   2.062080   7.787731    -359.762 0
 15.066167 -15.299306   0.055261  0.000150  16566.831    44.968869   2.068519   7.812049     558.144 0
 15.453620 -16.645277   0.067070  0.000150  20107.080    44.968869   2.094965   7.911927    3919.246 1
 19.355920 -15.073007   0.043823  0.000010  13137.805     2.997925   2.097229   7.920476   -2697.364 1
 19.387405 -15.324113   0.043769  0.000002  13121.616     0.599585   2.102086   7.938818   -2712.733 1
 16.841608 -13.336809   0.053377  0.000150  16002.022    44.968869   2.103187   7.942978      21.916 0
 15.404127 -14.225903   0.053374  0.000150  16001.123    44.968869   2.104471   7.947827      21.062 0
 15.031008 -15.203440   0.055352  0.000017  16594.112     5.096472   2.109587   7.967148     584.045 1
 16.624353 -13.373478   0.052436  0.000150  15719.917    44.968869   2.113014   7.980089    -245.913 0
 19.363407 -15.011725   0.042362  0.000011  12699.808     3.297717   2.115032   7.987713   -3113.197 1
 15.019114 -15.568491   0.066286  0.000150  19872.043    44.968869   2.116858   7.994608    3696.103 1
 17.261960 -17.539722   0.053380  0.000150  16002.921    44.968869   2.130340   8.045523      22.770 0
 19.305333 -16.100083   0.045391  0.000112  13607.879    33.576755   2.135767   8.066019   -2251.076 1
 17.748672 -17.481401   0.052416  0.000150  15713.921    44.968869   2.135798   8.066138    -251.606 0
 18.176016 -17.343346   0.044024  0.000150  13198.063    44.968869   2.146478   8.106472   -2640.155 1
 16.222445 -17.340203   0.039841  0.000142  11944.031    42.570529   2.151695   8.126175   -3830.729 1
 19.414585 -15.065648   0.070043  0.000011  20998.363     3.297717   2.154233   8.135761    4765.428 1
 16.887093 -13.271335   0.053724  0.000150  16106.050    44.968869   2.161029   8.161425     120.680 0
 14.984250 -15.141389   0.055552  0.000150  16654.071    44.968869   2.161284   8.162388     640.969 1
 19.349243 -16.062477   0.044834  0.000133  13440.895    39.872397   2.164238   8.173543   -2409.611 1
 18.778755 -13.862903   0.050688  0.000150  15195.880    44.968869   2.164343   8.173940    -743.433 0
 16.162163 -17.327637   0.055862  0.000150  16747.006    44.968869   2.166872   8.183493     729.202 1
 19.353342 -16.061790   0.045230  0.000058  13559.613    17.387963   2.167799   8.186994   -2296.900 1
 18.200620 -13.452689   0.044497  0.000150  13339.865    44.968869   2.178395   8.227012   -2505.528 1
 18.369730 -13.537349   0.044227  0.000150  13258.921    44.968869   2.181633   8.239240   -2582.376 1
 19.412804 -15.916527   0.044515  0.000013  13345.261     3.897302   2.184356   8.249525   -2500.405 1
 19.436428 -14.974763   0.069502  0.000005  20836.175     1.498962   2.191250   8.275560    4611.447 1
 19.215694 -14.377313   0.051130  0.000009  15328.388     2.698132   2.193140   8.282698    -617.630 0
 15.037276 -14.734140   0.053779  0.000012  16122.539     3.597509   2.199805   8.307868     136.334 0
 19.454334 -15.006535   0.069919  0.000009  20961.189     2.698132   2.202129   8.316646    4730.135 1
 19.108250 -14.183611   0.050155  0.000150  15036.091    44.968869   2.203943   8.323496    -895.137 1
 14.920972 -15.247157   0.055368  0.000150  16598.909    44.968869   2.211534   8.352164     588.599 1
 14.936847 -15.085028   0.055712  0.000150  16702.037    44.968869   2.214203   8.362246     686.509 1
 19.506798 -15.559295   0.044077  0.000064  13213.952    19.186717   2.220456   8.385859   -2625.070 1
 19.418415 -16.060308   0.051989  0.000003  15585.910     0.899377   2.227277   8.411619    -373.140 0
 19.397383 -16.136200   0.061597  0.000003  18466.316     0.899377   2.231424   8.427282    2361.510 1
 19.496853 -15.757869   0.070694  0.000003  21193.528     0.899377   2.233105   8.433631    4950.717 1
 18.134466 -17.459680   0.044744  0.000093  13413.914    27.880699   2.235538   8.442819   -2435.227 1
 19.493889 -15.806747   0.050430  0.000006  15118.534     1.798755   2.238427   8.453730    -816.865 1
 15.163167 -14.316351   0.037973  0.000150  11384.019    44.968869   2.254999   8.516315   -4362.403 1
 19.553102 -15.490256   0.068885  0.000002  20651.203     0.599585   2.261495   8.540849    4435.835 1
 19.513510 -15.840425   0.070736  0.000009  21206.119     2.698132   2.263208   8.547321    4962.671 1
 19.486860 -15.971743   0.045590  0.000017  13667.538     5.096472   2.266913   8.561310   -2194.436 1
 19.561035 -15.530352   0.069567  0.000001  20855.662     0.299792   2.270910   8.576405    4629.948 1
 15.723212 -17.196806   0.055355  0.000150  16595.012    44.968869   2.289907   8.648153     584.898 0
 19.449356 -14.609661   0.039241  0.000014  11764.156     4.197094   2.303557   8.699703   -4001.502 1
 19.377993 -14.440560   0.051953  0.000013  15575.118     3.897302   2.305031   8.705269    -383.386 0
 14.852957 -14.930678   0.054461  0.000150  16326.997    44.968869   2.321130   8.766069     330.446 0
 19.321010 -14.276659   0.044187  0.000150  13246.929    44.968869   2.330466   8.801327   -2593.761 1
 19.494555 -16.177202   0.070752  0.000006  21210.916     1.798755   2.333361   8.812263    4967.225 1
 19.558762 -15.975732   0.058543  0.000006  17550.750     1.798755   2.335094   8.818807    1492.274 1
 19.222767 -14.093784   0.043777  0.000008  13124.014     2.398340   2.345694   8.858837   -2710.456 1
 19.645153 -15.361565   0.060070  0.000018  18008.533     5.396264   2.349311   8.872500    1926.892 1
 19.343857 -14.272436   0.044210  0.000005  13253.825     1.498962   2.351775   8.881806   -2587.215 1
 19.508265 -14.623464   0.039320  0.000009  11787.839     2.698132   2.352242   8.883567   -3979.017 1
 19.322706 -14.233434   0.044947  0.000011  13474.772     3.297717   2.353206   8.887208   -2377.448 1
 19.597414 -15.926013   0.070738  0.000009  21206.719     2.698132   2.359896   8.912473    4963.240 1
 19.466652 -16.345390   0.070747  0.000002  21209.417     0.599585   2.369198   8.947606    4965.802 1
 17.154310 -13.033592   0.043988  0.000009  13187.271     2.698132   2.376987   8.977023   -2650.401 1
 19.281330 -14.119780   0.050101  0.000020  15019.902     5.995849   2.378434   8.982484    -910.506 1
 19.534151 -16.214159   0.042840  0.000003  12843.109     0.899377   2.381668   8.994699   -2977.147 1
 15.066156 -14.210114   0.038133  0.000100  11431.986    29.979246   2.388784   9.021573   -4316.863 1
 15.345418 -16.985003   0.062430  0.000150  18716.043    44.968869   2.389034   9.022519    2598.600 1
 15.103479 -14.148829   0.052666  0.000100  15788.870    29.979246   2.389512   9.024322    -180.450 0
 15.561167 -17.205166   0.067750  0.000150  20310.939    44.968869   2.396973   9.052501    4112.789 1
 19.680433 -15.703978   0.070768  0.000025  21215.713     7.494811   2.400890   9.067293    4971.779 1
 14.833667 -14.684750   0.053180  0.000150  15942.963    44.968869   2.401811   9.070773     -34.155 0
 19.626429 -14.821210   0.044274  0.000007  13273.011     2.098547   2.403980   9.078965   -2568.999 1
 19.503990 -16.378792   0.038024  0.000006  11399.308     1.798755   2.415513   9.122521   -4347.887 1
 19.488457 -14.389060   0.058458  0.000020  17525.268     5.995849   2.423308   9.151958    1468.081 1
 17.120490 -12.980128   0.054468  0.000150  16329.096    44.968869   2.431361   9.182373     332.439 0
 14.795354 -14.674438   0.050000  0.000333  14989.623    99.830889   2.440137   9.215516    -939.253 1
 19.276651 -13.997746   0.051405  0.000097  15410.831    29.079868   2.443099   9.226704    -539.359 0
 14.974238 -14.244551   0.054911  0.000117  16461.904    35.075718   2.449236   9.249881     458.526 0
 14.689179 -15.727481   0.051722  0.000150  15505.866    44.968869   2.449650   9.251444    -449.134 0
 14.785416 -14.670730   0.052503  0.000150  15740.003    44.968869   2.450390   9.254237    -226.844 0
 18.607166 -13.363283   0.045258  0.000150  13568.007    44.968869   2.450824   9.255875   -2288.931 1
 18.754642 -13.457600   0.050865  0.000150  15248.943    44.968869   2.456198   9.276171    -693.055 1
 19.330643 -14.032458   0.053001  0.000009  15889.300     2.698132   2.466199   9.313943     -85.102 0
 14.721333 -14.819251   0.055081  0.000150  16512.868    44.968869   2.469686   9.327112     506.912 0
 15.016421 -14.131916   0.053487  0.000147  16034.999    44.069491   2.469906   9.327942      53.224 0
 19.702217 -15.980478   0.051659  0.000005  15486.979     1.498962   2.470590   9.330527    -467.065 0
 19.773810 -15.327976   0.041330  0.000002  12390.422     0.599585   2.474204   9.344173   -3406.927 1
 15.050345 -14.067774   0.054404  0.000193  16309.909    57.859944   2.476153   9.351535     314.223 0
 15.037365 -14.064586   0.054551  0.000120  16353.978    35.975095   2.488400   9.397787     356.062 0
 15.633307 -13.436796   0.054788  0.000150  16425.029    44.968869   2.490040   9.403982     423.518 0
 14.957134 -14.187699   0.056352  0.000180  16893.905    53.962642   2.491148   9.408167     868.667 1
 14.624612 -15.291862   0.055722  0.000150  16705.035    44.968869   2.494035   9.419070     689.355 1
 14.984500 -16.684222   0.053774  0.000150  16121.040    44.968869   2.494314   9.420124     134.911 0
 19.796309 -15.228634   0.041555  0.000011  12457.876     3.297717   2.501118   9.445820   -3342.887 1
 19.813290 -15.262080   0.051841  0.000002  15541.541     0.599585   2.515258   9.499219    -415.264 0
 19.437244 -14.090590   0.050161  0.000030  15037.889     8.993774   2.521184   9.521601    -893.429 1
 19.823858 -15.263578   0.052028  0.000003  15597.602     0.899377   2.525341   9.537300    -362.039 0
 14.909615 -14.198993   0.056172  0.000123  16839.942    36.874472   2.525731   9.538773     817.435 1
 14.588866 -15.523138   0.054721  0.000150  16404.943    44.968869   2.528229   9.548209     404.448 0
 19.827774 -15.624376   0.050261  0.000005  15067.869     1.498962   2.533952   9.569821    -864.967 1
 19.739334 -16.156796   0.045030  0.000019  13499.654     5.696057   2.551350   9.635527   -2353.825 1
 14.996223 -13.995278   0.052486  0.000123  15734.907    36.874472   2.559504   9.666322    -231.682 0
 19.854084 -15.700075   0.050815  0.000107  15233.954    32.077793   2.566676   9.693407    -707.286 1
 18.992435 -17.327843   0.051514  0.000003  15443.509     0.899377   2.575851   9.728058    -508.335 0
 14.600127 -14.803547   0.054644  0.000150  16381.859    44.968869   2.586930   9.769901     382.532 0
 17.065718 -18.000975   0.052770  0.000070  15820.048    20.985472   2.594642   9.799024    -150.850 0
 14.811379 -16.590837   0.052149  0.000150  15633.877    44.968869   2.595370   9.801773    -327.600 0
 14.930559 -14.021647   0.057963  0.000150  17376.870    44.968869   2.598308   9.812870    1327.193 1
 19.771890 -16.241545   0.050320  0.000033  15085.556     9.893151   2.607158   9.846293    -848.174 1
 14.837192 -16.667660   0.065702  0.000150  19696.964    44.968869   2.609381   9.854688    3529.883 1
 19.759497 -14.520314   0.051252  0.000006  15364.963     1.798755   2.615042   9.876069    -582.906 0
 19.491796 -13.997194   0.054288  0.000017  16275.133     5.096472   2.615393   9.877395     281.207 0
 19.849768 -14.794604   0.051508  0.000004  15441.710     1.199170   2.619387   9.892479    -510.043 0
 14.669639 -16.357574   0.054034  0.000150  16198.986    44.968869   2.624834   9.913051     208.913 0
 19.864128 -14.829415   0.039146  0.000005  11735.676     1.498962   2.624927   9.913401   -4028.541 1
 19.518301 -14.016505   0.040856  0.000001  12248.321     0.299792   2.626637   9.919858   -3541.837 1
 14.713764 -16.469116   0.054077  0.000097  16211.877    29.079868   2.628144   9.925550     221.151 0
 14.740789 -14.284018   0.055722  0.000203  16705.035    60.857869   2.632223   9.940954     689.355 1
 16.518084 -17.957472   0.053210  0.000150  15951.957    44.968869   2.633050   9.944077     -25.616 0
 19.827030 -16.191050   0.051952  0.000014  15574.818     4.197094   2.642229   9.978744    -383.671 0
 14.941521 -13.900559   0.038340  0.000150  11494.043    44.968869   2.656273  10.031781   -4257.947 1
 19.969082 -15.582531   0.055870  0.000008  16749.405     2.398340   2.666683  10.071096     731.479 1
 19.958447 -15.727648   0.050705  0.000003  15200.977     0.899377   2.669807  10.082895    -738.594 1
 15.739999 -17.682756   0.039494  0.000150  11840.003    44.968869   2.677747  10.112882   -3929.493 1
 19.981525 -15.223834   0.060520  0.000002  18143.440     0.599585   2.679566  10.119752    2054.972 1
 14.619616 -16.390633   0.054601  0.000150  16368.968    44.968869   2.681775  10.128095     370.293 0
 19.831905 -16.309660   0.044356  0.000019  13297.594     5.696057   2.684115  10.136931   -2545.660 1
 19.924952 -14.793992   0.041943  0.000003  12574.195     0.899377   2.690033  10.159284   -3232.453 1
 14.907172 -13.887715   0.038160  0.000150  11440.080    44.968869   2.690832  10.162300   -4309.179 1
 19.438019 -13.760665   0.050842  0.000001  15242.048     0.299792   2.709067  10.231166    -699.601 1
 14.544332 -16.275358   0.052229  0.000150  15657.860    44.968869   2.710480  10.236504    -304.830 0
 19.544884 -13.900529   0.053150  0.000150  15933.969    44.968869   2.711212  10.239269     -42.693 0
 19.547030 -13.891117   0.049358  0.000007  14797.156     2.098547   2.718179  10.265580   -1121.980 1
 14.856731 -13.899157   0.052283  0.000150  15674.049    44.968869   2.724707  10.290234    -289.461 0
 16.565546 -18.065147   0.053143  0.000150  15931.871    44.968869   2.726592  10.297353     -44.686 0
 17.158728 -18.143751   0.051476  0.000150  15432.117    44.968869   2.734176  10.325996    -519.151 0
 19.816296 -16.526550   0.043017  0.000011  12896.172     3.297717   2.750615  10.388081   -2926.769 1
 19.520903 -13.798243   0.051924  0.000003  15566.424     0.899377   2.750696  10.388386    -391.640 0
 17.871374 -12.730028   0.054380  0.000150  16302.714    44.968869   2.755053  10.404840     307.392 0
 18.795600 -17.703068   0.070200  0.000400  21045.431    99.990000   2.756529  10.410414    4810.113 1
 19.882595 -14.419830   0.053944  0.000005  16172.004     1.498962   2.761352  10.428629     183.297 0
 20.074537 -15.532961   0.060530  0.000006  18146.437     1.798755   2.765494  10.444272    2057.818 1
 19.765944 -14.142921   0.058037  0.000010  17399.055     2.997925   2.771822  10.468171    1348.255 1
 15.416997 -17.581070   0.059918  0.000150  17962.964    44.968869   2.774390  10.477869    1883.629 1
 18.111135 -12.775499   0.045225  0.000150  13558.114    44.968869   2.774418  10.477975   -2298.323 1
 14.680422 -16.740086   0.037219  0.000150  11157.975    44.968869   2.776725  10.486689   -4577.008 1
 19.953190 -16.260788   0.051973  0.000002  15581.113     0.599585   2.779202  10.496042    -377.694 0
 15.683590 -17.776610   0.055662  0.000150  16687.048    44.968869   2.786164  10.522335     672.277 1
 17.773136 -18.148256   0.042223  0.000150  12658.137    44.968869   2.791789  10.543578   -3152.759 1
 19.779417 -14.119028   0.059070  0.000150  17708.740    44.968869   2.794338  10.553206    1642.270 1
 15.907741 -17.908068   0.055492  0.000150  16636.083    44.968869   2.795255  10.556670     623.892 1
 14.733775 -16.868782   0.036605  0.000113  10973.903    33.876548   2.796610  10.561786   -4751.766 1
 19.784460 -14.119019   0.058182  0.000040  17442.525    11.991698   2.798655  10.569509    1389.525 1
 19.364265 -13.534934   0.067860  0.000150  20343.916    44.968869   2.798937  10.570574    4144.098 1
 19.848255 -14.226643   0.058421  0.000002  17514.175     0.599585   2.806312  10.598425    1457.550 1
 20.085714 -14.928772   0.070328  0.000010  21083.804     2.997925   2.814973  10.631136    4846.545 1
 14.590352 -16.658577   0.055672  0.000150  16690.046    44.968869   2.816177  10.635683     675.124 1
 17.893640 -18.167044   0.041989  0.000150  12587.986    44.968869   2.835004  10.706784   -3219.361 1
 14.453917 -16.413055   0.054550  0.000150  16353.679    44.968869   2.838901  10.721505     355.778 0
 19.978327 -14.441940   0.044337  0.000004  13291.898     1.199170   2.840085  10.725975   -2551.068 1
 20.027481 -14.564069   0.051967  0.000005  15579.315     1.498962   2.846021  10.748392    -379.401 0
 19.986036 -16.382309   0.051535  0.000018  15449.804     5.396264   2.848521  10.757833    -502.358 0
 20.097332 -14.800890   0.069710  0.000003  20898.532     0.899377   2.850572  10.765581    4670.649 1
 20.125332 -14.913289   0.070514  0.000003  21139.565     0.899377   2.855265  10.783303    4899.485 1
 14.788598 -13.764033   0.052870  0.000150  15850.027    44.968869   2.855306  10.783460    -122.388 0
 20.085527 -14.702543   0.070612  0.000027  21168.945     8.094396   2.862165  10.809363    4927.378 1
 19.992023 -14.390743   0.052906  0.000029  15860.820     8.693981   2.870280  10.840012    -112.141 0
 19.897299 -16.651814   0.066948  0.000015  20070.505     4.496887   2.874024  10.854149    3884.522 1
 19.622011 -13.718992   0.047598  0.000045  14269.521    13.490661   2.876129  10.862101   -1622.915 1
 18.214400 -18.130840   0.057016  0.000150  17092.967    44.968869   2.888407  10.908468    1057.656 1
 19.159637 -17.604021   0.070495  0.000009  21133.869     2.698132   2.889801  10.913735    4894.077 1
 14.520682 -16.709936   0.053490  0.000150  16035.899    44.968869   2.899196  10.949217      54.078 0
 19.692940 -13.770178   0.048029  0.000003  14398.732     0.899377   2.902494  10.961671   -1500.243 1
 18.701242 -17.936255   0.041909  0.000150  12564.002    44.968869   2.907269  10.979704   -3242.130 1
 19.754026 -13.848434   0.052487  0.000043  15735.207    12.891076   2.908519  10.984423    -231.398 0
 20.139614 -14.708245   0.038420  0.000003  11518.026     0.899377   2.911338  10.995073   -4235.177 1
 20.217777 -15.153961   0.051810  0.000003  15532.247     0.899377   2.912127  10.998052    -424.087 0
 20.230757 -15.375924   0.070784  0.000002  21220.509     0.599585   2.913562  11.003472    4976.333 1
 19.812977 -13.928200   0.069809  0.000002  20928.212     0.599585   2.915280  11.009958    4698.826 1
 14.393598 -16.505459   0.053177  0.000150  15942.064    44.968869   2.926692  11.053058     -35.009 0
 19.993412 -14.238235   0.050887  0.000033  15255.539     9.893151   2.929137  11.062293    -686.793 1
 19.797770 -13.875544   0.040785  0.000150  12227.035    44.968869   2.929895  11.065153   -3562.046 1
 17.839583 -18.277361   0.041936  0.000116  12572.097    34.775925   2.931145  11.069875   -3234.446 1
 19.819878 -13.902287   0.040715  0.000167  12206.050    50.065340   2.934242  11.081570   -3581.969 1
 19.864307 -13.968058   0.058503  0.000003  17538.758     0.899377   2.938238  11.096663    1480.889 1
 18.527567 -12.760716   0.041329  0.000150  12390.122    44.968869   2.938567  11.097905   -3407.211 1
 19.819410 -13.891487   0.051267  0.000004  15369.460     1.199170   2.939419  11.101124    -578.637 1
 19.959100 -14.135709   0.050603  0.000029  15170.398     8.693981   2.941789  11.110074    -767.626 1
 20.179447 -14.732102   0.040468  0.000067  12132.001    20.086095   2.943035  11.114780   -3652.271 1
 20.029957 -16.536840   0.044447  0.000003  13324.875     0.899377   2.943974  11.118325   -2519.759 1
 17.953548 -12.551209   0.045018  0.000150  13496.057    44.968869   2.947582  11.131953   -2357.240 1
 19.650960 -13.624497   0.050673  0.000003  15191.383     0.899377   2.954872  11.159484    -747.702 1
 20.085090 -16.437185   0.051727  0.000008  15507.364     2.398340   2.957070  11.167786    -447.711 0
 14.917295 -13.440490   0.055165  0.000150  16538.051    44.968869   2.959558  11.177180     530.820 1
 19.817188 -13.834127   0.050532  0.000010  15149.112     2.997925   2.967642  11.207713    -787.834 1
 20.000935 -14.159164   0.069989  0.000004  20982.174     1.199170   2.968231  11.209936    4750.058 1
 16.830760 -18.362646   0.043197  0.000150  12950.135    44.968869   2.975047  11.235679   -2875.537 1
 18.448458 -12.685223   0.049000  0.000333  14689.830    99.830889   2.975360  11.236860   -1223.875 1
 19.043850 -17.805634   0.049191  0.000150  14747.091    44.968869   2.978065  11.247075   -1169.512 1
 19.865671 -13.888272   0.052477  0.000010  15732.209     2.997925   2.979335  11.251872    -234.244 0
 14.179575 -16.007578   0.036635  0.000150  10982.897    44.968869   2.980788  11.257358   -4743.227 1
 20.284372 -15.009804   0.041154  0.000002  12337.659     0.599585   2.991936  11.299461   -3457.020 1
 19.549167 -17.386500   0.069755  0.000200  20912.023    59.958492   2.999556  11.328240    4683.457 1
 14.820417 -17.336722   0.054054  0.000150  16204.982    44.968869   3.002270  11.338490     214.605 0
 16.229417 -18.260556   0.056119  0.000150  16824.053    44.968869   3.002839  11.340637     802.350 1
 14.308265 -16.517841   0.056372  0.000150  16899.900    44.968869   3.007674  11.358897     874.359 1
 17.478111 -12.401274   0.046149  0.000150  13835.122    44.968869   3.019911  11.405114   -2035.333 1
 20.063180 -16.690454   0.066888  0.000007  20052.518     2.098547   3.035132  11.462595    3867.445 1
 17.918755 -12.452051   0.045595  0.000150  13669.037    44.968869   3.036112  11.466297   -2193.013 1
 20.083122 -14.165033   0.051238  0.000001  15360.766     0.299792   3.037858  11.472892    -586.891 1
 18.391983 -12.593425   0.053300  0.000150  15978.938    44.968869   3.038796  11.476433       0.000 0
 20.034430 -14.060205   0.070269  0.000006  21066.116     1.798755   3.040170  11.481624    4829.752 1
 20.126528 -14.244167   0.051340  0.000010  15391.345     2.997925   3.044908  11.499518    -557.859 1
 20.258194 -14.603639   0.052795  0.000006  15827.543     1.798755   3.048397  11.512692    -143.734 0
 18.491708 -12.622556   0.056340  0.000333  16890.307    99.830889   3.049525  11.516954     865.251 1
 20.098215 -16.654945   0.049971  0.000006  14980.929     1.798755   3.051127  11.523005    -947.507 1
 18.803310 -18.050104   0.035765  0.000112  10722.077    33.576755   3.055035  11.537762   -4990.849 1
 20.145073 -16.562693   0.057063  0.000010  17107.057     2.997925   3.056452  11.543115    1071.033 1
 20.242619 -14.509745   0.050589  0.000006  15166.201     1.798755   3.060213  11.557320    -771.611 1
 19.774376 -17.212317   0.041916  0.000150  12566.101    44.968869   3.060392  11.557996   -3240.138 1
 19.973455 -13.871156   0.049963  0.000010  14978.531     2.997925   3.077649  11.623169    -949.784 1
 19.884160 -13.726170   0.054903  0.000008  16459.505     2.398340   3.080210  11.632839     456.249 0
 17.566990 -12.347059   0.066759  0.000001  20013.845     0.299792   3.082350  11.640922    3830.729 1
 20.195547 -14.306703   0.044164  0.000001  13240.034     0.299792   3.083556  11.645476   -2600.308 1
 20.087732 -14.063375   0.070334  0.000019  21085.603     5.696057   3.084913  11.650601    4848.253 1
 20.194923 -14.286696   0.053863  0.000007  16147.721     2.098547   3.090210  11.670608     160.242 0
 20.006830 -13.898065   0.051961  0.000008  15577.516     2.398340   3.092310  11.678537    -381.109 0
 20.190613 -14.238200   0.053153  0.000004  15934.869     1.199170   3.104319  11.723892     -41.839 0
 20.170220 -14.190374   0.053504  0.000021  16040.096     6.295642   3.104598  11.724943      58.063 0
 20.423023 -15.186166   0.053114  0.000002  15923.177     0.599585   3.106791  11.733225     -52.940 0
 20.069681 -13.974131   0.069804  0.000050  20926.713    14.989623   3.109455  11.743289    4697.403 1
 13.981046 -15.550134   0.064857  0.000001  19443.639     0.299792   3.114819  11.763545    3289.378 1
 20.085588 -13.974187   0.069969  0.000010  20976.178     2.997925   3.123040  11.794593    4744.366 1
 20.099237 -13.989303   0.040425  0.000003  12119.110     0.899377   3.127836  11.812707   -3664.510 1
 20.018114 -13.835359   0.048344  0.000015  14493.167     4.496887   3.132847  11.831633   -1410.587 1
 20.451265 -15.165913   0.052778  0.000005  15822.446     1.498962   3.135459  11.841494    -148.573 0
 19.886250 -13.624546   0.051636  0.000010  15480.083     2.997925   3.138575  11.853263    -473.611 0
 16.478094 -12.345585   0.065000  0.000333  19486.510    99.830889   3.144329  11.874993    3330.079 1
 20.302883 -14.404315   0.050903  0.000008  15260.335     2.398340   3.147868  11.888358    -682.239 1
 20.106766 -13.947175   0.054444  0.000019  16321.901     5.696057   3.153623  11.910096     325.608 0
 20.020237 -13.796319   0.052543  0.000043  15751.995    12.891076   3.154409  11.913063    -215.459 0
 20.085930 -13.889873   0.050879  0.000043  15253.140    12.891076   3.162979  11.945428    -689.070 1
 20.132513 -13.973602   0.052104  0.000009  15620.386     2.698132   3.163547  11.947575    -340.408 0
 19.819769 -13.486421   0.051508  0.000011  15441.710     3.297717   3.167997  11.964378    -510.043 1
 20.081707 -13.868844   0.051449  0.000014  15424.022     4.197094   3.169581  11.970361    -526.836 1
 20.181406 -14.046231   0.069043  0.000009  20698.571     2.698132   3.173735  11.986052    4480.806 1
 20.112715 -13.911780   0.051741  0.000009  15511.562     2.698132   3.175252  11.991780    -443.726 0
 19.936722 -13.626338   0.052857  0.000004  15846.130     1.199170   3.177706  12.001049    -126.088 0
 20.503430 -15.588649   0.056553  0.000007  16954.163     2.098547   3.181253  12.014444     925.876 1
 19.948532 -13.608209   0.050447  0.000090  15123.630    26.981321   3.197317  12.075109    -812.027 1
 20.104153 -13.834928   0.052480  0.000004  15733.108     1.199170   3.205038  12.104269    -233.390 0
 20.234440 -14.077395   0.051441  0.000019  15421.624     5.696057   3.206902  12.111310    -529.112 1
 13.870340 -15.479878   0.036919  0.000150  11068.038    44.968869   3.219149  12.157564   -4662.395 1
 20.532629 -15.724072   0.066099  0.000010  19815.982     2.997925   3.219737  12.159784    3642.878 1
 20.324806 -14.248584   0.054989  0.000015  16485.287     4.496887   3.220728  12.163525     480.727 0
 20.095974 -13.787518   0.050810  0.000068  15232.455    20.385887   3.221786  12.167522    -708.709 1
 20.142796 -13.864220   0.054898  0.000033  16458.006     9.893151   3.223385  12.173561     454.826 0
 19.858404 -13.439410   0.051632  0.000012  15478.884     3.597509   3.226169  12.184074    -474.750 0
 20.298634 -16.649199   0.066064  0.000003  19805.489     0.899377   3.226277  12.184482    3632.916 1
 20.393970 -14.420040   0.050552  0.000006  15155.108     1.798755   3.226340  12.184721    -782.142 1
 19.968695 -13.582254   0.052632  0.000009  15778.677     2.698132   3.228018  12.191057    -190.128 0
 20.150764 -13.863832   0.049104  0.000006  14721.009     1.798755   3.230314  12.199727   -1194.274 1
 16.194460 -12.330688   0.059378  0.000150  17801.077    44.968869   3.230837  12.201702    1729.933 1
 20.186718 -13.913290   0.050934  0.000011  15269.629     3.297717   3.237630  12.227359    -673.416 1
 20.530653 -14.926107   0.041166  0.000003  12341.256     0.899377   3.238829  12.231887   -3453.605 1
 14.269258 -13.813503   0.056302  0.000150  16878.915    44.968869   3.252585  12.283837     854.436 1
 20.092222 -13.712653   0.050493  0.000003  15137.421     0.899377   3.257042  12.300670    -798.934 1
 20.220734 -13.927481   0.049242  0.000027  14762.380     8.094396   3.260267  12.312849   -1154.996 1
 20.282830 -14.048903   0.051374  0.000002  15401.538     0.599585   3.261180  12.316299    -548.182 1
 20.165638 -13.817075   0.052865  0.000011  15848.528     3.297717   3.265462  12.332472    -123.811 0
 20.157421 -13.797307   0.051807  0.000095  15531.348    28.480284   3.268259  12.343032    -424.941 0
 20.358600 -14.188077   0.051535  0.000003  15449.804     0.899377   3.273239  12.361842    -502.358 1
 20.229252 -13.914696   0.069253  0.000005  20761.527     1.498962   3.273403  12.362459    4540.576 1
 20.018980 -13.567369   0.049645  0.000014  14883.197     4.197094   3.276439  12.373925   -1040.294 1
 20.390448 -14.234825   0.050414  0.000050  15113.737    14.989623   3.284729  12.405235    -821.419 1
 20.597542 -15.059524   0.043466  0.000002  13030.779     0.599585   3.285707  12.408929   -2798.974 1
 20.217058 -13.854547   0.048803  0.000011  14630.771     3.297717   3.290948  12.428723   -1279.946 1
 17.248428 -12.118221   0.060785  0.000004  18222.885     1.199170   3.292001  12.432699    2130.396 1
 20.260351 -13.920024   0.051198  0.000035  15348.774    10.492736   3.297691  12.454186    -598.276 1
 20.181185 -13.764946   0.051036  0.000010  15300.208     2.997925   3.304196  12.478755    -644.384 1
 20.231342 -13.834921   0.049391  0.000040  14807.049    11.991698   3.312377  12.509652   -1112.588 1
 20.243856 -13.850075   0.051315  0.000023  15383.850     6.895227   3.315839  12.522726    -564.975 1
 20.629086 -15.797705   0.043860  0.000002  13148.897     0.599585   3.320087  12.538767   -2686.833 1
 20.119936 -13.635418   0.051325  0.000019  15386.848     5.696057   3.320501  12.540334    -562.129 1
 20.344570 -14.032400   0.053493  0.000007  16036.798     2.098547   3.322171  12.546639      54.932 0
 20.268843 -13.879411   0.053301  0.000047  15979.238    14.090246   3.323503  12.551670       0.285 0
 20.388655 -14.122696   0.052018  0.000014  15594.604     4.197094   3.324900  12.556945    -364.886 0
 20.659487 -15.423344   0.038706  0.000002  11603.767     0.599585   3.326706  12.563768   -4153.775 1
 20.151737 -13.655211   0.054329  0.000005  16287.424     1.498962   3.336000  12.598867     292.876 0
 16.484768 -18.672354   0.054117  0.000047  16223.868    14.090246   3.336179  12.599544     232.536 0
 20.182890 -13.700579   0.050756  0.000060  15216.266    17.987547   3.338121  12.606877    -724.079 1
 20.209526 -17.081926   0.038057  0.000007  11409.202     2.098547   3.341284  12.618823   -4338.495 1
 20.675636 -15.211604   0.038748  0.000002  11616.358     0.599585   3.348131  12.644682   -4141.821 1
 20.152777 -13.623057   0.053515  0.000010  16043.393     2.997925   3.353873  12.666368      61.194 0
 14.016466 -14.060517   0.038220  0.000150  11458.068    44.968869   3.360390  12.690980   -4292.101 1
 14.734709 -17.780695   0.056950  0.000150  17073.180    44.968869   3.362868  12.700338    1038.871 1
 14.567929 -13.205664   0.057993  0.000150  17385.864    44.968869   3.367582  12.718139    1335.732 1
 13.957230 -14.170600   0.037032  0.000150  11101.914    44.968869   3.370754  12.730121   -4630.232 1
 20.419662 -14.067587   0.047543  0.000007  14253.033     2.098547   3.374026  12.742475   -1638.569 1
 20.527693 -16.488928   0.066036  0.000005  19797.095     1.498962   3.376637  12.752338    3624.947 1
 14.053122 -13.940393   0.053294  0.000150  15977.139    44.968869   3.378551  12.759565      -1.708 0
 20.446083 -16.734343   0.057041  0.000001  17100.462     0.299792   3.390310  12.803974    1064.771 1
 20.394125 -13.962600   0.049470  0.000015  14830.733     4.496887   3.394869  12.821192   -1090.103 1
 13.937616 -14.148584   0.037473  0.000023  11234.123     6.895227   3.396461  12.827204   -4504.714 1
 20.366877 -16.916510   0.044007  0.000007  13192.967     2.098547   3.396925  12.828956   -2644.993 1
 20.613626 -14.527886   0.051647  0.000045  15483.381    13.490661   3.398929  12.836526    -470.480 0
 17.657803 -12.035426   0.045241  0.000150  13562.911    44.968869   3.402229  12.848988   -2293.770 1
 20.315708 -13.793979   0.048905  0.000011  14661.350     3.297717   3.403396  12.853398   -1250.914 1
 20.648832 -16.176607   0.065749  0.000004  19711.054     1.199170   3.403858  12.855140    3543.261 1
 14.211900 -13.594882   0.057213  0.000150  17152.026    44.968869   3.411981  12.885818    1113.726 1
 20.366547 -13.867747   0.050750  0.000003  15214.467     0.899377   3.412643  12.888319    -725.786 1
 14.068761 -13.822464   0.055031  0.000150  16497.879    44.968869   3.418132  12.909049     492.681 1
 19.739193 -17.806488   0.069198  0.000150  20745.039    44.968869   3.419675  12.914875    4524.922 1
 16.843208 -12.007116   0.054652  0.000006  16384.257     1.798755   3.421083  12.920192     384.809 0
 20.451080 -16.806770   0.051308  0.000036  15381.751    10.792528   3.423649  12.929886    -566.967 1
 20.460310 -14.032619   0.051263  0.000016  15368.261     4.796679   3.423929  12.930944    -579.775 1
 20.402460 -13.905111   0.049863  0.000010  14948.551     2.997925   3.426992  12.942510    -978.246 1
 20.430986 -13.956067   0.054066  0.000003  16208.579     0.899377   3.429811  12.953156     218.021 0
 20.183668 -13.528199   0.052859  0.000049  15846.730    14.689830   3.430220  12.954701    -125.518 0
 14.027195 -13.864340   0.054504  0.000150  16339.888    44.968869   3.434622  12.971326     342.685 0
 20.488724 -16.752499   0.056797  0.000004  17027.312     1.199170   3.435244  12.973675     995.323 1
 20.324380 -13.742719   0.050566  0.000040  15159.305    11.991698   3.435340  12.974037    -778.157 1
 20.145472 -13.455553   0.054758  0.000019  16416.035     5.696057   3.440238  12.992537     414.979 0
 20.311058 -13.702292   0.049429  0.000037  14818.441    11.092321   3.443982  13.006677   -1101.772 1
 20.550634 -14.184417   0.070539  0.000005  21147.060     1.498962   3.446979  13.017993    4906.600 1
 20.458033 -13.969454   0.053977  0.000150  16181.898    44.968869   3.447830  13.021207     192.689 0
 19.888670 -17.693243   0.041635  0.000090  12481.859    26.981321   3.447906  13.021494   -3320.117 1
 20.148207 -13.441295   0.052271  0.000013  15670.452     3.897302   3.450523  13.031380    -292.876 0
 20.303854 -13.661815   0.053835  0.000005  16139.327     1.498962   3.458237  13.060512     152.273 0
 20.222870 -13.533689   0.053200  0.000009  15948.959     2.698132   3.458899  13.063011     -28.462 0
 14.455338 -17.640776   0.055108  0.000150  16520.963    44.968869   3.467323  13.094826     514.597 1
 14.307315 -13.358363   0.056763  0.000004  17017.119     1.199170   3.468880  13.100705     985.646 1
 20.492699 -16.845388   0.051806  0.000123  15531.048    36.874472   3.476088  13.127927    -425.225 0
 20.488450 -16.856337   0.050947  0.000035  15273.526    10.492736   3.476898  13.130986    -669.716 1
 13.626458 -15.834084   0.053990  0.000150  16185.795    44.968869   3.479446  13.140611     196.389 0
 20.814700 -15.235221   0.051423  0.000008  15416.228     2.398340   3.480704  13.145360    -534.236 1
 13.600149 -15.605199   0.036582  0.000150  10967.008    44.968869   3.484340  13.159094   -4758.312 1
 20.353466 -13.681234   0.048285  0.000036  14475.479    10.792528   3.489928  13.180197   -1427.380 1
 13.678421 -14.636641   0.054331  0.000150  16288.024    44.968869   3.490170  13.181110     293.445 0
 20.786747 -14.865000   0.044028  0.000009  13199.262     2.698132   3.492154  13.188604   -2639.016 1
 20.678251 -14.401994   0.051210  0.000039  15352.372    11.691906   3.493359  13.193154    -594.860 1
 20.837706 -15.422626   0.051330  0.000002  15388.347     0.599585   3.498514  13.212624    -560.706 1
 20.739761 -14.597847   0.044506  0.000002  13342.563     0.599585   3.499610  13.216762   -2502.967 1
 14.280770 -13.336247   0.055962  0.000150  16776.986    44.968869   3.502596  13.228039     757.664 1
 16.940363 -18.910124   0.043347  0.000150  12995.104    44.968869   3.509674  13.254771   -2832.844 1
 20.812622 -15.919844   0.063125  0.000003  18924.399     0.899377   3.511519  13.261739    2796.412 1
 20.851210 -15.328921   0.069000  0.000003  20685.680     0.899377   3.512446  13.265239    4468.567 1
 20.486366 -16.980787   0.052198  0.000005  15648.567     1.498962   3.528682  13.326557    -313.654 0
 20.572897 -16.805231   0.060415  0.000009  18111.961     2.698132   3.530585  13.333745    2025.086 1
 20.367918 -17.203392   0.042161  0.000001  12639.550     0.299792   3.534387  13.348102   -3170.406 1
 20.406555 -13.677489   0.047551  0.000050  14255.431    14.989623   3.536312  13.355372   -1636.292 1
 14.252509 -13.284995   0.054241  0.000006  16261.043     1.798755   3.554986  13.425898     267.829 0
 20.462181 -13.735217   0.051449  0.000009  15424.022     2.698132   3.555605  13.428233    -526.836 1
 13.961178 -13.724058   0.056252  0.000150  16863.925    44.968869   3.555900  13.429350     840.204 1
 17.796562 -18.924692   0.056896  0.000150  17056.992    44.968869   3.560082  13.445144    1023.501 1
 20.897295 -15.232270   0.050598  0.000003  15168.899     0.899377   3.560377  13.446258    -769.049 1
 20.891485 -15.130221   0.043256  0.000006  12967.823     1.798755   3.561344  13.449909   -2858.744 1
 20.358232 -13.535558   0.051820  0.000016  15535.245     4.796679   3.568246  13.475975    -421.241 0
 14.263273 -13.247167   0.057653  0.000150  17283.935    44.968869   3.569466  13.480582    1238.960 1
 13.996469 -13.622031   0.055832  0.000150  16738.013    44.968869   3.575889  13.504840     720.663 1
 20.634890 -14.035597   0.052516  0.000066  15743.901    19.786302   3.577510  13.510961    -223.144 0
 20.702286 -14.202784   0.045395  0.000002  13609.079     0.599585   3.577763  13.511919   -2249.938 1
 13.734380 -14.136318   0.056813  0.000150  17032.109    44.968869   3.583458  13.533425     999.877 1
 15.403134 -18.546867   0.064688  0.000160  19392.975    47.966793   3.587475  13.548598    3241.276 1
 17.726866 -18.963839   0.053183  0.000150  15943.862    44.968869   3.588769  13.553483     -33.301 0
 20.813877 -16.314938   0.061003  0.000002  18288.239     0.599585   3.591399  13.563416    2192.444 1
 17.188992 -11.815265   0.044567  0.000150  13360.850    44.968869   3.594785  13.576206   -2485.605 1
 20.354149 -13.476532   0.053915  0.000012  16163.310     3.597509   3.596284  13.581864     175.043 0
 20.215828 -17.543898   0.060165  0.000150  18037.013    44.968869   3.599660  13.594615    1953.931 1
 20.620562 -16.872640   0.060619  0.000015  18173.119     4.496887   3.599701  13.594771    2083.149 1
 20.565947 -16.994778   0.052385  0.000020  15704.628     5.995849   3.603675  13.609776    -260.429 0
 20.835909 -16.308292   0.056827  0.000013  17036.306     3.897302   3.610298  13.634792    1003.862 1
 20.322464 -13.398018   0.055184  0.000001  16543.747     0.299792   3.613684  13.647579     536.228 1
 16.565231 -18.971478   0.053804  0.000150  16130.033    44.968869   3.615107  13.652954     143.450 0
 14.186916 -13.268389   0.054750  0.000150  16413.637    44.968869   3.615689  13.655152     412.702 0
 20.444016 -13.579385   0.051904  0.000039  15560.428    11.691906   3.616494  13.658193    -397.332 0
 20.954025 -15.709837   0.044104  0.000150  13222.047    44.968869   3.623057  13.682977   -2617.385 1
 20.835867 -16.363823   0.065653  0.000004  19682.274     1.199170   3.624475  13.688333    3515.937 1
 20.518005 -13.684608   0.053171  0.000004  15940.265     1.199170   3.626967  13.697744     -36.716 0
 20.971890 -15.393702   0.064678  0.000009  19389.977     2.698132   3.627888  13.701222    3238.430 1
 20.926714 -14.804689   0.041032  0.000005  12301.084     1.498962   3.635052  13.728279   -3491.744 1
 20.418339 -13.499492   0.053678  0.000010  16092.260     2.997925   3.636499  13.733741     107.587 0
 20.651552 -13.923973   0.053146  0.000016  15932.770     4.796679   3.636514  13.733800     -43.832 0
 20.661703 -13.941178   0.057770  0.000002  17319.010     0.599585   3.638469  13.741181    1272.261 1
 20.602550 -13.792580   0.048338  0.000004  14491.368     1.199170   3.649747  13.783776   -1412.295 1
 20.983171 -15.100736   0.050350  0.000001  15094.550     0.299792   3.651846  13.791702    -839.635 1
 16.518353 -19.004108   0.054017  0.000170  16193.889    50.964718   3.655216  13.804430     204.074 0
 15.308913 -12.242805   0.055475  0.000150  16630.987    44.968869   3.658640  13.817362     619.053 1
 21.006155 -15.281607   0.053618  0.000002  16074.272     0.599585   3.663135  13.834339      90.510 0
 20.553131 -13.662302   0.053088  0.000012  15915.382     3.597509   3.667366  13.850316     -60.340 0
 20.796875 -14.182153   0.051197  0.000004  15348.474     1.199170   3.670583  13.862465    -598.560 1
 19.356966 -12.371650   0.052540  0.000150  15751.096    44.968869   3.677030  13.886815    -216.313 0
 20.401136 -13.396105   0.050393  0.000004  15107.441     1.199170   3.677975  13.890381    -827.396 1
 20.646399 -17.006575   0.041706  0.000150  12503.144    44.968869   3.678595  13.892723   -3299.909 1
 20.747543 -14.023459   0.050265  0.000010  15069.068     2.997925   3.682568  13.907728    -863.828 1
 20.895206 -14.409461   0.070522  0.000008  21141.964     2.398340   3.692080  13.943653    4901.762 1
 20.570522 -17.188345   0.050163  0.000003  15038.489     0.899377   3.696759  13.961324    -892.860 1
 14.017631 -13.357951   0.056052  0.000087  16803.967    26.081944   3.697988  13.965963     783.280 1
 20.754894 -13.992370   0.051168  0.000014  15339.780     4.197094   3.700931  13.977078    -606.814 1
 20.771524 -16.798012   0.041769  0.000006  12522.031     1.798755   3.704547  13.990733   -3281.977 1
 18.141073 -19.014673   0.053720  0.000150  16104.851    44.968869   3.715039  14.030361     119.541 0
 20.544882 -13.545506   0.051810  0.000017  15532.247     5.096472   3.717559  14.039878    -424.087 0
 18.269459 -18.997025   0.050308  0.000150  15081.959    44.968869   3.729934  14.086614    -851.589 1
 18.245377 -19.004360   0.050852  0.000150  15245.046    44.968869   3.730703  14.089516    -696.755 1
 21.072586 -15.196873   0.050728  0.000005  15207.872     1.498962   3.731020  14.090713    -732.048 1
 13.412883 -14.668107   0.058090  0.000150  17414.944    44.968869   3.733849  14.101398    1363.340 1
 21.061480 -14.979193   0.058731  0.000006  17607.111     1.798755   3.739122  14.121311    1545.783 1
 20.767698 -13.903244   0.044620  0.000026  13376.739     7.794604   3.747276  14.152107   -2470.520 1
 21.076906 -15.796375   0.042449  0.000002  12725.890     0.599585   3.749055  14.158826   -3088.434 1
 13.885716 -13.460603   0.054281  0.000150  16273.034    44.968869   3.750066  14.162644     279.214 0
 16.907564 -11.666118   0.047500  0.000333  14240.142    99.830889   3.755125  14.181748   -1650.808 1
 20.409739 -13.257033   0.050619  0.000005  15175.194     1.498962   3.762726  14.210458    -763.072 1
 20.993586 -16.341228   0.060703  0.000019  18198.302     5.696057   3.765726  14.221785    2107.057 1
 16.915180 -11.653119   0.047459  0.000150  14227.850    44.968869   3.767526  14.228585   -1662.478 1
 20.826797 -16.836864   0.043788  0.000001  13127.312     0.299792   3.768542  14.232421   -2707.325 1
 20.553263 -13.458799   0.050521  0.000022  15145.815     6.595434   3.768704  14.233034    -790.965 1
 20.694740 -17.140348   0.050408  0.000004  15111.938     1.199170   3.779970  14.275582    -823.127 1
