 17.481455 -45.931160   0.024250  0.000044   7269.967    13.190868   0.011480   0.019912     110.094 0
 17.471111 -45.890873   0.022032  0.000337   6605.027    99.990000   0.029952   0.051954    -539.341 0
 17.468193 -45.952415   0.021368  0.000170   6405.965    50.964718   0.031996   0.055500    -733.762 0
 17.436874 -45.941900   0.033006  0.000941   9894.950    99.990000   0.033702   0.058460    2673.869 1
 17.522070 -45.904243   0.021201  0.000067   6355.900    20.086095   0.036929   0.064057    -782.660 0
 17.527690 -45.931860   0.024360  0.000223   7302.944    66.853718   0.038595   0.066947     142.302 0
 17.447145 -45.877790   0.022849  0.000257   6849.958    77.046662   0.046985   0.081501    -300.122 0
 17.425398 -45.883938   0.023680  0.000354   7099.085    99.990000   0.050234   0.087137     -56.804 0
 17.438013 -45.965137   0.020548  0.000410   6160.135    99.990000   0.051174   0.088767    -973.860 0
 17.407412 -45.897617   0.022129  0.000207   6634.107    62.057039   0.052121   0.090410    -510.940 0
 17.506405 -45.968815   0.026722  0.000170   8011.054    50.964718   0.052942   0.091834     833.900 0
 17.396084 -45.925290   0.018059  0.000277   5413.952    83.042511   0.054788   0.095035   -1702.644 1
 17.435648 -45.976345   0.024380  0.000180   7308.940    53.962642   0.061857   0.107298     148.158 0
 17.411337 -45.968735   0.025034  0.000233   7505.004    69.851643   0.065112   0.112943     339.650 0
 17.449793 -45.856960   0.020294  0.000240   6083.988    71.950190   0.066056   0.114581   -1048.232 0
 17.575106 -45.932995   0.028416  0.000087   8518.902    26.081944   0.071007   0.123169    1329.907 0
 17.437904 -45.989690   0.021401  0.000070   6415.858    20.985472   0.073527   0.127541    -724.100 0
 17.524702 -45.990635   0.023099  0.000073   6924.906    21.884849   0.078124   0.135514    -226.922 0
 17.415476 -45.991917   0.023726  0.000150   7112.876    44.968869   0.082205   0.142594     -43.335 0
 17.340000 -45.916000   0.023892  0.000333   7162.641    99.830889   0.093732   0.162588       5.270 0
 17.582918 -45.855045   0.023243  0.000077   6968.076    23.084019   0.099977   0.173422    -184.758 0
 17.570133 -46.004260   0.022162  0.000120   6644.000    35.975095   0.106758   0.185182    -501.277 0
 17.318590 -45.931760   0.027082  0.000447   8118.979    99.990000   0.109066   0.189186     939.309 0
 17.498737 -45.812450   0.022169  0.000193   6646.099    57.859944   0.109576   0.190070    -499.228 0
 17.356928 -46.009987   0.022185  0.000090   6650.896    26.981321   0.121097   0.210055    -494.543 0
 17.443981 -45.782620   0.019660  0.000143   5893.920    42.870321   0.139738   0.242389   -1233.868 0
 17.313486 -46.009274   0.023516  0.000133   7049.919    39.872397   0.142819   0.247734    -104.823 0
 17.398094 -46.054560   0.028226  0.000147   8461.942    44.069491   0.144018   0.249814    1274.275 0
 17.310490 -45.829760   0.030184  0.000067   9048.936    20.086095   0.145957   0.253178    1847.581 0
 17.641119 -46.010857   0.022669  0.000534   6795.995    99.990000   0.146790   0.254622    -352.827 0
 17.251820 -45.953360   0.026555  0.000193   7960.989    57.859944   0.158354   0.274682     785.002 0
 17.384216 -46.070957   0.021969  0.000150   6586.141    44.968869   0.162848   0.282476    -557.788 0
 17.639631 -45.794323   0.027702  0.000083   8304.851    24.882774   0.170773   0.296224    1120.846 0
 17.659367 -45.800460   0.023953  0.000170   7180.929    50.964718   0.176043   0.305365      23.131 0
 17.714602 -45.864265   0.026769  0.000093   8025.144    27.880699   0.176268   0.305756     847.662 0
 17.477660 -46.097870   0.024000  0.000460   7195.019    99.990000   0.177155   0.307294      36.893 0
 17.615643 -46.074245   0.022395  0.000113   6713.852    33.876548   0.182205   0.316054    -433.054 0
 17.403517 -45.745247   0.029414  0.000077   8818.095    23.084019   0.182309   0.316234    1622.124 0
 17.254227 -45.801353   0.024851  0.000123   7450.142    36.874472   0.194282   0.337002     286.068 0
 17.343407 -45.742615   0.023963  0.000067   7183.927    20.086095   0.200124   0.347136      26.059 0
 17.241667 -45.803056   0.025344  0.000333   7597.940    99.830889   0.200241   0.347340     430.419 0
 17.216038 -45.832560   0.024040  0.000123   7207.011    36.874472   0.200296   0.347435      48.605 0
 17.567476 -46.111736   0.022959  0.000107   6882.935    32.077793   0.201647   0.349777    -267.914 0
 17.644210 -46.084385   0.030598  0.001174   9173.050    99.990000   0.201768   0.349988    1968.801 0
 17.268877 -45.773495   0.025838  0.000090   7746.038    26.981321   0.205310   0.356132     575.063 0
 17.698954 -45.783516   0.024887  0.000073   7460.935    21.884849   0.207829   0.360501     296.609 0
 17.237230 -45.789850   0.025908  0.000187   7767.023    56.061190   0.210686   0.365458     595.559 0
 17.769312 -45.978794   0.026231  0.000090   7863.856    26.981321   0.213103   0.369650     690.135 0
 17.484577 -46.138250   0.022189  0.000133   6652.095    39.872397   0.217633   0.377508    -493.372 0
 17.162823 -45.898705   0.024420  0.000327   7320.932    98.032134   0.217982   0.378112     159.870 0
 17.696974 -45.756554   0.023326  0.000113   6992.959    33.876548   0.225589   0.391309    -160.456 0
 17.249767 -46.087822   0.023636  0.000150   7085.895    44.968869   0.228858   0.396979     -69.687 0
 17.711704 -46.096592   0.025581  0.000290   7668.991    86.939813   0.241125   0.418257     499.813 0
 17.229256 -45.745655   0.023646  0.000117   7088.892    35.075718   0.244484   0.424084     -66.759 0
 17.830503 -45.932037   0.021645  0.000083   6489.008    24.882774   0.247865   0.429949    -652.656 0
 17.826672 -45.878555   0.023263  0.000200   6974.072    59.958492   0.248546   0.431130    -178.902 0
 17.154694 -45.806404   0.027586  0.000167   8270.075    50.065340   0.250171   0.433949    1086.881 0
 17.769659 -46.071080   0.031132  0.000173   9333.139    51.864095   0.254452   0.441374    2125.158 1
 17.335495 -45.682205   0.023880  0.000080   7159.044    23.983397   0.257397   0.446482       1.757 0
 17.856120 -45.865334   0.023096  0.000067   6924.007    20.086095   0.271146   0.470332    -227.800 0
 17.417082 -45.652075   0.023663  0.000023   7093.989     6.895227   0.271613   0.471142     -61.781 0
 17.865290 -45.937680   0.027276  0.000073   8177.139    21.884849   0.272335   0.472394     996.113 0
 17.622799 -46.174470   0.023613  0.000320   7078.999    95.933587   0.273894   0.475099     -76.421 0
 17.115880 -46.052930   0.025061  0.000333   7513.099    99.830889   0.282381   0.489819     347.556 0
 17.457739 -46.206810   0.024707  0.000077   7406.972    23.084019   0.286321   0.496655     243.904 0
 17.158333 -45.723611   0.024127  0.000333   7233.093    99.830889   0.295382   0.512372      74.079 0
 17.076126 -46.037580   0.023176  0.000567   6947.990    99.990000   0.300802   0.521772    -204.376 0
 17.252690 -45.650680   0.023910  0.000073   7168.038    21.884849   0.311046   0.539543      10.541 0
 17.464025 -46.237152   0.022816  0.000027   6840.065     8.094396   0.316509   0.549018    -309.785 0
 17.732601 -45.655510   0.023390  0.000177   7012.146    53.063265   0.320252   0.555511    -141.716 0
 17.752518 -45.664986   0.025948  0.000070   7779.015    20.985472   0.320610   0.556132     607.272 0
 17.021010 -45.854916   0.024123  0.000093   7231.893    27.880699   0.322310   0.559080      72.908 0
 17.652903 -46.223770   0.030524  0.000197   9150.865    59.059114   0.327453   0.568001    1947.134 0
 16.983606 -45.969340   0.030251  0.000487   9069.022    99.990000   0.344981   0.598407    1867.199 0
 17.045084 -46.094050   0.020201  0.000033   6056.107     9.893151   0.345406   0.599143   -1075.462 0
 17.972824 -45.979770   0.026008  0.000133   7797.002    39.872397   0.351606   0.609898     624.840 0
 17.114536 -46.175243   0.026185  0.000070   7850.066    20.985472   0.357081   0.619395     676.666 0
 17.968952 -45.817436   0.021755  0.000073   6521.985    21.884849   0.359096   0.622890    -620.448 0
 16.984362 -46.042100   0.019774  0.000267   5928.096    80.044586   0.361968   0.627873   -1200.489 0
 16.958670 -45.856083   0.024170  0.000250   7245.984    74.948115   0.364662   0.632544      86.669 0
 17.316660 -46.305460   0.030081  0.000027   9018.057     8.094396   0.400107   0.694028    1817.423 1
 17.963720 -45.671360   0.025004  0.000160   7496.011    47.966793   0.421871   0.731779     330.866 0
 18.079333 -45.888417   0.026632  0.000027   7984.073     8.094396   0.421945   0.731909     807.548 0
 16.841421 -45.933266   0.020241  0.000260   6068.099    77.946039   0.440629   0.764318   -1063.750 0
 17.264608 -46.338108   0.030278  0.000223   9077.116    66.853718   0.442198   0.767040    1875.105 1
 18.058310 -45.729774   0.025694  0.000160   7702.867    47.966793   0.448738   0.778384     532.900 0
 18.099510 -46.033870   0.024851  0.000333   7450.142    99.830889   0.449224   0.779227     286.068 0
 16.825422 -45.947777   0.027512  0.000454   8247.890    99.990000   0.452390   0.784718    1065.214 0
 18.132324 -45.814453   0.030568  0.000781   9164.056    99.990000   0.469749   0.814830    1960.017 1
 16.802399 -45.978092   0.020758  0.000357   6223.092    99.990000   0.471102   0.817176    -912.371 0
 17.282032 -45.453945   0.023760  0.000160   7123.069    47.966793   0.485619   0.842358     -33.379 0
 18.138760 -46.089302   0.030171  0.000167   9045.038    50.065340   0.491838   0.853145    1843.775 1
 18.157557 -46.069336   0.026562  0.000077   7963.087    23.084019   0.497822   0.863525     787.052 0
 17.415836 -45.420060   0.022185  0.000284   6650.896    85.141058   0.502332   0.871349    -494.543 0
 16.972040 -46.332450   0.025181  0.000333   7549.074    99.830889   0.540115   0.936887     382.692 0
 16.706753 -45.824833   0.024517  0.000070   7350.012    20.985472   0.542673   0.941323     188.272 0
 16.748854 -46.223885   0.021178  0.000133   6349.005    39.872397   0.588874   1.021464    -789.394 0
 17.186907 -46.475834   0.030968  0.000150   9283.973    44.968869   0.590074   1.023546    2077.138 1
 16.735426 -46.216180   0.020971  0.000090   6286.948    26.981321   0.593026   1.028666    -850.004 0
 17.249990 -45.348076   0.031035  0.000150   9304.059    44.968869   0.593580   1.029628    2096.756 1
 16.916088 -46.382130   0.020184  0.000170   6051.011    50.964718   0.603184   1.046286   -1080.440 0
 17.228810 -45.304740   0.023516  0.000097   7049.919    29.079868   0.639272   1.108886    -104.823 0
 17.691083 -46.544139   0.030431  0.000033   9122.984     9.893151   0.641348   1.112486    1919.903 1
 17.603083 -46.571333   0.022345  0.000033   6698.862     9.893151   0.656719   1.139148    -447.694 0
 18.163223 -46.377323   0.026882  0.000167   8059.021    50.065340   0.661802   1.147966     880.749 0
 17.188440 -46.574510   0.024824  0.000333   7442.048    99.830889   0.683411   1.185448     278.162 0
 18.362892 -45.578750   0.025114  0.000113   7528.988    33.876548   0.706279   1.225116     363.075 0
 17.061743 -45.272827   0.021842  0.000150   6548.067    44.968869   0.708696   1.229308    -594.974 0
 17.066350 -46.601950   0.022866  0.000333   6855.054    99.830889   0.738043   1.280213    -295.145 0
 17.344944 -46.661910   0.022536  0.000140   6756.123    41.970944   0.746647   1.295139    -391.769 0
 17.670206 -46.673447   0.023910  0.000150   7168.038    44.968869   0.764924   1.326841      10.541 0
 18.562698 -45.806880   0.024514  0.000150   7349.112    44.968869   0.765474   1.327796     187.393 0
 16.627670 -46.443554   0.031145  0.000150   9337.036    44.968869   0.787681   1.366316    2128.964 1
 17.187141 -46.686974   0.024207  0.000150   7257.076    44.968869   0.791904   1.373642      97.503 0
 16.715770 -46.522140   0.024727  0.000333   7412.968    99.830889   0.800208   1.388045     249.760 0
 18.521925 -46.253380   0.030951  0.000150   9278.876    44.968869   0.800944   1.389322    2072.160 1
 18.354197 -45.381594   0.030000  0.000333   8993.774    99.830889   0.815541   1.414642    1793.706 1
 16.510000 -46.395556   0.029320  0.000142   8789.915    42.570529   0.822015   1.425872    1594.600 1
 18.548573 -46.292640   0.030138  0.000500   9035.145    99.990000   0.834583   1.447673    1834.112 1
 16.810873 -46.621975   0.020284  0.000087   6080.990    26.081944   0.839592   1.456362   -1051.160 1
 16.876497 -45.180702   0.025244  0.000127   7567.961    38.073642   0.848962   1.472614     401.139 0
 16.913930 -46.680110   0.024987  0.000333   7490.914    99.830889   0.853679   1.480797     325.889 0
 18.462706 -45.409813   0.032442  0.000337   9725.867    99.990000   0.856478   1.485652    2508.728 1
 16.561338 -46.501194   0.030441  0.000310   9125.982    92.935662   0.860544   1.492704    1922.831 1
 16.249620 -46.075790   0.029887  0.000097   8959.897    29.079868   0.866132   1.502398    1760.619 1
 18.403772 -45.335316   0.031689  0.000133   9500.123    39.872397   0.872092   1.512736    2288.248 1
 16.963776 -46.717537   0.022139  0.000093   6637.105    27.880699   0.872449   1.513355    -508.012 0
 18.495007 -45.413120   0.031378  0.000140   9406.888    41.970944   0.872687   1.513769    2197.187 1
 18.099817 -45.159664   0.022903  0.000127   6866.147    38.073642   0.876587   1.520534    -284.311 0
 16.308113 -46.258095   0.030558  0.000150   9161.058    44.968869   0.878786   1.524347    1957.089 1
 17.070171 -46.753950   0.022816  0.000033   6840.065     9.893151   0.879432   1.525467    -309.785 0
 18.384176 -45.271526   0.032402  0.000110   9713.875    32.977170   0.906567   1.572536    2497.016 1
 16.295794 -46.354470   0.030041  0.000100   9006.065    29.979246   0.927664   1.609132    1805.711 1
 16.637568 -46.643463   0.030688  0.000117   9200.031    35.075718   0.928103   1.609892    1995.154 1
 16.302830 -46.368317   0.022882  0.000334   6859.851    99.990000   0.929925   1.613054    -290.460 0
 16.993841 -46.797590   0.024490  0.000150   7341.917    44.968869   0.938469   1.627873     180.366 0
 17.880880 -45.003220   0.023433  0.000150   7025.037    44.968869   0.960059   1.665324    -129.126 0
 17.787344 -44.983320   0.025284  0.000143   7579.953    42.870321   0.962329   1.669261     412.851 0
 16.260992 -46.384050   0.030521  0.000334   9149.966    99.990000   0.963010   1.670442    1946.256 1
 16.180570 -46.327652   0.026432  0.000073   7924.114    21.884849   0.987876   1.713576     748.988 0
 16.742210 -45.068253   0.026368  0.000257   7904.928    77.046662   0.993111   1.722657     730.248 0
 16.860113 -46.817204   0.020214  0.000110   6060.005    32.977170   0.993167   1.722753   -1071.656 1
 16.130041 -45.545740   0.024477  0.000150   7338.020    44.968869   1.007694   1.747952     176.560 0
 16.937178 -46.863564   0.025254  0.000130   7570.959    38.973020   1.014245   1.759316     404.067 0
 18.494001 -45.195366   0.023840  0.000307   7147.052    92.036285   1.014433   1.759641      -9.955 0
 16.752855 -46.811172   0.023680  0.000093   7099.085    27.880699   1.022231   1.773168     -56.804 0
 18.209358 -46.808600   0.024303  0.000333   7285.856    99.830889   1.024500   1.777104     125.612 0
 16.810934 -46.844013   0.031355  0.000150   9399.993    44.968869   1.032271   1.790584    2190.453 1
 16.475416 -46.695000   0.030435  0.000065   9124.183    19.486510   1.040485   1.804832    1921.075 1
 17.574791 -44.876442   0.024350  0.000140   7299.946    41.970944   1.046611   1.815457     139.374 0
 16.857222 -46.876858   0.022822  0.000083   6841.863    24.882774   1.048150   1.818128    -308.028 0
 16.927546 -46.907604   0.022279  0.000077   6679.076    23.084019   1.057702   1.834696    -467.019 0
 16.017960 -46.226140   0.022499  0.000033   6745.031     9.893151   1.058320   1.835767    -402.603 0
 18.744461 -46.525173   0.029560  0.000150   8861.865    44.968869   1.070401   1.856723    1664.873 1
 17.480831 -46.991790   0.023349  0.000150   6999.854    44.968869   1.071071   1.857886    -153.721 0
 18.039093 -46.933586   0.020441  0.000150   6128.058    44.968869   1.086326   1.884348   -1005.190 1
 19.044542 -45.973118   0.025895  0.000150   7763.126    44.968869   1.093413   1.896640     591.753 0
 17.030250 -46.981861   0.023708  0.000166   7107.480    49.765548   1.105233   1.917144     -48.605 0
 16.760695 -44.928696   0.024290  0.000217   7281.959    65.054963   1.109390   1.924355     121.806 0
 16.993570 -46.979520   0.023529  0.000297   7053.817    89.038360   1.110407   1.926118    -101.017 0
 18.825333 -46.512944   0.029854  0.000200   8950.004    59.958492   1.110715   1.926653    1750.957 1
 16.103605 -46.502064   0.030621  0.000080   9179.945    23.983397   1.116926   1.937426    1975.536 1
 16.533169 -46.831276   0.020584  0.000150   6170.928    44.968869   1.121595   1.945525    -963.319 1
 16.852068 -46.993256   0.031792  0.000027   9531.002     8.094396   1.156652   2.006335    2318.407 1
 18.985374 -45.428024   0.027402  0.000087   8214.913    26.081944   1.160755   2.013452    1033.006 1
 17.077812 -47.072132   0.024113  0.000147   7228.896    44.069491   1.184023   2.053813      69.980 0
 16.009872 -46.532990   0.022085  0.000077   6620.916    23.084019   1.188723   2.061966    -523.823 0
 16.699791 -46.984470   0.016000  0.000333   4796.679    99.830889   1.192494   2.068507   -2305.524 1
 19.140875 -46.234889   0.028863  0.000118   8652.910    35.375510   1.200989   2.083243    1460.790 1
 17.095636 -47.098800   0.022169  0.000033   6646.099     9.893151   1.207204   2.094023    -499.228 0
 16.753667 -44.817583   0.030254  0.000131   9069.921    39.272812   1.211787   2.101973    1868.077 1
 18.970030 -45.290512   0.032499  0.000120   9742.955    35.975095   1.216324   2.109842    2525.418 1
 18.181229 -44.799330   0.025271  0.000203   7576.055    60.857869   1.224416   2.123879     409.045 0
 17.593342 -44.695800   0.026135  0.000120   7835.076    35.975095   1.227712   2.129596     662.026 0
 16.780424 -47.055424   0.022315  0.000150   6689.869    44.968869   1.233171   2.139066    -456.478 0
 15.919470 -46.516560   0.025211  0.000333   7558.068    99.830889   1.235041   2.142309     391.476 0
 16.797056 -47.066166   0.022672  0.000213   6796.895    63.855794   1.238614   2.148507    -351.948 0
 17.016690 -47.121483   0.023289  0.000150   6981.867    44.968869   1.242284   2.154874    -171.289 0
 17.047592 -47.135710   0.023913  0.000120   7168.937    35.975095   1.250762   2.169580      11.419 0
 16.242893 -46.843987   0.019977  0.000150   5988.954    44.968869   1.259581   2.184877   -1141.050 1
 16.331985 -44.937057   0.026095  0.000143   7823.084    42.870321   1.264666   2.193698     650.313 0
 16.781975 -47.091156   0.022400  0.000410   6715.351    99.990000   1.265716   2.195518    -431.590 0
 19.121756 -46.523700   0.029741  0.000150   8916.127    44.968869   1.294834   2.246027    1717.870 1
 18.304247 -44.760674   0.025271  0.000067   7576.055    20.086095   1.295704   2.247536     409.045 0
 16.941032 -47.162740   0.022731  0.000297   6814.582    89.038360   1.296283   2.248541    -334.673 0
 15.658315 -45.548897   0.025764  0.000150   7723.853    44.968869   1.317059   2.284578     553.396 0
 16.904694 -47.179367   0.023349  0.000297   6999.854    89.038360   1.319596   2.288978    -153.721 0
 16.753176 -47.147377   0.020148  0.000213   6040.218    63.855794   1.325334   2.298932   -1090.981 1
 19.263800 -46.409120   0.030000  0.001000   8993.774    99.990000   1.337074   2.319296    1793.706 1
 16.453458 -47.074000   0.022181  0.000213   6649.697    63.855794   1.354480   2.349489    -495.714 0
 16.183685 -46.936153   0.022345  0.000150   6698.862    44.968869   1.355546   2.351337    -447.694 0
 16.408337 -47.071686   0.019907  0.000013   5967.968     3.897302   1.369256   2.375120   -1161.546 1
 18.828354 -44.919605   0.031505  0.000150   9444.961    44.968869   1.374470   2.384164    2234.373 1
 16.690693 -44.658080   0.030104  0.000120   9024.952    35.975095   1.375368   2.385722    1824.157 1
 16.227037 -46.999610   0.022209  0.000180   6658.091    53.962642   1.384611   2.401754    -487.515 0
 15.816144 -45.151060   0.025684  0.000160   7699.869    47.966793   1.386861   2.405657     529.972 0
 15.907151 -45.054005   0.029891  0.000100   8961.096    29.979246   1.392887   2.416110    1761.790 1
 16.244478 -47.030087   0.021698  0.000213   6504.897    63.855794   1.401045   2.430261    -637.137 0
 16.570292 -47.181390   0.020177  0.000213   6048.912    63.855794   1.408896   2.443879   -1082.489 1
 16.099993 -46.962960   0.020347  0.000150   6099.877    44.968869   1.414432   2.453482   -1032.713 1
 17.703806 -44.489530   0.022122  0.000163   6632.009    48.866171   1.440055   2.497928    -512.989 0
 16.155000 -47.040000   0.022253  0.000333   6671.282    99.830889   1.447558   2.510942    -474.632 0
 16.042240 -47.029160   0.022500  0.000410   6745.330    99.990000   1.490450   2.585343    -402.310 0
 16.617369 -44.553660   0.030128  0.000113   9032.147    33.876548   1.491464   2.587102    1831.184 1
 16.283610 -47.170380   0.030703  0.000297   9204.528    89.038360   1.499344   2.600770    1999.546 1
 18.866945 -44.769417   0.031262  0.000150   9372.112    44.968869   1.504568   2.609832    2163.222 1
 16.334627 -47.200860   0.021929  0.000150   6574.149    44.968869   1.505853   2.612061    -569.500 0
 16.688599 -47.337770   0.020698  0.000150   6205.104    44.968869   1.518867   2.634635    -929.939 1
 15.933620 -46.997177   0.030919  0.000213   9269.283    63.855794   1.519161   2.635146    2062.791 1
 16.005606 -47.066690   0.021450  0.000213   6430.548    63.855794   1.535410   2.663331    -709.752 1
 18.649576 -44.608578   0.031115  0.000130   9328.042    38.973020   1.545923   2.681566    2120.180 1
 17.790335 -47.459835   0.023920  0.000150   7171.036    44.968869   1.554703   2.696798      13.469 0
 15.881992 -47.024178   0.022529  0.000150   6754.024    44.968869   1.563650   2.712316    -393.819 0
 19.184496 -44.809742   0.031488  0.000110   9439.865    32.977170   1.627648   2.823328    2229.395 1
 18.765387 -44.561462   0.029474  0.000150   8836.083    44.968869   1.629092   2.825832    1639.692 1
 18.307035 -44.395535   0.032152  0.000150   9638.927    44.968869   1.631435   2.829897    2423.816 1
 16.411943 -47.381363   0.026761  0.000213   8022.746    63.855794   1.637039   2.839618     845.320 1
 15.876752 -47.125744   0.022998  0.000213   6894.627    63.855794   1.639376   2.843670    -256.495 0
 18.780230 -44.519670   0.029961  0.000183   8982.082    54.862020   1.669716   2.896298    1782.286 1
 15.393917 -46.781806   0.031615  0.000130   9477.939    38.973020   1.684178   2.921384    2266.581 1
 16.445250 -47.454806   0.021398  0.000140   6414.959    41.970944   1.692962   2.936622    -724.978 1
 19.703054 -46.606983   0.029857  0.000150   8950.903    44.968869   1.695355   2.940773    1751.835 1
 18.790848 -44.481160   0.031065  0.000150   9313.053    44.968869   1.706111   2.959430    2105.540 1
 15.992292 -47.285833   0.020734  0.000167   6215.897    50.065340   1.710784   2.967536    -919.399 1
 15.652416 -47.085056   0.029928  0.000297   8972.189    89.038360   1.721172   2.985555    1772.624 1
 15.614277 -47.057613   0.025568  0.000150   7665.094    44.968869   1.722570   2.987979     496.007 0
 18.810500 -44.444700   0.030254  0.000120   9069.921    35.975095   1.744231   3.025553    1868.077 1
 19.622439 -44.988991   0.031465  0.000150   9432.970    44.968869   1.760877   3.054427    2222.661 1
 15.704738 -47.186360   0.021475  0.000133   6438.043    39.872397   1.765686   3.062769    -702.432 1
 15.485742 -47.053680   0.021800  0.000410   6535.476    99.990000   1.788223   3.101863    -607.272 0
 19.230648 -44.608580   0.030615  0.000173   9178.146    51.864095   1.792789   3.109783    1973.779 1
 17.383291 -47.791668   0.025434  0.000033   7624.921     9.893151   1.872017   3.247212     456.771 0
 15.547887 -44.595810   0.024720  0.000150   7410.870    44.968869   1.884626   3.269083     247.711 0
 17.679058 -47.867603   0.022593  0.000297   6773.211    89.038360   1.952065   3.386064    -375.079 0
 17.734766 -43.956300   0.024851  0.000150   7450.142    44.968869   1.972750   3.421943     286.068 0
 14.626641 -45.862310   0.029107  0.000150   8726.059    44.968869   1.982030   3.438041    1532.233 1
 20.116976 -46.662594   0.030358  0.000150   9101.099    44.968869   1.982256   3.438434    1898.529 1
 18.580027 -44.077656   0.031592  0.000160   9471.043    47.966793   1.997073   3.464134    2259.847 1
 20.275503 -45.473026   0.031225  0.000150   9361.020    44.968869   1.999251   3.467913    2152.388 1
 15.524400 -47.404610   0.021955  0.000150   6581.943    44.968869   2.010567   3.487541    -561.887 0
 19.533273 -44.466707   0.021145  0.000060   6339.112    17.987547   2.040886   3.540132    -799.057 1
 19.534704 -44.461933   0.020928  0.000027   6274.057     8.094396   2.044987   3.547247    -862.595 1
 15.266425 -44.566505   0.025431  0.000117   7624.022    35.075718   2.047810   3.552144     455.893 0
 14.668434 -45.200832   0.024247  0.000150   7269.068    44.968869   2.080607   3.609034     109.215 0
 16.651619 -47.927642   0.032573  0.000213   9765.140    63.855794   2.086970   3.620071    2547.085 1
 14.457573 -45.750470   0.028556  0.000150   8560.873    44.968869   2.105676   3.652518    1370.899 1
 17.720095 -48.025864   0.022800  0.000410   6835.268    99.990000   2.112054   3.663581    -314.469 0
 16.493376 -47.931892   0.023200  0.000410   6955.185    99.990000   2.123836   3.684019    -197.349 0
 14.491939 -45.460915   0.033366  0.000117  10002.875    35.075718   2.125214   3.686408    2779.278 1
 19.264570 -44.180668   0.022676  0.000090   6798.094    26.981321   2.139715   3.711563    -350.777 0
 15.479853 -47.553463   0.029600  0.000410   8873.857    99.990000   2.142741   3.716811    1676.585 1
 14.513275 -46.617268   0.023103  0.000133   6926.105    39.872397   2.174604   3.772080    -225.750 0
 19.685200 -44.379760   0.022359  0.000220   6703.060    65.954341   2.177042   3.776310    -443.595 0
 19.709784 -44.391464   0.023103  0.000150   6926.105    44.968869   2.180933   3.783060    -225.750 0
 14.411029 -46.446130   0.029383  0.000038   8808.802    11.392113   2.194969   3.807406    1613.047 1
 14.298759 -45.873250   0.024664  0.000150   7394.081    44.968869   2.209771   3.833082     231.314 0
 15.167710 -44.375126   0.033096  0.000130   9921.931    38.973020   2.228044   3.864778    2700.221 1
 19.709528 -44.317204   0.031228  0.000097   9361.919    29.079868   2.233508   3.874256    2153.267 1
 17.300392 -48.155910   0.031400  0.000410   9413.483    99.990000   2.238464   3.882852    2203.629 1
 14.932599 -47.380530   0.022539  0.000150   6757.022    44.968869   2.293034   3.977511    -390.891 0
 14.771930 -44.607370   0.028717  0.000193   8609.140    57.859944   2.293399   3.978143    1418.041 1
 20.768833 -45.781556   0.017789  0.000150   5333.008    44.968869   2.295887   3.982459   -1781.701 1
 14.248685 -45.412740   0.026378  0.000033   7907.925     9.893151   2.300872   3.991107     733.176 1
 16.372083 -48.132889   0.022854  0.000213   6851.457    63.855794   2.341338   4.061299    -298.658 0
 20.524130 -46.980247   0.029700  0.000410   8903.836    99.990000   2.371302   4.113275    1705.865 1
 19.929583 -44.253056   0.023480  0.000333   7039.127    99.830889   2.387015   4.140531    -115.364 0
 20.078276 -47.530930   0.016400  0.000410   4916.596    99.990000   2.423525   4.203861   -2188.403 1
 15.621542 -47.982528   0.032154  0.000297   9639.527    89.038360   2.431605   4.217876    2424.401 1
 14.833518 -44.327680   0.033200  0.000103   9953.110    30.878623   2.431729   4.218091    2730.672 1
 14.764986 -44.366432   0.032989  0.000170   9889.853    50.964718   2.443111   4.237835    2668.891 1
 15.475071 -43.877490   0.027909  0.000150   8366.908    44.968869   2.471756   4.287523    1181.456 1
 20.313395 -44.432200   0.024227  0.000077   7263.072    23.084019   2.472995   4.289671     103.359 0
 14.229159 -46.974934   0.029174  0.000150   8746.145    44.968869   2.491678   4.322080    1551.851 1
 20.359104 -44.432278   0.027572  0.000150   8265.878    44.968869   2.498414   4.333763    1082.782 1
 20.035326 -44.159714   0.023420  0.000130   7021.139    38.973020   2.504906   4.345024    -132.932 0
 16.710121 -48.382220   0.023500  0.000213   7045.123    63.855794   2.518282   4.368226    -109.508 0
 20.049030 -44.132805   0.023049  0.000133   6909.916    39.872397   2.530634   4.389652    -241.562 0
 20.290165 -44.312980   0.031438  0.000133   9424.875    39.872397   2.534023   4.395532    2214.755 1
 19.943844 -47.793300   0.023303  0.000150   6986.064    44.968869   2.541106   4.407818    -167.190 0
 20.082035 -44.128582   0.023500  0.000050   7045.123    14.989623   2.549900   4.423072    -109.508 0
 18.367321 -43.410465   0.032376  0.000150   9706.081    44.968869   2.585946   4.485598    2489.403 1
 17.439882 -43.325523   0.032386  0.000150   9709.079    44.968869   2.595317   4.501852    2492.331 1
 21.028625 -45.105694   0.022479  0.000150   6739.035    44.968869   2.603266   4.515640    -408.459 0
 20.708250 -44.578500   0.023780  0.000131   7129.065    39.272812   2.619526   4.543846     -27.523 0
 14.062577 -47.064260   0.028253  0.000150   8470.036    44.968869   2.634665   4.570105    1282.180 1
 19.020609 -48.348057   0.024394  0.000150   7313.137    44.968869   2.654928   4.605254     152.257 0
 20.763142 -44.552930   0.018012  0.000700   5399.862    99.990000   2.665421   4.623455   -1716.406 1
 18.624480 -48.473816   0.023133  0.000150   6935.099    44.968869   2.675474   4.640893    -216.966 0
 13.672980 -46.382110   0.023326  0.000150   6992.959    44.968869   2.684531   4.656604    -160.456 0
 14.206011 -47.365852   0.028677  0.000150   8597.148    44.968869   2.694154   4.673295    1406.328 1
 14.028050 -47.256813   0.024417  0.000150   7320.032    44.968869   2.744725   4.761016     158.992 0
 20.072375 -43.827278   0.031378  0.000131   9406.888    39.272812   2.765575   4.797182    2197.187 1
 20.455065 -44.057590   0.023927  0.000033   7173.134     9.893151   2.787514   4.835238      15.519 0
 20.136667 -43.816944   0.023353  0.000333   7001.053    99.830889   2.802754   4.861673    -152.550 0
 16.046211 -43.291760   0.029534  0.000314   8854.070    94.134832   2.810479   4.875074    1657.260 1
 16.091805 -43.276660   0.029450  0.000130   8828.888    38.973020   2.813608   4.880501    1632.665 1
 13.893882 -47.262085   0.028293  0.000150   8482.028    44.968869   2.829116   4.907400    1293.892 1
 13.523552 -46.616722   0.029237  0.000150   8765.032    44.968869   2.835288   4.918107    1570.298 1
 18.169117 -43.101368   0.033136  0.000130   9933.923    38.973020   2.860461   4.961773    2711.933 1
 15.449792 -48.415443   0.016200  0.000410   4856.638    99.990000   2.864889   4.969454   -2246.963 1
 17.798640 -48.789078   0.030408  0.000150   9116.089    44.968869   2.877196   4.990801    1913.169 1
 14.010372 -47.505733   0.031905  0.000150   9564.878    44.968869   2.884398   5.003294    2351.494 1
 21.130542 -44.534333   0.016668  0.000131   4996.941    39.272812   2.896620   5.024495   -2109.932 1
 13.446159 -45.186592   0.024427  0.000033   7323.030     9.893151   2.896940   5.025048     161.920 0
 13.444500 -45.190777   0.024190  0.000150   7251.980    44.968869   2.896999   5.025151      92.525 0
 19.937431 -43.571445   0.022492  0.000093   6742.932    27.880699   2.907666   5.043654    -404.653 0
 13.567161 -46.962658   0.032035  0.000150   9603.851    44.968869   2.911052   5.049528    2389.558 1
 21.156965 -47.311630   0.030400  0.000410   9113.691    99.990000   2.914921   5.056239    1910.827 1
 21.117583 -47.361222   0.029599  0.000213   8873.557    63.855794   2.915059   5.056478    1676.292 1
 19.935135 -43.537346   0.031255  0.000150   9370.013    44.968869   2.934353   5.089946    2161.172 1
 13.900849 -44.285625   0.038894  0.000664  11660.128    99.990000   2.975583   5.161464    4397.888 1
 13.468487 -46.972260   0.027592  0.000033   8271.874     9.893151   2.978625   5.166741    1088.638 1
 13.812139 -47.513920   0.032402  0.000150   9713.875    44.968869   3.004903   5.212322    2497.016 1
 16.416125 -42.990361   0.026365  0.000131   7904.028    39.272812   3.021457   5.241037     729.370 1
 20.576048 -43.772130   0.023356  0.000150   7001.953    44.968869   3.044916   5.281729    -151.671 0
 20.768137 -43.914370   0.022185  0.000150   6650.896    44.968869   3.045486   5.282717    -494.543 1
 14.239897 -43.838720   0.023159  0.000150   6942.894    44.968869   3.065648   5.317690    -209.354 0
 16.320530 -42.914510   0.029554  0.000033   8860.066     9.893151   3.111567   5.397343    1663.116 1
 14.291741 -43.727085   0.023770  0.000103   7126.067    30.878623   3.116809   5.406435     -30.451 0
 21.158876 -47.703648   0.022949  0.000297   6879.937    89.038360   3.122142   5.415686    -270.842 0
 15.809749 -43.011330   0.023756  0.000033   7121.870     9.893151   3.131434   5.431803     -34.551 0
 13.129917 -46.777667   0.026255  0.000150   7871.051    44.968869   3.141506   5.449275     697.162 1
 13.515062 -47.532300   0.032266  0.000150   9673.103    44.968869   3.191256   5.535571    2457.195 1
 13.375458 -47.373722   0.029087  0.000150   8720.063    44.968869   3.200402   5.551436    1526.377 1
 13.361805 -47.380840   0.028703  0.000100   8604.943    29.979246   3.212097   5.571722    1413.941 1
 15.874038 -42.892080   0.023056  0.000150   6912.015    44.968869   3.226825   5.597269    -239.512 0
 13.806394 -43.916460   0.023543  0.000090   7058.014    26.981321   3.244788   5.628429     -96.917 0
 21.708750 -44.558694   0.037549  0.000150  11256.907    44.968869   3.245186   5.629118    4004.069 1
 12.788427 -46.109413   0.033069  0.000083   9913.837    24.882774   3.265384   5.664154    2692.315 1
 13.586002 -47.777588   0.029344  0.000150   8797.110    44.968869   3.281075   5.691372    1601.627 1
 21.254204 -47.895950   0.023530  0.000150   7054.117    44.968869   3.288586   5.704401    -100.724 0
 13.581235 -47.795418   0.028867  0.000150   8654.109    44.968869   3.293925   5.713661    1461.961 1
 13.438571 -47.647377   0.027746  0.000150   8318.042    44.968869   3.296094   5.717423    1133.730 1
 15.454485 -42.920745   0.022976  0.000150   6888.032    44.968869   3.312809   5.746417    -262.936 0
 19.703861 -42.970480   0.017849  0.000150   5350.996    44.968869   3.333015   5.781467   -1764.133 1
 14.395200 -43.306637   0.023470  0.000333   7036.129    99.830889   3.379700   5.862447    -118.292 0
 12.603224 -46.050793   0.028343  0.000150   8497.018    44.968869   3.391260   5.882499    1308.533 1
 13.610956 -48.022896   0.031635  0.000150   9483.934    44.968869   3.412187   5.918799    2272.437 1
 18.590305 -42.597126   0.017262  0.000150   5175.017    44.968869   3.413028   5.920259   -1936.007 1
 16.847670 -49.307953   0.030778  0.000150   9227.012    44.968869   3.415184   5.923998    2021.506 1
 19.324583 -49.104778   0.018032  0.000150   5405.858    44.968869   3.434307   5.957168   -1710.550 1
 17.261366 -49.399944   0.030798  0.000150   9233.008    44.968869   3.482376   6.040549    2027.362 1
 12.465120 -45.813150   0.030931  0.000173   9272.881    51.864095   3.486497   6.047699    2066.304 1
 20.541560 -43.140648   0.022582  0.000150   6769.913    44.968869   3.504416   6.078781    -378.300 1
 16.793879 -42.391796   0.026735  0.000033   8014.951     9.893151   3.560560   6.176168     837.707 1
 21.825834 -47.828500   0.023800  0.000410   7135.061    99.990000   3.578009   6.206435     -21.667 0
 12.428374 -45.216350   0.033823  0.000143  10139.880    42.870321   3.580371   6.210532    2913.088 1
 13.296458 -48.028778   0.025197  0.000150   7553.871    44.968869   3.590502   6.228105     387.377 1
 15.973865 -49.370663   0.030638  0.000150   9185.041    44.968869   3.604431   6.252267    1980.513 1
 20.762407 -43.128265   0.023933  0.000103   7174.933    30.878623   3.609586   6.261209      17.275 0
 12.393898 -46.874410   0.029637  0.000034   8884.949    10.192944   3.660789   6.350025    1687.419 1
 14.406689 -48.902805   0.024841  0.000087   7447.144    26.081944   3.667084   6.360945     283.140 1
 16.687586 -42.260860   0.029744  0.000153   8917.027    45.868246   3.700588   6.419062    1718.748 1
 12.083256 -45.743385   0.034290  0.000150  10279.883    44.968869   3.754673   6.512877    3049.827 1
 13.825447 -48.688770   0.024714  0.000150   7409.071    44.968869   3.755815   6.514859     245.954 0
 16.331400 -42.247856   0.029734  0.000390   8914.029    99.990000   3.757979   6.518613    1715.820 1
 16.973470 -42.175438   0.033073  0.000097   9915.036    29.079868   3.761477   6.524681    2693.487 1
 12.482370 -47.381220   0.028353  0.001201   8500.016    99.990000   3.767444   6.535031    1311.461 1
 16.361732 -42.216217   0.030725  0.000047   9211.123    14.090246   3.784535   6.564677    2005.987 1
 14.436869 -42.738243   0.013209  0.000037   3959.959    11.092321   3.820178   6.626503   -3122.734 1
 12.401956 -47.417280   0.032412  0.000150   9716.873    44.968869   3.833006   6.648755    2499.944 1
 13.006502 -48.204884   0.024527  0.000150   7353.010    44.968869   3.857256   6.690818     191.200 0
 12.003628 -45.264366   0.017072  0.000077   5118.057    23.084019   3.862059   6.699150   -1991.640 1
 12.982693 -48.207436   0.024487  0.000150   7341.018    44.968869   3.872121   6.716604     179.488 0
 14.581145 -42.584187   0.022796  0.000163   6834.069    48.866171   3.896658   6.759166    -315.641 1
 12.214505 -47.294060   0.019847  0.000330   5949.981    98.931511   3.908405   6.779542   -1179.114 1
 16.380938 -42.066902   0.033313  0.000190   9986.986    56.960567   3.928202   6.813882    2763.759 1
 16.776876 -42.008205   0.023346  0.000033   6998.955     9.893151   3.942512   6.838705    -154.600 0
 15.670799 -49.661224   0.030484  0.000150   9138.873    44.968869   3.945355   6.843636    1935.422 1
 22.049559 -43.576030   0.032602  0.000227   9773.834    68.052888   3.953048   6.856980    2555.577 1
 12.987580 -43.476570   0.013051  0.000028   3912.591     8.394189   3.964462   6.876780   -3168.997 1
 22.095337 -43.539010   0.033376  0.000150  10005.873    44.968869   4.000660   6.939568    2782.206 1
 12.931458 -48.376306   0.028697  0.000150   8603.144    44.968869   4.002270   6.942361    1412.185 1
 16.796333 -41.916626   0.023006  0.000150   6897.025    44.968869   4.031804   6.993591    -254.152 0
 22.256695 -43.623096   0.031949  0.000150   9578.069    44.968869   4.043025   7.013055    2364.377 1
 20.719234 -42.564903   0.023333  0.000067   6995.057    20.086095   4.044297   7.015261    -158.406 0
 16.822730 -41.890720   0.023533  0.000150   7055.016    44.968869   4.055439   7.034588     -99.846 0
 20.458912 -42.418034   0.031142  0.000150   9336.137    44.968869   4.071722   7.062833    2128.086 1
 18.115923 -49.968678   0.030625  0.000150   9181.144    44.968869   4.072463   7.064119    1976.707 1
 14.659542 -49.495361   0.025177  0.000131   7547.875    39.272812   4.075888   7.070060     381.521 1
 16.904248 -41.855289   0.023947  0.000150   7179.130    44.968869   4.084752   7.085435      21.375 0
 19.148073 -41.998620   0.027506  0.000100   8246.091    29.979246   4.091240   7.096689    1063.457 1
 15.639210 -42.016987   0.023806  0.000150   7136.859    44.968869   4.107230   7.124426     -19.911 0
 20.088753 -42.203420   0.018119  0.000150   5431.940    44.968869   4.138304   7.178326   -1685.076 1
 15.455674 -41.988760   0.034337  0.000060  10293.974    17.987547   4.175267   7.242442    3063.588 1
 13.999839 -42.503900   0.023129  0.000103   6933.900    30.878623   4.185403   7.260024    -218.138 0
 23.217764 -44.658535   0.021705  0.000087   6506.995    26.081944   4.189907   7.267838    -635.088 1
 14.332679 -49.509544   0.030608  0.000150   9176.048    44.968869   4.201991   7.288798    1971.729 1
 23.504593 -45.544730   0.030548  0.000150   9158.060    44.968869   4.211622   7.305504    1954.161 1
 20.529650 -42.275677   0.030725  0.000100   9211.123    29.979246   4.219384   7.318968    2005.987 1
 19.290457 -41.879400   0.027973  0.000040   8386.094    11.991698   4.234156   7.344592    1200.196 1
 18.151240 -41.711445   0.033046  0.000127   9906.942    38.073642   4.235522   7.346962    2685.581 1
 20.741837 -42.324200   0.030615  0.000140   9178.146    41.970944   4.254529   7.379932    1973.779 1
 20.872570 -42.350655   0.019914  0.000220   5970.067    65.954341   4.281719   7.427094   -1159.496 1
 15.687680 -50.038290   0.024387  0.000150   7311.039    44.968869   4.301104   7.460721     150.207 0
 20.055880 -49.829845   0.024430  0.000150   7323.930    44.968869   4.301828   7.461976     162.798 0
 15.548823 -50.009426   0.025194  0.000153   7552.971    45.868246   4.302571   7.463264     386.499 1
 19.530140 -41.856327   0.021311  0.000150   6388.877    44.968869   4.308614   7.473747    -750.452 1
 13.007856 -42.880775   0.023596  0.000103   7073.903    30.878623   4.347012   7.540352     -81.399 0
 19.606556 -41.830570   0.017289  0.000027   5183.112     8.094396   4.350753   7.546841   -1928.102 1
 20.303541 -42.020855   0.030875  0.000203   9256.092    60.857869   4.368291   7.577264    2049.908 1
 11.492858 -44.577442   0.029534  0.000150   8854.070    44.968869   4.372637   7.584802    1657.260 1
 11.576589 -47.432907   0.032893  0.000150   9861.073    44.968869   4.372740   7.584980    2640.782 1
 22.403227 -43.204063   0.029360  0.000113   8801.907    33.876548   4.374450   7.587947    1606.312 1
 18.980267 -50.189370   0.024347  0.000093   7299.047    27.880699   4.395275   7.624070     138.495 0
 11.580417 -47.504806   0.031762  0.000140   9522.008    41.970944   4.395637   7.624698    2309.623 1
 12.642693 -43.063700   0.023116  0.000033   6930.002     9.893151   4.411462   7.652149    -221.944 0
 17.041245 -41.516552   0.023640  0.000213   7087.094    63.855794   4.414480   7.657383     -68.516 0
 22.164833 -42.932444   0.023683  0.000142   7099.985    42.570529   4.424442   7.674662     -55.925 0
 15.925166 -50.239510   0.024117  0.000087   7230.095    26.081944   4.451250   7.721165      71.151 0
 19.992190 -41.824646   0.023339  0.000150   6996.856    44.968869   4.454802   7.727325    -156.649 0
 15.906443 -41.595627   0.013903  0.000070   4168.015    20.985472   4.460549   7.737295   -2919.530 1
 14.832392 -49.985542   0.021278  0.000307   6378.984    92.036285   4.461064   7.738188    -760.114 1
 23.673712 -47.182970   0.022062  0.000150   6614.021    44.968869   4.493384   7.794251    -530.557 1
 18.079653 -50.401740   0.024550  0.000033   7359.905     9.893151   4.500739   7.807008     197.934 0
 23.918932 -46.596226   0.021915  0.000334   6569.952    99.990000   4.533647   7.864090    -573.599 1
 23.707817 -47.284420   0.021505  0.000150   6447.037    44.968869   4.545558   7.884751    -693.648 1
 19.705923 -41.621536   0.027000  0.000333   8094.396    99.830889   4.570834   7.928596     915.299 1
 14.417689 -41.874670   0.024517  0.000150   7350.012    44.968869   4.570854   7.928629     188.272 0
 17.986870 -41.353250   0.033156  0.000160   9939.919    47.966793   4.581361   7.946855    2717.789 1
 18.122757 -41.360620   0.032973  0.000083   9885.057    24.882774   4.582348   7.948567    2664.206 1
 19.730196 -41.614500   0.027696  0.000120   8303.052    35.975095   4.583207   7.950057    1119.090 1
 23.291416 -48.133200   0.024350  0.000330   7299.946    98.931511   4.611860   7.999760     139.374 0
 23.900309 -47.107117   0.021992  0.000150   6593.036    44.968869   4.624844   8.022282    -551.054 1
 23.911667 -47.216833   0.021231  0.000230   6364.894    68.952265   4.661787   8.086362    -773.876 1
 10.842526 -45.162495   0.012535  0.000150   3757.898    44.968869   4.675491   8.110134   -3320.083 1
 23.947460 -47.191566   0.021685  0.000083   6500.999    24.882774   4.678783   8.115845    -640.944 1
 24.099007 -46.738680   0.021695  0.000150   6503.997    44.968869   4.680339   8.118543    -638.016 1
 23.910480 -44.404354   0.021638  0.000150   6486.909    44.968869   4.726982   8.199451    -654.705 1
 23.941494 -47.432407   0.021865  0.000150   6554.962    44.968869   4.745925   8.232309    -588.239 1
 10.934487 -44.538452   0.036459  0.000247  10930.133    74.048737   4.754975   8.248008    3684.914 1
 24.192120 -46.826120   0.021752  0.000133   6521.086    39.872397   4.759985   8.256698    -621.326 1
 22.523150 -42.686306   0.022436  0.000033   6726.144     9.893151   4.774522   8.281913    -421.049 1
 14.650342 -41.524190   0.023680  0.000100   7099.085    29.979246   4.815550   8.353081     -56.804 1
 13.692924 -49.956245   0.025518  0.000150   7650.104    44.968869   4.817265   8.356056     481.367 1
 11.117188 -47.843307   0.032859  0.000150   9850.880    44.968869   4.822352   8.364881    2630.827 1
 11.766488 -48.718340   0.027662  0.000150   8292.859    44.968869   4.857389   8.425655    1109.134 1
 16.158447 -41.148205   0.030398  0.000183   9113.091    54.862020   4.859551   8.429405    1910.241 1
 20.385520 -41.469517   0.030471  0.000163   9134.976    48.866171   4.890190   8.482552    1931.615 1
 14.730524 -50.430520   0.025047  0.000200   7508.902    59.958492   4.897155   8.494635     343.457 1
 21.635649 -41.969894   0.022716  0.000087   6810.085    26.081944   4.897774   8.495708    -339.065 1
 12.662106 -42.290073   0.023460  0.000150   7033.131    44.968869   4.938567   8.566467    -121.220 1
 22.166890 -42.211150   0.021441  0.000150   6427.850    44.968869   4.941270   8.571156    -712.388 1
 11.782760 -48.896712   0.010611  0.000150   3181.098    44.968869   4.953211   8.591869   -3883.434 1
 22.463234 -42.326454   0.026278  0.000020   7877.946     5.995849   4.996233   8.666495     703.896 1
 18.141292 -40.945889   0.032749  0.000140   9817.903    41.970944   4.996413   8.666807    2598.619 1
 19.988750 -41.239445   0.016850  0.000120   5051.503    35.975095   4.997340   8.668415   -2056.642 1
 19.987500 -41.234943   0.017540  0.000150   5258.360    44.968869   5.001253   8.675203   -1854.609 1
 19.985000 -41.233611   0.017569  0.000177   5267.054    53.063265   5.001894   8.676314   -1846.117 1
 22.695700 -42.462010   0.024487  0.000130   7341.018    38.973020   5.015461   8.699848     179.488 1
 22.441074 -42.284958   0.025684  0.000130   7699.869    38.973020   5.015536   8.699978     529.972 1
 22.037177 -42.034225   0.016662  0.000150   4995.142    44.968869   5.017881   8.704046   -2111.689 1
 19.998247 -41.214760   0.017502  0.000060   5246.968    17.987547   5.022776   8.712537   -1865.735 1
 12.327498 -49.477802   0.030334  0.000150   9093.904    44.968869   5.047107   8.754741    1891.502 1
 10.886128 -43.804160   0.020317  0.000150   6090.883    44.968869   5.048386   8.756960   -1041.497 1
 24.666553 -46.608685   0.022452  0.000150   6730.940    44.968869   5.050203   8.760112    -416.365 1
 24.724455 -46.243340   0.040691  0.000150  12198.855    44.968869   5.053713   8.766200    4924.053 1
 24.402000 -44.336917   0.021081  0.000150   6319.925    44.968869   5.072679   8.799098    -817.796 1
 24.743667 -46.573306   0.022049  0.000047   6610.124    14.090246   5.098704   8.844242    -534.364 1
 10.292191 -44.902287   0.030124  0.000270   9030.948    80.943964   5.099181   8.845070    1830.013 1
 10.131111 -45.985400   0.012322  0.000150   3694.043    44.968869   5.108907   8.861940   -3382.450 1
 12.230511 -42.341220   0.023730  0.000150   7114.075    44.968869   5.110881   8.865363     -42.164 1
 18.659002 -40.875668   0.033486  0.000150  10038.850    44.968869   5.111901   8.867134    2814.414 1
 22.436500 -42.134250   0.021625  0.000127   6483.012    38.073642   5.123692   8.887586    -658.512 1
 24.726070 -46.835545   0.022375  0.000087   6707.856    26.081944   5.126808   8.892991    -438.910 1
 13.924184 -50.440018   0.015391  0.000277   4614.106    83.042511   5.150152   8.933484   -2483.840 1
 13.937220 -50.464030   0.015704  0.000120   4707.941    35.975095   5.166911   8.962553   -2392.193 1
 19.314877 -50.931290   0.016365  0.000033   4906.104     9.893151   5.171526   8.970560   -2198.651 1
 10.075774 -45.386290   0.036669  0.000297  10993.090    89.038360   5.174665   8.976004    3746.403 1
 10.049512 -45.547905   0.010684  0.000213   3202.983    63.855794   5.178700   8.983003   -3862.060 1
 22.912817 -42.366272   0.022222  0.000133   6661.988    39.872397   5.190979   9.004302    -483.709 1
 11.912318 -42.455017   0.036939  0.000150  11074.034    44.968869   5.194552   9.010501    3825.459 1
 24.775000 -47.041667   0.022372  0.000333   6706.957    99.830889   5.200802   9.021343    -439.789 1
 24.784000 -44.826225   0.033380  0.000120  10007.072    35.975095   5.201289   9.022187    2783.377 1
 16.070000 -51.032806   0.025441  0.000070   7627.020    20.985472   5.204618   9.027961     458.821 1
 21.399092 -41.465530   0.020848  0.000067   6250.073    20.086095   5.225158   9.063589    -886.019 1
 24.787390 -47.127270   0.022125  0.000150   6632.908    44.968869   5.228308   9.069054    -512.111 1
 24.926176 -45.218204   0.021338  0.000127   6396.971    38.073642   5.231121   9.073933    -742.546 1
 24.108292 -43.435555   0.029300  0.000410   8783.919    99.990000   5.241391   9.091748    1588.744 1
 12.369407 -42.053500   0.033280  0.000500   9977.093    99.990000   5.250527   9.107596    2754.097 1
 12.164762 -49.662110   0.027496  0.000150   8243.093    44.968869   5.257563   9.119799    1060.529 1
 24.880537 -46.985485   0.022862  0.000150   6853.855    44.968869   5.260860   9.125519    -296.316 1
 10.338442 -44.165478   0.029801  0.000150   8934.115    44.968869   5.265439   9.133462    1735.438 1
 12.442023 -49.865005   0.027182  0.000150   8148.959    44.968869   5.273865   9.148078     968.589 1
 20.085163 -40.966072   0.021908  0.000093   6567.853    27.880699   5.276999   9.153514    -575.649 1
 19.826984 -50.963566   0.023676  0.000150   7097.886    44.968869   5.301720   9.196394     -57.975 1
  9.853188 -45.849396   0.034600  0.000213  10372.819    63.855794   5.302315   9.197427    3140.595 1
 16.029350 -51.133022   0.025588  0.000033   7671.089     9.893151   5.308369   9.207927     501.863 1
 24.916560 -47.108303   0.020991  0.000150   6292.943    44.968869   5.311508   9.213373    -844.148 1
 20.046902 -40.916122   0.022000  0.000410   6595.434    99.990000   5.314905   9.219266    -548.711 1
 11.525919 -42.529644   0.024080  0.000033   7219.002     9.893151   5.350150   9.280402      60.317 1
 25.034840 -44.901882   0.033300  0.000110   9983.089    32.977170   5.357103   9.292462    2759.953 1
 20.067043 -40.875042   0.022656  0.000103   6792.098    30.878623   5.358304   9.294546    -356.633 1
 16.197920 -51.223470   0.025758  0.000333   7722.054    99.830889   5.376598   9.326278     551.639 1
  9.743302 -45.818571   0.021578  0.000213   6468.922    63.855794   5.379248   9.330875    -672.274 1
 22.027836 -41.561623   0.016992  0.000150   5094.073    44.968869   5.388396   9.346744   -2015.064 1
 12.777095 -50.211380   0.024947  0.000060   7478.922    17.987547   5.393355   9.355346     314.177 1
 12.614398 -50.124200   0.024684  0.000183   7400.077    54.862020   5.394468   9.357275     237.170 1
 14.311587 -40.959090   0.011515  0.000040   3452.110    11.991698   5.427645   9.414826   -3618.741 1
  9.897476 -47.291416   0.033737  0.000150  10114.098    44.968869   5.446329   9.447235    2887.907 1
 24.889277 -47.701874   0.021675  0.000100   6498.002    29.979246   5.456932   9.465626    -643.872 1
 10.321715 -43.633507   0.013212  0.000103   3960.858    30.878623   5.476403   9.499401   -3121.856 1
 25.253536 -45.066193   0.039017  0.000150  11697.002    44.968869   5.478517   9.503068    4433.902 1
 16.802284 -40.459633   0.034511  0.000033  10346.138     9.893151   5.481084   9.507520    3114.536 1
 25.006025 -44.278027   0.033363  0.000143  10001.976    42.870321   5.490767   9.524317    2778.399 1
 15.714425 -40.563843   0.035094  0.000207  10520.917    62.057039   5.495042   9.531733    3285.240 1
 25.379076 -46.214516   0.030498  0.000150   9143.070    44.968869   5.506637   9.551845    1939.521 1
 10.365577 -48.345333   0.029791  0.000150   8931.117    44.968869   5.507776   9.553821    1732.510 1
 11.170987 -49.278170   0.032172  0.000150   9644.923    44.968869   5.522822   9.579919    2429.672 1
 22.523010 -41.651268   0.016722  0.000150   5013.129    44.968869   5.528307   9.589433   -2094.121 1
 18.845451 -51.368970   0.018499  0.000150   5545.861    44.968869   5.531076   9.594238   -1573.811 1
 23.474333 -42.280500   0.022070  0.000297   6616.420    89.038360   5.538184   9.606567    -528.215 1
 11.798415 -42.031090   0.023500  0.000410   7045.123    99.990000   5.542651   9.614315    -109.508 1
 23.403206 -42.185596   0.022015  0.000130   6599.931    38.973020   5.564248   9.651776    -544.319 1
  9.510083 -46.517582   0.011219  0.000019   3363.372     5.696057   5.572573   9.666217   -3705.411 1
 18.917648 -51.405560   0.024227  0.000150   7263.072    44.968869   5.575945   9.672067     103.359 1
 24.273547 -42.958129   0.021878  0.000150   6558.859    44.968869   5.580980   9.680800    -584.433 1
 25.317122 -44.704216   0.021935  0.000090   6575.948    26.981321   5.589680   9.695891    -567.743 1
 20.978994 -40.879772   0.030131  0.000500   9033.047    99.990000   5.599502   9.712929    1832.063 1
 24.294905 -42.938885   0.021265  0.000150   6375.087    44.968869   5.603793   9.720372    -763.921 1
 13.000069 -41.254370   0.023816  0.000087   7139.857    26.081944   5.609259   9.729854     -16.983 1
 16.124140 -51.460440   0.024684  0.000033   7400.077     9.893151   5.618802   9.746407     237.170 1
 25.585709 -45.376220   0.022966  0.000070   6885.034    20.985472   5.668751   9.833048    -265.864 1
 23.627409 -42.187890   0.032909  0.000150   9865.870    44.968869   5.679309   9.851363    2645.467 1
  9.891270 -43.799633   0.033250  0.000300   9968.099    89.937737   5.685798   9.862618    2745.312 1
 24.106487 -42.594050   0.020881  0.000100   6259.966    29.979246   5.687820   9.866126    -876.357 1
 24.778524 -43.360090   0.021248  0.000057   6369.990    17.088170   5.689782   9.869529    -768.898 1
 24.237415 -42.714386   0.022000  0.000213   6595.434    63.855794   5.693315   9.875658    -548.711 1
 25.308510 -47.572533   0.022686  0.000150   6801.092    44.968869   5.694536   9.877776    -347.849 1
 23.712010 -42.229380   0.022600  0.000410   6775.310    99.990000   5.696823   9.881743    -373.030 1
 21.983970 -50.685642   0.031005  0.000150   9295.065    44.968869   5.704826   9.895625    2087.972 1
 22.960705 -41.676735   0.027642  0.000500   8286.863    99.990000   5.707604   9.900444    1103.278 1
 23.007729 -41.690002   0.027506  0.000150   8246.091    44.968869   5.719709   9.921441    1063.457 1
 24.463604 -48.934353   0.030258  0.000150   9071.120    44.968869   5.720177   9.922253    1869.249 1
 24.729809 -43.224045   0.029900  0.000213   8963.794    63.855794   5.722379   9.926072    1764.425 1
 11.577083 -49.912333   0.029604  0.000150   8875.056    44.968869   5.724007   9.928897    1677.756 1
 13.084020 -41.061996   0.024080  0.000500   7219.002    99.990000   5.738990   9.954886      60.317 1
  9.275910 -46.643960   0.011815  0.000024   3542.048     7.195019   5.749093   9.972410   -3530.901 1
 14.959809 -40.420883   0.022889  0.000153   6861.950    45.868246   5.771368  10.011050    -288.410 1
 12.586643 -41.243282   0.023390  0.000033   7012.146     9.893151   5.782779  10.030843    -141.716 1
 20.595040 -40.558945   0.022300  0.000410   6685.372    99.990000   5.784543  10.033903    -460.871 1
 22.894493 -41.531250   0.021125  0.000033   6333.116     9.893151   5.786478  10.037260    -804.913 1
 20.937868 -40.653590   0.031262  0.000103   9372.112    30.878623   5.791999  10.046835    2163.222 1
 19.574282 -40.315210   0.032900  0.000410   9863.172    99.990000   5.792702  10.048055    2642.832 1
 25.192347 -43.744545   0.021295  0.000150   6384.080    44.968869   5.793169  10.048866    -755.137 1
 23.223870 -41.728780   0.026935  0.000150   8074.910    44.968869   5.793840  10.050028     896.267 1
 23.331522 -41.800404   0.024617  0.000130   7379.991    38.973020   5.794641  10.051418     217.552 1
 22.912590 -41.529010   0.018296  0.000150   5485.003    44.968869   5.796386  10.054446   -1633.250 1
 24.391390 -42.674030   0.022082  0.000150   6620.017    44.968869   5.804617  10.068723    -524.701 1
 24.053000 -42.335278   0.021200  0.000213   6355.600    63.855794   5.813607  10.084316    -782.953 1
 10.704668 -42.495250   0.019870  0.000103   5956.876    30.878623   5.823512  10.101499   -1172.380 1
  9.142819 -45.343880   0.040028  0.000087  12000.093    26.081944   5.824640  10.103455    4729.925 1
 14.973928 -40.354004   0.022789  0.000213   6831.970    63.855794   5.832199  10.116567    -317.690 1
  9.619230 -43.869120   0.025337  0.000333   7595.842    99.830889   5.837022  10.124933     428.369 1
 19.599272 -40.268220   0.030841  0.000033   9245.899     9.893151   5.842559  10.134537    2039.952 1
 22.616640 -41.296000   0.021692  0.000087   6503.098    26.081944   5.846686  10.141696    -638.894 1
 13.634654 -40.716072   0.024260  0.000083   7272.965    24.882774   5.850129  10.147668     113.022 1
 16.077463 -40.147526   0.027242  0.000083   8166.946    24.882774   5.854439  10.155144     986.157 1
 25.570692 -47.530050   0.022416  0.000150   6720.148    44.968869   5.857507  10.160465    -426.905 1
 14.944247 -40.333538   0.023076  0.000073   6918.011    21.884849   5.857908  10.161161    -233.656 1
  9.045696 -45.655514   0.038492  0.000213  11539.611    63.855794   5.869564  10.181381    4280.181 1
 22.590126 -41.249493   0.021892  0.000150   6563.056    44.968869   5.872346  10.186206    -580.334 1
 22.247576 -41.074097   0.016888  0.000150   5062.895    44.968869   5.874913  10.190659   -2045.515 1
  9.709720 -43.600650   0.025034  0.000333   7505.004    99.830889   5.878815  10.197427     339.650 1
 24.399033 -42.545650   0.021700  0.000213   6505.496    63.855794   5.881741  10.202502    -636.552 1
  9.270333 -44.483944   0.032232  0.000166   9662.911    49.765548   5.885374  10.208804    2447.240 1
 20.592087 -40.445710   0.030785  0.000297   9229.111    89.038360   5.888899  10.214919    2023.555 1
 18.274254 -40.050274   0.033823  0.000327  10139.880    98.032134   5.896754  10.228544    2913.088 1
 22.201584 -41.024628   0.016788  0.000103   5032.916    30.878623   5.897891  10.230517   -2074.796 1
  8.988092 -45.700718   0.036500  0.000410  10942.425    99.990000   5.907740  10.247601    3696.919 1
 24.370588 -42.470108   0.022416  0.000217   6720.148    65.054963   5.909336  10.250370    -426.905 1
 24.693789 -49.043163   0.030524  0.000150   9150.865    44.968869   5.913612  10.257787    1947.134 1
 24.773663 -48.956944   0.012339  0.000034   3699.139    10.192944   5.916165  10.262214   -3377.472 1
 12.846473 -40.946290   0.023400  0.000410   7015.144    99.990000   5.925413  10.278257    -138.788 1
 16.996098 -39.989605   0.030188  0.000057   9050.135    17.088170   5.940455  10.304348    1848.752 1
  8.934677 -45.745970   0.037600  0.000213  11272.196    63.855794   5.943370  10.309405    4019.002 1
 24.379765 -49.423534   0.030514  0.000150   9147.867    44.968869   5.945117  10.312435    1944.206 1
  9.577820 -43.622220   0.040079  0.000333  12015.382    99.830889   5.954875  10.329361    4744.858 1
 11.291534 -50.040360   0.028453  0.000150   8529.995    44.968869   5.955844  10.331043    1340.741 1
 25.921753 -44.948650   0.020731  0.000150   6214.997    44.968869   5.956169  10.331605    -920.277 1
 25.096022 -43.199470   0.033100  0.000213   9923.130    63.855794   5.959467  10.337327    2701.392 1
 24.712114 -42.724117   0.021850  0.000213   6550.465    63.855794   5.963869  10.344962    -592.631 1
 13.637544 -51.258590   0.024340  0.000033   7296.948     9.893151   5.968048  10.352211     136.446 1
  9.519380 -43.640390   0.027322  0.000333   8190.930    99.830889   5.985453  10.382402    1009.582 1
 26.067812 -46.278240   0.023183  0.000150   6950.089    44.968869   5.988596  10.387855    -202.326 1
 24.429298 -42.370660   0.022100  0.000213   6625.413    63.855794   6.000832  10.409078    -519.431 1
 14.898742 -40.184460   0.023890  0.000117   7162.042    35.075718   6.009626  10.424333       4.685 1
 10.633313 -42.241703   0.019524  0.000150   5853.148    44.968869   6.015366  10.434289   -1273.689 1
 12.426270 -41.030330   0.023900  0.000410   7165.040    99.990000   6.020729  10.443592       7.613 1
 25.775620 -44.214760   0.021138  0.000033   6337.013     9.893151   6.021372  10.444708    -801.107 1
 15.189528 -40.105434   0.022592  0.000107   6772.911    32.077793   6.028636  10.457308    -375.372 1
 25.267015 -43.277378   0.020900  0.000213   6265.662    63.855794   6.030986  10.461383    -870.793 1
 22.265292 -40.888889   0.021325  0.000127   6393.074    38.073642   6.035410  10.469057    -746.353 1
 24.506720 -42.382534   0.021685  0.000150   6500.999    44.968869   6.037372  10.472462    -640.944 1
  9.404460 -43.698680   0.029369  0.000333   8804.605    99.830889   6.037750  10.473117    1608.948 1
  9.814830 -43.075430   0.013459  0.000090   4034.907    26.981321   6.040599  10.478059   -3049.534 1
 24.663437 -42.527496   0.021091  0.000057   6322.923    17.088170   6.043476  10.483049    -814.868 1
 24.720590 -42.585190   0.020784  0.000033   6230.886     9.893151   6.044389  10.484632    -904.758 1
 19.325043 -40.002470   0.033825  0.000297  10140.480    89.038360   6.056640  10.505883    2913.674 1
 19.410230 -40.009197   0.033597  0.000133  10072.127    39.872397   6.062952  10.516833    2846.915 1
  9.771746 -43.083424   0.011445  0.000123   3431.125    36.874472   6.063309  10.517451   -3639.237 1
  9.774150 -43.077383   0.011440  0.000333   3429.626    99.830889   6.064661  10.519797   -3640.701 1
 10.147902 -49.207710   0.029717  0.000150   8908.932    44.968869   6.064799  10.520037    1710.843 1
 24.701101 -49.317097   0.030354  0.000634   9099.900    99.990000   6.066931  10.523734    1897.358 1
  9.404620 -43.602000   0.020469  0.000333   6136.452    99.830889   6.073893  10.535811    -996.991 1
  8.762970 -45.495247   0.027100  0.000410   8124.376    99.990000   6.075167  10.538020     944.580 1
 19.414083 -39.996834   0.033593  0.000143  10070.928    42.870321   6.075602  10.538775    2845.744 1
 19.420292 -39.996223   0.033633  0.000087  10082.920    26.081944   6.077158  10.541474    2857.456 1
 19.530506 -40.011585   0.033286  0.000267   9978.892    80.044586   6.079761  10.545990    2755.853 1
 10.415912 -42.321020   0.019997  0.000087   5994.950    26.081944   6.088487  10.561126   -1135.194 1
 19.868488 -51.779880   0.031225  0.000150   9361.020    44.968869   6.091224  10.565873    2152.388 1
 24.684020 -42.451940   0.021431  0.000213   6424.852    63.855794   6.097991  10.577610    -715.316 1
 15.200059 -51.815580   0.024847  0.000090   7448.943    26.981321   6.103512  10.587187     284.896 1
 16.012491 -39.899567   0.027509  0.000213   8246.991    63.855794   6.106461  10.592303    1064.336 1
 25.882510 -44.161610   0.021365  0.000033   6405.066     9.893151   6.107815  10.594652    -734.640 1
 19.481500 -39.972584   0.034500  0.000410  10342.840    99.990000   6.109795  10.598086    3111.315 1
 25.223293 -43.033684   0.021600  0.000213   6475.517    63.855794   6.114874  10.606897    -665.832 1
 23.796050 -41.670307   0.022800  0.000213   6835.268    63.855794   6.115929  10.608727    -314.469 1
 14.803774 -40.074833   0.024467  0.000350   7335.022    99.990000   6.134040  10.640142     173.632 1
 15.915269 -39.878025   0.030228  0.000047   9062.126    14.090246   6.139292  10.649251    1860.465 1
 19.288143 -39.908318   0.034107  0.000213  10225.021    63.855794   6.143351  10.656292    2996.244 1
 21.098430 -51.526424   0.029844  0.000150   8947.006    44.968869   6.146464  10.661692    1748.029 1
  9.444880 -43.355860   0.040838  0.000333  12242.924    99.830889   6.146589  10.661910    4967.095 1
 19.860733 -51.854076   0.031041  0.000150   9305.858    44.968869   6.161171  10.687203    2098.513 1
 20.835894 -51.621983   0.023553  0.000150   7061.012    44.968869   6.162145  10.688893     -93.989 1
 24.638500 -42.293110   0.018836  0.000150   5646.891    44.968869   6.164088  10.692264   -1475.137 1
 15.310960 -51.901860   0.025214  0.000333   7558.967    99.830889   6.167603  10.698360     392.355 1
 13.693488 -51.510258   0.024934  0.000150   7475.025    44.968869   6.177493  10.715516     310.370 1
 18.108887 -52.092167   0.024100  0.000150   7224.998    44.968869   6.187194  10.732344      66.173 1
 14.889630 -40.000504   0.036008  0.000150  10794.927    44.968869   6.187297  10.732522    3552.861 1
 24.853117 -49.381813   0.030354  0.000330   9099.900    98.931511   6.190789  10.738579    1897.358 1
  9.463110 -43.203960   0.037917  0.000333  11367.231    99.830889   6.200107  10.754741    4111.820 1
  9.333790 -43.386440   0.035021  0.000333  10499.032    99.830889   6.204350  10.762101    3263.865 1
  9.311820 -43.400410   0.030876  0.000333   9256.392    99.830889   6.212623  10.776452    2050.200 1
 18.817305 -52.070377   0.029891  0.000150   8961.096    44.968869   6.220184  10.789567    1761.790 1
  8.609299 -45.003155   0.020631  0.000150   6185.018    44.968869   6.235037  10.815331    -949.557 1
 17.691800 -39.678555   0.031839  0.000314   9545.092    94.134832   6.244002  10.830882    2332.169 1
  8.906451 -44.035385   0.025370  0.000300   7605.735    89.937737   6.251505  10.843897     438.032 1
 10.863633 -50.156742   0.028526  0.000333   8551.880    99.830889   6.252507  10.845636    1362.115 1
 24.350647 -41.887810   0.021200  0.000213   6355.600    63.855794   6.256597  10.852730    -782.953 1
  8.884816 -44.034050   0.024340  0.000300   7296.948    89.937737   6.266258  10.869488     136.446 1
  9.277770 -43.309940   0.019590  0.000333   5872.934    99.830889   6.271400  10.878408   -1254.364 1
 10.857325 -50.182846   0.029517  0.000007   8848.974     2.098547   6.273441  10.881948    1652.282 1
 10.849584 -50.178610   0.029351  0.000067   8799.208    20.086095   6.274518  10.883816    1603.677 1
  9.241700 -43.318930   0.028437  0.000333   8525.198    99.830889   6.290500  10.911538    1336.056 1
  8.827202 -44.080390   0.025023  0.000033   7501.707     9.893151   6.290777  10.912018     336.430 1
 24.951544 -42.375630   0.021600  0.000213   6475.517    63.855794   6.294607  10.918662    -665.832 1
 20.073278 -39.890835   0.023049  0.000647   6909.916    99.990000   6.295058  10.919444    -241.562 1
 12.173243 -40.798176   0.033000  0.000410   9893.151    99.990000   6.311974  10.948787    2672.112 1
 22.626902 -40.712610   0.021331  0.000150   6394.873    44.968869   6.322281  10.966666    -744.596 1
 12.224115 -40.758762   0.037000  0.000410  11092.321    99.990000   6.323496  10.968773    3843.320 1
 12.751728 -51.327614   0.015614  0.000150   4680.959    44.968869   6.326820  10.974539   -2418.545 1
 11.229135 -41.310223   0.011685  0.000150   3503.075    44.968869   6.335043  10.988803   -3568.965 1
  8.796770 -43.985065   0.025351  0.000127   7600.039    38.073642   6.339477  10.996494     432.469 1
 25.538132 -42.961880   0.029098  0.000297   8723.361    89.038360   6.341973  11.000823    1529.598 1
 20.403667 -39.912306   0.021802  0.000208   6536.075    62.356831   6.344533  11.005264    -606.686 1
 20.404417 -39.912470   0.021314  0.000213   6389.776    63.855794   6.344545  11.005285    -749.573 1
 24.720425 -49.785603   0.029851  0.000210   8949.105    62.956416   6.351765  11.017810    1750.078 1
 22.682583 -51.141917   0.012123  0.000018   3634.384     5.396264   6.355056  11.023517   -3440.717 1
 19.756918 -39.765327   0.031000  0.000410   9293.566    99.990000   6.356872  11.026668    2086.508 1
 18.504200 -39.597427   0.032236  0.000043   9664.110    12.891076   6.363739  11.038579    2448.411 1
 10.750458 -50.242250   0.028003  0.000150   8395.088    44.968869   6.368354  11.046584    1208.980 1
 21.682062 -40.263560   0.031192  0.000040   9351.126    11.991698   6.369507  11.048584    2142.726 1
 24.729153 -49.808002   0.029480  0.000120   8837.882    35.975095   6.370229  11.049836    1641.449 1
 18.483479 -39.572678   0.032100  0.000410   9623.338    99.990000   6.386731  11.078461    2408.590 1
 16.390383 -39.574726   0.011878  0.000170   3560.935    50.964718   6.390664  11.085283   -3512.454 1
 18.966740 -39.610960   0.021969  0.000040   6586.141    11.991698   6.394583  11.092080    -557.788 1
 22.176683 -51.415993   0.030248  0.000150   9068.122    44.968869   6.395126  11.093024    1866.321 1
 17.556969 -39.521233   0.017936  0.000440   5377.078    99.990000   6.399752  11.101047   -1738.659 1
 13.014087 -40.318752   0.011411  0.000060   3420.932    17.987547   6.403937  11.108307   -3649.193 1
  8.980710 -43.437760   0.037134  0.000333  11132.493    99.830889   6.409273  11.117562    3882.556 1
 18.379131 -52.303246   0.023873  0.000333   7156.945    99.830889   6.413463  11.124830      -0.293 1
 12.175638 -40.672127   0.033126  0.000150   9930.925    44.968869   6.413735  11.125303    2709.005 1
 17.484118 -39.483917   0.030268  0.000113   9074.118    33.876548   6.436814  11.165336    1872.177 1
 20.362686 -39.802532   0.018686  0.000060   5601.922    17.987547   6.439636  11.170231   -1519.057 1
 23.912134 -41.287830   0.024340  0.000033   7296.948     9.893151   6.443525  11.176977     136.446 1
 12.860748 -40.320480   0.020344  0.000237   6098.978    71.050813   6.454798  11.196531   -1033.591 1
  9.015004 -48.576640   0.032596  0.000150   9772.035    44.968869   6.456482  11.199451    2553.820 1
  9.039850 -43.203760   0.024457  0.000333   7332.024    99.830889   6.466148  11.216218     170.704 1
 14.688140 -39.746037   0.027662  0.000043   8292.859    12.891076   6.471797  11.226016    1109.134 1
 13.720465 -39.992996   0.024233  0.000050   7264.871    14.989623   6.477516  11.235937     105.116 1
 11.679840 -51.005379   0.031689  0.000834   9500.123    99.990000   6.488729  11.255387    2288.248 1
  8.658250 -43.781920   0.037007  0.000333  11094.419    99.830889   6.495336  11.266847    3845.370 1
 24.117815 -41.354675   0.037353  0.000500  11198.148    99.990000   6.496624  11.269082    3946.680 1
  9.057360 -43.091750   0.030110  0.000300   9026.751    89.937737   6.503036  11.280204    1825.914 1
 11.008438 -50.627426   0.028203  0.000150   8455.047    44.968869   6.510503  11.293157    1267.540 1
 19.835245 -39.615135   0.030845  0.000297   9247.098    89.038360   6.515931  11.302573    2041.123 1
  8.158811 -45.231880   0.021208  0.000150   6357.998    44.968869   6.517041  11.304498    -780.610 1
  8.729300 -43.575340   0.036865  0.000333  11051.849    99.830889   6.520115  11.309830    3803.792 1
 13.043564 -51.669420   0.011684  0.000034   3502.775    10.192944   6.522952  11.314751   -3569.258 1
 25.326208 -42.351276   0.021512  0.000187   6449.135    56.061190   6.524922  11.318168    -691.599 1
  8.711230 -43.572910   0.023784  0.000333   7130.264    99.830889   6.532719  11.331692     -26.352 1
 26.599731 -47.464115   0.012549  0.000150   3762.096    44.968869   6.532876  11.331965   -3315.984 1
 19.387167 -52.319380   0.024757  0.000133   7421.962    39.872397   6.535518  11.336547     258.544 1
 24.738045 -41.768870   0.021465  0.000120   6435.045    35.975095   6.539825  11.344019    -705.360 1
 24.731176 -41.759510   0.021331  0.000150   6394.873    44.968869   6.542083  11.347936    -744.596 1
  9.006600 -43.072740   0.020448  0.000333   6130.156    99.830889   6.543101  11.349701   -1003.140 1
 22.240292 -51.598667   0.012018  0.000131   3602.906    39.272812   6.574963  11.404969   -3471.462 1
 23.745642 -40.991993   0.029167  0.000150   8744.047    44.968869   6.582078  11.417312    1549.802 1
 19.190111 -52.395638   0.029911  0.000150   8967.092    44.968869   6.583974  11.420600    1767.646 1
 23.568066 -40.877914   0.028580  0.000150   8568.068    44.968869   6.587773  11.427190    1377.927 1
  8.796060 -43.273720   0.027762  0.000333   8322.838    99.830889   6.592025  11.434565    1138.415 1
 24.480848 -50.360830   0.030104  0.000150   9024.952    44.968869   6.593162  11.436538    1824.157 1
  8.723510 -43.335990   0.037170  0.000333  11143.286    99.830889   6.613694  11.472153    3893.097 1
 26.448826 -48.115803   0.029977  0.000150   8986.879    44.968869   6.617629  11.478978    1786.971 1
 21.674358 -39.981480   0.019760  0.000113   5923.899    33.876548   6.618942  11.481255   -1204.588 1
 19.188477 -52.434360   0.030164  0.000033   9042.940     9.893151   6.621854  11.486306    1841.725 1
  8.001822 -45.172980   0.011074  0.000213   3319.902    63.855794   6.632032  11.503961   -3747.867 1
 17.641932 -52.556557   0.024677  0.000150   7397.978    44.968869   6.636850  11.512319     235.120 1
 10.568861 -50.509330   0.028920  0.000150   8669.998    44.968869   6.643301  11.523509    1477.479 1
 23.319899 -40.667076   0.020794  0.000103   6233.884    30.878623   6.643480  11.523820    -901.830 1
  8.658020 -43.348320   0.020652  0.000333   6191.314    99.830889   6.650874  11.536646    -943.408 1
  8.730560 -43.175640   0.030488  0.000333   9140.072    99.830889   6.673522  11.575931    1936.593 1
 24.085860 -41.084820   0.024657  0.000500   7391.983    99.990000   6.673704  11.576246     229.264 1
  8.681240 -43.248610   0.040898  0.000333  12260.912    99.830889   6.675266  11.578956    4984.663 1
  8.343510 -43.867040   0.030535  0.000333   9154.163    99.830889   6.675788  11.579860    1950.355 1
  8.695556 -43.205944   0.024961  0.000150   7483.120    44.968869   6.683358  11.592992     318.276 1
 10.411736 -41.376580   0.032322  0.000183   9689.892    54.862020   6.692503  11.608855    2473.592 1
 20.227190 -39.495670   0.030804  0.000213   9234.807    63.855794   6.704334  11.629377    2029.119 1
  8.628110 -43.238510   0.034676  0.000333  10395.603    99.830889   6.713181  11.644724    3162.848 1
 24.147694 -41.050770   0.033113  0.000150   9927.028    44.968869   6.728025  11.670472    2705.199 1
 26.293007 -48.691784   0.030278  0.000150   9077.116    44.968869   6.731399  11.676325    1875.105 1
  8.236740 -43.904030   0.027288  0.000333   8180.737    99.830889   6.735331  11.683145     999.626 1
  8.473160 -43.357730   0.023669  0.000333   7095.788    99.830889   6.766077  11.736477     -60.024 1
 11.827846 -40.401440   0.023943  0.000330   7177.931    98.931511   6.774435  11.750975      20.203 1
 10.141976 -50.399094   0.028890  0.000150   8661.004    44.968869   6.787882  11.774300    1468.695 1
 10.893086 -50.936035   0.027743  0.000150   8317.142    44.968869   6.790825  11.779404    1132.851 1
 12.386717 -40.121864   0.023353  0.000047   7001.053    14.090246   6.793675  11.784349    -152.550 1
 13.675245 -39.653700   0.036689  0.000033  10999.085     9.893151   6.801554  11.798016    3752.259 1
  8.423480 -43.321480   0.040448  0.000333  12126.005    99.830889   6.811824  11.815830    4852.902 1
 15.326060 -39.273090   0.027059  0.000260   8112.084    77.946039   6.813587  11.818888     932.575 1
 11.879343 -40.320545   0.023096  0.000050   6924.007    14.989623   6.819994  11.830002    -227.800 1
  7.975443 -44.158974   0.033593  0.000150  10070.928    44.968869   6.838910  11.862813    2845.744 1
 12.135173 -40.173462   0.011835  0.000027   3548.044     8.094396   6.843068  11.870026   -3525.044 1
 17.633404 -39.073530   0.030284  0.000150   9078.915    44.968869   6.848089  11.878736    1876.861 1
 18.197258 -52.751312   0.023980  0.000150   7189.023    44.968869   6.849060  11.880420      31.037 1
 13.281395 -39.718555   0.033276  0.000257   9975.894    77.046662   6.853889  11.888797    2752.925 1
  9.721196 -41.678127   0.031065  0.000127   9313.053    38.073642   6.862302  11.903389    2105.540 1
 11.911778 -40.236458   0.023333  0.000033   6995.057     9.893151   6.876486  11.927992    -158.406 1
 21.487880 -39.628323   0.035038  0.000087  10504.128    26.081944   6.883960  11.940958    3268.843 1
 13.711759 -39.547500   0.019920  0.000083   5971.866    24.882774   6.889841  11.951159   -1157.740 1
  8.429910 -43.107690   0.025622  0.000333   7681.282    99.830889   6.892150  11.955163     511.818 1
 11.715916 -40.307480   0.012022  0.000240   3604.105    71.950190   6.896142  11.962088   -3470.290 1
  8.450790 -43.052350   0.031676  0.000333   9496.226    99.830889   6.901707  11.971742    2284.442 1
 11.172092 -40.586464   0.023925  0.000297   7172.535    89.038360   6.904837  11.977171      14.933 1
  9.981891 -41.385376   0.038477  0.000127  11535.114    38.073642   6.909234  11.984798    4275.789 1
 22.109953 -52.031673   0.022973  0.000150   6887.132    44.968869   6.909545  11.985338    -263.815 1
 21.051043 -39.463623   0.019820  0.000097   5941.887    29.079868   6.919847  12.003206   -1187.020 1
  7.868132 -44.120537   0.025434  0.000093   7624.921    27.880699   6.920966  12.005149     456.771 1
 20.502640 -39.287000   0.020574  0.000103   6167.930    30.878623   6.960146  12.073110    -966.247 1
  7.741653 -44.272910   0.020204  0.000150   6057.007    44.968869   6.968364  12.087366   -1074.584 1
 23.691510 -40.455960   0.029407  0.000500   8815.997    99.990000   6.969066  12.088582    1620.074 1
 15.635090 -39.069363   0.019792  0.000031   5933.492     9.293566   6.969840  12.089926   -1195.218 1
 13.567415 -39.492280   0.020004  0.000320   5997.048    95.933587   6.979441  12.106578   -1133.144 1
 14.382792 -52.567944   0.025221  0.000190   7561.066    56.960567   6.986518  12.118855     394.404 1
 14.170120 -52.519590   0.027336  0.000150   8195.127    44.968869   6.987791  12.121064    1013.681 1
 14.531604 -52.631847   0.025301  0.000150   7585.049    44.968869   7.016444  12.170764     417.829 1
  7.741102 -44.057747   0.019967  0.000150   5985.956    44.968869   7.022726  12.181662   -1143.978 1
  9.947259 -50.611210   0.028960  0.000150   8681.990    44.968869   7.029968  12.194224    1489.191 1
 10.968851 -51.306114   0.025684  0.000700   7699.869    99.990000   7.034524  12.202127     529.972 1
 25.762753 -41.827938   0.021952  0.000083   6581.044    24.882774   7.070660  12.264808    -562.766 1
 12.686764 -52.164425   0.026000  0.000333   7794.604    99.830889   7.076509  12.274954     622.497 1
 12.529597 -52.124783   0.025618  0.000334   7680.083    99.990000   7.093926  12.305166     510.647 1
 11.251763 -40.299355   0.024157  0.000127   7242.086    38.073642   7.095021  12.307064      82.863 1
 16.392640 -53.001450   0.031949  0.000150   9578.069    44.968869   7.120611  12.351454    2364.377 1
 12.255734 -39.792202   0.024167  0.000053   7245.084    15.889000   7.123155  12.355867      85.791 1
 12.674502 -52.219920   0.026061  0.000093   7812.891    27.880699   7.129512  12.366894     640.358 1
 13.274767 -52.454884   0.027025  0.000150   8101.891    44.968869   7.157581  12.415582     922.619 1
 14.780828 -39.005850   0.027402  0.000133   8214.913    39.872397   7.164291  12.427222    1033.006 1
 27.619797 -47.165947   0.020714  0.000083   6209.901    24.882774   7.166568  12.431171    -925.255 1
 25.352564 -41.291386   0.024457  0.000053   7332.024    15.889000   7.173915  12.443915     170.704 1
 12.474153 -39.639725   0.024203  0.000087   7255.877    26.081944   7.179926  12.454341      96.332 1
 12.370649 -39.669120   0.024424  0.000050   7322.131    14.989623   7.189510  12.470966     161.041 1
 14.297823 -52.772602   0.027526  0.000150   8252.087    44.968869   7.199437  12.488185    1069.313 1
 12.443185 -39.629013   0.024380  0.000277   7308.940    83.042511   7.199747  12.488723     148.158 1
 14.876875 -52.906000   0.027272  0.000150   8175.940    44.968869   7.215235  12.515588     994.942 1
 27.571250 -47.630260   0.021018  0.000150   6301.038    44.968869   7.228836  12.539182    -836.243 1
 12.057055 -39.739555   0.023466  0.000103   7034.930    30.878623   7.239480  12.557644    -119.463 1
 27.200527 -48.526890   0.034167  0.000150  10243.009    44.968869   7.250474  12.576715    3013.812 1
 22.007732 -39.386925   0.030474  0.000500   9135.875    99.990000   7.255012  12.584586    1932.494 1
 26.247015 -41.993496   0.033827  0.000150  10141.079    44.968869   7.257039  12.588102    2914.259 1
 27.744167 -47.198612   0.020678  0.000034   6199.108    10.192944   7.257466  12.588844    -935.796 1
 14.066427 -52.782692   0.026612  0.000057   7978.077    17.088170   7.260003  12.593243     801.692 1
 26.105104 -41.831720   0.020344  0.000173   6098.978    51.864095   7.264041  12.600248   -1033.591 1
 22.021078 -39.377850   0.029681  0.000110   8898.140    32.977170   7.267222  12.605765    1700.302 1
 27.174803 -48.648460   0.021181  0.000030   6349.904     8.993774   7.278460  12.625260    -788.516 1
 13.663250 -52.703000   0.026532  0.000333   7954.093    99.830889   7.282094  12.631563     778.268 1
 10.493517 -40.479780   0.024010  0.000063   7198.017    18.886925   7.293040  12.650549      39.821 1
 22.451870 -39.493730   0.019547  0.000103   5860.043    30.878623   7.300345  12.663221   -1266.955 1
 11.773963 -52.050358   0.026989  0.000100   8091.099    29.979246   7.300595  12.663655     912.079 1
  8.418868 -42.227050   0.030254  0.000103   9069.921    30.878623   7.302638  12.667199    1868.077 1
 11.756716 -52.050915   0.027326  0.000093   8192.129    27.880699   7.307586  12.675782    1010.753 1
 14.034390 -52.829243   0.027566  0.000083   8264.079    24.882774   7.311282  12.682192    1081.025 1
 21.576223 -52.652374   0.029877  0.000087   8956.899    26.081944   7.311398  12.682394    1757.691 1
 21.433096 -39.136330   0.030748  0.000153   9218.018    45.868246   7.321971  12.700734    2012.722 1
 16.184666 -38.647488   0.022247  0.000030   6669.483     8.993774   7.328384  12.711858    -476.389 1
 12.289191 -39.540470   0.023903  0.000047   7165.939    14.090246   7.329376  12.713578       8.491 1
 27.155912 -48.821026   0.021025  0.000033   6303.136     9.893151   7.332803  12.719524    -834.193 1
 18.472292 -38.620611   0.032025  0.000128   9600.853    38.373435   7.333038  12.719930    2386.630 1
 14.181833 -52.897000   0.024454  0.000093   7331.125    27.880699   7.342699  12.736688     169.825 1
 26.294968 -41.879970   0.021221  0.000033   6361.896     9.893151   7.346935  12.744036    -776.804 1
 14.239911 -52.923897   0.024494  0.000097   7343.116    29.079868   7.355798  12.759411     181.537 1
 21.455970 -39.105953   0.017555  0.000113   5262.857    33.876548   7.356103  12.759940   -1850.216 1
 16.676434 -38.582466   0.022315  0.000073   6689.869    21.884849   7.359237  12.765375    -456.478 1
 21.841139 -39.217003   0.034527  0.000233  10350.934    69.851643   7.359827  12.766399    3119.221 1
 22.151731 -39.307354   0.030631  0.000113   9182.943    33.876548   7.370425  12.784782    1978.464 1
  8.121749 -42.457386   0.033233  0.000103   9963.003    30.878623   7.370677  12.785220    2740.335 1
 13.471054 -39.085690   0.027759  0.000117   8321.939    35.075718   7.380670  12.802553    1137.536 1
 15.541846 -38.662804   0.030518  0.000150   9149.066    44.968869   7.381406  12.803830    1945.377 1
  7.889706 -42.745327   0.026392  0.000150   7912.123    44.968869   7.385248  12.810495     737.276 1
 26.434082 -41.956272   0.028760  0.000150   8622.031    44.968869   7.386719  12.813046    1430.631 1
 11.667877 -52.110670   0.027342  0.000150   8196.925    44.968869   7.391378  12.821128    1015.438 1
  7.601705 -48.685307   0.011265  0.000029   3377.162     8.693981   7.403614  12.842353   -3691.942 1
 16.759050 -38.530952   0.022280  0.000330   6679.376    98.931511   7.406521  12.847394    -466.727 1
  9.845127 -40.752450   0.033076  0.000150   9915.935    44.968869   7.408107  12.850146    2694.365 1
 26.405376 -41.876675   0.034394  0.000193  10311.062    57.859944   7.412998  12.858630    3080.278 1
 16.745554 -38.523815   0.022169  0.000023   6646.099     6.895227   7.414278  12.860850    -499.228 1
  7.622411 -43.090210   0.033126  0.000150   9930.925    44.968869   7.415173  12.862402    2709.005 1
 14.173595 -52.975945   0.025948  0.000103   7779.015    30.878623   7.419517  12.869937     607.272 1
 15.398618 -53.200462   0.024874  0.000080   7457.038    23.983397   7.421595  12.873542     292.802 1
 14.175589 -52.992110   0.027996  0.000150   8392.990    44.968869   7.434461  12.895860    1206.930 1
  8.189557 -49.605280   0.032482  0.000037   9737.859    11.092321   7.436160  12.898807    2520.440 1
 14.719819 -53.110188   0.024257  0.000150   7272.066    44.968869   7.440479  12.906299     112.143 1
 22.105690 -52.635960   0.010674  0.000700   3199.985    99.990000   7.448046  12.919425   -3864.988 1
 11.812796 -39.575300   0.027009  0.000354   8097.094    99.990000   7.468417  12.954760     917.935 1
  6.846969 -46.978813   0.025785  0.000150   7730.149    44.968869   7.468452  12.954820     559.545 1
 28.213360 -45.798260   0.019987  0.000150   5991.952    44.968869   7.471476  12.960066   -1138.122 1
 10.225616 -51.435260   0.031982  0.000150   9587.962    44.968869   7.472579  12.961980    2374.039 1
  7.279411 -43.551254   0.035200  0.000300  10552.695    89.937737   7.477633  12.970746    3316.277 1
 20.703918 -38.785900   0.031342  0.000103   9396.095    30.878623   7.480145  12.975103    2186.646 1
  8.079456 -42.273006   0.034420  0.000177  10318.856    53.063265   7.484767  12.983121    3087.891 1
 15.216867 -53.244263   0.029477  0.000150   8836.982    44.968869   7.490052  12.992288    1640.570 1
 11.553730 -39.661163   0.032976  0.000103   9885.956    30.878623   7.493135  12.997635    2665.085 1
 27.996510 -44.284744   0.038927  0.000130  11670.021    38.973020   7.500219  13.009923    4407.550 1
 21.483952 -38.952110   0.020798  0.000150   6235.084    44.968869   7.506060  13.020056    -900.659 1
 10.192972 -51.468838   0.032139  0.000150   9635.030    44.968869   7.512686  13.031549    2420.009 1
  8.097962 -42.173416   0.032813  0.000087   9837.090    26.081944   7.522639  13.048813    2617.358 1
 23.644240 -39.736900   0.029060  0.000150   8711.969    44.968869   7.527321  13.056936    1518.472 1
 14.196868 -53.097404   0.024394  0.000100   7313.137    29.979246   7.530188  13.061907     152.257 1
 19.701916 -53.292683   0.024794  0.000033   7433.054     9.893151   7.533031  13.066839     269.378 1
  6.834733 -47.336563   0.011435  0.000150   3428.127    44.968869   7.535831  13.071697   -3642.165 1
  6.823561 -44.462906   0.020578  0.000150   6169.129    44.968869   7.551458  13.098803    -965.076 1
  9.815977 -51.283750   0.028610  0.000150   8577.062    44.968869   7.559538  13.112819    1386.711 1
  8.422214 -41.723488   0.033507  0.000160  10045.146    47.966793   7.567877  13.127285    2820.563 1
  6.729702 -44.638573   0.020738  0.000150   6217.096    44.968869   7.583866  13.155019    -918.227 1
 13.730252 -53.054504   0.025207  0.000150   7556.868    44.968869   7.594436  13.173353     390.305 1
 11.177844 -39.710083   0.029214  0.000167   8758.137    50.065340   7.599963  13.182941    1563.563 1
  9.159880 -40.988590   0.039134  0.000150  11732.078    44.968869   7.601462  13.185541    4468.160 1
  6.693108 -44.628950   0.020181  0.000130   6050.112    38.973020   7.610585  13.201365   -1081.318 1
 22.634138 -39.196360   0.017412  0.000117   5219.986    35.075718   7.622335  13.221746   -1892.087 1
 22.748013 -39.236603   0.020754  0.000127   6221.893    38.073642   7.624653  13.225767    -913.543 1
 24.499786 -40.067000   0.019964  0.000083   5985.057    24.882774   7.625615  13.227437   -1144.856 1
  7.855219 -49.589810   0.021912  0.000150   6569.052    44.968869   7.631605  13.237826    -574.478 1
 23.718843 -39.644250   0.019844  0.000150   5949.082    44.968869   7.633033  13.240304   -1179.992 1
 21.404213 -38.790280   0.030077  0.000097   9016.858    29.079868   7.636507  13.246329    1816.251 1
 10.903358 -39.803036   0.039164  0.000337  11741.072    99.990000   7.636935  13.247072    4476.944 1
 23.382748 -39.465103   0.029544  0.000150   8857.068    44.968869   7.652944  13.274841    1660.188 1
 14.031126 -53.189310   0.025308  0.000150   7587.148    44.968869   7.653131  13.275167     419.878 1
 25.720320 -40.842712   0.026221  0.000103   7860.858    30.878623   7.660942  13.288714     687.207 1
  8.204582 -41.764908   0.030431  0.000150   9122.984    44.968869   7.671798  13.307545    1919.903 1
 14.342760 -53.285110   0.026385  0.000333   7910.024    99.830889   7.679886  13.321575     735.226 1
 18.183767 -38.253082   0.022039  0.000033   6607.126     9.893151   7.683502  13.327847    -537.292 1
 21.009453 -38.632866   0.020948  0.000037   6280.052    11.092321   7.691546  13.341800    -856.739 1
  8.258517 -41.620647   0.031335  0.000500   9393.997    99.990000   7.719704  13.390644    2184.596 1
 19.969725 -38.396454   0.031572  0.000500   9465.047    99.990000   7.721889  13.394434    2253.991 1
 21.662632 -38.768032   0.033757  0.000203  10120.094    60.857869   7.723289  13.396862    2893.763 1
 24.857460 -40.147280   0.025034  0.000150   7505.004    44.968869   7.727256  13.403743     339.650 1
 24.654835 -40.011440   0.026231  0.000027   7863.856     8.094396   7.737535  13.421574     690.135 1
 22.617516 -39.055603   0.022285  0.000120   6680.875    35.975095   7.741442  13.428351    -465.263 1
  7.064886 -48.667380   0.031615  0.000150   9477.939    44.968869   7.744921  13.434385    2266.581 1
 12.781722 -38.895992   0.038073  0.000190  11413.998    56.960567   7.746256  13.436701    4157.497 1
  6.474741 -44.695570   0.033923  0.000173  10169.860    51.864095   7.749520  13.442363    2942.368 1
 13.479840 -38.674060   0.016812  0.000097   5040.111    29.079868   7.761232  13.462679   -2067.768 1
  6.348676 -45.192050   0.034427  0.000150  10320.955    44.968869   7.773985  13.484801    3089.941 1
 28.008776 -48.559822   0.025768  0.000085   7725.052    25.482359   7.788879  13.510636     554.567 1
 24.540424 -39.876053   0.020664  0.000083   6194.911    24.882774   7.790962  13.514249    -939.895 1
 21.539658 -38.655945   0.034220  0.000120  10258.898    35.975095   7.795771  13.522590    3029.331 1
 21.069181 -38.517593   0.021215  0.000083   6360.097    24.882774   7.814053  13.554302    -778.561 1
  6.338562 -44.787647   0.040194  0.000130  12049.858    38.973020   7.829222  13.580614    4778.530 1
 12.596362 -52.978157   0.029013  0.000150   8697.879    44.968869   7.830926  13.583571    1504.710 1
 12.264456 -38.972580   0.037399  0.000500  11211.938    99.990000   7.836661  13.593518    3960.148 1
 17.865162 -38.083458   0.011764  0.000031   3526.758     9.293566   7.841979  13.602742   -3545.833 1
 14.748372 -38.301025   0.035958  0.000100  10779.937    29.979246   7.852167  13.620416    3538.221 1
 23.904036 -39.460453   0.019207  0.000153   5758.114    45.868246   7.857481  13.629632   -1366.507 1
 25.867590 -40.647583   0.038730  0.000333  11610.962    99.830889   7.867380  13.646803    4349.868 1
 21.597557 -38.594100   0.033847  0.000123  10147.075    36.874472   7.868029  13.647928    2920.115 1
 12.749481 -38.760840   0.016892  0.000053   5064.094    15.889000   7.878356  13.665843   -2044.344 1
 23.237902 -52.718933   0.022532  0.000150   6754.924    44.968869   7.892396  13.690197    -392.940 1
