160.052920 -46.252940   0.020251  0.000097   6071.097    29.079868   0.016172   0.024556    -105.452 0
160.087590 -46.261967   0.021355  0.000177   6402.068    53.063265   0.024213   0.036766     218.835 0
160.078120 -46.324860   0.021421  0.000050   6421.854    14.989623   0.058186   0.088351     238.222 0
160.060600 -46.328410   0.020224  0.000060   6063.003    17.987547   0.059488   0.090329    -113.383 0
160.067000 -46.327990   0.018086  0.000113   5422.046    33.876548   0.059569   0.090451    -741.396 0
160.049930 -46.342760   0.019744  0.000080   5919.102    23.983397   0.073726   0.111948    -254.378 0
160.012820 -46.350758   0.019520  0.000050   5851.949    14.989623   0.086512   0.131363    -320.175 0
159.995730 -46.190650   0.021628  0.000040   6483.911    11.991698   0.088215   0.133948     299.026 0
160.106600 -46.357494   0.018509  0.000110   5548.859    32.977170   0.095559   0.145100    -617.145 0
160.138570 -46.177673   0.021151  0.000057   6340.910    17.088170   0.108470   0.164704     158.913 0
159.927430 -46.202827   0.023029  0.000050   6903.921    14.989623   0.109818   0.166751     710.553 0
160.018390 -46.376316   0.019253  0.000200   5771.904    59.958492   0.110032   0.167076    -398.603 0
159.929170 -46.338547   0.020924  0.000050   6272.857    14.989623   0.110833   0.168293      92.234 0
160.007750 -46.384780   0.019460  0.000047   5833.961    14.090246   0.120046   0.182283    -337.799 0
160.006960 -46.151676   0.018836  0.000050   5646.891    14.989623   0.121856   0.185030    -521.092 0
159.975720 -46.379875   0.018733  0.000177   5616.012    53.063265   0.123328   0.187266    -551.347 0
160.119950 -46.147083   0.020588  0.000130   6172.127    38.973020   0.130220   0.197730      -6.462 0
160.253160 -46.297752   0.021785  0.000127   6530.979    38.073642   0.140548   0.213413     345.143 0
159.944400 -46.144380   0.020527  0.000077   6153.840    23.084019   0.145962   0.221634     -24.380 0
160.025130 -46.115643   0.021892  0.000057   6563.056    17.088170   0.154751   0.234979     376.573 0
160.093930 -46.423798   0.024524  0.000017   7352.110     5.096472   0.157136   0.238601    1149.693 1
159.850810 -46.371872   0.019744  0.000220   5919.102    65.954341   0.174112   0.264378    -254.378 0
160.269150 -46.368830   0.021718  0.000110   6510.893    32.977170   0.179009   0.271813     325.462 0
159.773650 -46.277588   0.017779  0.000137   5330.010    41.071567   0.194063   0.294672    -831.574 0
160.220980 -46.092610   0.022225  0.000117   6662.887    35.075718   0.210834   0.320138     474.388 0
160.360600 -46.287342   0.023560  0.000030   7063.110     8.993774   0.212650   0.322895     866.529 0
160.246670 -46.102753   0.019840  0.000284   5947.882    85.141058   0.213040   0.323488    -226.179 0
159.716960 -46.271460   0.021688  0.000207   6501.899    62.057039   0.233077   0.353913     316.650 0
160.403340 -46.204327   0.023957  0.000150   7182.128    44.968869   0.249947   0.379528     983.143 0
159.668210 -46.247787   0.019006  0.000060   5697.855    17.987547   0.267614   0.406354    -471.157 0
159.937420 -46.548576   0.021935  0.000150   6575.948    44.968869   0.290894   0.441703     389.204 0
159.785750 -46.505524   0.018756  0.000057   5622.907    17.088170   0.300525   0.456328    -544.591 0
160.101560 -46.573685   0.023633  0.000117   7084.995    35.075718   0.306355   0.465180     887.972 0
160.468700 -46.144955   0.020480  0.000284   6139.750    85.141058   0.312321   0.474240     -38.186 0
159.764680 -45.950775   0.017836  0.000150   5347.098    44.968869   0.375974   0.570891    -814.831 0
160.517010 -46.004770   0.020874  0.000150   6257.868    44.968869   0.415039   0.630210      77.547 0
160.270110 -46.691505   0.020731  0.000284   6214.997    85.141058   0.448026   0.680299      35.542 0
160.673570 -46.083508   0.022219  0.000183   6661.089    54.862020   0.466698   0.708651     472.625 0
160.781980 -46.212420   0.021065  0.000150   6315.128    44.968869   0.506335   0.768837     133.651 0
159.869660 -45.702020   0.022065  0.000150   6614.921    44.968869   0.581230   0.882559     427.390 0
159.314330 -46.584970   0.020401  0.000127   6116.066    38.073642   0.601084   0.912706     -61.391 0
160.715530 -45.850567   0.021548  0.000150   6459.928    44.968869   0.619848   0.941198     275.527 0
159.918960 -46.882423   0.021765  0.000150   6524.983    44.968869   0.620407   0.942048     339.268 0
160.657380 -45.798985   0.021125  0.000150   6333.116    44.968869   0.628416   0.954208     151.275 0
160.728600 -46.749870   0.020921  0.000284   6271.958    85.141058   0.669732   1.016944      91.353 0
160.321150 -46.946083   0.018869  0.000284   5656.784    85.141058   0.701707   1.065497    -511.399 0
161.213320 -46.230286   0.021405  0.000150   6417.058    44.968869   0.802266   1.218189     233.522 0
160.047640 -47.100876   0.010720  0.000024   3213.775     7.195019   0.831797   1.263029   -2905.074 1
160.045790 -47.111294   0.010330  0.000284   3096.856    85.141058   0.842223   1.278860   -3019.632 1
160.184270 -47.185250   0.010604  0.000333   3178.999    99.830889   0.920566   1.397820   -2939.148 1
158.838260 -45.648167   0.010044  0.000150   3011.115    44.968869   1.044971   1.586720   -3103.641 1
158.600750 -46.559600   0.008986  0.000060   2693.935    17.987547   1.045829   1.588023   -3414.416 1
161.309600 -46.884235   0.016251  0.000284   4871.927    85.141058   1.063777   1.615277   -1280.406 1
159.953920 -45.118008   0.020387  0.000150   6111.869    44.968869   1.153165   1.751005     -65.504 1
159.430370 -45.183920   0.021005  0.000150   6297.141    44.968869   1.167694   1.773067     116.027 1
160.859620 -47.345640   0.029797  0.000150   8932.916    44.968869   1.212028   1.840385    2698.576 1
161.709600 -45.751263   0.019066  0.000083   5715.843    24.882774   1.256096   1.907300    -453.532 1
159.829180 -44.999107   0.021081  0.000200   6319.925    59.958492   1.279467   1.942788     138.351 1
159.553220 -44.986256   0.020751  0.000150   6220.993    44.968869   1.328743   2.017609      41.417 1
159.488900 -44.993023   0.020464  0.000150   6134.953    44.968869   1.334545   2.026419     -42.886 1
158.099210 -46.115314   0.009520  0.000183   2854.024    54.862020   1.360092   2.065211   -3257.560 1
161.520600 -45.327316   0.018286  0.000150   5482.005    44.968869   1.383695   2.101050    -682.648 1
160.710160 -47.618164   0.003652  0.000019   1094.842     5.696057   1.423259   2.161126   -4981.218 1
160.604900 -44.885895   0.019710  0.000093   5908.909    27.880699   1.434642   2.178409    -264.365 1
162.150850 -45.945600   0.020347  0.000150   6099.877    44.968869   1.485076   2.254991     -77.253 1
159.455950 -44.835390   0.020271  0.000150   6077.093    44.968869   1.492138   2.265714     -99.577 1
162.220350 -46.035410   0.004336  0.000330   1299.900    98.931511   1.515582   2.301313   -4780.300 1
162.106320 -45.691315   0.020192  0.000037   6053.409    11.092321   1.531778   2.325905    -122.783 1
159.084170 -44.890556   0.021128  0.000027   6334.015     8.094396   1.532946   2.327678     152.157 1
161.196010 -47.600628   0.020628  0.000150   6184.119    44.968869   1.547928   2.350428       5.287 1
161.069840 -47.677128   0.020374  0.000153   6107.972    45.868246   1.573395   2.389098     -69.322 1
159.862140 -44.684770   0.020584  0.000150   6170.928    44.968869   1.589869   2.414112      -7.637 1
159.430680 -44.705590   0.019527  0.000233   5854.047    69.851643   1.621809   2.462611    -318.119 1
157.917020 -45.482655   0.008886  0.000053   2663.956    15.889000   1.673600   2.541253   -3443.790 1
162.181320 -45.419987   0.018860  0.000033   5654.086     9.893151   1.698024   2.578338    -514.042 1
162.121250 -47.301060   0.036838  0.000284  11043.755    85.141058   1.762631   2.676440    4766.788 1
158.110150 -47.441154   0.020691  0.000100   6203.006    29.979246   1.783130   2.707566      23.793 1
161.744540 -47.616580   0.021738  0.000284   6516.888    85.141058   1.783598   2.708278     331.337 1
158.350500 -47.609700   0.020061  0.000100   6014.136    29.979246   1.784410   2.709510    -161.262 1
159.139940 -44.532528   0.009458  0.000023   2835.437     6.895227   1.847973   2.806026   -3275.772 1
159.529560 -44.453148   0.021565  0.000150   6465.024    44.968869   1.851792   2.811826     280.520 1
162.737700 -46.340940   0.019557  0.000150   5863.041    44.968869   1.856480   2.818943    -309.307 1
162.828460 -46.475014   0.019820  0.000150   5941.887    44.968869   1.928852   2.928836    -232.053 1
163.060900 -46.015263   0.014847  0.000150   4451.019    44.968869   2.093949   3.179525   -1692.815 1
163.099560 -46.368410   0.019574  0.000021   5868.138     6.295642   2.107574   3.200213    -304.313 1
160.917080 -44.223534   0.021311  0.000127   6388.877    38.073642   2.130767   3.235431     205.911 1
163.122500 -46.059723   0.014756  0.000035   4423.738    10.492736   2.131398   3.236389   -1719.545 1
163.261760 -46.228245   0.019217  0.000150   5761.112    44.968869   2.217733   3.367483    -409.178 1
163.199900 -45.677544   0.009587  0.000013   2874.110     3.897302   2.253617   3.421970   -3237.880 1
162.359420 -47.869114   0.020277  0.000107   6078.892    32.077793   2.258233   3.428979     -97.815 1
158.828450 -44.174004   0.020241  0.000033   6068.099     9.893151   2.259923   3.431545    -108.390 1
160.860720 -44.044464   0.019747  0.000150   5920.002    44.968869   2.293440   3.482438    -253.496 1
159.492100 -43.925194   0.021738  0.000033   6516.888     9.893151   2.375876   3.607613     331.337 1
163.156950 -45.162746   0.018750  0.000093   5621.109    27.880699   2.413424   3.664626    -546.354 1
163.519970 -45.816826   0.018986  0.000083   5691.860    24.882774   2.438164   3.702192    -477.031 1
163.539180 -45.831947   0.019597  0.000150   5875.033    44.968869   2.448469   3.717840    -297.557 1
163.619050 -46.211376   0.019530  0.000033   5854.947     9.893151   2.465017   3.742968    -317.238 1
156.558230 -45.735240   0.015159  0.000020   4544.554     5.995849   2.474872   3.757931   -1601.169 1
158.951780 -43.907013   0.020924  0.000150   6272.857    44.968869   2.481950   3.768679      92.234 1
163.602680 -46.740852   0.014860  0.000100   4454.916    29.979246   2.497978   3.793016   -1688.996 1
157.520700 -44.453693   0.009753  0.000150   2923.876    44.968869   2.522429   3.830143   -3189.119 1
157.853440 -44.236977   0.015194  0.000150   4555.047    44.968869   2.538451   3.854472   -1590.888 1
159.547360 -43.752663   0.020264  0.000150   6074.994    44.968869   2.540694   3.857877    -101.634 1
157.939760 -48.358948   0.021378  0.000093   6408.963    27.880699   2.550247   3.872384     225.591 1
157.563960 -44.308056   0.010284  0.000150   3083.066    44.968869   2.609366   3.962151   -3033.144 1
157.394060 -44.377430   0.019190  0.000150   5753.017    44.968869   2.638114   4.005804    -417.109 1
163.564390 -47.306145   0.018770  0.000183   5627.104    54.862020   2.638874   4.006958    -540.479 1
158.908600 -48.809345   0.019727  0.000113   5914.006    33.876548   2.660815   4.040273    -259.371 1
161.311050 -43.726585   0.021285  0.000150   6381.082    44.968869   2.686875   4.079844     198.273 1
157.254140 -44.402798   0.009053  0.000127   2714.021    38.073642   2.688751   4.082693   -3394.736 1
158.784530 -43.691677   0.009645  0.000023   2891.498     6.895227   2.722737   4.134297   -3220.843 1
157.275940 -44.159720   0.009453  0.000290   2833.938    86.939813   2.852660   4.331578   -3277.241 1
164.190430 -46.373734   0.018763  0.000150   5625.006    44.968869   2.861235   4.344598    -542.535 1
157.305540 -44.122856   0.010012  0.000018   3001.522     5.396264   2.866422   4.352474   -3113.041 1
159.386320 -43.368990   0.020934  0.000150   6275.855    44.968869   2.936611   4.459052      95.171 1
159.043400 -43.379220   0.020004  0.000150   5997.048    44.968869   2.973131   4.514505    -178.006 1
162.007660 -43.611650   0.021385  0.000150   6411.062    44.968869   2.980882   4.526275     227.647 1
163.239030 -48.280117   0.016381  0.000274   4910.900    82.143133   2.981856   4.527753   -1242.220 1
161.797910 -48.998890   0.011515  0.000028   3452.110     8.394189   2.984105   4.531168   -2671.552 1
158.656400 -43.445538   0.009954  0.000027   2984.134     8.094396   2.984292   4.531452   -3130.078 1
157.274220 -43.849323   0.009070  0.000150   2719.118    44.968869   3.089995   4.691955   -3389.742 1
159.421200 -43.203163   0.020244  0.000150   6068.999    44.968869   3.096988   4.702574    -107.508 1
155.803560 -47.338478   0.008933  0.000026   2678.046     7.794604   3.126842   4.747905   -3429.985 1
156.962630 -43.905056   0.009354  0.000019   2804.259     5.696057   3.186797   4.838943   -3306.321 1
164.642790 -46.583790   0.009709  0.000030   2910.685     8.993774   3.187597   4.840158   -3202.043 1
159.323300 -43.118835   0.021762  0.000233   6524.083    69.851643   3.190506   4.844575     338.387 1
164.307880 -47.669754   0.015918  0.000020   4772.096     5.995849   3.257063   4.945637   -1378.221 1
155.292790 -46.012875   0.009873  0.000200   2959.851    59.958492   3.301329   5.012852   -3153.870 1
163.893750 -48.246887   0.015467  0.000031   4636.890     9.293566   3.310081   5.026141   -1510.697 1
164.391860 -47.730747   0.018970  0.000113   5687.063    33.876548   3.335839   5.065254    -481.731 1
164.860180 -46.690296   0.028686  0.000330   8599.846    98.931511   3.348894   5.085077    2372.232 1
158.322920 -43.078705   0.009520  0.000150   2854.024    44.968869   3.407450   5.173990   -3257.560 1
163.958950 -48.354730   0.018993  0.000187   5693.958    56.061190   3.411178   5.179651    -474.975 1
164.448150 -47.842740   0.019250  0.000103   5771.005    30.878623   3.420910   5.194429    -399.484 1
159.504670 -42.868830   0.031402  0.000150   9414.083    44.968869   3.421408   5.195185    3170.026 1
159.351470 -42.851166   0.033933  0.000150  10172.857    44.968869   3.452265   5.242039    3913.478 1
159.281250 -42.855556   0.035168  0.000100  10543.101    29.979246   3.455091   5.246330    4276.245 1
164.584550 -44.773975   0.017269  0.000150   5177.116    44.968869   3.470349   5.269498    -981.380 1
159.150920 -42.851980   0.014874  0.000150   4459.113    44.968869   3.473682   5.274559   -1684.884 1
156.468540 -43.747902   0.009417  0.000150   2823.146    44.968869   3.535519   5.368454   -3287.815 1
160.425640 -42.714690   0.022536  0.000150   6756.123    44.968869   3.563667   5.411196     565.740 1
156.855420 -49.103333   0.018564  0.000040   5565.347    11.991698   3.594745   5.458386    -600.989 1
156.832440 -49.116493   0.018319  0.000440   5491.898    99.990000   3.614895   5.488982    -672.955 1
158.896900 -42.739310   0.034174  0.000150  10245.107    44.968869   3.619292   5.495658    3984.269 1
164.869050 -47.695583   0.020871  0.000150   6256.968    44.968869   3.621234   5.498608      76.666 1
156.823140 -49.127800   0.018319  0.000440   5491.898    99.990000   3.627763   5.508521    -672.955 1
164.121690 -48.609455   0.016121  0.000157   4832.954    47.067416   3.658352   5.554968   -1318.592 1
164.273760 -48.661440   0.016225  0.000083   4864.133    24.882774   3.772503   5.728300   -1288.043 1
156.850130 -43.136627   0.026698  0.000150   8003.859    44.968869   3.836376   5.825286    1788.280 1
164.693540 -48.468132   0.021048  0.000150   6310.032    44.968869   3.888613   5.904605     128.657 1
160.190120 -42.300076   0.033396  0.000150  10011.869    44.968869   3.970128   6.028380    3755.741 1
165.099690 -48.190760   0.018766  0.000130   5625.905    38.973020   3.982214   6.046732    -541.654 1
155.069580 -44.213730   0.035478  0.000150  10636.037    44.968869   4.012126   6.092151    4367.304 1
155.303020 -48.754353   0.017666  0.001001   5296.134    99.990000   4.118635   6.253878    -864.766 1
154.114780 -45.848300   0.006398  0.000021   1918.072     6.295642   4.127204   6.266890   -4174.612 1
165.586410 -47.854355   0.014904  0.000150   4468.107    44.968869   4.139868   6.286119   -1676.072 1
162.461690 -42.461952   0.016608  0.000183   4978.953    54.862020   4.155018   6.309122   -1175.542 1
159.753130 -50.421814   0.023953  0.000130   7180.929    38.973020   4.157932   6.313548     981.968 1
155.014000 -43.953250   0.035318  0.000150  10588.070    44.968869   4.183541   6.352433    4320.306 1
155.330370 -49.026154   0.021918  0.001001   6570.851    99.990000   4.273662   6.489277     384.210 1
162.438580 -42.323685   0.031335  0.000150   9393.997    44.968869   4.275883   6.492648    3150.345 1
162.462720 -42.326572   0.029947  0.000150   8977.885    44.968869   4.279683   6.498419    2742.636 1
162.439210 -42.318188   0.029814  0.000150   8938.012    44.968869   4.281123   6.500605    2703.569 1
164.757460 -43.440460   0.017199  0.000120   5156.130    35.975095   4.309531   6.543741   -1001.942 1
164.840360 -43.473293   0.016645  0.000137   4990.045    41.071567   4.331664   6.577349   -1164.673 1
155.798500 -49.470780   0.018168  0.000021   5446.629     6.295642   4.347980   6.602123    -717.309 1
164.779080 -43.376133   0.015511  0.000150   4650.081    44.968869   4.363200   6.625235   -1497.773 1
164.281450 -43.022850   0.031175  0.000150   9346.030    44.968869   4.367788   6.632200    3103.347 1
156.177840 -42.803654   0.022676  0.000150   6798.094    44.968869   4.380559   6.651593     606.864 1
157.193700 -42.331955   0.019857  0.000150   5952.979    44.968869   4.405775   6.689881    -221.185 1
158.759430 -41.952940   0.034084  0.000150  10218.126    44.968869   4.407964   6.693205    3957.833 1
160.330950 -41.846745   0.009230  0.000333   2767.084    99.830889   4.426485   6.721328   -3342.744 1
165.256990 -43.679160   0.004340  0.000033   1301.099     9.893151   4.432077   6.729819   -4779.126 1
164.563830 -49.423740   0.019594  0.000110   5874.133    32.977170   4.435116   6.734434    -298.438 1
157.846340 -42.060600   0.019323  0.000033   5792.890     9.893151   4.476673   6.797535    -378.041 1
155.970080 -49.772150   0.013076  0.000333   3920.086    99.830889   4.499085   6.831566   -2213.026 1
166.427760 -45.292114   0.020411  0.000150   6119.064    44.968869   4.512944   6.852610     -58.454 1
155.748050 -42.827570   0.009467  0.000150   2838.135    44.968869   4.550229   6.909226   -3273.128 1
154.773270 -43.457317   0.037216  0.000150  11157.076    44.968869   4.607845   6.996711    4877.822 1
153.674200 -44.854400   0.003688  0.000021   1105.635     6.295642   4.631601   7.032783   -4970.643 1
157.006870 -42.110676   0.018146  0.000033   5440.034     9.893151   4.661508   7.078195    -723.772 1
159.314600 -41.627460   0.009255  0.000021   2774.579     6.295642   4.669697   7.090630   -3335.401 1
164.238650 -50.000576   0.009323  0.000233   2794.965    69.851643   4.721380   7.169106   -3315.427 1
157.065430 -50.516647   0.018746  0.000834   5619.909    99.990000   4.723353   7.172103    -547.529 1
157.423140 -41.909030   0.019217  0.000117   5761.112    35.075718   4.724180   7.173358    -409.178 1
166.751600 -47.465790   0.026582  0.000150   7969.083    44.968869   4.781947   7.261073    1754.206 1
166.285830 -48.443530   0.009714  0.000030   2912.184     8.993774   4.825498   7.327204   -3200.575 1
159.390900 -41.465360   0.009193  0.000033   2755.992     9.893151   4.825559   7.327296   -3353.613 1
162.940170 -41.861862   0.015844  0.000150   4749.912    44.968869   4.837757   7.345818   -1399.958 1
157.199650 -50.699310   0.021031  0.000474   6304.935    99.990000   4.849784   7.364080     123.664 1
157.115160 -41.848347   0.019503  0.000150   5846.852    44.968869   4.865228   7.387531    -325.169 1
166.635600 -48.042040   0.018367  0.000046   5506.288    13.790453   4.882847   7.414285    -658.855 1
153.134300 -45.237140   0.013729  0.000003   4115.851     0.899377   4.893523   7.430494   -2021.215 1
164.720630 -49.973860   0.009186  0.000020   2753.894     5.995849   4.912363   7.459103   -3355.669 1
162.278100 -41.554222   0.015764  0.000150   4725.928    44.968869   4.959186   7.530200   -1423.457 1
154.090730 -43.510902   0.018066  0.000150   5416.051    44.968869   4.959954   7.531366    -747.271 1
164.323180 -50.257324   0.018543  0.000123   5559.052    36.874472   4.961342   7.533474    -607.157 1
156.642090 -41.776390   0.020005  0.000028   5997.348     8.394189   5.074203   7.704845    -177.712 1
164.595600 -50.259920   0.018413  0.000080   5520.079    23.983397   5.077654   7.710086    -645.344 1
166.683980 -48.483700   0.009403  0.000035   2818.948    10.492736   5.090066   7.728933   -3291.927 1
167.393310 -46.749226   0.017912  0.000150   5369.883    44.968869   5.096052   7.738022    -792.506 1
153.738860 -43.619230   0.010114  0.000120   3032.101    35.975095   5.106846   7.754412   -3083.079 1
154.507340 -42.890600   0.021478  0.000150   6438.942    44.968869   5.110411   7.759825     254.965 1
164.086760 -50.560238   0.009416  0.000067   2822.846    20.086095   5.117125   7.770020   -3288.109 1
167.453860 -46.506110   0.036405  0.000150  10913.944    44.968869   5.120728   7.775490    4639.600 1
158.925450 -41.200940   0.023850  0.000150   7150.050    44.968869   5.127854   7.786311     951.713 1
167.092530 -47.931050   0.014537  0.000117   4358.083    35.075718   5.141481   7.807003   -1783.874 1
165.310170 -49.907177   0.019143  0.000170   5738.927    50.964718   5.141694   7.807326    -430.914 1
156.533190 -41.718880   0.019660  0.000150   5893.920    44.968869   5.160269   7.835531    -279.052 1
152.757720 -45.167793   0.013366  0.000113   4007.026    33.876548   5.162628   7.839113   -2127.842 1
164.678850 -50.324720   0.009537  0.000143   2859.121    42.870321   5.164168   7.841451   -3252.566 1
152.749370 -45.150883   0.017345  0.000330   5199.900    98.931511   5.171897   7.853187    -959.056 1
167.537500 -46.125793   0.031035  0.000150   9304.059    44.968869   5.175042   7.857963    3062.224 1
162.335660 -41.327015   0.032729  0.000103   9811.907    30.878623   5.187637   7.877088    3559.817 1
167.451930 -47.207554   0.018349  0.000150   5500.892    44.968869   5.199302   7.894800    -664.143 1
167.501660 -47.019573   0.019954  0.000183   5982.059    54.862020   5.202695   7.899952    -192.692 1
164.552430 -50.443394   0.019674  0.000567   5898.117    99.990000   5.205207   7.903766    -274.939 1
167.504760 -45.430380   0.020327  0.000150   6093.881    44.968869   5.218268   7.923598     -83.128 1
153.378740 -43.818226   0.013986  0.000150   4192.897    44.968869   5.224975   7.933783   -1945.724 1
164.748900 -50.365370   0.018833  0.000133   5645.991    39.872397   5.226085   7.935468    -521.973 1
167.557460 -47.046085   0.018603  0.000133   5577.039    39.872397   5.244730   7.963779    -589.533 1
164.522660 -50.508180   0.009036  0.000093   2708.925    27.880699   5.245158   7.964430   -3399.729 1
159.457210 -41.014590   0.023283  0.000150   6980.068    44.968869   5.270677   8.003179     785.163 1
153.377210 -43.716866   0.015724  0.000183   4713.937    54.862020   5.274205   8.008535   -1435.206 1
153.458770 -48.932526   0.019170  0.000080   5747.021    23.983397   5.280151   8.017564    -422.983 1
157.850080 -51.377860   0.021805  0.000233   6536.975    69.851643   5.331120   8.094957     351.018 1
167.709350 -46.918068   0.019200  0.000150   5756.015    44.968869   5.331498   8.095532    -414.171 1
167.708620 -47.048490   0.017819  0.000150   5342.002    44.968869   5.348442   8.121259    -819.824 1
159.414030 -40.909320   0.032546  0.000150   9757.045    44.968869   5.378004   8.166147    3506.063 1
156.809970 -41.359684   0.028093  0.000183   8422.070    54.862020   5.397358   8.195535    2198.045 1
153.390620 -43.455456   0.015127  0.000150   4534.961    44.968869   5.397633   8.195952   -1610.568 1
167.609680 -44.823630   0.034404  0.000150  10314.060    44.968869   5.419281   8.228823    4051.829 1
167.812350 -47.109688   0.018143  0.000120   5439.135    35.975095   5.428531   8.242869    -724.653 1
158.743840 -40.912064   0.015888  0.000150   4763.103    44.968869   5.433059   8.249745   -1387.033 1
165.572100 -42.372307   0.019547  0.000150   5860.043    44.968869   5.452963   8.279968    -312.244 1
164.565250 -50.772434   0.019377  0.000157   5809.078    47.067416   5.477651   8.317455    -362.180 1
160.747620 -40.796494   0.036996  0.000103  11091.122    30.878623   5.493555   8.341604    4813.199 1
167.838850 -45.154320   0.034781  0.000150  10427.081    44.968869   5.495624   8.344746    4162.568 1
167.978780 -45.501390   0.034978  0.000150  10486.141    44.968869   5.531633   8.399424    4220.435 1
167.600810 -48.166720   0.023840  0.000150   7147.052    44.968869   5.551237   8.429190     948.775 1
168.110200 -46.583225   0.036605  0.000150  10973.903    44.968869   5.577802   8.469528    4698.347 1
154.334630 -42.302265   0.023380  0.000150   7009.148    44.968869   5.600680   8.504267     813.656 1
167.780840 -44.456898   0.034057  0.000150  10210.032    44.968869   5.640322   8.564460    3949.902 1
165.251710 -41.899340   0.030715  0.000150   9208.125    44.968869   5.657212   8.590106    2968.228 1
167.843690 -48.019733   0.014480  0.000233   4340.995    69.851643   5.662150   8.597604   -1800.617 1
161.101350 -40.641544   0.025521  0.000150   7651.003    44.968869   5.673919   8.615475    1442.550 1
153.449860 -49.659172   0.019407  0.000294   5818.072    88.138983   5.686384   8.634402    -353.367 1
160.528210 -40.576317   0.031862  0.000103   9551.987    30.878623   5.702200   8.658418    3305.146 1
161.180820 -40.586548   0.025875  0.000150   7757.130    44.968869   5.735671   8.709241    1546.533 1
153.570900 -42.681263   0.020117  0.000150   6030.925    44.968869   5.740892   8.717169    -144.813 1
164.848280 -50.961895   0.019247  0.000110   5770.105    32.977170   5.745041   8.723469    -400.366 1
154.107730 -42.245956   0.014557  0.000150   4364.079    44.968869   5.751731   8.733627   -1777.999 1
154.272060 -50.413227   0.028476  0.000570   8536.890    99.990000   5.757574   8.742500    2310.547 1
152.778030 -49.128063   0.019000  0.000414   5696.057    99.990000   5.785513   8.784923    -472.919 1
152.436480 -43.781425   0.033923  0.000123  10169.860    36.874472   5.823895   8.843204    3910.541 1
156.467590 -51.544450   0.025881  0.000039   7758.929    11.691906   5.828908   8.850815    1548.296 1
151.733050 -45.046530   0.013013  0.000025   3901.199     7.494811   5.880608   8.929319   -2231.531 1
165.300020 -50.899918   0.019127  0.000264   5734.130    79.145209   5.881749   8.931051    -435.614 1
168.412170 -45.165820   0.017512  0.000233   5249.966    69.851643   5.882086   8.931564    -910.002 1
156.057190 -41.072937   0.009060  0.000183   2716.120    54.862020   5.885064   8.936085   -3392.680 1
162.237080 -51.958546   0.009423  0.000177   2824.944    53.063265   5.886175   8.937771   -3286.053 1
168.584960 -46.430077   0.036015  0.000150  10797.025    44.968869   5.899335   8.957754    4525.042 1
152.571870 -43.417713   0.033083  0.000150   9918.034    44.968869   5.906159   8.968116    3663.800 1
168.522100 -47.265490   0.029831  0.000150   8943.109    44.968869   5.937881   9.016284    2708.563 1
153.427250 -50.054146   0.022596  0.000334   6774.110    99.990000   5.942382   9.023119     583.365 1
167.924760 -43.871830   0.034264  0.000150  10272.089    44.968869   5.945479   9.027822    4010.706 1
151.692380 -47.696350   0.013349  0.000334   4001.930    99.990000   5.953838   9.040514   -2132.835 1
165.138100 -41.451527   0.021305  0.000150   6387.078    44.968869   5.963226   9.054769     204.148 1
167.645000 -49.102570   0.009081  0.000019   2722.415     5.696057   5.963513   9.055205   -3386.511 1
160.486310 -40.260320   0.009807  0.000103   2940.065    30.878623   6.016194   9.135197   -3173.257 1
168.532330 -44.903050   0.037222  0.000150  11158.875    44.968869   6.017851   9.137713    4879.584 1
151.465000 -45.018612   0.012922  0.000173   3873.918    51.864095   6.067670   9.213360   -2258.262 1
152.365830 -43.315556   0.015336  0.000023   4597.617     6.895227   6.080245   9.232455   -1549.177 1
152.392100 -43.259506   0.033680  0.000150  10097.010    44.968869   6.091873   9.250111    3839.162 1
152.321270 -43.332115   0.015274  0.000150   4579.030    44.968869   6.099197   9.261232   -1567.389 1
154.602500 -51.079166   0.013521  0.000039   4053.494    11.691906   6.110547   9.278467   -2082.312 1
168.738330 -47.471110   0.009394  0.000029   2816.250     8.693981   6.122316   9.296337   -3294.571 1
152.280840 -43.324444   0.014806  0.000033   4438.727     9.893151   6.127389   9.304040   -1704.858 1
164.829400 -51.442543   0.019007  0.000028   5698.155     8.394189   6.136885   9.318459    -470.863 1
158.476530 -40.209312   0.016375  0.000183   4909.101    54.862020   6.157126   9.349193   -1243.983 1
160.440810 -40.097538   0.031819  0.000103   9539.096    30.878623   6.177339   9.379886    3292.515 1
160.995680 -40.119087   0.016655  0.000103   4993.043    30.878623   6.184351   9.390532   -1161.736 1
166.157090 -41.734444   0.031458  0.000150   9430.871    44.968869   6.193662   9.404671    3186.475 1
168.987850 -46.743910   0.030588  0.000150   9170.052    44.968869   6.193871   9.404988    2930.923 1
168.403870 -44.017597   0.017232  0.000033   5166.024     9.893151   6.195538   9.407519    -992.249 1
166.384980 -50.673405   0.017342  0.000067   5199.001    20.086095   6.208900   9.427809    -959.937 1
156.936480 -40.435055   0.008406  0.000063   2520.055    18.886925   6.219371   9.443709   -3584.785 1
169.005390 -47.030804   0.030291  0.000157   9081.013    47.067416   6.234476   9.466645    2843.682 1
151.287080 -44.775833   0.012765  0.000035   3826.851    10.492736   6.241663   9.477558   -2304.379 1
154.732770 -41.203136   0.018166  0.000150   5446.030    44.968869   6.260611   9.506328    -717.897 1
151.481500 -44.232403   0.011171  0.000113   3348.982    33.876548   6.266235   9.514868   -2772.598 1
152.307850 -43.002590   0.015077  0.000150   4519.971    44.968869   6.272454   9.524311   -1625.255 1
161.544750 -40.074750   0.015754  0.000150   4722.930    44.968869   6.279463   9.534954   -1426.394 1
152.450800 -42.811237   0.034537  0.000053  10353.932    15.889000   6.291413   9.553099    4090.896 1
157.750670 -40.178066   0.015224  0.000150   4564.040    44.968869   6.295715   9.559632   -1582.076 1
154.000410 -41.555412   0.019862  0.000030   5954.478     8.993774   6.303251   9.571074    -219.716 1
159.400960 -52.569805   0.021081  0.000123   6319.925    36.874472   6.316871   9.591755     138.351 1
151.437240 -44.114200   0.020968  0.000333   6286.048    99.830889   6.334407   9.618383     105.158 1
163.274830 -40.329105   0.016114  0.000103   4830.856    30.878623   6.343521   9.632221   -1320.648 1
161.680220 -40.016060   0.017299  0.000063   5186.110    18.886925   6.353264   9.647015    -972.568 1
169.061080 -44.972610   0.020417  0.000150   6120.863    44.968869   6.359816   9.656964     -56.692 1
169.255370 -45.774796   0.035028  0.000150  10501.130    44.968869   6.379751   9.687235    4235.122 1
169.275330 -46.686960   0.018399  0.000150   5515.881    44.968869   6.388053   9.699841    -649.456 1
155.459460 -40.704338   0.024520  0.000183   7350.911    54.862020   6.407375   9.729180    1148.518 1
165.614650 -51.404057   0.019587  0.000097   5872.035    29.079868   6.414282   9.739668    -300.494 1
167.070430 -50.507343   0.013546  0.000034   4060.989    10.192944   6.441046   9.780307   -2074.969 1
153.019170 -42.042835   0.020106  0.000038   6027.627    11.392113   6.442873   9.783081    -148.044 1
152.299930 -42.682034   0.033043  0.000150   9906.042    44.968869   6.449751   9.793525    3652.051 1
151.082630 -44.425760   0.012455  0.000233   3733.915    69.851643   6.469886   9.824099   -2395.438 1
166.571530 -41.614940   0.031008  0.000150   9295.965    44.968869   6.477572   9.835769    3054.293 1
157.897860 -39.954433   0.009877  0.000123   2961.050    36.874472   6.488195   9.851900   -3152.695 1
150.971310 -44.537262   0.011751  0.000063   3522.861    18.886925   6.513155   9.889800   -2602.229 1
162.401520 -39.960950   0.016385  0.000150   4912.099    44.968869   6.513508   9.890336   -1241.045 1
154.781250 -40.863842   0.018062  0.000103   5414.851    30.878623   6.519404   9.899289    -748.446 1
165.301120 -40.832070   0.036255  0.000150  10868.976    44.968869   6.535834   9.924236    4595.539 1
150.661160 -45.498330   0.011511  0.000167   3450.911    50.065340   6.538675   9.928551   -2672.727 1
156.974000 -40.081352   0.024624  0.000150   7382.089    44.968869   6.543821   9.936365    1179.066 1
151.755450 -43.076153   0.020441  0.000063   6128.058    18.886925   6.565352   9.969059     -49.642 1
169.553090 -46.576000   0.035208  0.000167  10555.093    50.065340   6.573548   9.981502    4287.995 1
151.753830 -43.057587   0.020828  0.000150   6244.077    44.968869   6.575379   9.984283      64.035 1
168.898030 -48.760350   0.018688  0.000025   5602.521     7.494811   6.601660  10.024189    -564.565 1
162.439420 -39.853916   0.016375  0.000103   4909.101    30.878623   6.623694  10.057647   -1243.983 1
154.092220 -41.079520   0.031625  0.000150   9480.936    44.968869   6.626967  10.062617    3235.530 1
156.926900 -40.002647   0.008723  0.000133   2615.090    39.872397   6.628839  10.065459   -3491.670 1
155.571530 -40.397907   0.024397  0.000150   7314.037    44.968869   6.638724  10.080469    1112.388 1
168.650480 -43.269390   0.009799  0.000035   2937.666    10.492736   6.656627  10.107652   -3175.607 1
152.930370 -41.784960   0.036886  0.000150  11058.145    44.968869   6.660151  10.113004    4780.888 1
169.678900 -46.677742   0.018560  0.000150   5564.148    44.968869   6.665886  10.121712    -602.164 1
157.948620 -39.759457   0.016114  0.000150   4830.856    44.968869   6.670362  10.128508   -1320.648 1
154.778870 -40.679092   0.025468  0.000033   7635.114     9.893151   6.674279  10.134456    1426.982 1
157.385820 -39.840347   0.015586  0.000020   4672.565     5.995849   6.688123  10.155478   -1475.742 1
151.532090 -49.461388   0.008002  0.000333   2398.939    99.830889   6.700381  10.174090   -3703.455 1
169.067400 -48.739933   0.019697  0.000180   5905.012    53.962642   6.702677  10.177576    -268.183 1
151.551670 -49.503334   0.008021  0.000022   2404.635     6.595434   6.708605  10.186578   -3697.874 1
167.130260 -50.923560   0.018039  0.000430   5407.956    99.990000   6.752132  10.252671    -755.202 1
156.634540 -39.944060   0.009420  0.000107   2824.045    32.077793   6.752321  10.252958   -3286.934 1
169.323200 -48.442150   0.014854  0.000123   4453.117    36.874472   6.765926  10.273617   -1690.759 1
156.543100 -39.942930   0.009483  0.000150   2842.932    44.968869   6.775763  10.288553   -3268.428 1
155.165160 -40.392010   0.024033  0.000183   7204.912    54.862020   6.779511  10.294244    1005.467 1
156.991460 -39.814808   0.009680  0.000090   2901.991    26.981321   6.792643  10.314184   -3210.562 1
155.101900 -40.402046   0.024297  0.000110   7284.057    32.977170   6.792746  10.314340    1083.014 1
163.337020 -39.861996   0.016728  0.000150   5014.928    44.968869   6.797129  10.320996   -1140.293 1
165.507520 -40.600246   0.016121  0.000150   4832.954    44.968869   6.807871  10.337307   -1318.592 1
151.501140 -42.857296   0.010534  0.000150   3158.014    44.968869   6.826216  10.365162   -2959.709 1
154.293090 -51.852850   0.028743  0.000233   8616.935    69.851643   6.858437  10.414089    2388.975 1
152.380542 -41.918986   0.021019  0.000333   6301.338    99.830889   6.860133  10.416664     120.139 1
168.942110 -43.186775   0.034871  0.000183  10454.063    54.862020   6.873843  10.437482    4189.005 1
157.885860 -39.559246   0.016058  0.000067   4814.067    20.086095   6.875215  10.439565   -1337.098 1
156.370210 -39.827540   0.009213  0.000007   2761.988     2.098547   6.926662  10.517684   -3347.738 1
169.613630 -48.354393   0.014477  0.000150   4340.095    44.968869   6.929442  10.521905   -1801.498 1
153.346130 -41.119247   0.010978  0.000103   3291.122    30.878623   6.929868  10.522551   -2829.289 1
163.010590 -39.638393   0.016191  0.000103   4853.940    30.878623   6.938515  10.535681   -1298.030 1
168.972840 -49.473053   0.014326  0.000036   4294.827    10.792528   6.948086  10.550215   -1845.853 1
155.606430 -40.031080   0.026231  0.000107   7863.856    32.077793   6.954546  10.560023    1651.104 1
170.124440 -45.961212   0.019847  0.000330   5949.981    98.931511   6.968142  10.580669    -224.122 1
163.059810 -39.591930   0.025554  0.000100   7660.896    29.979246   6.992964  10.618358    1452.243 1
163.573090 -39.701050   0.035445  0.000150  10626.144    44.968869   7.004039  10.635175    4357.611 1
169.267850 -49.201504   0.014510  0.000033   4349.989     9.893151   7.011830  10.647006   -1791.805 1
154.657350 -40.321518   0.025081  0.000113   7519.095    33.876548   7.020773  10.660585    1313.305 1
169.562200 -48.745780   0.014510  0.000150   4349.989    44.968869   7.023821  10.665213   -1791.805 1
163.569720 -39.672028   0.016611  0.000207   4979.853    62.057039   7.030456  10.675288   -1174.660 1
152.664963 -41.428046   0.020589  0.000333   6172.427    99.830889   7.037508  10.685996      -6.169 1
152.626040 -41.453575   0.018553  0.000150   5562.049    44.968869   7.039573  10.689132    -604.220 1
155.665650 -39.916027   0.016846  0.000040   5050.304    11.991698   7.040191  10.690070   -1105.632 1
170.255720 -46.478897   0.031175  0.000333   9346.030    99.830889   7.055208  10.712872    3103.347 1
170.267840 -46.490562   0.031462  0.000150   9432.070    44.968869   7.063939  10.726129    3187.650 1
151.602920 -50.261112   0.017586  0.000333   5272.150    99.830889   7.075739  10.744048    -888.265 1
170.269090 -47.143890   0.035268  0.000150  10573.080    44.968869   7.115311  10.804135    4305.619 1
152.520830 -51.122776   0.009404  0.000035   2819.248    10.492736   7.118767  10.809382   -3291.634 1
153.500290 -51.760727   0.009833  0.000167   2947.859    50.065340   7.119220  10.810070   -3165.620 1
157.942520 -39.298090   0.015824  0.000150   4743.916    44.968869   7.122186  10.814574   -1405.832 1
152.661510 -41.271385   0.031562  0.000150   9462.050    44.968869   7.147885  10.853596    3217.024 1
152.829010 -41.136900   0.025905  0.000150   7766.124    44.968869   7.161324  10.874002    1555.345 1
150.348890 -43.759210   0.011841  0.000024   3549.842     7.195019   7.163068  10.876651   -2575.793 1
162.058100 -53.301640   0.009046  0.000267   2711.923    80.044586   7.167692  10.883671   -3396.792 1
152.365830 -51.082222   0.009393  0.000333   2815.951    99.830889   7.170233  10.887530   -3294.865 1
165.316450 -40.088867   0.035308  0.000150  10585.072    44.968869   7.171338  10.889207    4317.369 1
152.993330 -51.523888   0.017540  0.000042   5258.360    12.591283   7.171912  10.890079    -901.777 1
163.349800 -39.451073   0.017055  0.000150   5112.960    44.968869   7.188577  10.915384   -1044.240 1
150.756670 -49.495277   0.008053  0.000022   2414.229     6.595434   7.191345  10.919588   -3688.474 1
151.355880 -42.247950   0.028450  0.000150   8529.095    44.968869   7.233527  10.983639    2302.910 1
149.654620 -47.083340   0.011915  0.000173   3572.027    51.864095   7.234848  10.985644   -2554.056 1
155.325010 -39.799200   0.009477  0.000063   2841.133    18.886925   7.248896  11.006975   -3270.191 1
170.491500 -47.101380   0.034771  0.000150  10424.084    44.968869   7.262921  11.028271    4159.631 1
153.845750 -40.407760   0.017379  0.000183   5210.093    54.862020   7.264546  11.030739    -949.069 1
150.797200 -42.818428   0.015513  0.000029   4650.680     8.693981   7.270137  11.039228   -1497.185 1
155.784120 -39.623830   0.008789  0.000063   2634.876    18.886925   7.271327  11.041035   -3472.283 1
169.591480 -43.183050   0.036896  0.000150  11061.143    44.968869   7.279437  11.053349    4783.825 1
170.548980 -47.014480   0.035151  0.000150  10538.005    44.968869   7.293002  11.073947    4271.252 1
163.407550 -39.334106   0.030584  0.000150   9168.853    44.968869   7.312166  11.103047    2929.748 1
152.416060 -41.198080   0.031652  0.000150   9489.031    44.968869   7.320744  11.116071    3243.461 1
151.526950 -50.610886   0.017552  0.000267   5261.957    80.044586   7.321025  11.116497    -898.252 1
151.502090 -50.618890   0.017666  0.000333   5296.134    99.830889   7.339609  11.144717    -864.766 1
170.187710 -48.548710   0.014036  0.000150   4207.887    44.968869   7.366663  11.185797   -1931.037 1
167.888570 -41.269300   0.031518  0.000100   9448.859    29.979246   7.370765  11.192025    3204.100 1
151.713400 -41.641365   0.019744  0.000150   5919.102    44.968869   7.393186  11.226069    -254.378 1
170.347490 -48.447300   0.035571  0.000150  10663.918    44.968869   7.441458  11.299368    4394.622 1
156.176990 -39.305820   0.009647  0.000063   2892.098    18.886925   7.461256  11.329429   -3220.255 1
151.937380 -41.331490   0.019357  0.000013   5803.083     3.897302   7.474075  11.348895    -368.054 1
151.447940 -41.714770   0.009762  0.000027   2926.574     8.094396   7.492325  11.376606   -3186.475 1
150.483250 -42.748226   0.020578  0.000113   6169.129    33.876548   7.494592  11.380049      -9.400 1
154.150830 -39.942780   0.010026  0.000021   3005.719     6.295642   7.528277  11.431196   -3108.928 1
165.237180 -39.638160   0.031325  0.000150   9390.999    44.968869   7.537008  11.444454    3147.408 1
170.539640 -48.379630   0.034914  0.000150  10466.954    44.968869   7.549371  11.463227    4201.636 1
153.440300 -52.286976   0.009046  0.000020   2711.923     5.995849   7.557621  11.475753   -3396.792 1
162.589780 -38.853374   0.015921  0.000053   4772.996    15.889000   7.620059  11.570561   -1377.340 1
149.083400 -45.399734   0.023283  0.000193   6980.068    57.859944   7.633417  11.590845     785.163 1
154.878590 -39.477970   0.015264  0.000033   4576.032     9.893151   7.675887  11.655332   -1570.326 1
171.165920 -46.262558   0.018219  0.000150   5461.919    44.968869   7.681287  11.663532    -702.329 1
150.220890 -42.684593   0.032676  0.000033   9796.018     9.893151   7.684644  11.668630    3544.249 1
168.983600 -41.688900   0.031402  0.000150   9414.083    44.968869   7.686381  11.671267    3170.026 1
170.680860 -43.999435   0.017365  0.000033   5205.896     9.893151   7.688608  11.674648    -953.181 1
167.101760 -40.309944   0.019877  0.000103   5958.975    30.878623   7.697161  11.687635    -215.310 1
155.759720 -39.166534   0.009583  0.000030   2872.911     8.993774   7.697979  11.688877   -3239.055 1
156.298770 -53.520622   0.021441  0.000233   6427.850    69.851643   7.702190  11.695273     244.097 1
165.561310 -52.965942   0.013166  0.000477   3947.068    99.990000   7.703301  11.696959   -2186.589 1
150.680150 -42.089878   0.009966  0.000027   2987.732     8.094396   7.710754  11.708276   -3126.553 1
165.510380 -39.542355   0.018349  0.000045   5500.892    13.490661   7.712016  11.710192    -664.143 1
155.118700 -39.352490   0.009263  0.000120   2776.978    35.975095   7.712274  11.710584   -3333.051 1
151.673000 -41.118206   0.009093  0.000103   2726.013    30.878623   7.752276  11.771325   -3382.986 1
152.452740 -40.564487   0.017616  0.000103   5281.144    30.878623   7.755871  11.776783    -879.453 1
150.741700 -41.939434   0.024787  0.000150   7430.956    44.968869   7.757978  11.779983    1226.946 1
151.040940 -41.620960   0.018850  0.000150   5651.088    44.968869   7.773350  11.803324    -516.980 1
153.354550 -52.522830   0.028606  0.000233   8575.863    69.851643   7.781869  11.816259    2348.733 1
151.123192 -41.510653   0.019897  0.000333   5964.971    99.830889   7.794696  11.835737    -209.436 1
152.722440 -40.343517   0.018680  0.000150   5600.123    44.968869   7.797365  11.839790    -566.915 1
153.697680 -39.806614   0.008563  0.000150   2567.123    44.968869   7.814799  11.866261   -3538.668 1
151.109200 -41.415990   0.019794  0.000028   5934.092     8.394189   7.860450  11.935579    -239.691 1
166.901460 -39.972880   0.023470  0.000033   7036.129     9.893151   7.877002  11.960713     840.092 1
168.464300 -40.933186   0.013920  0.000150   4173.111    44.968869   7.891218  11.982299   -1965.111 1
150.682160 -41.713970   0.031408  0.000150   9415.882    44.968869   7.919661  12.025487    3171.788 1
171.483840 -46.813800   0.032649  0.000150   9787.924    44.968869   7.919807  12.025710    3536.318 1
159.127410 -38.375150   0.031065  0.000150   9313.053    44.968869   7.919891  12.025837    3071.036 1
167.581130 -40.288030   0.016278  0.000150   4880.022    44.968869   7.927583  12.037516   -1272.475 1
170.750840 -43.348827   0.017359  0.000150   5204.097    44.968869   7.950117  12.071733    -954.944 1
167.370480 -52.418720   0.019133  0.000093   5735.929    27.880699   7.962240  12.090141    -433.852 1
156.495760 -53.872395   0.022699  0.000333   6804.989    99.830889   7.991296  12.134260     613.620 1
156.500000 -53.896667   0.022728  0.000025   6813.683     7.494811   8.013494  12.167966     622.138 1
160.960740 -38.263264   0.009780  0.000033   2931.970     9.893151   8.030321  12.193517   -3181.188 1
171.025670 -49.026714   0.014483  0.000183   4341.894    54.862020   8.070105  12.253926   -1799.736 1
171.440920 -48.141900   0.018579  0.000020   5569.844     5.995849   8.091112  12.285825    -596.583 1
152.881650 -39.866062   0.018863  0.000150   5654.985    44.968869   8.098259  12.296676    -513.161 1
164.309860 -38.720055   0.025741  0.000150   7716.958    44.968869   8.102012  12.302376    1507.172 1
152.116580 -40.297287   0.018419  0.000150   5521.877    44.968869   8.109845  12.314269    -643.581 1
157.440000 -38.348564   0.015604  0.000043   4677.962    12.891076   8.124053  12.335843   -1470.455 1
155.820820 -53.848423   0.031975  0.001001   9585.864    99.990000   8.124645  12.336742    3338.338 1
152.126890 -40.258343   0.018169  0.000150   5446.929    44.968869   8.133761  12.350585    -717.016 1
155.896060 -38.655792   0.009357  0.000036   2805.158    10.792528   8.137825  12.356755   -3305.439 1
150.989100 -41.052116   0.020548  0.000103   6160.135    30.878623   8.153803  12.381018     -18.212 1
155.958760 -53.917778   0.020621  0.000333   6182.020    99.830889   8.155796  12.384042       3.231 1
157.062680 -38.367584   0.020944  0.000150   6278.853    44.968869   8.167619  12.401996      98.109 1
164.685410 -38.739586   0.008856  0.000150   2654.962    44.968869   8.181868  12.423632   -3452.602 1
159.561300 -38.092876   0.010174  0.000017   3050.088     5.096472   8.183309  12.425820   -3065.455 1
171.874370 -46.806890   0.018002  0.000150   5396.864    44.968869   8.188695  12.433998    -766.070 1
152.094390 -40.176533   0.017312  0.000150   5190.007    44.968869   8.209444  12.465504    -968.750 1
152.166850 -40.093536   0.016772  0.000150   5028.119    44.968869   8.237990  12.508849   -1127.368 1
152.409380 -39.937650   0.017872  0.000067   5357.891    20.086095   8.247064  12.522628    -804.256 1
149.815030 -42.000347   0.009977  0.000035   2991.029    10.492736   8.265603  12.550778   -3123.322 1
159.986270 -54.542282   0.009190  0.000333   2755.093    99.830889   8.273324  12.562502   -3354.494 1
149.626390 -42.203606   0.016068  0.000150   4817.065    44.968869   8.275817  12.566288   -1334.160 1
152.759030 -39.693493   0.016305  0.000150   4888.116    44.968869   8.286690  12.582796   -1264.544 1
165.630920 -53.642654   0.012562  0.000487   3765.993    99.990000   8.320527  12.634176   -2364.008 1
152.423390 -39.789520   0.017712  0.000150   5309.924    44.968869   8.355208  12.686837    -851.254 1
170.050480 -41.522890   0.030681  0.000150   9197.932    44.968869   8.383164  12.729287    2958.241 1
165.067290 -38.630960   0.025761  0.000033   7722.954     9.893151   8.387522  12.735904    1513.047 1
163.466900 -38.213528   0.025674  0.000033   7696.872     9.893151   8.393912  12.745606    1487.492 1
148.790570 -49.437576   0.025834  0.000193   7744.838    57.859944   8.406178  12.764232    1534.490 1
152.004870 -39.958626   0.018319  0.000150   5491.898    44.968869   8.413234  12.774946    -672.955 1
170.106800 -41.520560   0.031468  0.000133   9433.869    39.872397   8.416599  12.780056    3189.413 1
172.236970 -46.668920   0.018616  0.000097   5580.936    29.079868   8.431157  12.802160    -585.715 1
172.265320 -46.525420   0.034604  0.000150  10374.018    44.968869   8.445160  12.823423    4110.577 1
153.357040 -39.166653   0.025034  0.000150   7505.004    44.968869   8.478025  12.873327    1299.499 1
150.080370 -41.326202   0.021138  0.000150   6337.013    44.968869   8.483354  12.881418     155.094 1
171.438000 -49.538776   0.035181  0.000150  10546.998    44.968869   8.521605  12.939500    4280.064 1
151.654600 -40.000313   0.030181  0.000180   9048.036    53.962642   8.544665  12.974515    2811.371 1
151.655060 -39.995530   0.029987  0.000183   8989.876    54.862020   8.547958  12.979516    2754.386 1
149.073320 -50.233326   0.023123  0.000384   6932.101    99.990000   8.563537  13.003172     738.165 1
171.399660 -42.824318   0.033003  0.000150   9894.050    44.968869   8.566034  13.006963    3640.301 1
153.393050 -39.018890   0.030605  0.000150   9175.148    44.968869   8.588821  13.041563    2935.916 1
172.046040 -43.969296   0.017359  0.000120   5204.097    35.975095   8.602788  13.062771    -954.944 1
157.112120 -37.907345   0.008933  0.000150   2678.046    44.968869   8.605510  13.066905   -3429.985 1
169.413000 -40.592876   0.035691  0.000183  10699.893    54.862020   8.606646  13.068629    4429.870 1
151.625080 -39.915253   0.029504  0.000150   8845.077    44.968869   8.621042  13.090489    2612.510 1
171.645200 -43.058700   0.013896  0.000080   4165.916    23.983397   8.631820  13.106854   -1972.160 1
170.436070 -41.464153   0.031285  0.000150   9379.007    44.968869   8.636741  13.114327    3135.659 1
169.472460 -40.593690   0.010338  0.000019   3099.254     5.696057   8.637050  13.114796   -3017.282 1
172.157030 -43.950863   0.017495  0.000150   5244.869    44.968869   8.681648  13.182515    -914.995 1
159.325380 -54.936142   0.008905  0.000022   2669.652     6.595434   8.681678  13.182561   -3438.209 1
172.220410 -43.982500   0.017433  0.000042   5226.282    12.591283   8.715524  13.233953    -933.207 1
148.232090 -49.306946   0.007528  0.000029   2256.838     8.693981   8.718603  13.238628   -3842.687 1
148.257500 -49.362500   0.007552  0.000333   2264.033    99.830889   8.721689  13.243315   -3835.637 1
147.425830 -45.710278   0.017691  0.000033   5303.628     9.893151   8.747451  13.282432    -857.423 1
151.634890 -39.719360   0.030938  0.000150   9274.979    44.968869   8.761912  13.304391    3033.731 1
166.031850 -38.537815   0.031512  0.000150   9447.060    44.968869   8.766303  13.311058    3202.337 1
147.430830 -47.156944   0.017879  0.000333   5359.989    99.830889   8.771178  13.318461    -802.200 1
147.433460 -47.182858   0.017953  0.000023   5382.174     6.895227   8.772031  13.319756    -780.463 1
154.266250 -38.462120   0.016398  0.000150   4915.997    44.968869   8.772498  13.320464   -1237.227 1
152.647450 -39.142616   0.018963  0.000063   5684.964    18.886925   8.775037  13.324320    -483.787 1
149.872970 -41.021553   0.021028  0.000150   6304.036    44.968869   8.778912  13.330204     122.783 1
150.330110 -40.615380   0.021652  0.000120   6491.106    35.975095   8.783442  13.337083     306.076 1
151.541600 -39.743492   0.030658  0.000097   9191.037    29.079868   8.786943  13.342399    2951.485 1
151.484800 -39.777428   0.031292  0.000150   9381.106    44.968869   8.788189  13.344290    3137.715 1
155.917250 -37.936474   0.028350  0.000150   8499.116    44.968869   8.809676  13.376917    2273.536 1
151.544500 -39.683662   0.029230  0.000150   8762.934    44.968869   8.830131  13.407977    2532.026 1
153.036870 -38.884792   0.017662  0.000013   5294.934     3.897302   8.835066  13.415470    -865.941 1
163.015400 -37.658380   0.029881  0.000150   8958.098    44.968869   8.850694  13.439200    2723.250 1
151.703250 -39.489690   0.032069  0.000150   9614.044    44.968869   8.904189  13.520429    3365.950 1
152.433070 -39.080494   0.030788  0.000150   9230.010    44.968869   8.912353  13.532825    2989.671 1
156.188280 -54.799454   0.003605  0.000020   1080.752     5.995849   8.939156  13.573524   -4995.023 1
154.261570 -38.273163   0.016672  0.000150   4998.140    44.968869   8.942521  13.578634   -1156.742 1
151.492700 -39.554916   0.030301  0.000150   9084.011    44.968869   8.950198  13.590291    2846.620 1
147.318660 -47.920580   0.006424  0.000018   1925.867     5.396264   8.957230  13.600968   -4166.974 1
156.200840 -54.824444   0.003602  0.000333   1079.852    99.830889   8.960422  13.605815   -4995.905 1
155.016860 -37.998800   0.015020  0.000033   4502.883     9.893151   8.973452  13.625600   -1641.998 1
151.565670 -39.464016   0.030608  0.000150   9176.048    44.968869   8.985568  13.643997    2936.798 1
171.047100 -41.469010   0.034000  0.000183  10192.944    54.862020   8.988204  13.648000    3933.159 1
166.088210 -38.276630   0.037236  0.000150  11163.072    44.968869   9.015452  13.689374    4883.696 1
164.323350 -37.749184   0.026128  0.000103   7832.977    30.878623   9.016564  13.691063    1620.849 1
165.259310 -37.998535   0.011958  0.000020   3584.918     5.995849   9.019379  13.695337   -2541.426 1
149.509310 -40.952320   0.021078  0.000150   6319.025    44.968869   9.022328  13.699815     137.470 1
147.166240 -44.772778   0.026349  0.000044   7899.231    13.190868   9.033813  13.717254    1685.765 1
171.857730 -42.337100   0.016558  0.000333   4963.964    99.830889   9.057494  13.753213   -1190.228 1
164.909160 -37.854840   0.009597  0.000150   2877.108    44.968869   9.058886  13.755327   -3234.942 1
154.305740 -38.064148   0.016321  0.000150   4892.913    44.968869   9.116541  13.842871   -1259.844 1
160.544700 -37.157080   0.010484  0.000333   3143.024    99.830889   9.118320  13.845572   -2974.396 1
169.868060 -52.371640   0.017569  0.000330   5267.054    98.931511   9.124979  13.855684    -893.259 1
160.297760 -37.143620   0.014350  0.000037   4302.022    11.092321   9.127025  13.858791   -1838.803 1
158.535630 -37.202114   0.033146  0.000150   9936.921    44.968869   9.127536  13.859567    3682.306 1
161.836440 -37.223130   0.029804  0.000150   8935.014    44.968869   9.129480  13.862519    2700.632 1
160.434720 -37.142250   0.014130  0.000057   4236.067    17.088170   9.130632  13.864269   -1903.426 1
155.182560 -37.779545   0.025574  0.000023   7666.892     6.895227   9.133067  13.867966    1458.118 1
171.042600 -41.131634   0.031412  0.000150   9417.081    44.968869   9.170236  13.924404    3172.963 1
169.746500 -40.003666   0.034807  0.000150  10434.876    44.968869   9.173145  13.928822    4170.206 1
169.755040 -40.008740   0.035621  0.000150  10678.907    44.968869   9.173995  13.930112    4409.309 1
151.033940 -39.517880   0.030948  0.000150   9277.977    44.968869   9.190159  13.954655    3036.669 1
153.704300 -38.188786   0.014630  0.000033   4385.964     9.893151   9.195575  13.962880   -1756.556 1
172.382460 -49.770947   0.017719  0.000150   5312.023    44.968869   9.213666  13.990350    -849.198 1
161.427830 -37.097454   0.009904  0.000020   2969.145     5.995849   9.220666  14.000979   -3144.764 1
152.535900 -38.643120   0.014443  0.000150   4329.902    44.968869   9.228522  14.012908   -1811.485 1
153.364870 -38.196106   0.016074  0.000063   4818.864    18.886925   9.303509  14.126771   -1332.398 1
152.651490 -38.489480   0.016018  0.000063   4802.076    18.886925   9.311733  14.139259   -1348.847 1
149.963170 -40.077698   0.008723  0.000150   2615.090    44.968869   9.326961  14.162381   -3491.670 1
146.569580 -46.637780   0.008996  0.000333   2696.933    99.830889   9.328773  14.165133   -3411.479 1
173.477690 -45.266884   0.031809  0.000150   9536.098    44.968869   9.333311  14.172022    3289.578 1
160.500840 -36.935165   0.010621  0.000027   3184.096     8.094396   9.339033  14.180711   -2934.154 1
164.334460 -37.410755   0.012562  0.000150   3765.993    44.968869   9.339439  14.181327   -2364.008 1
154.755130 -37.671963   0.016121  0.000063   4832.954    18.886925   9.344971  14.189727   -1318.592 1
173.418980 -44.833610   0.017599  0.000107   5276.047    32.077793   9.349616  14.196781    -884.447 1
150.014160 -40.001953   0.022199  0.000150   6655.093    44.968869   9.351223  14.199221     466.750 1
153.089680 -38.218640   0.014790  0.000150   4433.930    44.968869   9.380162  14.243163   -1709.558 1
146.485000 -46.727500   0.009030  0.000023   2707.126     6.895227   9.391148  14.259844   -3401.492 1
149.819700 -40.073856   0.008585  0.000022   2573.718     6.595434   9.403896  14.279202   -3532.206 1
